0.000000000000000000e+00 8.739412262476754734e+00 5.175894929713651852e-15 8.739412262476754734e+00 5.922474846434123575e-16
1.000000000000000000e+01 8.686398076335922980e+00 1.028286882840137029e+00 8.747050100119096783e+00 -9.921693947509704348e-01
2.000000000000000000e+01 8.477285947258639709e+00 2.033004684083383751e+00 8.717653645167018794e+00 -1.984627234291140851e+00
3.000000000000000000e+01 8.119801500571247388e+00 2.986184073929332605e+00 8.651501125935791237e+00 -2.977586809152667158e+00
4.000000000000000000e+01 7.627368469609793422e+00 3.862874351402122208e+00 8.549768887280988494e+00 -3.971206383829037012e+00
5.000000000000000000e+01 7.017994587184781530e+00 4.641795173373850503e+00 8.414185073868512887e+00 -4.965643144916825236e+00
6.000000000000000000e+01 6.313223481609670173e+00 5.306201995453969644e+00 8.246973405153395831e+00 -5.961052882207646952e+00
7.000000000000000000e+01 5.536930513495617490e+00 5.844425557697681128e+00 8.050770746378802301e+00 -6.957590972764947423e+00
8.000000000000000000e+01 4.714066582248202408e+00 6.250079756120505259e+00 7.828532474208470759e+00 -7.955413519316365090e+00
9.000000000000000000e+01 3.869438559911625219e+00 6.521956464822029176e+00 7.583433977952521943e+00 -8.954677804450877687e+00
1.000000000000000000e+02 3.026604478900750905e+00 6.663640122996371318e+00 7.318772735951649011e+00 -9.955542232020762938e+00
1.100000000000000000e+02 2.206947768808884991e+00 6.682893912343867981e+00 7.037875353961111635e+00 -1.095816614896663843e+01
1.200000000000000000e+02 1.428973978861635352e+00 6.590885470311741656e+00 6.744014969958924688e+00 -1.196270981178511406e+01
1.300000000000000000e+02 7.078488618416564071e-01 6.401325995693401438e+00 6.440343509033555236e+00 -1.296933472238724683e+01
1.400000000000000000e+02 5.517222088042026545e-02 6.129592746343548448e+00 6.129841042799096584e+00 -1.397820439042532925e+01
1.500000000000000000e+02 -5.210372237908010851e-01 5.791892837260569138e+00 5.815281801158556974e+00 -1.498948542710209253e+01
1.600000000000000000e+02 -1.016181067661973803e+00 5.404510499316473648e+00 5.499214280194637539e+00 -1.600334896248158856e+01
1.700000000000000000e+02 -1.428783894265500232e+00 4.983165749055486593e+00 5.183952574925065448e+00 -1.701997248253794837e+01
1.800000000000000000e+02 -1.760099851869934673e+00 4.542500336329425181e+00 4.871576828307802032e+00 -1.803954216698584290e+01
1.900000000000000000e+02 -2.013661571604484113e+00 4.095695390491008503e+00 4.563940584258951105e+00 -1.906225580683359766e+01
2.000000000000000000e+02 -2.194804944126213631e+00 3.654215981359243415e+00 4.262682627311370709e+00 -2.008832645620515223e+01
2.100000000000000000e+02 -2.310197697428737040e+00 3.227671961648950205e+00 3.969241702544684003e+00 -2.111798700722113864e+01
2.200000000000000000e+02 -2.367394480053707007e+00 2.823780510381485254e+00 3.684873538535492710e+00 -2.215149579657997947e+01
2.300000000000000000e+02 -2.374434821104655313e+00 2.448412580631849078e+00 3.410669272250038464e+00 -2.318914332836539671e+01
2.400000000000000000e+02 -2.339494227368811963e+00 2.105704419163220820e+00 3.147574358259946248e+00 -2.423126014088742863e+01
2.500000000000000000e+02 -2.270594028542790355e+00 1.798216016719451416e+00 2.896407789873613137e+00 -2.527822560399809504e+01
2.600000000000000000e+02 -2.175371200420436857e+00 1.527120041976737674e+00 2.657881766035819382e+00 -2.633047724472419304e+01
2.700000000000000000e+02 -2.060905950696850564e+00 1.292407027699316924e+00 2.432621890648908991e+00 -2.738851984375570225e+01
2.800000000000000000e+02 -1.933602711115392836e+00 1.093094558579317255e+00 2.221187780992077698e+00 -2.845293260926800727e+01
2.900000000000000000e+02 -1.799118588995448631e+00 9.274305613572257911e-01 2.024093659742145501e+00 -2.952437130701384760e+01
3.000000000000000000e+02 -1.662332435278779164e+00 7.930832627418883396e-01 1.841827947182145486e+00 -3.060356008328987087e+01
3.100000000000000000e+02 -1.527347024612973447e+00 6.873127511446101012e-01 1.674869472967990935e+00 -3.169126486065884052e+01
3.200000000000000000e+02 -1.397516635887155356e+00 6.071213151576173583e-01 1.523695848553794141e+00 -3.278823699287627846e+01
3.300000000000000000e+02 -1.275493020413876133e+00 5.493812667536904781e-01 1.388777239655230700e+00 -3.389511349592658718e+01
3.400000000000000000e+02 -1.163283911188325082e+00 5.109402485277406702e-01 1.270546888389089135e+00 -3.501226248566050003e+01
3.500000000000000000e+02 -1.062319068561940361e+00 4.887051897332135852e-01 1.169339371569470876e+00 -3.613957593523294065e+01
3.600000000000000000e+02 -9.735194458190821187e-01 4.797067466104549815e-01 1.085291976442966266e+00 -3.727624231748527706e+01
3.700000000000000000e+02 -8.973661600789110127e-01 4.811466892890656766e-01 1.018218130789566356e+00 -3.842057563366865480e+01
3.800000000000000000e+02 -8.339668703738567501e-01 4.904307652812160412e-01 9.674828558767769593e-01 -3.957000848497387580e+01
3.900000000000000000e+02 -7.831177492960463837e-01 5.051894518711121940e-01 9.319279969741975922e-01 -4.072133038403477912e+01
4.000000000000000000e+02 -7.443601106438091364e-01 5.232887620152540942e-01 9.098918082767428750e-01 -4.187114713773279107e+01
4.100000000000000000e+02 -7.170312427699316871e-01 5.428332448860563320e-01 8.993340507629619118e-01 -4.301640941222918002e+01
4.200000000000000000e+02 -7.003093054211090296e-01 5.621632822954883979e-01 8.980315580315834101e-01 -4.415481417529930752e+01
4.300000000000000000e+02 -6.932525144819019491e-01 5.798481081992314934e-01 9.037825387877923555e-01 -4.528496266563068673e+01
4.400000000000000000e+02 -6.948328864205340905e-01 5.946756395087834379e-01 9.145664854326728266e-01 -4.640629026856105099e+01
4.500000000000000000e+02 -7.039648197629074788e-01 6.056403758208234178e-01 9.286370293544249366e-01 -4.751886665230911433e+01
4.600000000000000000e+02 -7.195289395585784398e-01 6.119301651588737734e-01 9.445530275710618540e-01 -4.862316806761618437e+01
4.700000000000000000e+02 -7.403917005290689968e-01 6.129123984178502793e-01 9.611667276527252612e-01 -4.971988409180915625e+01
4.800000000000000000e+02 -7.654214513721605551e-01 6.081204131186924711e-01 9.775890931635408121e-01 -5.080978007061344215e+01
4.900000000000000000e+02 -7.935014382920196896e-01 5.972404017935971643e-01 9.931468320978934505e-01 -5.189361158632441118e+01
5.000000000000000000e+02 -8.235401839279858915e-01 5.800991503796356641e-01 1.007339793126091232e+00 -5.297207815702910949e+01
5.100000000000000000e+02 -8.544798359602504556e-01 5.566529633461835269e-01 1.019803074943757881e+00 -5.404580292809026076e+01
5.200000000000000000e+02 -8.853028978006038940e-01 5.269780640596746224e-01 1.030275254897558446e+00 -5.511532814224612764e+01
5.300000000000000000e+02 -9.150378515610488872e-01 4.912624090150628509e-01 1.038572589808118840e+00 -5.618111921032091516e+01
5.400000000000000000e+02 -9.427643544539818787e-01 4.497988161866160461e-01 1.044568620566362904e+00 -5.724357283398896357e+01
5.500000000000000000e+02 -9.676185447424648922e-01 4.029792070442445029e-01 1.048178367187347249e+00 -5.830302657528370958e+01
5.600000000000000000e+02 -9.887988555344933150e-01 3.512896721936676903e-01 1.049346277687331686e+00 -5.935976850129259930e+01
5.700000000000000000e+02 -1.005572667234180262e+00 2.953060083851751227e-01 1.048037226283899059e+00 -6.041404625871557954e+01
5.800000000000000000e+02 -1.017284131871867281e+00 2.356892531237534671e-01 1.044230065165876908e+00 -6.146607527996828679e+01
5.900000000000000000e+02 -1.023363312560841676e+00 1.731805771508790615e-01 1.037913282407451732e+00 -6.251604600011787483e+01
6.000000000000000000e+02 -1.023336516356239123e+00 1.085949116147439109e-01 1.029082348763565857e+00 -6.356413015443460068e+01
6.100000000000000000e+02 -1.016837510661745547e+00 4.281275781121164636e-02 1.017738402203718140e+00 -6.461048632727961660e+01
6.200000000000000000e+02 -1.003619200712152493e+00 -2.323040699322098321e-02 1.003888017583221659e+00 -6.565526484413737762e+01
6.300000000000000000e+02 -9.835650405253999473e-01 -8.855761065090746176e-02 9.875437404732659852e-01 -6.669861210142069297e+01
6.400000000000000000e+02 -9.566993400253162028e-01 -1.521670129065637311e-01 9.687251555636314793e-01 -6.774067444788830983e+01
6.500000000000000000e+02 -9.231957259598199128e-01 -2.130516895607501016e-01 9.474604851154316831e-01 -6.878160179094189175e+01
6.600000000000000000e+02 -8.833828725507621993e-01 -2.702223087376517396e-01 9.237886098321103079e-01 -6.982155120648572222e+01
6.700000000000000000e+02 -8.377464627848212331e-01 -3.227321849813470922e-01 8.977612149849838463e-01 -7.086069081488609811e+01
6.800000000000000000e+02 -7.869265141982716427e-01 -3.697040481080122176e-01 8.694448929838475282e-01 -7.189920406873022785e+01
6.900000000000000000e+02 -7.317094927489316003e-01 -4.103576204518792347e-01 8.389232136744264601e-01 -7.293729468924554737e+01
7.000000000000000000e+02 -6.730148047335755557e-01 -4.440368140590428836e-01 8.062987161283824422e-01 -7.397519266709730346e+01
7.100000000000000000e+02 -6.118754606776749538e-01 -4.702352544409841850e-01 7.716947413962946811e-01 -7.501316178089282971e+01
7.200000000000000000e+02 -5.494130305504195677e-01 -4.886188094078455779e-01 7.352571108433680891e-01 -7.605150917500591845e+01
7.300000000000000000e+02 -4.868074440373424960e-01 -4.990437053758551289e-01 6.971557268253869566e-01 -7.709059794521797926e+01
7.400000000000000000e+02 -4.252624726312982939e-01 -5.015688927378444406e-01 6.575861348832965358e-01 -7.813086402530785790e+01
7.500000000000000000e+02 -3.659680070118773720e-01 -4.964616195982341496e-01 6.167712070860209561e-01 -7.917283900492546422e+01
7.600000000000000000e+02 -3.100606671761466648e-01 -4.841953642902558363e-01 5.749632754619121711e-01 -8.021718149936155839e+01
7.700000000000000000e+02 -2.585845275815775168e-01 -4.654395261564174269e-01 5.324470963516449995e-01 -8.126472103784429635e+01
7.800000000000000000e+02 -2.124538027836906651e-01 -4.410407973158670947e-01 4.895442811577591091e-01 -8.231651993348583574e+01
7.900000000000000000e+02 -1.724194270496237913e-01 -4.119966838260458175e-01 4.466203379916540150e-01 -8.337396080427564016e+01
8.000000000000000000e+02 -1.390414529271034871e-01 -3.794220914782500675e-01 4.040960889860349958e-01 -8.443886998676342159e+01
8.100000000000000000e+02 -1.126689629588183694e-01 -3.445103840432875986e-01 3.624661362498144968e-01 -8.551368767353702083e+01
8.200000000000000000e+02 -9.342868320734115661e-02 -3.084907070034051957e-01 3.223281482485178540e-01 -8.660168718557950740e+01
8.300000000000000000e+02 -8.122293315462156271e-02 -2.725835699833560888e-01 2.844274380138303582e-01 -8.770720845606145133e+01
8.400000000000000000e+02 -7.573711570181612673e-02 -2.379569284331600754e-01 2.497190631172845621e-01 -8.883575365793926437e+01
8.500000000000000000e+02 -7.645643738809462797e-02 -2.056851321102640962e-01 2.194355495112321752e-01 -8.999349938932969906e+01
8.600000000000000000e+02 -8.269090462158042165e-02 -1.767128679298412275e-01 1.951031096603147996e-01 -9.118528275658573534e+01
8.700000000000000000e+02 -9.360711226816992303e-02 -1.518257820699793759e-01 1.783629994375140471e-01 -9.241010571750862823e+01
8.800000000000000000e+02 -1.082650165709691803e-01 -1.316290133852306421e-01 1.704333036054909711e-01 -9.365592238942612369e+01
8.900000000000000000e+02 -1.256575914374942760e-01 -1.165343689807263744e-01 1.713770388342858442e-01 -9.490066076682172991e+01
9.000000000000000000e+02 -1.447511378166000950e-01 -1.067563230968266996e-01 1.798605137887535621e-01 -9.612294379820924917e+01
9.100000000000000000e+02 -1.645241733500282799e-01 -1.023165179237870842e-01 1.937443507732775072e-01 -9.731204502104377241e+01
9.200000000000000000e+02 -1.840031378411189911e-01 -1.030559663278942661e-01 2.108973374207315787e-01 -9.846786023969531243e+01
9.300000000000000000e+02 -2.022935190396558391e-01 -1.086537168134115577e-01 2.296264314551280661e-01 -9.959551491626974951e+01
9.400000000000000000e+02 -2.186053675976888655e-01 -1.186504955143400375e-01 2.487292641172708929e-01 -1.007011387947038656e+02
9.500000000000000000e+02 -2.322725037076323884e-01 -1.324757343374880492e-01 2.673954677380841471e-01 -1.017900775720540167e+02
9.600000000000000000e+02 -2.427651126444754226e-01 -1.494764377665538657e-01 2.850931520830749522e-01 -1.028665058451653351e+02
9.700000000000000000e+02 -2.496958699843383200e-01 -1.689465032048961257e-01 3.014812571825942755e-01 -1.039335530538934336e+02
9.800000000000000000e+02 -2.528200445418029019e-01 -1.901551734341865585e-01 3.163494348120520772e-01 -1.049935403045407583e+02
9.900000000000000000e+02 -2.520302483411346883e-01 -2.123734023535668314e-01 3.295780758881330930e-01 -1.060481955790551751e+02
1.000000000000000000e+03 -2.473467229137850387e-01 -2.348971925695579333e-01 3.411115542066095463e-01 -1.070988192873105049e+02
1.010000000000000000e+03 -2.389041528122750335e-01 -2.570673191494445842e-01 3.509398820391225748e-01 -1.081464041478644162e+02
1.020000000000000000e+03 -2.269359578777552233e-01 -2.782851744567950703e-01 3.590857380909789898e-01 -1.091917198921163248e+02
1.030000000000000000e+03 -2.117569861835021661e-01 -2.980246774707642210e-01 3.655950349486067341e-01 -1.102353725649839191e+02
1.040000000000000000e+03 -1.937455112635354526e-01 -3.158403318067677934e-01 3.705299425560340532e-01 -1.112778460656002579e+02
1.050000000000000000e+03 -1.733253176322259170e-01 -3.313715935584046757e-01 3.739636329240432211e-01 -1.123195314627703283e+02
1.060000000000000000e+03 -1.509485462990520499e-01 -3.443437557234528268e-01 3.759761770851047236e-01 -1.133607479839402856e+02
1.070000000000000000e+03 -1.270798526855465571e-01 -3.545658064771861628e-01 3.766512977296078146e-01 -1.144017581146235187e+02
1.080000000000000000e+03 -1.021822981071375258e-01 -3.619258602657395851e-01 3.760738629252923237e-01 -1.154427784327115205e+02
1.090000000000000000e+03 -7.670529254558827725e-02 -3.663847128334145054e-01 3.743280108441363607e-01 -1.164839875235404918e+02
1.100000000000000000e+03 -5.107474100499513614e-02 -3.679681039058615988e-01 3.714958339750289995e-01 -1.175255318837299683e+02
1.110000000000000000e+03 -2.568538509845562368e-02 -3.667582565604466383e-01 3.676565758461480260e-01 -1.185675304140896458e+02
1.120000000000000000e+03 -8.952764724100383594e-04 -3.628851185213085029e-01 3.628862228911234888e-01 -1.196100781217650706e+02
1.130000000000000000e+03 2.297772932527646084e-02 -3.565175794599319548e-01 3.572572749558986516e-01 -1.206532495568168741e+02
1.140000000000000000e+03 4.565767267878478863e-02 -3.478549798691284445e-01 3.508385812509718926e-01 -1.216971021636060186e+02
1.150000000000000000e+03 6.691069330914681257e-02 -3.371192892574367828e-01 3.436952953832072000e-01 -1.227416795456001921e+02
1.160000000000000000e+03 8.654408697721029109e-02 -3.245481985709579020e-01 3.358889878908995485e-01 -1.237870146668426798e+02
1.170000000000000000e+03 1.044045510515336922e-01 -3.103891801693079433e-01 3.274778671092863358e-01 -1.248331330201623643e+02
1.180000000000000000e+03 1.203758692191461144e-01 -2.948944993179453689e-01 3.185170570287353953e-01 -1.258800559155914414e+02
1.190000000000000000e+03 1.343762170677956780e-01 -2.783171419901137034e-01 3.090588928327357987e-01 -1.269278041512028068e+02
1.200000000000000000e+03 1.463553167624177531e-01 -2.609075357932821304e-01 2.991531731042651465e-01 -1.279764020187581650e+02
1.210000000000000000e+03 1.562916995619357818e-01 -2.429108863387700323e-01 2.888473542441495900e-01 -1.290258812642341297e+02
1.220000000000000000e+03 1.641902319196695548e-01 -2.245650069737552268e-01 2.781867621130768575e-01 -1.300762848335066622e+02
1.230000000000000000e+03 1.700799272675589391e-01 -2.060985452704739429e-01 2.672148798662674074e-01 -1.311276706013662476e+02
1.240000000000000000e+03 1.740119917849504427e-01 -1.877294402323663736e-01 2.559736627368590645e-01 -1.321801152854191344e+02
1.250000000000000000e+03 1.760580277956448891e-01 -1.696634739016967541e-01 2.445038313149383025e-01 -1.332337187076175837e+02
1.260000000000000000e+03 1.763083445728728937e-01 -1.520928884527080471e-01 2.328451826512946687e-01 -1.342886086544803277e+02
1.270000000000000000e+03 1.748703305691478860e-01 -1.351950452031735195e-01 2.210369488588982412e-01 -1.353449466278794375e+02
1.280000000000000000e+03 1.718668239599066838e-01 -1.191311121706085524e-01 2.091182131357086638e-01 -1.364029349112061311e+02
1.290000000000000000e+03 1.674344082609016959e-01 -1.040448203710933883e-01 1.971283990594236979e-01 -1.374628257040166943e+02
1.300000000000000000e+03 1.617215716656455471e-01 -9.006133613887969125e-02 1.851078361634828362e-01 -1.385249333280790438e+02
1.310000000000000000e+03 1.548867029555740238e-01 -7.728627993319618639e-02 1.730984107909734337e-01 -1.395896506879236938e+02
1.320000000000000000e+03 1.470959100221801430e-01 -6.580495124860338829e-02 1.611443401242637075e-01 -1.406574717329409339e+02
1.330000000000000000e+03 1.385206960972820145e-01 -5.568183120755378079e-02 1.492931665345137993e-01 -1.417290223366271960e+02
1.340000000000000000e+03 1.293355385725293849e-01 -4.696037812917754767e-02 1.375970880937586460e-01 -1.428051026295682675e+02
1.350000000000000000e+03 1.197154331573796748e-01 -3.966312957683795076e-02 1.261148238070690930e-01 -1.438867447194865861e+02
1.360000000000000000e+03 1.098335304333710460e-01 -3.379214836501396452e-02 1.149143755088168212e-01 -1.449752904683705594e+02
1.370000000000000000e+03 9.985892182761310631e-02 -2.932977207207848255e-02 1.040770858468540172e-01 -1.460724928208967413e+02
1.380000000000000000e+03 8.995455718013825597e-02 -2.623956451936177575e-02 9.370345299742434408e-02 -1.471806376796000961e+02
1.390000000000000000e+03 8.027525515347098961e-02 -2.446741531943106771e-02 8.392121902336976969e-02 -1.483026638195624116e+02
1.400000000000000000e+03 7.096579785350880243e-02 -2.394276751347345147e-02 7.489593167315107547e-02 -1.494422069474682075e+02
1.410000000000000000e+03 6.215919304589157673e-02 -2.457999042309157861e-02 6.684266010053527274e-02 -1.506033805137342370e+02
1.420000000000000000e+03 5.397517684186994846e-02 -2.627991938053260770e-02 6.003293993932354300e-02 -1.517899185876467811e+02
1.430000000000000000e+03 4.651893497910594699e-02 -2.893155652444170944e-02 5.478180605380998658e-02 -1.530032038681313509e+02
1.440000000000000000e+03 3.987996712141433919e-02 -3.241390951718915725e-02 5.139137386559746584e-02 -1.542393039579847596e+02
1.450000000000000000e+03 3.413108493624165268e-02 -3.659790904887134239e-02 5.004336025562632767e-02 -1.554870758519515448e+02
1.460000000000000000e+03 2.932761465098318934e-02 -4.134835671573205973e-02 5.069315125545055534e-02 -1.567306831422523317e+02
1.470000000000000000e+03 2.550684454453787386e-02 -4.652594590397223645e-02 5.305904975476447710e-02 -1.579561289852366031e+02
1.480000000000000000e+03 2.268772391371707414e-02 -5.198941792526459021e-02 5.672417820112401338e-02 -1.591561316308367680e+02
1.490000000000000000e+03 2.087083808163639129e-02 -5.759782864216224374e-02 6.126256398912609258e-02 -1.603299725515607292e+02
1.500000000000000000e+03 2.003866476821496850e-02 -6.321284969005243337e-02 6.631298855903013101e-02 -1.614806290238684312e+02
1.510000000000000000e+03 2.015605637496781927e-02 -6.870105103774497290e-02 7.159679477659401658e-02 -1.626122313662870624e+02
1.520000000000000000e+03 2.117095236805311906e-02 -7.393612678530536719e-02 7.690747732296986106e-02 -1.637287319428803585e+02
1.530000000000000000e+03 2.301542520124157110e-02 -7.880102755403514680e-02 8.209331118164105157e-02 -1.648334451325078476e+02
1.540000000000000000e+03 2.560709622698981169e-02 -8.318998855618696397e-02 8.704192997146165123e-02 -1.659290003413252919e+02
1.550000000000000000e+03 2.885084499451987319e-02 -8.701044374969947592e-02 9.166890737004249057e-02 -1.670174401014391776e+02
1.560000000000000000e+03 3.264073091886315892e-02 -9.018476096317858126e-02 9.590989742932315432e-02 -1.681003463491461503e+02
1.570000000000000000e+03 3.686212737662637740e-02 -9.265171741848812759e-02 9.971538083628826710e-02 -1.691789534852317729e+02
1.580000000000000000e+03 4.139411211665895013e-02 -9.436769096356296960e-02 1.030472397287819503e-01 -1.702542381884200609e+02
1.590000000000000000e+03 4.611206417590370948e-02 -9.530754727366891332e-02 1.058765839545519893e-01 -1.713269878755000093e+02
1.600000000000000000e+03 5.089041463848106850e-02 -9.546513951549494281e-02 1.081823791788174838e-01 -1.723978521037039400e+02
1.610000000000000000e+03 5.560554034321090605e-02 -9.485336437438766921e-02 1.099506109578333030e-01 -1.734673807784987503e+02
1.620000000000000000e+03 6.013871576210974568e-02 -9.350377310790636276e-02 1.111738310886633968e-01 -1.745360530012675326e+02
1.630000000000000000e+03 6.437901041786316114e-02 -9.146570806987769364e-02 1.118509398043101982e-01 -1.756042994597015934e+02
1.640000000000000000e+03 6.822604618887963268e-02 -8.880492739559540938e-02 1.119870908109685120e-01 -1.766725200966671707e+02
1.650000000000000000e+03 7.159253336838861115e-02 -8.560171691428283824e-02 1.115936591961069063e-01 -1.777410982344885042e+02
1.660000000000000000e+03 7.440650059508094327e-02 -8.194853849763851505e-02 1.106882572484756549e-01 -1.788104121120088621e+02
1.670000000000000000e+03 7.661309347944240955e-02 -7.794730653615274119e-02 1.092947788722349739e-01 -1.798808449503225120e+02
1.680000000000000000e+03 7.817581728650180306e-02 -7.370637669774068867e-02 1.074434194091093003e-01 -1.809527943244070229e+02
1.690000000000000000e+03 7.907716648045658159e-02 -6.933732389060141832e-02 1.051706363149335216e-01 -1.820266808709055510e+02
1.700000000000000000e+03 7.931863824839331667e-02 -6.495162737726868640e-02 1.025190727256886647e-01 -1.831029560967843963e+02
1.710000000000000000e+03 7.892014976564049045e-02 -6.065740881689508229e-02 9.953748682486948662e-02 -1.841821089907068654e+02
1.720000000000000000e+03 7.791888801436554213e-02 -5.655634928004125289e-02 9.628070291227240618e-02 -1.852646707680020768e+02
1.730000000000000000e+03 7.636765923808251644e-02 -5.274087557744525784e-02 9.280958643469677805e-02 -1.863512161809713916e+02
1.740000000000000000e+03 7.433285770284338290e-02 -4.929169694973029731e-02 8.919105965541172798e-02 -1.874423587537734193e+02
1.750000000000000000e+03 7.189213636156742415e-02 -4.627579076013520198e-02 8.549811741264259912e-02 -1.885387367542746802e+02
1.760000000000000000e+03 6.913178924597594699e-02 -4.374489175836339394e-02 8.180965614950942710e-02 -1.896409857386780971e+02
1.770000000000000000e+03 6.614386474882695544e-02 -4.173447014341524763e-02 7.820982573860353615e-02 -1.907496920219936953e+02
1.780000000000000000e+03 6.302312048534970679e-02 -4.026319233561759248e-02 7.478661894193266990e-02 -1.918653214474016977e+02
1.790000000000000000e+03 5.986399153424218356e-02 -3.933291125674504701e-02 7.162943103461594241e-02 -1.929881215703331918e+02
1.800000000000000000e+03 5.675769765134146966e-02 -3.892922554249150791e-02 6.882529218259277048e-02 -1.941180042196893965e+02
1.810000000000000000e+03 5.378954303441643714e-02 -3.902256949926823093e-02 6.645356175688822697e-02 -1.952544292998250057e+02
1.820000000000000000e+03 5.103646558697946117e-02 -3.956977972911605163e-02 6.457931779929006189e-02 -1.963963269433241692e+02
1.830000000000000000e+03 4.856493009271249661e-02 -4.051610538330843031e-02 6.324640092796907087e-02 -1.975421035727979699e+02
1.840000000000000000e+03 4.642925448314371567e-02 -4.179756659098050886e-02 6.247169154735583707e-02 -1.986897635001225524e+02
1.850000000000000000e+03 4.467041524184953843e-02 -4.334352435834924744e-02 6.224232564487029024e-02 -1.998371380808297033e+02
1.860000000000000000e+03 4.331538154270754559e-02 -4.507939377716294743e-02 6.251698986281127579e-02 -2.009821662767057830e+02
1.870000000000000000e+03 4.237703390565816797e-02 -4.692944979662292543e-02 6.323121271061510340e-02 -2.021231439726574592e+02
1.880000000000000000e+03 4.185463350208024069e-02 -4.881958681918439208e-02 6.430522842498376246e-02 -2.032588752561039769e+02
1.890000000000000000e+03 4.173477651139960443e-02 -5.067983899229703409e-02 6.565240019025674056e-02 -2.043887049910546523e+02
1.900000000000000000e+03 4.199280274509231692e-02 -5.244654191514449421e-02 6.718657039353356786e-02 -2.055124566779635984e+02
1.910000000000000000e+03 4.259458056051108887e-02 -5.406411085334742600e-02 6.882751176302182028e-02 -2.066303206973666988e+02
1.920000000000000000e+03 4.349855127058138010e-02 -5.548640157029234576e-02 7.050435959470263692e-02 -2.077427337171002364e+02
1.930000000000000000e+03 4.465792722105141332e-02 -5.667756895236455983e-02 7.215730930426081380e-02 -2.088502736108120530e+02
1.940000000000000000e+03 4.602292721127985292e-02 -5.761240577019153403e-02 7.373804396459104904e-02 -2.099535795644537473e+02
1.950000000000000000e+03 4.754291577350289177e-02 -5.827619834539236182e-02 7.520933541680779877e-02 -2.110532976149879119e+02
1.960000000000000000e+03 4.916834251860505850e-02 -5.866413354909440214e-02 7.654414720338093003e-02 -2.121500468686372187e+02
1.970000000000000000e+03 5.085244395853077970e-02 -5.878033278000333040e-02 7.772450436177413824e-02 -2.132444003301165765e+02
1.980000000000000000e+03 5.255268360365566993e-02 -5.863662041568520888e-02 7.874031881900842023e-02 -2.143368752726992454e+02
1.990000000000000000e+03 5.423187702256700854e-02 -5.825110830403186502e-02 7.958824099098360527e-02 -2.154279295651556367e+02
2.000000000000000000e+03 5.585895713784010119e-02 -5.764662235371164484e-02 8.027051863117930230e-02 -2.165179611342865371e+02
2.010000000000000000e+03 5.740939252058239323e-02 -5.684906480346019891e-02 8.079390149392662313e-02 -2.176073088584007564e+02
2.020000000000000000e+03 5.886528688263747977e-02 -5.588588777283237663e-02 8.116867900817917314e-02 -2.186962546916107044e+02
2.030000000000000000e+03 6.021516318302072568e-02 -5.478473830627809266e-02 8.140782166625752658e-02 -2.197850267814357608e+02
2.040000000000000000e+03 6.145347033414959304e-02 -5.357222658758159506e-02 8.152614597576282596e-02 -2.208738025318158407e+02
2.050000000000000000e+03 6.257987270004551628e-02 -5.227282715949164299e-02 8.153949304723441538e-02 -2.219627111802184061e+02
2.060000000000000000e+03 6.359837731891683499e-02 -5.090800605964014569e-02 8.146397165967095289e-02 -2.230518365290283782e+02
2.070000000000000000e+03 6.451636866193027897e-02 -4.949561643179876957e-02 8.131529912191091947e-02 -2.241412201397845081e+02
2.080000000000000000e+03 6.534361534901518553e-02 -4.804950985267835567e-02 8.110822069286618974e-02 -2.252308645680257371e+02
2.090000000000000000e+03 6.609126163165719714e-02 -4.657936596178315070e-02 8.085599666979491340e-02 -2.263207371305323079e+02
2.100000000000000000e+03 6.677081700792988905e-02 -4.509079673540895838e-02 8.056998171863033464e-02 -2.274107752006501926e+02
2.110000000000000000e+03 6.739320883461985545e-02 -4.358570406489004762e-02 8.025931843629657836e-02 -2.285008928773209504e+02
2.120000000000000000e+03 6.796795700198064727e-02 -4.206280802828792770e-02 7.993073875704949371e-02 -2.295909882208395345e+02
2.130000000000000000e+03 6.850250069125422836e-02 -4.051831365816557784e-02 7.958848121843244139e-02 -2.306809508490561313e+02
2.140000000000000000e+03 6.900171615518331525e-02 -3.894671122565639826e-02 7.923435585435875672e-02 -2.317706698544301673e+02
2.150000000000000000e+03 6.946764932038392015e-02 -3.734167204995231248e-02 7.886795783831369866e-02 -2.328600417388003336e+02
2.160000000000000000e+03 6.989947623764432294e-02 -3.569697795271395413e-02 7.848701174878267017e-02 -2.339489778471113084e+02
2.170000000000000000e+03 7.029370978342028287e-02 -3.400741978697499612e-02 7.808783666924865030e-02 -2.350374107086637139e+02
2.180000000000000000e+03 7.064463524804941164e-02 -3.226961184874248267e-02 7.766590203041774665e-02 -2.361252990482536802e+02
2.190000000000000000e+03 7.094493454190634041e-02 -3.048267113910426568e-02 7.721642944950352083e-02 -2.372126313708336056e+02
2.200000000000000000e+03 7.118647547198742043e-02 -2.864868760412650484e-02 7.673500890442834510e-02 -2.382994276118350854e+02
2.210000000000000000e+03 7.136123801827397306e-02 -2.677290637319936981e-02 7.621820522138296472e-02 -2.393857382126179232e+02
2.220000000000000000e+03 7.146229959350591798e-02 -2.486358971289548414e-02 7.566411538241360479e-02 -2.404716406280698777e+02
2.230000000000000000e+03 7.148475866920127320e-02 -2.293157812683228533e-02 7.507281796616509240e-02 -2.415572338679133111e+02
2.240000000000000000e+03 7.142650040812424661e-02 -2.098959872335268498e-02 7.444668034989297689e-02 -2.426426316559980592e+02
2.250000000000000000e+03 7.128876963542543632e-02 -1.905138353343102664e-02 7.379054065847900912e-02 -2.437279545393668627e+02
2.260000000000000000e+03 7.107650610099215671e-02 -1.713064958629466686e-02 7.311175606407489813e-02 -2.448133211066484307e+02
2.270000000000000000e+03 7.079837894495580319e-02 -1.523999835889060239e-02 7.242008016574234819e-02 -2.458988385327682238e+02
2.280000000000000000e+03 7.046649997308483682e-02 -1.338981172099830419e-02 7.172736351198577553e-02 -2.469845927565374097e+02
2.290000000000000000e+03 7.009584690512027372e-02 -1.158724193046120621e-02 7.104711063020859030e-02 -2.480706388795131545e+02
2.300000000000000000e+03 6.970342656651104529e-02 -9.835391553388259447e-03 7.039391026304377130e-02 -2.491569926741363190e+02
2.310000000000000000e+03 6.930720602098841554e-02 -8.132728838343527070e-03 6.978273486181060803e-02 -2.502436237091427245e+02
2.320000000000000000e+03 6.892487372099811993e-02 -6.472739707014327215e-03 6.922813428636002964e-02 -2.513304501468818160e+02
2.330000000000000000e+03 6.857252372176984856e-02 -4.843865815937778430e-03 6.874339274152461987e-02 -2.524173361339619532e+02
2.340000000000000000e+03 6.826334813320668327e-02 -3.229811721988554846e-03 6.833971306725589168e-02 -2.535040934293829480e+02
2.350000000000000000e+03 6.800642100537321322e-02 -1.610237892433643951e-03 6.802548172582312258e-02 -2.545904880026523074e+02
2.360000000000000000e+03 6.780564569391958618e-02 3.824514540478181302e-05 6.780565647982846056e-02 -2.556762506521574494e+02
2.370000000000000000e+03 6.765892497859160581e-02 1.740893108792404640e-03 6.768131823535153413e-02 -2.567610899407211491e+02
2.380000000000000000e+03 6.755761067166894673e-02 3.523491697558673273e-03 6.764943276486184986e-02 -2.578447065436318439e+02
2.390000000000000000e+03 6.748629386411274245e-02 5.410837843538640786e-03 6.770285832727043762e-02 -2.589268089933017905e+02
2.400000000000000000e+03 6.742297888547019169e-02 7.425074246677015009e-03 6.783059641016894736e-02 -2.600071299227556665e+02
2.410000000000000000e+03 6.733965692655546897e-02 9.584035039939828651e-03 6.801825580410736372e-02 -2.610854403652001565e+02
2.420000000000000000e+03 6.720326180427446672e-02 1.189977750157891409e-02 6.824868571423876873e-02 -2.621615598606589401e+02
2.430000000000000000e+03 6.697695587938198858e-02 1.437739102759606410e-02 6.850271521355252857e-02 -2.632353618537883335e+02
2.440000000000000000e+03 6.662168480937234738e-02 1.701411209276832218e-02 6.875993671568232657e-02 -2.643067751937001049e+02
2.450000000000000000e+03 6.609794339659701146e-02 1.979878511781771669e-02 6.899949284886999767e-02 -2.653757826474773083e+02
2.460000000000000000e+03 6.536765462078221456e-02 2.271172889056459476e-02 6.920081574533913649e-02 -2.664424169781333944e+02
2.470000000000000000e+03 6.439602823566774326e-02 2.572504816589262291e-02 6.934426115884725905e-02 -2.675067550273399206e+02
2.480000000000000000e+03 6.315329772122461882e-02 2.880335167047198830e-02 6.941161344125719446e-02 -2.685689109682439835e+02
2.490000000000000000e+03 6.161627821979305530e-02 3.190479925954177454e-02 6.938646811483202559e-02 -2.696290301006756067e+02
2.500000000000000000e+03 5.976969175860012001e-02 3.498247705932917145e-02 6.925452876256225909e-02 -2.706872831593361184e+02
2.510000000000000000e+03 5.760717531479282727e-02 3.798610209016754780e-02 6.900384481863244823e-02 -2.717438605834104806e+02
2.520000000000000000e+03 5.513188749148394130e-02 4.086395403771606039e-02 6.862497911089091018e-02 -2.727989670842025589e+02
2.530000000000000000e+03 5.235664808517645485e-02 4.356488194946818437e-02 6.811106766147562164e-02 -2.738528169713156899e+02
2.540000000000000000e+03 4.930360675139109500e-02 4.604026351317085791e-02 6.745777570494027042e-02 -2.749056302633049995e+02
2.550000000000000000e+03 4.600349776593925383e-02 4.824581676590018742e-02 6.666318805839992201e-02 -2.759576296607069708e+02
2.560000000000000000e+03 4.249453825754958419e-02 5.014317766394461862e-02 6.572765055865194272e-02 -2.770090383118650834e+02
2.570000000000000000e+03 3.882105476001156130e-02 5.170118295404933784e-02 6.465358931666437270e-02 -2.780600783616159788e+02
2.580000000000000000e+03 3.503193891820138850e-02 5.289682734241953066e-02 6.344533936596395696e-02 -2.791109703795605697e+02
2.590000000000000000e+03 3.117900811672167510e-02 5.371588218007729981e-02 6.210898924895286166e-02 -2.801619335878299353e+02
2.600000000000000000e+03 2.731531529951542608e-02 5.415318872076377993e-02 6.065224067203617286e-02 -2.812131863551093147e+02
2.610000000000000000e+03 2.349345729540699632e-02 5.421263118891257726e-02 5.908427807899635509e-02 -2.822649466492322858e+02
2.620000000000000000e+03 1.976396745139665997e-02 5.390677074001492403e-02 5.741562802091774997e-02 -2.833174329330619798e+02
2.630000000000000000e+03 1.617387740295447504e-02 5.325616557270938800e-02 5.565800465120572527e-02 -2.843708658444238040e+02
2.640000000000000000e+03 1.276548802876519874e-02 5.228848250838117467e-02 5.382418682750192418e-02 -2.854254701675762931e+02
2.650000000000000000e+03 9.575359917230281612e-03 5.103749936482884775e-02 5.192796798411628001e-02 -2.864814766410001425e+02
2.660000000000000000e+03 6.633540575566035206e-03 4.954201977423061676e-02 4.998415332760912377e-02 -2.875391239312345988e+02
2.670000000000000000e+03 3.963036724747581035e-03 4.784469157399116879e-02 4.800854269702465454e-02 -2.885986609797087681e+02
2.680000000000000000e+03 1.579500255635432485e-03 4.599074806923367925e-02 4.601786315144667378e-02 -2.896603487423176944e+02
2.690000000000000000e+03 -5.088878229251203762e-04 4.402671709092925018e-02 4.402965801162942588e-02 -2.907244602668614561e+02
2.700000000000000000e+03 -2.301317669351965120e-03 4.199914183818206914e-02 4.206214424109887273e-02 -2.917912787087309425e+02
2.710000000000000000e+03 -3.804053787619390663e-03 3.995334482527224812e-02 4.013403278946946207e-02 -2.928610921255327639e+02
2.720000000000000000e+03 -5.029983781582063850e-03 3.793226666868432240e-02 3.826431224348816190e-02 -2.939341831464199686e+02
2.730000000000000000e+03 -5.998023885324489830e-03 3.597539718842565626e-02 3.647198230688740439e-02 -2.950108122349254245e+02
2.740000000000000000e+03 -6.732391780203422597e-03 3.411782487075031706e-02 3.477572534100963064e-02 -2.960911936445903052e+02
2.750000000000000000e+03 -7.261758332699360351e-03 3.238944147881417379e-02 3.319350920574769270e-02 -2.971754641664185215e+02
2.760000000000000000e+03 -7.618280540242204982e-03 3.081431327272680237e-02 3.174208721649508097e-02 -2.982636466862617226e+02
2.770000000000000000e+03 -7.836538445352791635e-03 2.941022564716691198e-02 3.043637145624896595e-02 -2.993556124314164890e+02
2.780000000000000000e+03 -7.952411720649064236e-03 2.818841518939654497e-02 2.928869411674953072e-02 -3.004510482881673852e+02
2.790000000000000000e+03 -8.001935018516466089e-03 2.715350236558979752e-02 2.830801396704916983e-02 -3.015494378706874841e+02
2.800000000000000000e+03 -8.020176001612954950e-03 2.630365169391326446e-02 2.749918754311760430e-02 -3.026500655439515981e+02
2.810000000000000000e+03 -8.040190653022000200e-03 2.563095250704138656e-02 2.686243459098883526e-02 -3.037520491275649874e+02
2.820000000000000000e+03 -8.092095967709350690e-03 2.512196188605653538e-02 2.639308595361851764e-02 -3.048544003960105897e+02
2.830000000000000000e+03 -8.202273342242360696e-03 2.475836842304987226e-02 2.608168121406924736e-02 -3.059561052636468617e+02
2.840000000000000000e+03 -8.392697513154464412e-03 2.451776429503996907e-02 2.591443878563542969e-02 -3.070562098950737777e+02
2.850000000000000000e+03 -8.680359658422648339e-03 2.437450821839256057e-02 2.587402741530699102e-02 -3.081538978712697485e+02
2.860000000000000000e+03 -9.076789564951823208e-03 2.430066066621501195e-02 2.594051305623980286e-02 -3.092485456156169903e+02
2.870000000000000000e+03 -9.587752990690773941e-03 2.426698369297040220e-02 2.609236487874166260e-02 -3.103397479655307052e+02
2.880000000000000000e+03 -1.021316772076413804e-02 2.424399743261458282e-02 2.630741732677461045e-02 -3.114273148402278366e+02
2.890000000000000000e+03 -1.094726145910416594e-02 2.420306105963736243e-02 2.656371017216009947e-02 -3.125112459640413363e+02
2.900000000000000000e+03 -1.177894943884552625e-02 2.411741871310131569e-02 2.684014782496416812e-02 -3.135916936752070683e+02
2.910000000000000000e+03 -1.269233937734764658e-02 2.396318781372114293e-02 2.711696607412862961e-02 -3.146689253495644607e+02
2.920000000000000000e+03 -1.366733949942596123e-02 2.372028955207370823e-02 2.737605350350532513e-02 -3.157432919429894014e+02
2.930000000000000000e+03 -1.468046167794544339e-02 2.337325645612789091e-02 2.760117882340442502e-02 -3.168152015544912388e+02
2.940000000000000000e+03 -1.570588343760578182e-02 2.291182558379285458e-02 2.777816635665148609e-02 -3.178850955153104678e+02
2.950000000000000000e+03 -1.671668618308158605e-02 2.233128687940726456e-02 2.789505279855225214e-02 -3.189534286440965047e+02
2.960000000000000000e+03 -1.768611684586167410e-02 2.163259424534182129e-02 2.794222365648568393e-02 -3.200206566479761250e+02
2.970000000000000000e+03 -1.858883898921593822e-02 2.082225247003443094e-02 2.791256227745582061e-02 -3.210872293236043333e+02
2.980000000000000000e+03 -1.940217470269475081e-02 1.991194288652988961e-02 2.780161600897178981e-02 -3.221535860186925788e+02
2.990000000000000000e+03 -2.010717450212796964e-02 1.891786197766254229e-02 2.760767951612223825e-02 -3.232201540034930645e+02
3.000000000000000000e+03 -2.068947673637626730e-02 1.785983917596106405e-02 2.733181850913415575e-02 -3.242873485550576333e+02
3.010000000000000000e+03 -2.113996537143991716e-02 1.676025937699809204e-02 2.697785073518517776e-02 -3.253555716654353205e+02
3.020000000000000000e+03 -2.145517076824358590e-02 1.564281936535225417e-02 2.655225320743107020e-02 -3.264252079901742150e+02
3.030000000000000000e+03 -2.163735093470536830e-02 1.453122975562343676e-02 2.606399036376262981e-02 -3.274966190330706581e+02
3.040000000000000000e+03 -2.169425499040137165e-02 1.344797367387094190e-02 2.552427659154477696e-02 -3.285701357067569575e+02
3.050000000000000000e+03 -2.163861871570297093e-02 1.241314125005800809e-02 2.494626015292598226e-02 -3.296460462994140812e+02
3.060000000000000000e+03 -2.148742431795764088e-02 1.144336266047202288e-02 2.434460829011308308e-02 -3.307245778199143729e+02
3.070000000000000000e+03 -2.126094110828889716e-02 1.055093252601858010e-02 2.373499092013151707e-02 -3.318058723400869212e+02
3.080000000000000000e+03 -2.098157843486272989e-02 9.743199498131578651e-03 2.313345132224519859e-02 -3.328899609606511945e+02
3.090000000000000000e+03 -2.067259625472039550e-02 9.022236984235184123e-03 2.255564222340789016e-02 -3.339767379224228421e+02
3.100000000000000000e+03 -2.035673288648570320e-02 8.384803002687976278e-03 2.201593730018356135e-02 -3.350659390766314800e+02
3.110000000000000000e+03 -2.005484145098013551e-02 7.822633091748633707e-03 2.152650120460990885e-02 -3.361571319927526247e+02
3.120000000000000000e+03 -1.978463782197297655e-02 7.323075332840575484e-03 2.109642922575054313e-02 -3.372497246273833298e+02
3.130000000000000000e+03 -1.955965351209590364e-02 6.869999143357646831e-03 2.073106205053133408e-02 -3.383429950299966436e+02
3.140000000000000000e+03 -1.938847606497132517e-02 6.444913727990339916e-03 2.043159115397536266e-02 -3.394361409176600546e+02
3.150000000000000000e+03 -1.927431605122308794e-02 6.028249538181890826e-03 2.019502542055904779e-02 -3.405283444412981453e+02
3.160000000000000000e+03 -1.921491704385402954e-02 5.600714553889175537e-03 2.001452074161003125e-02 -3.416188417350413715e+02
3.170000000000000000e+03 -1.920281270735287385e-02 5.144622627985331008e-03 1.988001906080705261e-02 -3.427069847175419568e+02
3.180000000000000000e+03 -1.922588643682478227e-02 4.645103944498439781e-03 1.977907227189582007e-02 -3.437922857070479949e+02
3.190000000000000000e+03 -1.926820155058909384e-02 4.091113648993117448e-03 1.969773595830499879e-02 -3.448744396273489201e+02
3.200000000000000000e+03 -1.931108877477812416e-02 3.476188821399914513e-03 1.962146881325115000e-02 -3.459533246501230792e+02
3.210000000000000000e+03 -1.933440016330094033e-02 2.798925753700208432e-03 1.953594162177440738e-02 -3.470289873457716681e+02
3.220000000000000000e+03 -1.931779612437728097e-02 2.063141117346216184e-03 1.942765550376808828e-02 -3.481016187587734976e+02
3.230000000000000000e+03 -1.924199145675890496e-02 1.277726431125789444e-03 1.928436724538246452e-02 -3.491715277228625496e+02
3.240000000000000000e+03 -1.908991284420841553e-02 4.562205854148638487e-04 1.909536356349440453e-02 -3.502391160068855243e+02
3.250000000000000000e+03 -1.884772068329932868e-02 -3.838854568931059108e-04 1.885162971733964771e-02 -3.513048571159458788e+02
3.260000000000000000e+03 -1.850567783053173529e-02 -1.222069469074004572e-03 1.854598516538489422e-02 -3.523692802428816435e+02
3.270000000000000000e+03 -1.805879394685523318e-02 -2.035854586822936733e-03 1.817318746708081537e-02 -3.534329612139600840e+02
3.280000000000000000e+03 -1.750719255486526266e-02 -2.801938522254152596e-03 1.772999296772622899e-02 -3.544965229067339578e+02
3.290000000000000000e+03 -1.685621871143258219e-02 -3.497303553019184049e-03 1.721520378588678110e-02 -3.555606460313219941e+02
3.300000000000000000e+03 -1.611630013596638406e-02 -4.100295883828510707e-03 1.662971907181510708e-02 -3.566260884909958122e+02
3.310000000000000000e+03 -1.530256905189066388e-02 -4.591659183390901094e-03 1.597660644956556270e-02 -3.576937119795090894e+02
3.320000000000000000e+03 -1.443427703367766192e-02 -4.955484241265059597e-03 1.526123119379235206e-02 -3.587645162584847185e+02
3.330000000000000000e+03 -1.353403934542089446e-02 -5.180041351078792586e-03 1.449148196018223110e-02 -3.598396814516985387e+02
3.340000000000000000e+03 -1.262693615589671747e-02 -5.258437012517043312e-03 1.367810939054447603e-02 -3.609206189607540978e+02
3.350000000000000000e+03 -1.173950225990891792e-02 -5.189046825016821463e-03 1.283519069833494002e-02 -3.620090274841628002e+02
3.360000000000000000e+03 -1.089863904662183303e-02 -4.975730613172874711e-03 1.198074405883940707e-02 -3.631069377680495336e+02
3.370000000000000000e+03 -1.013047392394395528e-02 -4.627834692933476164e-03 1.113747529150242895e-02 -3.642167085133455089e+02
3.380000000000000000e+03 -9.459211778825507913e-03 -4.159974041363870972e-03 1.033354109206967297e-02 -3.653408993289413047e+02
3.390000000000000000e+03 -8.906042967965155377e-03 -3.591585364847723651e-03 9.602972809512163449e-03 -3.664818954928321091e+02
3.400000000000000000e+03 -8.488163097209055000e-03 -2.946235201201903402e-03 8.984943774204869060e-03 -3.676411337241499950e+02
3.410000000000000000e+03 -8.217956177903665976e-03 -2.250696644709544812e-03 8.520589130362514474e-03 -3.688179015913403305e+02
3.420000000000000000e+03 -8.102362702392985894e-03 -1.533862944815226042e-03 8.246272909297035908e-03 -3.700081255803431759e+02
3.430000000000000000e+03 -8.142455147351380929e-03 -8.255780467334336266e-04 8.184201545531316624e-03 -3.712041755743404678e+02
3.440000000000000000e+03 -8.333271600696995351e-03 -1.554415956648055441e-04 8.334721210733199784e-03 -3.723965710725038321e+02
3.450000000000000000e+03 -8.663937921856136593e-03 4.484145059884837034e-04 8.675534328383338253e-03 -3.735769323306485035e+02
3.460000000000000000e+03 -9.118065032675207876e-03 9.605825180701793933e-04 9.168523802342249535e-03 -3.747401842565785159e+02
3.470000000000000000e+03 -9.674404619654176224e-03 1.359567195104524010e-03 9.769469161770788848e-03 -3.758848400974418382e+02
3.480000000000000000e+03 -1.030774420875874876e-02 1.628775553639318693e-03 1.043563608398321782e-02 -3.770119410012865160e+02
3.490000000000000000e+03 -1.099002366659801097e-02 1.757227452900124616e-03 1.112962122058114983e-02 -3.781237729349048209e+02
3.500000000000000000e+03 -1.169163111817627873e-02 1.739945067377788581e-03 1.182039115431465781e-02 -3.792229574624852830e+02
3.510000000000000000e+03 -1.238275312885641841e-02 1.578027852275864541e-03 1.248289817921951171e-02 -3.803119763690228297e+02
3.520000000000000000e+03 -1.303467635859028098e-02 1.278482243474239307e-03 1.309722507327683132e-02 -3.813929924721045950e+02
3.530000000000000000e+03 -1.362098004582286415e-02 8.538470955234393365e-04 1.364771600932692536e-02 -3.824678262944921130e+02
3.540000000000000000e+03 -1.411856661680691884e-02 3.215680882770024021e-04 1.412222820055719294e-02 -3.835379943580489339e+02
3.550000000000000000e+03 -1.450853568588687456e-02 -2.968750483880258379e-04 1.451157271087487322e-02 -3.846047627984347628e+02
3.560000000000000000e+03 -1.477689723245199926e-02 -9.769935066642977586e-04 1.480915960243901763e-02 -3.856692018446080965e+02
3.570000000000000000e+03 -1.491506397091522593e-02 -1.692394011962631900e-03 1.501077382243235468e-02 -3.867322365145776644e+02
3.580000000000000000e+03 -1.492008231885772786e-02 -2.415914866769359754e-03 1.511441368512084216e-02 -3.877946916638053381e+02
3.590000000000000000e+03 -1.479460936968554630e-02 -3.120746020067567163e-03 1.512016938143732891e-02 -3.888573315874566561e+02
3.600000000000000000e+03 -1.454667462364979402e-02 -3.781484149651656405e-03 1.503014853487494827e-02 -3.899208959161794041e+02
3.610000000000000000e+03 -1.418926530713490036e-02 -4.375091717423059551e-03 1.484845707446150707e-02 -3.909861332353781904e+02
3.620000000000000000e+03 -1.373974229840676381e-02 -4.881760021698636556e-03 1.458122420567227462e-02 -3.920538315292957918e+02
3.630000000000000000e+03 -1.321908454942175536e-02 -5.285660792352443391e-03 1.423665713349074255e-02 -3.931248443376882733e+02
3.640000000000000000e+03 -1.265096009830012254e-02 -5.575558067098179867e-03 1.382510901108434040e-02 -3.942001103249776861e+02
3.650000000000000000e+03 -1.206068187582164455e-02 -5.745247660482312273e-03 1.335918852288753983e-02 -3.952806632143616525e+02
3.660000000000000000e+03 -1.147414752196778374e-02 -5.793795234504566828e-03 1.285395365540296583e-02 -3.963676275232071475e+02
3.670000000000000000e+03 -1.091680057724963085e-02 -5.725570681467898743e-03 1.232715273175126469e-02 -3.974621880043193869e+02
3.680000000000000000e+03 -1.041258656221863595e-02 -5.550061404599202462e-03 1.179937034381571548e-02 -3.985655128390250184e+02
3.690000000000000000e+03 -9.982892941195441183e-03 -5.281431978770212941e-03 1.129387777611155080e-02 -3.996786067893876293e+02
3.700000000000000000e+03 -9.645528792972929075e-03 -4.937850361974906351e-03 1.083598596775233597e-02 -4.008020748272072638e+02
3.710000000000000000e+03 -9.413877680235511330e-03 -4.540614440153655819e-03 1.045171146140995606e-02 -4.019358084712306436e+02
3.720000000000000000e+03 -9.296350355307589006e-03 -4.113138210422411824e-03 1.016563012639474378e-02 -4.030786672847902423e+02
3.730000000000000000e+03 -9.296142895824257082e-03 -3.679884727516186203e-03 9.997991015568611847e-03 -4.042282977497051775e+02
3.740000000000000000e+03 -9.411235118373778227e-03 -3.265283596992216413e-03 9.961597433248261038e-03 -4.053812616783464478e+02
3.750000000000000000e+03 -9.634605356101473908e-03 -2.892668395843320511e-03 1.005948064345918436e-02 -4.065335475052172569e+02
3.760000000000000000e+03 -9.954660311604591680e-03 -2.583315594864664128e-03 1.028439504210658904e-02 -4.076813147314091452e+02
3.770000000000000000e+03 -1.035582560890443288e-02 -2.355654199736478653e-03 1.062036867301587549e-02 -4.088215565268478713e+02
3.780000000000000000e+03 -1.081921793914806737e-02 -2.224632501632567341e-03 1.104556320800815193e-02 -4.099524298579152060e+02
3.790000000000000000e+03 -1.132340523237265230e-02 -2.201194678244884802e-03 1.153537013138537966e-02 -4.110732232553262406e+02
3.800000000000000000e+03 -1.184528853496126521e-02 -2.291893776539931458e-03 1.206497565515269807e-02 -4.121840980175289815e+02
3.810000000000000000e+03 -1.236103975012540351e-02 -2.498675331049736350e-03 1.261105396523925885e-02 -4.132857684895600414e+02
3.820000000000000000e+03 -1.284702671194735621e-02 -2.818814729925329162e-03 1.315263516635099654e-02 -4.143792309570297334e+02
3.830000000000000000e+03 -1.328072826066341826e-02 -3.245008747797881957e-03 1.367142366057276341e-02 -4.154655778005021034e+02
3.840000000000000000e+03 -1.364162970733050033e-02 -3.765639317824209971e-03 1.415182322331174497e-02 -4.165458889434474372e+02
3.850000000000000000e+03 -1.391207426113367888e-02 -4.365217672838856908e-03 1.458084138788166319e-02 -4.176211788688708566e+02
3.860000000000000000e+03 -1.407806512802246314e-02 -5.025010128446078320e-03 1.494799801109927308e-02 -4.186923789295626648e+02
3.870000000000000000e+03 -1.412995830891454127e-02 -5.723837444362542271e-03 1.524526276917357107e-02 -4.197603395427786950e+02
3.880000000000000000e+03 -1.406293607905143364e-02 -6.439025910139058867e-03 1.546697209653294207e-02 -4.208258409990859263e+02
3.890000000000000000e+03 -1.387721151993330342e-02 -7.147475917065028439e-03 1.560972170008146330e-02 -4.218896060164651090e+02
3.900000000000000000e+03 -1.357798373732691140e-02 -7.826801389214179533e-03 1.567228325284223192e-02 -4.229523112958676165e+02
3.910000000000000000e+03 -1.317515510908865047e-02 -8.456457153726729820e-03 1.565555427767923932e-02 -4.240145983895855579e+02
3.920000000000000000e+03 -1.268282107310755857e-02 -9.018751274854592409e-03 1.556251345156535112e-02 -4.250770853389184936e+02
3.930000000000000000e+03 -1.211852958188919943e-02 -9.499695590409701004e-03 1.539814844510771497e-02 -4.261403765669035124e+02
3.940000000000000000e+03 -1.150230092630380625e-02 -9.889662694087680145e-03 1.516932281949589720e-02 -4.272050667939753339e+02
3.950000000000000000e+03 -1.085548997325552767e-02 -1.018377086880736283e-02 1.488458436328743417e-02 -4.282717399690213256e+02
3.960000000000000000e+03 -1.019960945134243402e-02 -1.038197229396397615e-02 1.455394728836646202e-02 -4.293409636204468143e+02
3.970000000000000000e+03 -9.555197058045838618e-03 -1.048887902734235884e-02 1.418867062371631169e-02 -4.304132760812362903e+02
3.980000000000000000e+03 -8.940767342232674997e-03 -1.051336524882554024e-02 1.380102059715682117e-02 -4.314891630757663847e+02
3.990000000000000000e+03 -8.371882236364270799e-03 -1.046798210176326516e-02 1.340399423539072148e-02 -4.325690208128955874e+02
4.000000000000000000e+03 -7.860390274270774580e-03 -1.036820432742467137e-02 1.301097214811707502e-02 -4.336531062900269262e+02
4.010000000000000000e+03 -7.413852179606683114e-03 -1.023152895370306459e-02 1.263524391816489220e-02 -4.347414771979987336e+02
4.020000000000000000e+03 -7.035177809212803633e-03 -1.007641326721825555e-02 1.228933810825515345e-02 -4.358339309966913788e+02
4.030000000000000000e+03 -6.722535451224141353e-03 -9.921076522068108389e-03 1.198416631433727939e-02 -4.369299603677294499e+02
4.040000000000000000e+03 -6.469569430748024590e-03 -9.782289773711724465e-03 1.172810819510692985e-02 -4.380287422137495241e+02
4.050000000000000000e+03 -6.265872275384882888e-03 -9.674303620793713726e-03 1.152620084497659944e-02 -4.391291696780977531e+02
4.060000000000000000e+03 -6.097660864495532858e-03 -9.607970099237446784e-03 1.137956754214505470e-02 -4.402299315053606961e+02
4.070000000000000000e+03 -5.948677136489977611e-03 -9.590048028120164506e-03 1.128520185268522616e-02 -4.413296358779541038e+02
4.080000000000000000e+03 -5.801294421280689395e-03 -9.622722646584033063e-03 1.123618298602615563e-02 -4.424269561596840390e+02
4.090000000000000000e+03 -5.637747052603394107e-03 -9.703361774476329180e-03 1.122227345752662905e-02 -4.435207646920601974e+02
4.100000000000000000e+03 -5.441380204885656185e-03 -9.824526694584508058e-03 1.123075880369287828e-02 -4.446102251196330712e+02
4.110000000000000000e+03 -5.197828794272662221e-03 -9.974313506054063513e-03 1.124741544051888024e-02 -4.456948273587270819e+02
4.120000000000000000e+03 -4.896051715059278504e-03 -1.013706151331477193e-02 1.125750143332269158e-02 -4.467743691460948412e+02
4.130000000000000000e+03 -4.529171073528390212e-03 -1.029434928110076371e-02 1.124664473230065770e-02 -4.478489047034842656e+02
4.140000000000000000e+03 -4.095079747211143387e-03 -1.042615888354350012e-02 1.120153860864265064e-02 -4.489186836120097723e+02
4.150000000000000000e+03 -3.596769405250510327e-03 -1.051211709891525584e-02 1.111041655636063955e-02 -4.499840943025063211e+02
4.160000000000000000e+03 -3.042331776690776046e-03 -1.053275204081903678e-02 1.096333198406579564e-02 -4.510456173192245615e+02
4.170000000000000000e+03 -2.444633985156845733e-03 -1.047069295760526264e-02 1.075228563300976818e-02 -4.521037909923931011e+02
4.180000000000000000e+03 -1.820728681899810245e-03 -1.031173123173598910e-02 1.047123936927487307e-02 -4.531591930306253744e+02
4.190000000000000000e+03 -1.191043892248279520e-03 -1.004572136254565200e-02 1.011608141758299668e-02 -4.542124371134275975e+02
4.200000000000000000e+03 -5.783717547375246976e-04 -9.667319520097408456e-03 9.684605339936912596e-03 -4.678305526191351191e+02
