0.000000000000000000e+00 1.026390166544380173e-01 7.910335745300753896e-01
1.000000000000000000e+01 1.032257452992781238e-01 7.904423349092613016e-01
2.000000000000000000e+01 1.036851249029427519e-01 7.899789936937841039e-01
3.000000000000000000e+01 1.040216336751792481e-01 7.896380993448010033e-01
4.000000000000000000e+01 1.042473110680634668e-01 7.894077843636779779e-01
5.000000000000000000e+01 1.043817142122418079e-01 7.892686318465410578e-01
6.000000000000000000e+01 1.044512529006493551e-01 7.891943766947042693e-01
7.000000000000000000e+01 1.044875589498383828e-01 7.891535517170448211e-01
8.000000000000000000e+01 1.045247174311696448e-01 7.891122126035166051e-01
9.000000000000000000e+01 1.045957502496134700e-01 7.890374165827656050e-01
1.000000000000000000e+02 1.047291487939845805e-01 7.889007388378386221e-01
1.100000000000000000e+02 1.049461837806281717e-01 7.886810030328130772e-01
1.200000000000000000e+02 1.052593369944489765e-01 7.883657921945987912e-01
1.300000000000000000e+02 1.056718480935418397e-01 7.879518613134909311e-01
1.400000000000000000e+02 1.061781767894843520e-01 7.874446881789074482e-01
1.500000000000000000e+02 1.067651356714285210e-01 7.868573717601948792e-01
1.600000000000000000e+02 1.074134575956492560e-01 7.862090853933303425e-01
1.700000000000000000e+02 1.080995956958313575e-01 7.855232810856018766e-01
1.800000000000000000e+02 1.087975969524023617e-01 7.848258080292740413e-01
1.900000000000000000e+02 1.094809126962555390e-01 7.841431064651720462e-01
2.000000000000000000e+02 1.101240318219373626e-01 7.835005879324697942e-01
2.100000000000000000e+02 1.107038589717989768e-01 7.829212616999412511e-01
2.200000000000000000e+02 1.112007901377481539e-01 7.824246723273782234e-01
2.300000000000000000e+02 1.115994452560885863e-01 7.820261830497733380e-01
2.400000000000000000e+02 1.118890456084535440e-01 7.817365946397708543e-01
2.500000000000000000e+02 1.120634641132073062e-01 7.815620833539635992e-01
2.600000000000000000e+02 1.121210067507458219e-01 7.815044047282869721e-01
2.700000000000000000e+02 1.120639944657528947e-01 7.815612939749100319e-01
2.800000000000000000e+02 1.118982065638804702e-01 7.817270192792469263e-01
2.900000000000000000e+02 1.116322403413954750e-01 7.819930186904469060e-01
3.000000000000000000e+02 1.112768447538395877e-01 7.823485580179012633e-01
3.100000000000000000e+02 1.108442700524297220e-01 7.827813893225095132e-01
3.200000000000000000e+02 1.103476561118583582e-01 7.832783717621335517e-01
3.300000000000000000e+02 1.098004645239978733e-01 7.838260449793739149e-01
3.400000000000000000e+02 1.092159774917406539e-01 7.844111293272042484e-01
3.500000000000000000e+02 1.086068886258244742e-01 7.850209201199092046e-01
3.600000000000000000e+02 1.079849774652176103e-01 7.856436048668146155e-01
3.700000000000000000e+02 1.073608645018877678e-01 7.862685144074267329e-01
3.800000000000000000e+02 1.067438421181877845e-01 7.868863113971119594e-01
3.900000000000000000e+02 1.061417760266522708e-01 7.874891028714215979e-01
4.000000000000000000e+02 1.055610640853975463e-01 7.880704809217872198e-01
4.100000000000000000e+02 1.050066361187194236e-01 7.886255156295726154e-01
4.200000000000000000e+02 1.044819959651289293e-01 7.891507071529220152e-01
4.300000000000000000e+02 1.039893106378479010e-01 7.896438894678627918e-01
4.400000000000000000e+02 1.035295453740420757e-01 7.901040902757966444e-01
4.500000000000000000e+02 1.031026342327068940e-01 7.905313608719988228e-01
4.600000000000000000e+02 1.027076733888210303e-01 7.909265886783417576e-01
4.700000000000000000e+02 1.023431354730817838e-01 7.912912894835101296e-01
4.800000000000000000e+02 1.020070966026793008e-01 7.916273786211158736e-01
4.900000000000000000e+02 1.016974549266687344e-01 7.919369553799752159e-01
5.000000000000000000e+02 1.014121310581865276e-01 7.922220988274226716e-01
5.100000000000000000e+02 1.011492437091526531e-01 7.924846774006203409e-01
5.200000000000000000e+02 1.009072578705657725e-01 7.927262072611644950e-01
5.300000000000000000e+02 1.006850930058878768e-01 7.929477488556467835e-01
5.400000000000000000e+02 1.004821946585417319e-01 7.931498335412062728e-01
5.500000000000000000e+02 1.002985710372706618e-01 7.933324262694745332e-01
5.600000000000000000e+02 1.001347882604711054e-01 7.934949357192540020e-01
5.700000000000000000e+02 9.999192533039599762e-02 7.936362669030125883e-01
5.800000000000000000e+02 9.987149319209968901e-02 7.937548945116098542e-01
5.900000000000000000e+02 9.977533380703464128e-02 7.938489517032241150e-01
6.000000000000000000e+02 9.970551653528920977e-02 7.939163360496490629e-01
6.100000000000000000e+02 9.966423068530375073e-02 7.939548301637195937e-01
6.200000000000000000e+02 9.965367257636868759e-02 7.939622258090800466e-01
6.300000000000000000e+02 9.967592899511396043e-02 7.939364373701992550e-01
6.400000000000000000e+02 9.973286283974848454e-02 7.938756058039529995e-01
6.500000000000000000e+02 9.982601262621997040e-02 7.937781973982832584e-01
6.600000000000000000e+02 9.995651200443228523e-02 7.936430900169050284e-01
6.700000000000000000e+02 1.001250280342658311e-01 7.934696374892772353e-01
6.800000000000000000e+02 1.003317164042269727e-01 7.932577120952593042e-01
6.900000000000000000e+02 1.005761939250255366e-01 7.930077294873423277e-01
7.000000000000000000e+02 1.008575285835113799e-01 7.927206538257761670e-01
7.100000000000000000e+02 1.011742485559141286e-01 7.923979845281775569e-01
7.200000000000000000e+02 1.015243726252161721e-01 7.920417305696189070e-01
7.300000000000000000e+02 1.019054613039842155e-01 7.916543639118894804e-01
7.400000000000000000e+02 1.023146819480735825e-01 7.912387513621275126e-01
7.500000000000000000e+02 1.027488829274116056e-01 7.907980766884856738e-01
7.600000000000000000e+02 1.032046716810717940e-01 7.903357639439037019e-01
7.700000000000000000e+02 1.036784867470054994e-01 7.898554076526490553e-01
7.800000000000000000e+02 1.041666588954648365e-01 7.893607081082717469e-01
7.900000000000000000e+02 1.046654665400272577e-01 7.888554101234727112e-01
8.000000000000000000e+02 1.051711900379595221e-01 7.883432434127152222e-01
8.100000000000000000e+02 1.056801626864542487e-01 7.878278674790268887e-01
8.200000000000000000e+02 1.061888148989775238e-01 7.873128305247141245e-01
8.300000000000000000e+02 1.066937061314600227e-01 7.868015490903107478e-01
8.400000000000000000e+02 1.071915410927733320e-01 7.862973031974772598e-01
8.500000000000000000e+02 1.076791733453022482e-01 7.858032337677631762e-01
8.600000000000000000e+02 1.081536026923608229e-01 7.853223417721751920e-01
8.700000000000000000e+02 1.086119693153733828e-01 7.848574935165375521e-01
8.800000000000000000e+02 1.090515454747692653e-01 7.844114312406799128e-01
8.900000000000000000e+02 1.094697275488009103e-01 7.839867826572851639e-01
9.000000000000000000e+02 1.098640284599353839e-01 7.835860655680729758e-01
9.100000000000000000e+02 1.102320699478649413e-01 7.832116880865345188e-01
9.200000000000000000e+02 1.105715804992517259e-01 7.828659419323442670e-01
9.300000000000000000e+02 1.108804056344110250e-01 7.825509872945630718e-01
9.400000000000000000e+02 1.111565330632709320e-01 7.822688288562632541e-01
9.500000000000000000e+02 1.113981302644447835e-01 7.820212818941966182e-01
9.600000000000000000e+02 1.116035909912651281e-01 7.818099325441892899e-01
9.700000000000000000e+02 1.117715886781277812e-01 7.816360935430677337e-01
9.800000000000000000e+02 1.119011286038096714e-01 7.815007568321330478e-01
9.900000000000000000e+02 1.119915890775166484e-01 7.814045516156500337e-01
1.000000000000000000e+03 1.120427512310418344e-01 7.813477130220329858e-01
1.010000000000000000e+03 1.120548188216910213e-01 7.813300600550611152e-01
1.020000000000000000e+03 1.120284274729295704e-01 7.813509830038064541e-01
1.030000000000000000e+03 1.119646393845849103e-01 7.814094451379669515e-01
1.040000000000000000e+03 1.118649154669761059e-01 7.815040057906107451e-01
1.050000000000000000e+03 1.117310638324613276e-01 7.816328656486404292e-01
1.060000000000000000e+03 1.115651762427981031e-01 7.817939290656700235e-01
1.070000000000000000e+03 1.113695628198220766e-01 7.819848780019138523e-01
1.080000000000000000e+03 1.111466829721747401e-01 7.822032506734687418e-01
1.090000000000000000e+03 1.108990687271558806e-01 7.824465187770789365e-01
1.100000000000000000e+03 1.106292442590500469e-01 7.827121580156547465e-01
1.110000000000000000e+03 1.103396495407421435e-01 7.829977124547268241e-01
1.120000000000000000e+03 1.100325782468877245e-01 7.833008576841389292e-01
1.130000000000000000e+03 1.097101362728781643e-01 7.836194568068162170e-01
1.140000000000000000e+03 1.093742201057027602e-01 7.839515941500215801e-01
1.150000000000000000e+03 1.090265106374985193e-01 7.842955835482544602e-01
1.160000000000000000e+03 1.086684797161732718e-01 7.846499593961212549e-01
1.170000000000000000e+03 1.083014032274144389e-01 7.850134591002748685e-01
1.180000000000000000e+03 1.079263726664684842e-01 7.853850044180402667e-01
1.190000000000000000e+03 1.075443042636003432e-01 7.857636881515309701e-01
1.200000000000000000e+03 1.071559456399446553e-01 7.861487688767953008e-01
1.210000000000000000e+03 1.067618729617521300e-01 7.865396753034324950e-01
1.220000000000000000e+03 1.063624765866833799e-01 7.869360211706951658e-01
1.230000000000000000e+03 1.059579428099204496e-01 7.873376228148665223e-01
1.240000000000000000e+03 1.055482372063666907e-01 7.877445150744785130e-01
1.250000000000000000e+03 1.051330944498005959e-01 7.881569613666026264e-01
1.260000000000000000e+03 1.047120257498040941e-01 7.885754472457565667e-01
1.270000000000000000e+03 1.042843495576808999e-01 7.890006522976782399e-01
1.280000000000000000e+03 1.038492408843978698e-01 7.894333974575163948e-01
1.290000000000000000e+03 1.034057979595255777e-01 7.898745687558009765e-01
1.300000000000000000e+03 1.029531287567185954e-01 7.903250283919016628e-01
1.310000000000000000e+03 1.024904539997984892e-01 7.907855217551331695e-01
1.320000000000000000e+03 1.020172068835277085e-01 7.912565875053236830e-01
1.330000000000000000e+03 1.015331118358391710e-01 7.917384782917118446e-01
1.340000000000000000e+03 1.010382404290958436e-01 7.922311023731957169e-01
1.350000000000000000e+03 1.005330426659894333e-01 7.927339972262449352e-01
1.360000000000000000e+03 1.000183518175482983e-01 7.932463316088932404e-01
1.370000000000000000e+03 9.949536349298260252e-02 7.937669288977038384e-01
1.380000000000000000e+03 9.896559035152624473e-02 7.942943086308079659e-01
1.390000000000000000e+03 9.843080172839313580e-02 7.948267361532139752e-01
1.400000000000000000e+03 9.789296029611960215e-02 7.953622730181399980e-01
1.410000000000000000e+03 9.735416409542813065e-02 7.958988311490152734e-01
1.420000000000000000e+03 9.681659897385071212e-02 7.964342273155449181e-01
1.430000000000000000e+03 9.628250211832138639e-02 7.969662252753950682e-01
1.440000000000000000e+03 9.575413474010441295e-02 7.974925618442875175e-01
1.450000000000000000e+03 9.523376404724444300e-02 7.980109604670914125e-01
1.460000000000000000e+03 9.472365353538038379e-02 7.985191364910567691e-01
1.470000000000000000e+03 9.422605714395836107e-02 7.990148015897577949e-01
1.480000000000000000e+03 9.374321536945232070e-02 7.994956778347331872e-01
1.490000000000000000e+03 9.327735139030603195e-02 7.999595215979498075e-01
1.500000000000000000e+03 9.283066017815183590e-02 8.004041410376631083e-01
1.510000000000000000e+03 9.240528433073300074e-02 8.008274015178491467e-01
1.520000000000000000e+03 9.200327820193675288e-02 8.012272362983415830e-01
1.530000000000000000e+03 9.162656536361704629e-02 8.016016849377785025e-01
1.540000000000000000e+03 9.127688738348750663e-02 8.019489714278060788e-01
1.550000000000000000e+03 9.095574246960565212e-02 8.022676036325960824e-01
1.560000000000000000e+03 9.066432450729172698e-02 8.025564426524093298e-01
1.570000000000000000e+03 9.040347664773545899e-02 8.028147173553277227e-01
1.580000000000000000e+03 9.017366226843577526e-02 8.030420190555170867e-01
1.590000000000000000e+03 8.997494978163605994e-02 8.032383008585032291e-01
1.600000000000000000e+03 8.980701619075190378e-02 8.034038745811628024e-01
1.610000000000000000e+03 8.966918045810499949e-02 8.035393983463755552e-01
1.620000000000000000e+03 8.956046601714875988e-02 8.036458425285857299e-01
1.630000000000000000e+03 8.947968073379022891e-02 8.037244153114064815e-01
1.640000000000000000e+03 8.942549989233140872e-02 8.037764604749265684e-01
1.650000000000000000e+03 8.939654378995816331e-02 8.038033587441972827e-01
1.660000000000000000e+03 8.939144989600304736e-02 8.038064509838103167e-01
1.670000000000000000e+03 8.940893386876463955e-02 8.037869895427852684e-01
1.680000000000000000e+03 8.944782238271452302e-02 8.037461150046404379e-01
1.690000000000000000e+03 8.950705472438445776e-02 8.036848542441561438e-01
1.700000000000000000e+03 8.958566617393105835e-02 8.036041420362480814e-01
1.710000000000000000e+03 8.968275946410968202e-02 8.035048684456822521e-01
1.720000000000000000e+03 8.979746356313611511e-02 8.033879371355726606e-01
1.730000000000000000e+03 8.992887902097604358e-02 8.032543071277787883e-01
1.740000000000000000e+03 9.007601809367819790e-02 8.031050090377200856e-01
1.750000000000000000e+03 9.023775626149430074e-02 8.029411653232803037e-01
1.760000000000000000e+03 9.041279798625470598e-02 8.027640408383264203e-01
1.770000000000000000e+03 9.059964910950622785e-02 8.025751040944993919e-01
1.780000000000000000e+03 9.079659928686077686e-02 8.023760667563715199e-01
1.790000000000000000e+03 9.100171808026384646e-02 8.021688911681753575e-01
1.800000000000000000e+03 9.121285834281876725e-02 8.019557735678263244e-01
1.810000000000000000e+03 9.142766260315798865e-02 8.017391086510736731e-01
1.820000000000000000e+03 9.164357592910432615e-02 8.015214486002415484e-01
1.830000000000000000e+03 9.185786991137875890e-02 8.013054805625047239e-01
1.840000000000000000e+03 9.206768064158639409e-02 8.010940164549147369e-01
1.850000000000000000e+03 9.227006115711754164e-02 8.008899683897131583e-01
1.860000000000000000e+03 9.246204596176256507e-02 8.006962959849767136e-01
1.870000000000000000e+03 9.264072127283841385e-02 8.005159267871547746e-01
1.880000000000000000e+03 9.280329266207079653e-02 8.003516645609990432e-01
1.890000000000000000e+03 9.294714990256865150e-02 8.002061062834144867e-01
1.900000000000000000e+03 9.306993555923905037e-02 8.000815797792553141e-01
1.910000000000000000e+03 9.316961268598322743e-02 7.999800999218920072e-01
1.920000000000000000e+03 9.324451518237468484e-02 7.999033332865076451e-01
1.930000000000000000e+03 9.329337420829292293e-02 7.998525611382056866e-01
1.940000000000000000e+03 9.331532519375136669e-02 7.998286496622569741e-01
1.950000000000000000e+03 9.330990218803014713e-02 7.998320505542859671e-01
1.960000000000000000e+03 9.327702352240864470e-02 7.998628339541182797e-01
1.970000000000000000e+03 9.321697000029223468e-02 7.999207267876073946e-01
1.980000000000000000e+03 9.313035005905304087e-02 8.000051434885839807e-01
1.990000000000000000e+03 9.301804536950107616e-02 8.001152209084395617e-01
2.000000000000000000e+03 9.288114523720945870e-02 8.002498716359188746e-01
2.010000000000000000e+03 9.272088876573085503e-02 8.004078485052267267e-01
2.020000000000000000e+03 9.253862272937592170e-02 8.005878004085450472e-01
2.030000000000000000e+03 9.233576999257890605e-02 8.007883079324396025e-01
2.040000000000000000e+03 9.211380556565218480e-02 8.010079011797993642e-01
2.050000000000000000e+03 9.187424279442146791e-02 8.012450659411816112e-01
2.060000000000000000e+03 9.161863225106452180e-02 8.014982434985350457e-01
2.070000000000000000e+03 9.134857139727943498e-02 8.017658268953932188e-01
2.080000000000000000e+03 9.106571600995443105e-02 8.020461514172257944e-01
2.090000000000000000e+03 9.077178618463180304e-02 8.023374854114443400e-01
2.100000000000000000e+03 9.046856500921607314e-02 8.026380401971444645e-01
2.110000000000000000e+03 9.015788602308931476e-02 8.029459980920234941e-01
2.120000000000000000e+03 8.984160921138348299e-02 8.032595362393457616e-01
2.130000000000000000e+03 8.952159011943709721e-02 8.035768425556438777e-01
2.140000000000000000e+03 8.919964108898292832e-02 8.038961382817295664e-01
2.150000000000000000e+03 8.887748476363763195e-02 8.042157148620994178e-01
2.160000000000000000e+03 8.855670616629836289e-02 8.045339877985614452e-01
2.170000000000000000e+03 8.823871000098464090e-02 8.048495573405777259e-01
2.180000000000000000e+03 8.792468880482694205e-02 8.051612490284864032e-01
2.190000000000000000e+03 8.761560716965924311e-02 8.054681151148346263e-01
2.200000000000000000e+03 8.731220688981294886e-02 8.057694067735470256e-01
2.210000000000000000e+03 8.701503448232283944e-02 8.060645414992499980e-01
2.220000000000000000e+03 8.672448926520832935e-02 8.063530723655633059e-01
2.230000000000000000e+03 8.644088995001930620e-02 8.066346469278360409e-01
2.240000000000000000e+03 8.616455265624749227e-02 8.069089432860375721e-01
2.250000000000000000e+03 8.589587079187795127e-02 8.071755801141994313e-01
2.260000000000000000e+03 8.563539340389229870e-02 8.074340170994732668e-01
2.270000000000000000e+03 8.538389782801146521e-02 8.076834716458530794e-01
2.280000000000000000e+03 8.514244528291735337e-02 8.079228688158118787e-01
2.290000000000000000e+03 8.491240772846966878e-02 8.081508219025020923e-01
2.300000000000000000e+03 8.469546318062673440e-02 8.083656358858369861e-01
2.310000000000000000e+03 8.449356105173767839e-02 8.085653408332497127e-01
2.320000000000000000e+03 8.430885744811392191e-02 8.087477608617213987e-01
2.330000000000000000e+03 8.414362491915103326e-02 8.089106068792792925e-01
2.340000000000000000e+03 8.400014591236390493e-02 8.090515781096795367e-01
2.350000000000000000e+03 8.388059981433503010e-02 8.091684707976174451e-01
2.360000000000000000e+03 8.378695072661292154e-02 8.092592921554760954e-01
2.370000000000000000e+03 8.372084463668694188e-02 8.093223738394474953e-01
2.380000000000000000e+03 8.368352953129616634e-02 8.093564738738511233e-01
2.390000000000000000e+03 8.367580448362701984e-02 8.093608364280262535e-01
2.400000000000000000e+03 8.369799409824411895e-02 8.093351913938441333e-01
2.410000000000000000e+03 8.374994812076354267e-02 8.092797187401297165e-01
2.420000000000000000e+03 8.383107046144476493e-02 8.091950154219388347e-01
2.430000000000000000e+03 8.394037619313197973e-02 8.090820703781170797e-01
2.440000000000000000e+03 8.407656569176370775e-02 8.089422211803678486e-01
2.450000000000000000e+03 8.423810191028834049e-02 8.087770694425333584e-01
2.460000000000000000e+03 8.442328356040257331e-02 8.085883791253272168e-01
2.470000000000000000e+03 8.463031195331324752e-02 8.083779925577563308e-01
2.480000000000000000e+03 8.485734778485873320e-02 8.081477689208914628e-01
2.490000000000000000e+03 8.510255409450635800e-02 8.078995384088847320e-01
2.500000000000000000e+03 8.536412406048701773e-02 8.076350702947565630e-01
2.510000000000000000e+03 8.564029552567924142e-02 8.073560703665603189e-01
2.520000000000000000e+03 8.592935632579022653e-02 8.070642042826825513e-01
2.530000000000000000e+03 8.622964301894017747e-02 8.067611188229686370e-01
2.540000000000000000e+03 8.653953369117595162e-02 8.064484465751169395e-01
2.550000000000000000e+03 8.685743493862137232e-02 8.061278075817637223e-01
2.560000000000000000e+03 8.718177020423158174e-02 8.058008149591517899e-01
2.570000000000000000e+03 8.751097889150247222e-02 8.054690512414012238e-01
2.580000000000000000e+03 8.784352807872500279e-02 8.051340198485219535e-01
2.590000000000000000e+03 8.817793514050499548e-02 8.047971315152687710e-01
2.600000000000000000e+03 8.851280003791281437e-02 8.044597383583734773e-01
2.610000000000000000e+03 8.884684118345968773e-02 8.041231613054128369e-01
2.620000000000000000e+03 8.917892547620016874e-02 8.037886449167210845e-01
2.630000000000000000e+03 8.950808716925212627e-02 8.034572518744779179e-01
2.640000000000000000e+03 8.983353825007259208e-02 8.031297970880079129e-01
2.650000000000000000e+03 9.015467124248159603e-02 8.028068606863613121e-01
2.660000000000000000e+03 9.047104947260621588e-02 8.024888401219835155e-01
2.670000000000000000e+03 9.078238339224362075e-02 8.021760119041059234e-01
2.680000000000000000e+03 9.108849337081562081e-02 8.018685840444199631e-01
2.690000000000000000e+03 9.138925594539717978e-02 8.015667266909668465e-01
2.700000000000000000e+03 9.168453551785259170e-02 8.012705912408035758e-01
2.710000000000000000e+03 9.197411537888028343e-02 8.009803483234448906e-01
2.720000000000000000e+03 9.225764227499512471e-02 8.006962718630046272e-01
2.730000000000000000e+03 9.253458660475351316e-02 8.004188479769703823e-01
2.740000000000000000e+03 9.280421339624797539e-02 8.001488301438939299e-01
2.750000000000000000e+03 9.306556568488637271e-02 7.998872109735071234e-01
2.760000000000000000e+03 9.331746880033814362e-02 7.996351784335976598e-01
2.770000000000000000e+03 9.355855899742697435e-02 7.993940958700616051e-01
2.780000000000000000e+03 9.378732765188345366e-02 7.991654804263600420e-01
2.790000000000000000e+03 9.400217304745617231e-02 7.989509522568420952e-01
2.800000000000000000e+03 9.420145958071389491e-02 7.987521360877748444e-01
2.810000000000000000e+03 9.438358914501590591e-02 7.985705670273505197e-01
2.820000000000000000e+03 9.454708105382965411e-02 7.984076532931210224e-01
2.830000000000000000e+03 9.469064089264954409e-02 7.982646523824691309e-01
2.840000000000000000e+03 9.481320661547233686e-02 7.981426100956270364e-01
2.850000000000000000e+03 9.491397887080635365e-02 7.980422981309100994e-01
2.860000000000000000e+03 9.499244392055017361e-02 7.979642056011541085e-01
2.870000000000000000e+03 9.504838811254273656e-02 7.979085591041018555e-01
2.880000000000000000e+03 9.508189950571510618e-02 7.978753224992622961e-01
2.890000000000000000e+03 9.509335696936500881e-02 7.978641739570152547e-01
2.900000000000000000e+03 9.508341229259160976e-02 7.978744999087548084e-01
2.910000000000000000e+03 9.505296679831942708e-02 7.979054329412704760e-01
2.920000000000000000e+03 9.500314013341638886e-02 7.979558933934232101e-01
2.930000000000000000e+03 9.493523646960963513e-02 7.980246080660313712e-01
2.940000000000000000e+03 9.485071182856630312e-02 7.981101137921546851e-01
2.950000000000000000e+03 9.475114200274410703e-02 7.982107645422347186e-01
2.960000000000000000e+03 9.463819186545072148e-02 7.983247920213387694e-01
2.970000000000000000e+03 9.451358633067495629e-02 7.984504024530760802e-01
2.980000000000000000e+03 9.437908133215511253e-02 7.985858186096718159e-01
2.990000000000000000e+03 9.423642841853631380e-02 7.987293007606787176e-01
3.000000000000000000e+03 9.408732949041487270e-02 7.988791641710100144e-01
3.010000000000000000e+03 9.393338783859052354e-02 7.990337916575128707e-01
3.020000000000000000e+03 9.377606938625998589e-02 7.991916846281260645e-01
3.030000000000000000e+03 9.361667012930405263e-02 7.993515162898857662e-01
3.040000000000000000e+03 9.345628146371237621e-02 7.995121473014099589e-01
3.050000000000000000e+03 9.329576190048696760e-02 7.996726542062208010e-01
3.060000000000000000e+03 9.313572359162548830e-02 7.998324051212312158e-01
3.070000000000000000e+03 9.297653105617199876e-02 7.999911209790822042e-01
3.080000000000000000e+03 9.281830363096958691e-02 8.001488233442324294e-01
3.090000000000000000e+03 9.266091809841921212e-02 8.003056992699146832e-01
3.100000000000000000e+03 9.250401805720311066e-02 8.004620478808356365e-01
3.110000000000000000e+03 9.234703507985936310e-02 8.006183621465655653e-01
3.120000000000000000e+03 9.218921949033792584e-02 8.007754046963039274e-01
3.130000000000000000e+03 9.202967056203144314e-02 8.009341491958782422e-01
3.140000000000000000e+03 9.186736506449391659e-02 8.010956560183575270e-01
3.150000000000000000e+03 9.170119633579543184e-02 8.012609977796073535e-01
3.160000000000000000e+03 9.153003202395361415e-02 8.014312674809308534e-01
3.170000000000000000e+03 9.135277429095432777e-02 8.016075999402758612e-01
3.180000000000000000e+03 9.116839991987106540e-02 8.017911011003948651e-01
3.190000000000000000e+03 9.097598529178425875e-02 8.019827347118968497e-01
3.200000000000000000e+03 9.077473172193900597e-02 8.021832590437630861e-01
3.210000000000000000e+03 9.056399064761566642e-02 8.023932330170214788e-01
3.220000000000000000e+03 9.034328100529974426e-02 8.026130819559172958e-01
3.230000000000000000e+03 9.011229434944614813e-02 8.028431402237616865e-01
3.240000000000000000e+03 8.987089091158792509e-02 8.030836039437476703e-01
3.250000000000000000e+03 8.961909712922287718e-02 8.033344686340333496e-01
3.260000000000000000e+03 8.935710434566609961e-02 8.035955188358444579e-01
3.270000000000000000e+03 8.908526601606160666e-02 8.038663763261056916e-01
3.280000000000000000e+03 8.880408814313456300e-02 8.041465424318812172e-01
3.290000000000000000e+03 8.851421323005913278e-02 8.044353893016387147e-01
3.300000000000000000e+03 8.821640809888317558e-02 8.047321518016224973e-01
3.310000000000000000e+03 8.791155876890321963e-02 8.050359659744366070e-01
3.320000000000000000e+03 8.760066113804682031e-02 8.053458959826246266e-01
3.330000000000000000e+03 8.728480126894205826e-02 8.056609180907029488e-01
3.340000000000000000e+03 8.696513325515535520e-02 8.059799030009463516e-01
3.350000000000000000e+03 8.664286295912657088e-02 8.063016230550452690e-01
3.360000000000000000e+03 8.631923730573826115e-02 8.066247829525240443e-01
3.370000000000000000e+03 8.599553453730633679e-02 8.069480561739622582e-01
3.380000000000000000e+03 8.567305792196082403e-02 8.072701241645335868e-01
3.390000000000000000e+03 8.535313220318242744e-02 8.075896916624292210e-01
3.400000000000000000e+03 8.503709435923072213e-02 8.079054432460754942e-01
3.410000000000000000e+03 8.472627865613328868e-02 8.082160024777532703e-01
3.420000000000000000e+03 8.442200365146455832e-02 8.085199627058945460e-01
3.430000000000000000e+03 8.412556373697899215e-02 8.088159897783070429e-01
3.440000000000000000e+03 8.383821624565949981e-02 8.091029073683055906e-01
3.450000000000000000e+03 8.356115192311602824e-02 8.093796417707308510e-01
3.460000000000000000e+03 8.329545824112329078e-02 8.096451368728004860e-01
3.470000000000000000e+03 8.304209154096531265e-02 8.098984088403915482e-01
3.480000000000000000e+03 8.280184975408000358e-02 8.101386422519493147e-01
3.490000000000000000e+03 8.257533747864449769e-02 8.103652265317047299e-01
3.500000000000000000e+03 8.236292980969858735e-02 8.105777754899746723e-01
3.510000000000000000e+03 8.216474320474036197e-02 8.107761626984888448e-01
3.520000000000000000e+03 8.198061188051838921e-02 8.109605491889817497e-01
3.530000000000000000e+03 8.181006659810241555e-02 8.111313979801625385e-01
3.540000000000000000e+03 8.165232154599380565e-02 8.112895057378118890e-01
3.550000000000000000e+03 8.150627267490076489e-02 8.114360053430147435e-01
3.560000000000000000e+03 8.137051060508149192e-02 8.115723157934034981e-01
3.570000000000000000e+03 8.124335001381803589e-02 8.117000866325032593e-01
3.580000000000000000e+03 8.112287204388084205e-02 8.118211629723175449e-01
3.590000000000000000e+03 8.100698015587765033e-02 8.119375845570021566e-01
3.600000000000000000e+03 8.089346826023718906e-02 8.120515492194898544e-01
3.610000000000000000e+03 8.078009722957940619e-02 8.121653036633440514e-01
3.620000000000000000e+03 8.066468011124193482e-02 8.122810335772957524e-01
3.630000000000000000e+03 8.054517864965772544e-02 8.124008019911521661e-01
3.640000000000000000e+03 8.041980195741392501e-02 8.125264800833690293e-01
3.650000000000000000e+03 8.028709333550683447e-02 8.126596246143688029e-01
3.660000000000000000e+03 8.014599912720742070e-02 8.128013372057726338e-01
3.670000000000000000e+03 7.999591744775018387e-02 8.129521894778724000e-01
3.680000000000000000e+03 7.983672435535704714e-02 8.131122298229683798e-01
3.690000000000000000e+03 7.966877909947921166e-02 8.132810168266628725e-01
3.700000000000000000e+03 7.949290701849970331e-02 8.134576431803034469e-01
3.710000000000000000e+03 7.931035892259560849e-02 8.136407868667230314e-01
3.720000000000000000e+03 7.912274963252438620e-02 8.138288162161385619e-01
3.730000000000000000e+03 7.893198033550399839e-02 8.140198978092667570e-01
3.740000000000000000e+03 7.874015225498844084e-02 8.142120510268352485e-01
3.750000000000000000e+03 7.854947878314441634e-02 8.144031747295845669e-01
3.760000000000000000e+03 7.836220036381914833e-02 8.145911059938092391e-01
3.770000000000000000e+03 7.818050004168039524e-02 8.147736626169435059e-01
3.780000000000000000e+03 7.800642472946751893e-02 8.149486994994523670e-01
3.790000000000000000e+03 7.784181363577602486e-02 8.151142643465590920e-01
3.800000000000000000e+03 7.768822184365409278e-02 8.152687561631822843e-01
3.810000000000000000e+03 7.754683581284307903e-02 8.154109795854923570e-01
3.820000000000000000e+03 7.741839719395941788e-02 8.155401656751531947e-01
3.830000000000000000e+03 7.730315907393026098e-02 8.156560237741622421e-01
3.840000000000000000e+03 7.720087941600409231e-02 8.157587909228843914e-01
3.850000000000000000e+03 7.711084292922164296e-02 8.158492297102123425e-01
3.860000000000000000e+03 7.703191333936218466e-02 8.159285549700432405e-01
3.870000000000000000e+03 7.696262049506871761e-02 8.159983126927434771e-01
3.880000000000000000e+03 7.690127491456894004e-02 8.160602281503739341e-01
3.890000000000000000e+03 7.684610143981598918e-02 8.161160873580937114e-01
3.900000000000000000e+03 7.679537989417778432e-02 8.161676438257452482e-01
3.910000000000000000e+03 7.674757450746640119e-02 8.162164552095927395e-01
3.920000000000000000e+03 7.670144022426290953e-02 8.162636920539968477e-01
3.930000000000000000e+03 7.665610743491924062e-02 8.163100797977957956e-01
3.940000000000000000e+03 7.661114151635577130e-02 8.163559463931303606e-01
3.950000000000000000e+03 7.656656621072070734e-02 8.164012617346155798e-01
3.960000000000000000e+03 7.652284068229128766e-02 8.164456405598256028e-01
3.970000000000000000e+03 7.648079231861235061e-02 8.164883490924178533e-01
3.980000000000000000e+03 7.644152021591894830e-02 8.165283580011417630e-01
3.990000000000000000e+03 7.640629181026248329e-02 8.165644130243193688e-01
4.000000000000000000e+03 7.637644660518405626e-02 8.165951145894780883e-01
4.010000000000000000e+03 7.635330709606678867e-02 8.166190603064569231e-01
4.020000000000000000e+03 7.633809802917401743e-02 8.166350180559353023e-01
4.030000000000000000e+03 7.633187632702241598e-02 8.166419876468619110e-01
4.040000000000000000e+03 7.633548557231367715e-02 8.166392076637497555e-01
4.050000000000000000e+03 7.634953841294755961e-02 8.166261433283529270e-01
4.060000000000000000e+03 7.637442237266675593e-02 8.166024199094542579e-01
4.070000000000000000e+03 7.641033315591345965e-02 8.165678094743142879e-01
4.080000000000000000e+03 7.645732116997755456e-02 8.165222446002172729e-01
4.090000000000000000e+03 7.651533093855211742e-02 8.164657509431557658e-01
4.100000000000000000e+03 7.658423089179994259e-02 8.163983556830878285e-01
4.110000000000000000e+03 7.666384159901964979e-02 8.163201020212189629e-01
4.120000000000000000e+03 7.675395216269696730e-02 8.162311327726033960e-01
4.130000000000000000e+03 7.685430980841917448e-02 8.161317290115454037e-01
4.140000000000000000e+03 7.696459567322494477e-02 8.160222810025820062e-01
4.150000000000000000e+03 7.708440373098754406e-02 8.159032548032891796e-01
4.160000000000000000e+03 7.721322174242226111e-02 8.157751997406671451e-01
4.170000000000000000e+03 7.735041650859830753e-02 8.156387667098752292e-01
4.180000000000000000e+03 7.749523602169401670e-02 8.154946998821526183e-01
4.190000000000000000e+03 7.764683689927309729e-02 8.153438047314279791e-01
4.200000000000000000e+03 7.780433021818065897e-02 8.151868860118066662e-01
