0.000000000000000000e+00 8.839886296776846564e-01 7.800623113295583437e-03
1.000000000000000000e+01 8.831278121683915350e-01 8.661538617627573960e-03
2.000000000000000000e+01 8.805605137760297296e-01 1.122879799652873496e-02
3.000000000000000000e+01 8.763442655832751615e-01 1.544506091855989485e-02
4.000000000000000000e+01 8.705738442127491927e-01 2.121549788279598892e-02
5.000000000000000000e+01 8.633755135501212097e-01 2.841383375056988694e-02
6.000000000000000000e+01 8.549011400549028084e-01 3.688820430051473198e-02
7.000000000000000000e+01 8.453214570047129506e-01 4.646788336950501835e-02
8.000000000000000000e+01 8.348189953092829407e-01 5.697033480329388028e-02
9.000000000000000000e+01 8.235811465472906434e-01 6.820816530846718351e-02
1.000000000000000000e+02 8.117936815438756559e-01 7.999560895144137984e-02
1.100000000000000000e+02 7.996350802621492448e-01 9.215419687402023885e-02
1.200000000000000000e+02 7.872717920816278969e-01 1.045174681321584947e-01
1.300000000000000000e+02 7.748546166858479856e-01 1.169346290289350887e-01
1.400000000000000000e+02 7.625160749517815306e-01 1.292731536092684985e-01
1.500000000000000000e+02 7.503688244829653797e-01 1.414203938622140833e-01
1.600000000000000000e+02 7.385049114092550049e-01 1.532842981409919536e-01
1.700000000000000000e+02 7.269957878486879022e-01 1.647934122596584339e-01
1.800000000000000000e+02 7.158929325727519943e-01 1.758962427559737085e-01
1.900000000000000000e+02 7.052290084281962468e-01 1.865601377202706912e-01
2.000000000000000000e+02 6.950193932716678402e-01 1.967697135950173259e-01
2.100000000000000000e+02 6.852640071395862398e-01 2.065250545352219913e-01
2.200000000000000000e+02 6.759493546010378884e-01 2.158396699192612067e-01
2.300000000000000000e+02 6.670507564861137828e-01 2.247382347905426958e-01
2.400000000000000000e+02 6.585346052344298595e-01 2.332543501757597393e-01
2.500000000000000000e+02 6.503606912238475424e-01 2.414282499640384994e-01
2.600000000000000000e+02 6.424844322275804487e-01 2.493045032073123723e-01
2.700000000000000000e+02 6.348590046917428342e-01 2.569299283695778979e-01
2.800000000000000000e+02 6.274372984487809335e-01 2.643516358169786251e-01
2.900000000000000000e+02 6.201736539360933609e-01 2.716152865350297541e-01
3.000000000000000000e+02 6.130253305274573350e-01 2.787636191300455479e-01
3.100000000000000000e+02 6.059536867281580808e-01 2.858352743784815519e-01
3.200000000000000000e+02 5.989250698580997900e-01 2.928639000772314538e-01
3.300000000000000000e+02 5.919114317114001489e-01 2.998775513758483169e-01
3.400000000000000000e+02 5.848906725321914024e-01 3.068983290287038423e-01
3.500000000000000000e+02 5.778467556344917266e-01 3.139422620985022339e-01
3.600000000000000000e+02 5.707696320208810459e-01 3.210193961549177022e-01
3.700000000000000000e+02 5.636549903137546558e-01 3.281340408041437118e-01
3.800000000000000000e+02 5.565038723499632356e-01 3.352851561771881816e-01
3.900000000000000000e+02 5.493221705976010227e-01 3.424668553668990256e-01
4.000000000000000000e+02 5.421200435774987669e-01 3.496689783710802413e-01
4.100000000000000000e+02 5.349112744848568690e-01 3.568777376337293750e-01
4.200000000000000000e+02 5.277125858711638751e-01 3.640764119083851891e-01
4.300000000000000000e+02 5.205429169669221201e-01 3.712460638390929213e-01
4.400000000000000000e+02 5.134226895535789481e-01 3.783662744426729008e-01
4.500000000000000000e+02 5.063730862053565929e-01 3.854158591641087539e-01
4.600000000000000000e+02 4.994153696025655509e-01 3.923735511929121178e-01
4.700000000000000000e+02 4.925702526220251398e-01 3.992186386966508627e-01
4.800000000000000000e+02 4.858573512252585269e-01 4.059315109774534469e-01
4.900000000000000000e+02 4.792947267227894437e-01 4.124941102565252704e-01
5.000000000000000000e+02 4.728985288973100443e-01 4.188902776319904930e-01
5.100000000000000000e+02 4.666827716095186540e-01 4.251059979746786288e-01
5.200000000000000000e+02 4.606591952082358943e-01 4.311295353317928236e-01
5.300000000000000000e+02 4.548372233836545653e-01 4.369514654439622392e-01
5.400000000000000000e+02 4.492240250755601405e-01 4.425646174191146254e-01
5.500000000000000000e+02 4.438246470884233408e-01 4.479639469589895007e-01
5.600000000000000000e+02 4.386421966518630478e-01 4.531463538353143194e-01
5.700000000000000000e+02 4.336780501388956544e-01 4.581104610087632922e-01
5.800000000000000000e+02 4.289320912899333704e-01 4.628563753387042179e-01
5.900000000000000000e+02 4.244029706733141727e-01 4.673854436054518668e-01
6.000000000000000000e+02 4.200883548163077408e-01 4.717000074420774069e-01
6.100000000000000000e+02 4.159851511048209827e-01 4.758031646864451791e-01
6.200000000000000000e+02 4.120897233536763848e-01 4.796985631229366276e-01
6.300000000000000000e+02 4.083980746137642615e-01 4.833902064804810883e-01
6.400000000000000000e+02 4.049060080237563142e-01 4.868822776427515486e-01
6.500000000000000000e+02 4.016092654870007661e-01 4.901790230546125282e-01
6.600000000000000000e+02 3.985036365594118446e-01 4.932846464130452580e-01
6.700000000000000000e+02 3.955850436235569534e-01 4.962032251356509605e-01
6.800000000000000000e+02 3.928495750031400502e-01 4.989386688410104020e-01
6.900000000000000000e+02 3.902935025533445512e-01 5.014947062317677284e-01
7.000000000000000000e+02 3.879132608326256171e-01 5.038749125879290469e-01
7.100000000000000000e+02 3.857053980060183851e-01 5.060827451679777989e-01
7.200000000000000000e+02 3.836665003427001674e-01 5.081216185631620696e-01
7.300000000000000000e+02 3.817931110170378894e-01 5.099949823797217396e-01
7.400000000000000000e+02 3.800816513837622646e-01 5.117064208386734592e-01
7.500000000000000000e+02 3.785283161765524151e-01 5.132597469369781784e-01
7.600000000000000000e+02 3.771289564032410668e-01 5.146591014088657268e-01
7.700000000000000000e+02 3.758790025142595415e-01 5.159090488216265813e-01
7.800000000000000000e+02 3.747733903191591276e-01 5.170146553075868345e-01
7.900000000000000000e+02 3.738064799350603318e-01 5.179815662557576417e-01
8.000000000000000000e+02 3.729719921984054332e-01 5.188160536597956618e-01
8.100000000000000000e+02 3.722629812171246999e-01 5.195250575050270880e-01
8.200000000000000000e+02 3.716718076373977109e-01 5.201162133561317846e-01
8.300000000000000000e+02 3.711901444113520077e-01 5.205978470087114784e-01
8.400000000000000000e+02 3.708089838288509132e-01 5.209789762120800027e-01
8.500000000000000000e+02 3.705186577607680887e-01 5.212692753384322586e-01
8.600000000000000000e+02 3.703088785682449591e-01 5.214790336218054767e-01
8.700000000000000000e+02 3.701687849426673615e-01 5.216191091226284327e-01
8.800000000000000000e+02 3.700870006134493462e-01 5.217008684632203908e-01
8.900000000000000000e+02 3.700517194638516250e-01 5.217361186351645586e-01
9.000000000000000000e+02 3.700507952652122290e-01 5.217370234811973262e-01
9.100000000000000000e+02 3.700717744849076341e-01 5.217160340383325545e-01
9.200000000000000000e+02 3.701019998078111661e-01 5.216858000858498601e-01
9.300000000000000000e+02 3.701287180886785322e-01 5.216590751752638866e-01
9.400000000000000000e+02 3.701391641587123416e-01 5.216486246482110456e-01
9.500000000000000000e+02 3.701206548224352244e-01 5.216671273245423457e-01
9.600000000000000000e+02 3.700606862041834755e-01 5.217270829480699090e-01
9.700000000000000000e+02 3.699470228872391298e-01 5.218407293115753243e-01
9.800000000000000000e+02 3.697677882249514325e-01 5.220199426488956185e-01
9.900000000000000000e+02 3.695115623471124100e-01 5.222761400857710568e-01
1.000000000000000000e+03 3.691674746297705090e-01 5.226201977554165712e-01
1.010000000000000000e+03 3.687252827963033996e-01 5.230623619531949986e-01
1.020000000000000000e+03 3.681754532267464408e-01 5.236121603013372816e-01
1.030000000000000000e+03 3.675092425651929617e-01 5.242783386455320827e-01
1.040000000000000000e+03 3.667187776910883490e-01 5.250687739125824427e-01
1.050000000000000000e+03 3.657971358650187743e-01 5.259903843268015633e-01
1.060000000000000000e+03 3.647384121201415752e-01 5.270490774039794379e-01
1.070000000000000000e+03 3.635377892237695030e-01 5.282496700562455683e-01
1.080000000000000000e+03 3.621915940858790317e-01 5.295958248987858719e-01
1.090000000000000000e+03 3.606973439933873204e-01 5.310900315804821803e-01
1.100000000000000000e+03 3.590537799375799755e-01 5.327335550623122362e-01
1.110000000000000000e+03 3.572608901735723763e-01 5.345264014848023493e-01
1.120000000000000000e+03 3.553199110421140783e-01 5.364673405182539545e-01
1.130000000000000000e+03 3.532332921097470768e-01 5.385539232805115484e-01
1.140000000000000000e+03 3.510046674666759681e-01 5.407825120872369329e-01
1.150000000000000000e+03 3.486388031073736626e-01 5.431483427032000044e-01
1.160000000000000000e+03 3.461415156330498455e-01 5.456455946646282529e-01
1.170000000000000000e+03 3.435195864734482130e-01 5.482674862699852270e-01
1.180000000000000000e+03 3.407806592267144663e-01 5.510063821286453889e-01
1.190000000000000000e+03 3.379331166103440864e-01 5.538538986873674519e-01
1.200000000000000000e+03 3.349859666982839546e-01 5.568010267263631130e-01
1.210000000000000000e+03 3.319487179608318073e-01 5.598382629767186813e-01
1.220000000000000000e+03 3.288312421537810670e-01 5.629557337388285676e-01
1.230000000000000000e+03 3.256436537971503786e-01 5.661433225136633940e-01
1.240000000000000000e+03 3.223961973803650127e-01 5.693907826589472698e-01
1.250000000000000000e+03 3.190991299170381490e-01 5.726878555280925376e-01
1.260000000000000000e+03 3.157626008239460269e-01 5.760243920076886237e-01
1.270000000000000000e+03 3.123965526687575989e-01 5.793904517904320262e-01
1.280000000000000000e+03 3.090106333504615277e-01 5.827763860301186094e-01
1.290000000000000000e+03 3.056141174533487104e-01 5.861729144846317130e-01
1.300000000000000000e+03 3.022158563578257739e-01 5.895711813394216572e-01
1.310000000000000000e+03 2.988242405574029203e-01 5.929627945912914200e-01
1.320000000000000000e+03 2.954471628958143525e-01 5.963398564523764156e-01
1.330000000000000000e+03 2.920920112933027002e-01 5.996949847917261156e-01
1.340000000000000000e+03 2.887656677586492027e-01 6.030213083335422830e-01
1.350000000000000000e+03 2.854745090437739719e-01 6.063124474034149447e-01
1.360000000000000000e+03 2.822244360300100730e-01 6.095624948949988076e-01
1.370000000000000000e+03 2.790208942120354640e-01 6.127660101284337912e-01
1.380000000000000000e+03 2.758688969674805147e-01 6.159179753552893599e-01
1.390000000000000000e+03 2.727730581710719471e-01 6.190137834210378553e-01
1.400000000000000000e+03 2.697376194987486375e-01 6.220491942299071209e-01
1.410000000000000000e+03 2.667664969478120707e-01 6.250202848017500923e-01
1.420000000000000000e+03 2.638633284073638730e-01 6.279234256849490770e-01
1.430000000000000000e+03 2.610314958273025066e-01 6.307552352122657302e-01
1.440000000000000000e+03 2.582741452917058367e-01 6.335125578805245183e-01
1.450000000000000000e+03 2.555942042033731432e-01 6.361924756182251173e-01
1.460000000000000000e+03 2.529943791323902569e-01 6.387922839606836600e-01
1.470000000000000000e+03 2.504771657100033355e-01 6.413094836862955894e-01
1.480000000000000000e+03 2.480448685410063248e-01 6.437417734367392175e-01
1.490000000000000000e+03 2.456996112181911995e-01 6.460870193789375326e-01
1.500000000000000000e+03 2.434433323088058265e-01 6.483432827137231014e-01
1.510000000000000000e+03 2.412777802474299627e-01 6.505088280270880929e-01
1.520000000000000000e+03 2.392044864996916154e-01 6.525821206129825969e-01
1.530000000000000000e+03 2.372247492001429980e-01 6.545618590764941125e-01
1.540000000000000000e+03 2.353396385693886650e-01 6.564469714136873524e-01
1.550000000000000000e+03 2.335499874148254940e-01 6.582366182418932787e-01
1.560000000000000000e+03 2.318563789189364011e-01 6.599302263363773235e-01
1.570000000000000000e+03 2.302591478890307075e-01 6.615274595974094396e-01
1.580000000000000000e+03 2.287583739268188865e-01 6.630282355787514570e-01
1.590000000000000000e+03 2.273538764096267040e-01 6.644327446244870927e-01
1.600000000000000000e+03 2.260452181154533891e-01 6.657414209537495520e-01
1.610000000000000000e+03 2.248316977332490973e-01 6.669549579477270784e-01
1.620000000000000000e+03 2.237123472355846965e-01 6.680743238002276874e-01
1.630000000000000000e+03 2.226859328700388774e-01 6.691007506760511259e-01
1.640000000000000000e+03 2.217509602363122168e-01 6.700357275947934621e-01
1.650000000000000000e+03 2.209056766518726345e-01 6.708810072981359340e-01
1.660000000000000000e+03 2.201480685700109574e-01 6.716386019200366597e-01
1.670000000000000000e+03 2.194758547555182571e-01 6.723107846786509079e-01
1.680000000000000000e+03 2.188864965345345415e-01 6.729001006579699018e-01
1.690000000000000000e+03 2.183771988974858302e-01 6.734093546455978130e-01
1.700000000000000000e+03 2.179448855518927031e-01 6.738416227108074974e-01
1.710000000000000000e+03 2.175862037314697239e-01 6.742002589189249884e-01
1.720000000000000000e+03 2.172975502642024437e-01 6.744888728126505750e-01
1.730000000000000000e+03 2.170750821355360571e-01 6.747113056959790356e-01
1.740000000000000000e+03 2.169147493392858672e-01 6.748716074700100709e-01
1.750000000000000000e+03 2.168123289654773356e-01 6.749740106740462764e-01
1.760000000000000000e+03 2.167634427536037356e-01 6.750228774119289010e-01
1.770000000000000000e+03 2.167635919530256916e-01 6.750227107203521371e-01
1.780000000000000000e+03 2.168081914443373004e-01 6.749780943514550602e-01
1.790000000000000000e+03 2.168926067899838439e-01 6.748936510326831728e-01
1.800000000000000000e+03 2.170122048720172503e-01 6.747740110031635874e-01
1.810000000000000000e+03 2.171624184826482784e-01 6.746237457868606846e-01
1.820000000000000000e+03 2.173388007513827880e-01 6.744473123677549031e-01
1.830000000000000000e+03 2.175370497086993871e-01 6.742490230929354400e-01
1.840000000000000000e+03 2.177530417531725881e-01 6.740329980158757950e-01
1.850000000000000000e+03 2.179828829731300099e-01 6.738031269599354944e-01
1.860000000000000000e+03 2.182229558901012945e-01 6.735630271144196213e-01
1.870000000000000000e+03 2.184699654487508302e-01 6.733159925415124203e-01
1.880000000000000000e+03 2.187209674320532704e-01 6.730649683596624522e-01
1.890000000000000000e+03 2.189733798085871930e-01 6.728125420958367409e-01
1.900000000000000000e+03 2.192250093425494595e-01 6.725609143707316218e-01
1.910000000000000000e+03 2.194740750500661919e-01 6.723118607486857634e-01
1.920000000000000000e+03 2.197192240494881543e-01 6.720667329024604397e-01
1.930000000000000000e+03 2.199595327454750282e-01 6.718264558034381384e-01
1.940000000000000000e+03 2.201944963602300853e-01 6.715915297009155127e-01
1.950000000000000000e+03 2.204240097698773049e-01 6.713620671070713586e-01
1.960000000000000000e+03 2.206483568123201178e-01 6.711377856368934136e-01
1.970000000000000000e+03 2.208682105410077479e-01 6.709180073114612286e-01
1.980000000000000000e+03 2.210846002592662118e-01 6.707017095915923655e-01
1.990000000000000000e+03 2.212988673083498836e-01 6.704875521923688853e-01
2.000000000000000000e+03 2.215126258085755029e-01 6.702739214428801162e-01
2.010000000000000000e+03 2.217277189505506008e-01 6.700589762677067185e-01
2.020000000000000000e+03 2.219461765209190252e-01 6.698406862014368857e-01
2.030000000000000000e+03 2.221701663669360671e-01 6.696168742099829485e-01
2.040000000000000000e+03 2.224019443412364183e-01 6.693852813891629783e-01
2.050000000000000000e+03 2.226438168582834942e-01 6.691435916936767647e-01
2.060000000000000000e+03 2.228980968254407891e-01 6.688894759552453939e-01
2.070000000000000000e+03 2.231670518073945175e-01 6.686206634789301217e-01
2.080000000000000000e+03 2.234528695565108358e-01 6.683349768154771553e-01
2.090000000000000000e+03 2.237576291090804526e-01 6.680303353584093884e-01
2.100000000000000000e+03 2.240832757956923160e-01 6.677047847455320762e-01
2.110000000000000000e+03 2.244316016451048945e-01 6.673565360880667763e-01
2.120000000000000000e+03 2.248042239247496632e-01 6.669839803818184976e-01
2.130000000000000000e+03 2.252025599770844100e-01 6.665857044416648725e-01
2.140000000000000000e+03 2.256278009627742387e-01 6.661605268662700308e-01
2.150000000000000000e+03 2.260809089413284845e-01 6.657074917789778112e-01
2.160000000000000000e+03 2.265626310669941468e-01 6.652258501693704140e-01
2.170000000000000000e+03 2.270735020132402249e-01 6.647150667843632066e-01
2.180000000000000000e+03 2.276138464987431109e-01 6.641748168018843934e-01
2.190000000000000000e+03 2.281838009832420355e-01 6.636049606663965150e-01
2.200000000000000000e+03 2.287833283040471011e-01 6.630055303633446417e-01
2.210000000000000000e+03 2.294122276527670035e-01 6.623767234632925716e-01
2.220000000000000000e+03 2.300701643174508371e-01 6.617188750261394636e-01
2.230000000000000000e+03 2.307566853559663567e-01 6.610324396267941438e-01
2.240000000000000000e+03 2.314712477208710206e-01 6.603179617490938513e-01
2.250000000000000000e+03 2.322132389803456820e-01 6.595760555055388830e-01
2.260000000000000000e+03 2.329819792312242954e-01 6.588073958016257281e-01
2.270000000000000000e+03 2.337767468471859955e-01 6.580127011177642204e-01
2.280000000000000000e+03 2.345967940007777086e-01 6.571927198266227510e-01
2.290000000000000000e+03 2.354413603736711380e-01 6.563482140110400431e-01
2.300000000000000000e+03 2.363096861697940032e-01 6.554799456824119686e-01
2.310000000000000000e+03 2.372009991432097731e-01 6.545886874974117253e-01
2.320000000000000000e+03 2.381145258180387969e-01 6.536752129910136100e-01
2.330000000000000000e+03 2.390494826183746646e-01 6.527403061287015973e-01
2.340000000000000000e+03 2.400050709216720313e-01 6.517847665664958656e-01
2.350000000000000000e+03 2.409804250628273525e-01 6.508094586882090526e-01
2.360000000000000000e+03 2.419746215937189360e-01 6.498153042612112573e-01
2.370000000000000000e+03 2.429866671108208143e-01 6.488032952622523331e-01
2.380000000000000000e+03 2.440154706570983323e-01 6.477745217459360827e-01
2.390000000000000000e+03 2.450598026567544496e-01 6.467302139250179494e-01
2.400000000000000000e+03 2.461182773415665770e-01 6.456717588106909433e-01
2.410000000000000000e+03 2.471893240841516737e-01 6.446007287121365836e-01
2.420000000000000000e+03 2.482711760090955400e-01 6.435188921218003566e-01
2.430000000000000000e+03 2.493618473684013626e-01 6.424282347171765828e-01
2.440000000000000000e+03 2.504591191529482175e-01 6.413309737600362270e-01
2.450000000000000000e+03 2.515605300242015896e-01 6.402295712888618207e-01
2.460000000000000000e+03 2.526633595267998578e-01 6.391267503674085138e-01
2.470000000000000000e+03 2.537646245246116261e-01 6.380254949843380263e-01
2.480000000000000000e+03 2.548610984732058160e-01 6.369290307765760328e-01
2.490000000000000000e+03 2.559493293560169414e-01 6.358408097746560683e-01
2.500000000000000000e+03 2.570256372827756097e-01 6.347645124595041599e-01
2.510000000000000000e+03 2.580861336105270687e-01 6.337040253647320265e-01
2.520000000000000000e+03 2.591267680903001636e-01 6.326633948548995301e-01
2.530000000000000000e+03 2.601433585413432392e-01 6.316468019436670689e-01
2.540000000000000000e+03 2.611316122896315539e-01 6.306585405995839277e-01
2.550000000000000000e+03 2.620871664141455337e-01 6.297029743243577338e-01
2.560000000000000000e+03 2.630056366402734880e-01 6.287844864239647835e-01
2.570000000000000000e+03 2.638826647676865700e-01 6.279074349280631129e-01
2.580000000000000000e+03 2.647139695803041870e-01 6.270761021933759505e-01
2.590000000000000000e+03 2.654953995001481659e-01 6.262946409733565201e-01
2.600000000000000000e+03 2.662229848934050125e-01 6.255670228328982230e-01
2.610000000000000000e+03 2.668929732977830538e-01 6.248970009704365447e-01
2.620000000000000000e+03 2.675018630718131174e-01 6.242880756199129522e-01
2.630000000000000000e+03 2.680464502717247455e-01 6.237434504357980414e-01
2.640000000000000000e+03 2.685238766095256469e-01 6.232659862874118106e-01
2.650000000000000000e+03 2.689316573629007556e-01 6.228581709861943372e-01
2.660000000000000000e+03 2.692677038041190185e-01 6.225220951484925491e-01
2.670000000000000000e+03 2.695303465094412987e-01 6.222594290895203661e-01
2.680000000000000000e+03 2.697183603347854119e-01 6.220713973558460452e-01
2.690000000000000000e+03 2.698309799540579146e-01 6.219587644157708040e-01
2.700000000000000000e+03 2.698678940293571249e-01 6.219218405947725126e-01
2.710000000000000000e+03 2.698292408018079236e-01 6.219604854940214977e-01
2.720000000000000000e+03 2.697156025900056542e-01 6.220741137263618992e-01
2.730000000000000000e+03 2.695279899451331618e-01 6.222617133964889469e-01
2.740000000000000000e+03 2.692678105869623084e-01 6.225218787721338298e-01
2.750000000000000000e+03 2.689368342304592763e-01 6.228528429560525881e-01
2.760000000000000000e+03 2.685371652972828316e-01 6.232525023128023811e-01
2.770000000000000000e+03 2.680712096902146402e-01 6.237184490780484092e-01
2.780000000000000000e+03 2.675416279801874353e-01 6.242480211640845100e-01
2.790000000000000000e+03 2.669512830488594557e-01 6.248383569984196084e-01
2.800000000000000000e+03 2.663031891584955457e-01 6.254864447467002320e-01
2.810000000000000000e+03 2.656004688409867587e-01 6.261891621436044275e-01
2.820000000000000000e+03 2.648463177728017093e-01 6.269433101277845921e-01
2.830000000000000000e+03 2.640439705410190241e-01 6.277456490103455744e-01
2.840000000000000000e+03 2.631966642347604579e-01 6.285929397321097234e-01
2.850000000000000000e+03 2.623076112878592880e-01 6.294819730817066139e-01
2.860000000000000000e+03 2.613799813513624226e-01 6.304095838077353742e-01
2.870000000000000000e+03 2.604168841313921900e-01 6.313726624095993278e-01
2.880000000000000000e+03 2.594213569994299751e-01 6.323681682061964571e-01
2.890000000000000000e+03 2.583963593132004299e-01 6.333931407680668535e-01
2.900000000000000000e+03 2.573447682197373965e-01 6.344447049680412842e-01
2.910000000000000000e+03 2.562693731222838722e-01 6.355200722157717808e-01
2.920000000000000000e+03 2.551728746386272006e-01 6.366165400261024621e-01
2.930000000000000000e+03 2.540578980113904484e-01 6.377314823757826989e-01
2.940000000000000000e+03 2.529270056947532930e-01 6.388623396854726799e-01
2.950000000000000000e+03 2.517826941799437002e-01 6.400066191168566343e-01
2.960000000000000000e+03 2.506273934495241718e-01 6.411618917711165988e-01
2.970000000000000000e+03 2.494634760360991688e-01 6.423257842997516232e-01
2.980000000000000000e+03 2.482932723800314878e-01 6.434959647371450986e-01
2.990000000000000000e+03 2.471190855276219622e-01 6.446701269504326870e-01
3.000000000000000000e+03 2.459432007206961146e-01 6.458459831284816266e-01
3.010000000000000000e+03 2.447678914797695726e-01 6.470212604017584468e-01
3.020000000000000000e+03 2.435954248393313593e-01 6.481936936632569646e-01
3.030000000000000000e+03 2.424280715911425743e-01 6.493610127211145722e-01
3.040000000000000000e+03 2.412681149268249281e-01 6.505209338821666964e-01
3.050000000000000000e+03 2.401178525231769945e-01 6.516711595508648536e-01
3.060000000000000000e+03 2.389795948885962973e-01 6.528093799664801411e-01
3.070000000000000000e+03 2.378556570436688722e-01 6.539332804942543653e-01
3.080000000000000000e+03 2.367483455436438511e-01 6.550405527107345804e-01
3.090000000000000000e+03 2.356599469214984421e-01 6.561289078881803460e-01
3.100000000000000000e+03 2.345927172275861783e-01 6.571960915747041554e-01
3.110000000000000000e+03 2.335488702021594198e-01 6.582398935289208719e-01
3.120000000000000000e+03 2.325305576542287256e-01 6.592581634095749932e-01
3.130000000000000000e+03 2.315398384401403664e-01 6.602488407549924609e-01
3.140000000000000000e+03 2.305786458190628996e-01 6.612099909958079058e-01
3.150000000000000000e+03 2.296487601707401238e-01 6.621398344625540888e-01
3.160000000000000000e+03 2.287517843573892984e-01 6.630367687163744028e-01
3.170000000000000000e+03 2.278891218083811676e-01 6.638993895524296640e-01
3.180000000000000000e+03 2.270619563951842834e-01 6.647265123484809024e-01
3.190000000000000000e+03 2.262712248611955801e-01 6.655172002193348035e-01
3.200000000000000000e+03 2.255175864254439777e-01 6.662707938454404122e-01
3.210000000000000000e+03 2.248014021985237920e-01 6.669869312372743719e-01
3.220000000000000000e+03 2.241227269267919153e-01 6.676655573074335992e-01
3.230000000000000000e+03 2.234813002885185917e-01 6.683069335159573798e-01
3.240000000000000000e+03 2.228765305316911527e-01 6.689116520944018429e-01
3.250000000000000000e+03 2.223074851969451815e-01 6.694806448172947455e-01
3.260000000000000000e+03 2.217728908294596124e-01 6.700151850167264111e-01
3.270000000000000000e+03 2.212711431721628985e-01 6.705168779628621900e-01
3.280000000000000000e+03 2.208003284684592893e-01 6.709876375977579244e-01
3.290000000000000000e+03 2.203582483141953985e-01 6.714296608043405223e-01
3.300000000000000000e+03 2.199424481792402741e-01 6.718454009455899767e-01
3.310000000000000000e+03 2.195502480114796817e-01 6.722375388583713418e-01
3.320000000000000000e+03 2.191787758657451624e-01 6.726089479180842323e-01
3.330000000000000000e+03 2.188250075379606086e-01 6.729626521580135412e-01
3.340000000000000000e+03 2.184858099134738274e-01 6.733017831710672585e-01
3.350000000000000000e+03 2.181579894577309886e-01 6.736295335000553886e-01
3.360000000000000000e+03 2.178383453469273645e-01 6.739491045841572436e-01
3.370000000000000000e+03 2.175237277111968237e-01 6.742636479855970144e-01
3.380000000000000000e+03 2.172110939855020351e-01 6.745762072639156504e-01
3.390000000000000000e+03 2.168975543352684165e-01 6.748896714883572123e-01
3.400000000000000000e+03 2.165804102424386812e-01 6.752067386532131232e-01
3.410000000000000000e+03 2.162571932551915210e-01 6.755298781409445619e-01
3.420000000000000000e+03 2.159257007509926551e-01 6.758612936920851411e-01
3.430000000000000000e+03 2.155840249162939981e-01 6.762028930580125108e-01
3.440000000000000000e+03 2.152305774586046605e-01 6.765562637146990133e-01
3.450000000000000000e+03 2.148641065752380230e-01 6.769226564059117601e-01
3.460000000000000000e+03 2.144837042639023972e-01 6.773029780942508848e-01
3.470000000000000000e+03 2.140888100271395311e-01 6.776977895701836729e-01
3.480000000000000000e+03 2.136792117752261966e-01 6.781073044344569922e-01
3.490000000000000000e+03 2.132550412854490873e-01 6.785313918419144663e-01
3.500000000000000000e+03 2.128167609733377930e-01 6.789695885413132848e-01
3.510000000000000000e+03 2.123651435067275273e-01 6.794211201264357403e-01
3.520000000000000000e+03 2.119012463339104702e-01 6.798849278009390096e-01
3.530000000000000000e+03 2.114263819892036878e-01 6.803597002578708475e-01
3.540000000000000000e+03 2.109420865156884650e-01 6.808439049926868769e-01
3.550000000000000000e+03 2.104500859121803125e-01 6.813358183156168479e-01
3.560000000000000000e+03 2.099522606274525360e-01 6.818335595624338552e-01
3.570000000000000000e+03 2.094506088843899883e-01 6.823351284049646859e-01
3.580000000000000000e+03 2.089472101232652534e-01 6.828384443077871735e-01
3.590000000000000000e+03 2.084441894764128278e-01 6.833413826150264159e-01
3.600000000000000000e+03 2.079436831442650901e-01 6.838418074513133993e-01
3.610000000000000000e+03 2.074478028268392504e-01 6.843376068248087085e-01
3.620000000000000000e+03 2.069585998261500026e-01 6.848267290276777164e-01
3.630000000000000000e+03 2.064780338677923432e-01 6.853072137038086487e-01
3.640000000000000000e+03 2.060079497518892133e-01 6.857772151810132000e-01
3.650000000000000000e+03 2.055500585208294706e-01 6.862350224135810306e-01
3.660000000000000000e+03 2.051059202611932863e-01 6.866790761778792662e-01
3.670000000000000000e+03 2.046769274803336147e-01 6.871079839337969064e-01
3.680000000000000000e+03 2.042642943482086693e-01 6.875205307114223841e-01
3.690000000000000000e+03 2.038690544342336708e-01 6.879156822382718195e-01
3.700000000000000000e+03 2.034920649619060551e-01 6.882925817054562634e-01
3.710000000000000000e+03 2.031340156659718066e-01 6.886505409005236888e-01
3.720000000000000000e+03 2.027954411660872480e-01 6.889890260988136284e-01
3.730000000000000000e+03 2.024767360032003749e-01 6.893076422341705145e-01
3.740000000000000000e+03 2.021781731480092326e-01 6.896061149832165560e-01
3.750000000000000000e+03 2.018999275386825776e-01 6.898842688106894272e-01
3.760000000000000000e+03 2.016421034052148786e-01 6.901420012540618876e-01
3.770000000000000000e+03 2.014047623518752661e-01 6.903792526123985196e-01
3.780000000000000000e+03 2.011879505380636812e-01 6.905959764322876504e-01
3.790000000000000000e+03 2.009917239104999920e-01 6.907921150958445944e-01
3.800000000000000000e+03 2.008161735505483159e-01 6.909675759699346331e-01
3.810000000000000000e+03 2.006614488897598969e-01 6.911222101689638020e-01
3.820000000000000000e+03 2.005277718750605453e-01 6.912557973704234193e-01
3.830000000000000000e+03 2.004154461355049099e-01 6.913680352482477476e-01
3.840000000000000000e+03 2.003248699616548556e-01 6.914585258920410427e-01
3.850000000000000000e+03 2.002565431494016668e-01 6.915267676760114002e-01
3.860000000000000000e+03 2.002110648590146591e-01 6.915721606866274129e-01
3.870000000000000000e+03 2.001891245129541752e-01 6.915940151151279691e-01
3.880000000000000000e+03 2.001914939037901520e-01 6.915915580329937695e-01
3.890000000000000000e+03 2.002190116375298368e-01 6.915639507210350478e-01
3.900000000000000000e+03 2.002725599159761727e-01 6.915103124845070059e-01
3.910000000000000000e+03 2.003530407462450202e-01 6.914297425474219549e-01
3.920000000000000000e+03 2.004613501864075109e-01 6.913213436848739679e-01
3.930000000000000000e+03 2.005983519426312034e-01 6.911842507671854818e-01
3.940000000000000000e+03 2.007648488120439001e-01 6.910176619244738916e-01
3.950000000000000000e+03 2.009615537591480927e-01 6.908208673153096724e-01
3.960000000000000000e+03 2.011890596223755712e-01 6.905932746363031560e-01
3.970000000000000000e+03 2.014478085088974857e-01 6.903344397706761004e-01
3.980000000000000000e+03 2.017380665439206799e-01 6.900440952069029077e-01
3.990000000000000000e+03 2.020599050103339955e-01 6.897221699980451426e-01
4.000000000000000000e+03 2.024131837243644816e-01 6.893688047246410155e-01
4.010000000000000000e+03 2.027975351724752018e-01 6.889843665125178207e-01
4.020000000000000000e+03 2.032123541363673735e-01 6.885694601295082595e-01
4.030000000000000000e+03 2.036567932581909435e-01 6.881249345255538996e-01
4.040000000000000000e+03 2.041297653423909952e-01 6.876518772740795038e-01
4.050000000000000000e+03 2.046299527872115220e-01 6.871516053097732613e-01
4.060000000000000000e+03 2.051558219099175184e-01 6.866256514017033963e-01
4.070000000000000000e+03 2.057056376980220536e-01 6.860757496166840497e-01
4.080000000000000000e+03 2.062774800583084267e-01 6.855038202364256428e-01
4.090000000000000000e+03 2.068692660881270851e-01 6.849119476503722215e-01
4.100000000000000000e+03 2.074787752454104739e-01 6.843023525929680106e-01
4.110000000000000000e+03 2.081036745132324173e-01 6.836773676469917183e-01
4.120000000000000000e+03 2.087415458549716496e-01 6.830394109032978944e-01
4.130000000000000000e+03 2.093899108052946489e-01 6.823909602692779242e-01
4.140000000000000000e+03 2.100462554331340714e-01 6.817345296419765610e-01
4.150000000000000000e+03 2.107080604820006087e-01 6.810726388007929399e-01
4.160000000000000000e+03 2.113728249623179622e-01 6.804077894072115829e-01
4.170000000000000000e+03 2.120380896409144456e-01 6.797424411337456007e-01
4.180000000000000000e+03 2.127014649877081165e-01 6.790789842442057633e-01
4.190000000000000000e+03 2.133606606669169181e-01 6.784197071104354215e-01
4.200000000000000000e+03 2.140135055902080974e-01 6.777667803211894215e-01
