0.000000000000000000e+00 5.574426331157062720e+01 1.063907268778478960e-13 5.574426331157062720e+01 1.908550235621550782e-15
1.000000000000000000e+01 5.522304316070238883e+01 1.678028563978730903e+00 5.524853188809931481e+01 -1.079622963629456311e+00
2.000000000000000000e+01 5.456138136856522181e+01 3.442052421495880754e+00 5.466984600049959653e+01 -2.156997617181696025e+00
3.000000000000000000e+01 5.375000034179547015e+01 5.271726175389320979e+00 5.400790343654619363e+01 -3.232234057774162839e+00
4.000000000000000000e+01 5.278192999126238050e+01 7.144665197327769945e+00 5.326329293598387693e+01 -4.305455813329436943e+00
5.000000000000000000e+01 5.165300803579525279e+01 9.036952638535018068e+00 5.243757957931557456e+01 -5.376797985104989408e+00
6.000000000000000000e+01 5.036226346276968258e+01 1.092376629612056682e+01 5.153335086316128155e+01 -6.446404869053692366e+00
7.000000000000000000e+01 4.891215980474336789e+01 1.278009023626277241e+01 5.055422913280126096e+01 -7.514427219004978120e+00
8.000000000000000000e+01 4.730867794955126016e+01 1.458143005974475592e+01 4.950483927780783944e+01 -8.581020063781908291e+00
9.000000000000000000e+01 4.556123193356717138e+01 1.630453738302439604e+01 4.839074079386201532e+01 -9.646340284780368535e+00
1.000000000000000000e+02 4.368243171605137576e+01 1.792809164428037505e+01 4.721833659324740040e+01 -1.071054428212061893e+01
1.100000000000000000e+02 4.168769573742766710e+01 1.943328966762862819e+01 4.599474669135928906e+01 -1.177378595605212830e+01
1.200000000000000000e+02 3.959474980151397006e+01 2.080433363147943737e+01 4.472767051495524981e+01 -1.283621469693846606e+01
1.300000000000000000e+02 3.742303396178239439e+01 2.202877824681458208e+01 4.342522932526723878e+01 -1.389797365975916499e+01
1.400000000000000000e+02 3.519305867161140355e+01 2.309773202552710103e+01 4.209580268134274661e+01 -1.495919821983177123e+01
1.500000000000000000e+02 3.292574407626505462e+01 2.400591389202575954e+01 4.074786527865059327e+01 -1.602001449737173999e+01
1.600000000000000000e+02 3.064177567106604982e+01 2.475156450092803695e+01 3.938982560915364672e+01 -1.708053804463143521e+01
1.700000000000000000e+02 2.836100937486534335e+01 2.533622157484941795e+01 3.802986952976653612e+01 -1.814087279301932654e+01
1.800000000000000000e+02 2.610195675568215989e+01 2.576439059470451909e+01 3.667582267914382044e+01 -1.920111012978325604e+01
1.900000000000000000e+02 2.388136779629460449e+01 2.604312865521445630e+01 3.533502905013592255e+01 -2.026132826408077037e+01
2.000000000000000000e+02 2.171392130910333407e+01 2.618156714884421277e+01 3.401424461879714300e+01 -2.132159191903150841e+01
2.100000000000000000e+02 1.961203009836843592e+01 2.619041299916020904e+01 3.271955772387349271e+01 -2.238195221305068117e+01
2.200000000000000000e+02 1.758575423215886246e+01 2.608144804056956190e+01 3.145632978919859823e+01 -2.344244682435407157e+01
2.300000000000000000e+02 1.564281703274748203e+01 2.586705144718374427e+01 3.022915935469038828e+01 -2.450310051068527528e+01
2.400000000000000000e+02 1.378870654370004800e+01 2.555977190647703523e+01 2.904187266791536004e+01 -2.556392578660085491e+01
2.500000000000000000e+02 1.202685117822015393e+01 2.517195085302992297e+01 2.789753141427408423e+01 -2.662492415054053652e+01
2.600000000000000000e+02 1.035884996077946596e+01 2.471541247146237907e+01 2.679845865240124070e+01 -2.768608773102669574e+01
2.700000000000000000e+02 8.784727966608588900e+00 2.420123456528029848e+01 2.574628516759326402e+01 -2.874740082850838618e+01
2.800000000000000000e+02 7.303208815889421501e+00 2.363958655164664435e+01 2.474200701926337231e+01 -2.980884179335450312e+01
2.900000000000000000e+02 5.911984726541165358e+00 2.303963224346405170e+01 2.378605089797220629e+01 -3.087038500458139012e+01
3.000000000000000000e+02 4.607968081602171750e+00 2.240949287347532959e+01 2.287834654618654895e+01 -3.193200267965398709e+01
3.100000000000000000e+02 3.387523818490532967e+00 2.175625347280172761e+01 2.201839873364178146e+01 -3.299366685040504166e+01
3.200000000000000000e+02 2.246668584650439282e+00 2.108600829253542130e+01 2.120535935659020410e+01 -3.405535104223959308e+01
3.300000000000000000e+02 1.181237933039914756e+00 2.040393250467518982e+01 2.043809640621633861e+01 -3.511703178633365496e+01
3.400000000000000000e+02 1.870221807890789234e-01 1.971436984427874961e+01 1.971525692587125533e+01 -3.617868998051235963e+01
3.500000000000000000e+02 -7.401315746345024094e-01 1.902092647446556128e+01 1.903532081932941367e+01 -3.724031185738159877e+01
3.600000000000000000e+02 -1.604244613982562795e+00 1.832657037264513278e+01 1.839665139108219449e+01 -3.830188969510768970e+01
3.700000000000000000e+02 -2.409156963232939930e+00 1.763372531312904101e+01 1.779753650628034478e+01 -3.936342220160948102e+01
3.800000000000000000e+02 -3.158497889727413632e+00 1.694435743089048430e+01 1.723622225620179549e+01 -4.042491460276787762e+01
3.900000000000000000e+02 -3.855671202616457904e+00 1.626005915710047844e+01 1.671094623936935974e+01 -4.148637860733950333e+01
4.000000000000000000e+02 -4.503852141534605558e+00 1.558211693722949676e+01 1.621995845735432695e+01 -4.254783217963365161e+01
4.100000000000000000e+02 -5.105997874921525792e+00 1.491156269997591544e+01 1.576153280788439481e+01 -4.360929869821180205e+01
4.200000000000000000e+02 -5.664853679694971333e+00 1.424922823107848480e+01 1.533398423090743101e+01 -4.467080672407264075e+01
4.300000000000000000e+02 -6.182972841761420923e+00 1.359578661066511174e+01 1.493568099300129148e+01 -4.573238906596973408e+01
4.400000000000000000e+02 -6.662735022491395043e+00 1.295178203590201349e+01 1.456505049374863958e+01 -4.679408188323185414e+01
4.500000000000000000e+02 -7.106354781637570284e+00 1.231765766827323461e+01 1.422058257299164197e+01 -4.785592450933772568e+01
4.600000000000000000e+02 -7.515901687509111362e+00 1.169377303076305097e+01 1.390083112160217382e+01 -4.891795840475753465e+01
4.700000000000000000e+02 -7.893318893110562229e+00 1.108041998738062084e+01 1.360441804139670374e+01 -4.998022623880846282e+01
4.800000000000000000e+02 -8.240424849728483991e+00 1.047782574900379693e+01 1.333002003488778264e+01 -5.104277152473417800e+01
4.900000000000000000e+02 -8.558931802814006673e+00 9.886166145484333256e+00 1.307637544051644340e+01 -5.210563764545202048e+01
5.000000000000000000e+02 -8.850448383972674193e+00 9.305579419082542714e+00 1.284228347772377710e+01 -5.316886802580952320e+01
5.100000000000000000e+02 -9.116486431575502536e+00 8.736162997759418403e+00 1.262659371249907103e+01 -5.423250525877696759e+01
5.200000000000000000e+02 -9.358467203122772915e+00 8.177977442147534859e+00 1.242820274360691712e+01 -5.529659054747452984e+01
5.300000000000000000e+02 -9.577718900975648708e+00 7.631048235599180884e+00 1.224604411718933683e+01 -5.636116348198930837e+01
5.400000000000000000e+02 -9.775478140336252508e+00 7.095369831544450889e+00 1.207908299162577315e+01 -5.742626167714645646e+01
5.500000000000000000e+02 -9.952894157705209466e+00 6.570910194557189499e+00 1.192631388566551642e+01 -5.849192031793617730e+01
5.600000000000000000e+02 -1.011102261093273214e+01 6.057610115088112757e+00 1.178674758129700351e+01 -5.955817184016244425e+01
5.700000000000000000e+02 -1.025083078173761564e+01 5.555384746977010124e+00 1.165940956492927327e+01 -6.062504513807742512e+01
5.800000000000000000e+02 -1.037319394299684561e+01 5.064123499044154819e+00 1.154333138191040931e+01 -6.169256503915074319e+01
5.900000000000000000e+02 -1.047889222762034578e+01 4.583697684028822827e+00 1.143754636172694461e+01 -6.276075229229088137e+01
6.000000000000000000e+02 -1.056861843529106793e+01 4.113964113888792795e+00 1.134109326128389661e+01 -6.382962290160819663e+01
6.100000000000000000e+02 -1.064298202929859194e+01 3.654763675284313784e+00 1.125301577347825699e+01 -6.489918732091206266e+01
6.200000000000000000e+02 -1.070251187262533321e+01 3.205929981716270305e+00 1.117236534630664124e+01 -6.596945060697922258e+01
6.300000000000000000e+02 -1.074765655095597339e+01 2.767292834639206056e+00 1.109819944720549501e+01 -6.704041232330692424e+01
6.400000000000000000e+02 -1.077879066994758794e+01 2.338682887993235315e+00 1.102958593770144802e+01 -6.811206647114651958e+01
6.500000000000000000e+02 -1.079622305159499440e+01 1.919942804142888981e+00 1.096561045044785487e+01 -6.918440212419383784e+01
6.600000000000000000e+02 -1.080020493128901293e+01 1.510919638618565708e+00 1.090537962256256144e+01 -7.025740257243818121e+01
6.700000000000000000e+02 -1.079094287739165559e+01 1.111478299823321025e+00 1.084803356346706060e+01 -7.133104643069349038e+01
6.800000000000000000e+02 -1.076860799645625377e+01 7.215058179843483188e-01 1.079275168002705598e+01 -7.240530820086789277e+01
6.900000000000000000e+02 -1.073334208773525411e+01 3.409138860678842531e-01 1.073875479979233383e+01 -7.348015880936149813e+01
7.000000000000000000e+02 -1.068527185246119870e+01 -3.035073994731989078e-02 1.068531495691235733e+01 -7.455556692655535755e+01
7.100000000000000000e+02 -1.062451399661238760e+01 -3.923096808632013932e-01 1.063175453770032775e+01 -7.563149916141338736e+01
7.200000000000000000e+02 -1.055118554210101856e+01 -7.449547808616853173e-01 1.057745120382837101e+01 -7.670792042122424448e+01
7.300000000000000000e+02 -1.046541922769578292e+01 -1.088245179515664685e+00 1.052184761257088752e+01 -7.778479486195014658e+01
7.400000000000000000e+02 -1.036737092699929974e+01 -1.422110762262124073e+00 1.046445311318905347e+01 -7.886208632428667897e+01
7.500000000000000000e+02 -1.025722884891858655e+01 -1.746451608641101050e+00 1.040484679754645825e+01 -7.993975921391142947e+01
7.600000000000000000e+02 -1.013521796302416078e+01 -2.061142495114972828e+00 1.034267622732029679e+01 -8.101777889186523396e+01
7.700000000000000000e+02 -1.000160363716002720e+01 -2.366039316986790375e+00 1.027765621941014373e+01 -8.209611186543222061e+01
7.800000000000000000e+02 -9.856691115282359306e+00 -2.660984565651390188e+00 1.020956407496035645e+01 -8.317472596402315332e+01
7.900000000000000000e+02 -9.700823003002975398e+00 -2.945812815605114210e+00 1.013823357790571933e+01 -8.425359039734482280e+01
8.000000000000000000e+02 -9.534377054230688486e+00 -3.220360850051867008e+00 1.006355155085854669e+01 -8.533267530480431162e+01
8.100000000000000000e+02 -9.357768300027945685e+00 -3.484472564773786640e+00 9.985458257469664645e+00 -8.641195189295926582e+01
8.200000000000000000e+02 -9.171444548075154302e+00 -3.738005858519046765e+00 9.903942795510291219e+00 -8.749139217046298711e+01
8.300000000000000000e+02 -8.975879713439400831e+00 -3.980839210731395905e+00 9.819037501294591408e+00 -8.857096854953945808e+01
8.400000000000000000e+02 -8.771564136146636770e+00 -4.212871560746002331e+00 9.730807992241771842e+00 -8.965065383081483219e+01
8.500000000000000000e+02 -8.558998999022525922e+00 -4.434027798119350550e+00 9.639349894041803424e+00 -9.073042069483719274e+01
8.600000000000000000e+02 -8.338687023957049860e+00 -4.644259129948504317e+00 9.544780990133808984e+00 -9.181024139960217667e+01
8.700000000000000000e+02 -8.111127507037846129e+00 -4.843536354120100640e+00 9.447234190444790514e+00 -9.289008819944960749e+01
8.800000000000000000e+02 -7.876805623935914547e+00 -5.031852690315083088e+00 9.346850182510660687e+00 -9.396993246714313841e+01
8.900000000000000000e+02 -7.636187292475799637e+00 -5.209220237353955341e+00 9.243772598188842338e+00 -9.504974453811274770e+01
9.000000000000000000e+02 -7.389719992229827561e+00 -5.375657114497879085e+00 9.138142643678357047e+00 -9.612949465426481765e+01
9.100000000000000000e+02 -7.137832864744349415e+00 -5.531179963617191220e+00 9.030094672534989542e+00 -9.720915334238723915e+01
9.200000000000000000e+02 -6.880935499524784227e+00 -5.675797553966454245e+00 8.919750625563025892e+00 -9.828869155262091795e+01
9.300000000000000000e+02 -6.619423463955101283e+00 -5.809504808857245628e+00 8.807219374995424843e+00 -9.936808117883350633e+01
9.400000000000000000e+02 -6.353682122608870664e+00 -5.932281488405801717e+00 8.692596860135740400e+00 -1.004472950976076646e+02
9.500000000000000000e+02 -6.084097842104697840e+00 -6.044087341315883322e+00 8.575968653263487340e+00 -1.015263081395373632e+02
9.600000000000000000e+02 -5.811066823073427479e+00 -6.144860843268102002e+00 8.457411684750498537e+00 -1.026050977281814625e+02
9.700000000000000000e+02 -5.535003083248128952e+00 -6.234518839213556873e+00 8.336994919518366132e+00 -1.036836445094727850e+02
9.800000000000000000e+02 -5.256349288692304000e+00 -6.312957531722391380e+00 8.214781837764563832e+00 -1.047619332712420146e+02
9.900000000000000000e+02 -4.975584346540194325e+00 -6.380059130863636518e+00 8.090833955956101775e+00 -1.058399533280397975e+02
1.000000000000000000e+03 -4.693228465149684503e+00 -6.435704087294435105e+00 7.965216916400303937e+00 -1.069176984467306823e+02
1.010000000000000000e+03 -4.409848700178618408e+00 -6.479782751212965763e+00 7.838006765841946333e+00 -1.079951671087171263e+02
1.020000000000000000e+03 -4.126061555150090321e+00 -6.512206396776488937e+00 7.709294138317995149e+00 -1.090723627805646458e+02
1.030000000000000000e+03 -3.842531213020263792e+00 -6.532913364247054488e+00 7.579182221571977962e+00 -1.101492942598501088e+02
1.040000000000000000e+03 -3.559968902625001874e+00 -6.541884875655610720e+00 7.447794056899578408e+00 -1.112259756285829582e+02
1.050000000000000000e+03 -3.279125688508299330e+00 -6.539157671602813693e+00 7.315275000648776782e+00 -1.123024259075752553e+02
1.060000000000000000e+03 -3.000779548675157393e+00 -6.524828899108166880e+00 7.181787386325508393e+00 -1.133786685801073304e+02
1.070000000000000000e+03 -2.725723237199075832e+00 -6.499066355266451822e+00 7.047512373594201129e+00 -1.144547308089283462e+02
1.080000000000000000e+03 -2.454752558826311937e+00 -6.462115137224529349e+00 6.912650878773693996e+00 -1.155306429244369468e+02
1.090000000000000000e+03 -2.188659334386500177e+00 -6.414295527225510440e+00 6.777419626419950660e+00 -1.166064389889561568e+02
1.100000000000000000e+03 -1.928214043403705835e+00 -6.355999321666459423e+00 6.642043117460452173e+00 -1.176821558941913963e+02
1.110000000000000000e+03 -1.674149533966987180e+00 -6.287683193550180683e+00 6.506745469475141874e+00 -1.187578323692934106e+02
1.120000000000000000e+03 -1.427152352244700717e+00 -6.209869184257888364e+00 6.371753222003604833e+00 -1.198335084775695520e+02
1.130000000000000000e+03 -1.187853067014848607e+00 -6.123142168167807320e+00 6.237296282878610931e+00 -1.209092250015003316e+02
1.140000000000000000e+03 -9.568176519012295822e-01 -6.028140049165865655e+00 6.103603236723961878e+00 -1.219850230420387476e+02
1.150000000000000000e+03 -7.345425458151930709e-01 -5.925542072014755135e+00 5.970896214039361105e+00 -1.230609439361815021e+02
1.160000000000000000e+03 -5.214493459446758461e-01 -5.816057179899916108e+00 5.839386144129491640e+00 -1.241370287871221336e+02
1.170000000000000000e+03 -3.178807886207029587e-01 -5.700414372335107061e+00 5.709270725066273755e+00 -1.252133178294693323e+02
1.180000000000000000e+03 -1.240978394255914108e-01 -5.579352998334556446e+00 5.580732940553140509e+00 -1.262898496879542733e+02
1.190000000000000000e+03 5.971586224368338053e-02 -5.453610322879504757e+00 5.453937251016132137e+00 -1.273666616718842022e+02
1.200000000000000000e+03 2.334471431206659453e-01 -5.323914293113616303e+00 5.329030021406396145e+00 -1.284437903107972545e+02
1.210000000000000000e+03 3.970545102121650904e-01 -5.190976285783045263e+00 5.206139364600391062e+00 -1.295212702974768035e+02
1.220000000000000000e+03 5.505610769398714410e-01 -5.055484591605855726e+00 5.085375301332775599e+00 -1.305991347953826107e+02
1.230000000000000000e+03 6.940458901607009512e-01 -4.918101024662432152e+00 4.966831725198129099e+00 -1.316774160849998339e+02
1.240000000000000000e+03 8.276458394704683252e-01 -4.779450862857530957e+00 4.850582252272645611e+00 -1.327561438946945316e+02
1.250000000000000000e+03 9.515544876298117627e-01 -4.640114695394406574e+00 4.736678195670839031e+00 -1.338353439713318664e+02
1.260000000000000000e+03 1.066012676862745812e+00 -4.500629661571090345e+00 4.625154092335257872e+00 -1.349150384937268825e+02
1.270000000000000000e+03 1.171300983092194992e+00 -4.361494892841670357e+00 4.516036281217934878e+00 -1.359952465507320767e+02
1.280000000000000000e+03 1.267726850800740435e+00 -4.223171799839480656e+00 4.409343649478978833e+00 -1.370759858070750852e+02
1.290000000000000000e+03 1.355616651693867025e+00 -4.086077906974871610e+00 4.305081784149732194e+00 -1.381572728458884569e+02
1.300000000000000000e+03 1.435319178911031779e+00 -3.950586818366757402e+00 4.203246049757617619e+00 -1.392391212547104828e+02
1.310000000000000000e+03 1.507207830660818759e+00 -3.817030887039353004e+00 4.103827510680452484e+00 -1.403215401124027153e+02
1.320000000000000000e+03 1.571673821796336412e+00 -3.685701517027188956e+00 4.006813481400953059e+00 -1.414045343360978677e+02
1.330000000000000000e+03 1.629114640807538761e+00 -3.556849831594536493e+00 3.912185480956591910e+00 -1.424881062498945710e+02
1.340000000000000000e+03 1.679927967433219260e+00 -3.430686009532041059e+00 3.819916814770079050e+00 -1.435722558779469296e+02
1.350000000000000000e+03 1.724509652106351876e+00 -3.307382296335707572e+00 3.729974690842127849e+00 -1.446569807108195675e+02
1.360000000000000000e+03 1.763253864727692966e+00 -3.187075232608755471e+00 3.642322436274045394e+00 -1.457422749527296446e+02
1.370000000000000000e+03 1.796554019038400840e+00 -3.069866684809712698e+00 3.556921113242126342e+00 -1.468281284480487159e+02
1.380000000000000000e+03 1.824799737949204692e+00 -2.955828946692561132e+00 3.473732696354908445e+00 -1.479145271611190822e+02
1.390000000000000000e+03 1.848373694387775545e+00 -2.845012116209785891e+00 3.392724459116183144e+00 -1.490014543066142494e+02
1.400000000000000000e+03 1.867650912967856236e+00 -2.737442189336734888e+00 3.313866272599176988e+00 -1.500888896816608451e+02
1.410000000000000000e+03 1.882993775335259468e+00 -2.633118765907145775e+00 3.237125266856953676e+00 -1.511768098509931519e+02
1.420000000000000000e+03 1.894742895952650663e+00 -2.532024596866670141e+00 3.162467264795140842e+00 -1.522651914847130286e+02
1.430000000000000000e+03 1.903222032577336575e+00 -2.434126333967240985e+00 3.089858429604924517e+00 -1.533540099583807716e+02
1.440000000000000000e+03 1.908742741089376471e+00 -2.339369350914650703e+00 3.019262792745974089e+00 -1.544432367080191284e+02
1.450000000000000000e+03 1.911601220337804330e+00 -2.247679789374059656e+00 2.950641228810714001e+00 -1.555328397731843211e+02
1.460000000000000000e+03 1.912078711094238104e+00 -2.158964548196308897e+00 2.883950921529056632e+00 -1.566227830410438173e+02
1.470000000000000000e+03 1.910446781448052356e+00 -2.073113525749914476e+00 2.819149977456407719e+00 -1.577130246950812023e+02
1.480000000000000000e+03 1.906966680278434190e+00 -1.990004941435270958e+00 2.756200570827338936e+00 -1.588035180400494824e+02
1.490000000000000000e+03 1.901879172712246602e+00 -1.909509606346315280e+00 2.695064252355679812e+00 -1.598942148622797390e+02
1.500000000000000000e+03 1.895400575191140025e+00 -1.831496761904682913e+00 2.635701752722079849e+00 -1.609850678839060549e+02
1.510000000000000000e+03 1.887728644275229906e+00 -1.755831661086983297e+00 2.578073749234624401e+00 -1.620760286289927308e+02
1.520000000000000000e+03 1.879046029602223555e+00 -1.682372625882097239e+00 2.522140288263383656e+00 -1.631670455586865955e+02
1.530000000000000000e+03 1.869512880720118675e+00 -1.610968489279674065e+00 2.467852889584480902e+00 -1.642580649519000815e+02
1.540000000000000000e+03 1.859271885304602190e+00 -1.541460848253915383e+00 2.415159102457602014e+00 -1.653490298073456586e+02
1.550000000000000000e+03 1.848452468486363021e+00 -1.473688919119910512e+00 2.364008366861280575e+00 -1.664398799249026411e+02
1.560000000000000000e+03 1.837168481651011209e+00 -1.407489295353927305e+00 2.314349616308602808e+00 -1.675305522675580505e+02
1.570000000000000000e+03 1.825515517253550657e+00 -1.342695204098424355e+00 2.266128265311213141e+00 -1.686209811780632322e+02
1.580000000000000000e+03 1.813565676029653018e+00 -1.279138892451790799e+00 2.219282939928049370e+00 -1.697111002772030020e+02
1.590000000000000000e+03 1.801365480968779798e+00 -1.216654722041438097e+00 2.173744766225237601e+00 -1.708008438609019777e+02
1.600000000000000000e+03 1.788944596350159344e+00 -1.155079255299754637e+00 2.129443790015193017e+00 -1.718901444482063994e+02
1.610000000000000000e+03 1.776321174269604564e+00 -1.094255135791863731e+00 2.086315224592251827e+00 -1.729789327561093444e+02
1.620000000000000000e+03 1.763497351565348481e+00 -1.034033190575154082e+00 2.044296345491286804e+00 -1.740671397140168892e+02
1.630000000000000000e+03 1.750459682961596153e+00 -9.742675244038278004e-01 2.003323815757696025e+00 -1.751546942362788286e+02
1.640000000000000000e+03 1.737179110132060611e+00 -9.148192506900547638e-01 1.963335305573739920e+00 -1.762415244983936873e+02
1.650000000000000000e+03 1.723607556581018496e+00 -8.555645505156884711e-01 1.924269656051952770e+00 -1.773275622182609084e+02
1.660000000000000000e+03 1.709676739730265238e+00 -7.963962041534080605e-01 1.886065075326051943e+00 -1.784127437691951741e+02
1.670000000000000000e+03 1.695305049580932533e+00 -7.372211376088222412e-01 1.848662818599393631e+00 -1.794970075077448826e+02
1.680000000000000000e+03 1.680400986574434263e+00 -6.779629022320342591e-01 1.812010257278698466e+00 -1.805802942876468080e+02
1.690000000000000000e+03 1.664863258890276310e+00 -6.185583606982283378e-01 1.776058590360247935e+00 -1.816625458888158562e+02
1.700000000000000000e+03 1.648585374996573538e+00 -5.589553521975868522e-01 1.740765585713056618e+00 -1.827437027431422791e+02
1.710000000000000000e+03 1.631447645145969183e+00 -4.991232264389142137e-01 1.706090681652977059e+00 -1.838237110342508629e+02
1.720000000000000000e+03 1.613317959545385927e+00 -4.390579950891793093e-01 1.671994844981113282e+00 -1.849025256116006233e+02
1.730000000000000000e+03 1.594067975146962191e+00 -3.787814324619311890e-01 1.638452954151277563e+00 -1.859801074893912016e+02
1.740000000000000000e+03 1.573580818936818115e+00 -3.183432928105311976e-01 1.605459138627738147e+00 -1.870564256286036482e+02
1.750000000000000000e+03 1.551754499874791637e+00 -2.578202148340140720e-01 1.573026792861050405e+00 -1.881314582453319133e+02
1.760000000000000000e+03 1.528500902068887557e+00 -1.973005193456044970e-01 1.541182176953603378e+00 -1.892051859246661252e+02
1.770000000000000000e+03 1.503735466081128624e+00 -1.368862907217258673e-01 1.509953048454746538e+00 -1.902775953219983478e+02
1.780000000000000000e+03 1.477374177969256852e+00 -7.670710245807903227e-02 1.479364201708913695e+00 -1.913486893536095010e+02
1.790000000000000000e+03 1.449347190493717186e+00 -1.690978316285131344e-02 1.449445831812505414e+00 -1.924184813356143593e+02
1.800000000000000000e+03 1.419609579307386182e+00 4.234950735058394533e-02 1.420241119822310605e+00 -1.934869917387599116e+02
1.810000000000000000e+03 1.388134328806396534e+00 1.009034642450322289e-01 1.391796832841429410e+00 -1.945542523302245570e+02
1.820000000000000000e+03 1.354909841077730270e+00 1.585761677673783177e-01 1.364158010801193033e+00 -1.956203065673653327e+02
1.830000000000000000e+03 1.319949585218619381e+00 2.151884635520683042e-01 1.337375408165076607e+00 -1.966852086198671259e+02
1.840000000000000000e+03 1.283293129051195969e+00 2.705676817321058802e-01 1.311506052394687094e+00 -1.977490194880124932e+02
1.850000000000000000e+03 1.245000107981681481e+00 3.245497692622206221e-01 1.286607096825817864e+00 -1.988118074346981814e+02
1.860000000000000000e+03 1.205142349217557474e+00 3.769749417038165129e-01 1.262726490000985580e+00 -1.998736516896761088e+02
1.870000000000000000e+03 1.163802871594321608e+00 4.276941746642292097e-01 1.239902992565509177e+00 -2.009346380819964395e+02
1.880000000000000000e+03 1.121081206935019114e+00 4.765736893591694945e-01 1.218173039404619740e+00 -2.019948577849894775e+02
1.890000000000000000e+03 1.077094910708061404e+00 5.234890542244127198e-01 1.197570138474560064e+00 -2.030544139635984209e+02
1.900000000000000000e+03 1.031971169309668257e+00 5.683242822038949704e-01 1.178115861886655180e+00 -2.041134210082987579e+02
1.910000000000000000e+03 9.858379331087360198e-01 6.109792864109964139e-01 1.159815553775424668e+00 -2.051719950054760773e+02
1.920000000000000000e+03 9.388317003325462595e-01 6.513745622979615346e-01 1.142669585645019747e+00 -2.062302524936999362e+02
1.930000000000000000e+03 8.910944933321022221e-01 6.894476032534609944e-01 1.126670934070253649e+00 -2.072883118474438788e+02
1.940000000000000000e+03 8.427607491682979068e-01 7.251519136275950128e-01 1.111796284476825214e+00 -2.083462861351763706e+02
1.950000000000000000e+03 7.939641094242250174e-01 7.584529432537385762e-01 1.098011782352111831e+00 -2.094042873000443592e+02
1.960000000000000000e+03 7.448399385556927488e-01 7.893354120553843778e-01 1.085281957277596909e+00 -2.104624217970088011e+02
1.970000000000000000e+03 6.955142382774768262e-01 8.178042232306450554e-01 1.073565928660451529e+00 -2.115207825870211593e+02
1.980000000000000000e+03 6.461007773221975059e-01 8.438732111353430820e-01 1.062811465372962116e+00 -2.125794524395227256e+02
1.990000000000000000e+03 5.967101858218677446e-01 8.675650066099370727e-01 1.052963478263927444e+00 -2.136385085945464084e+02
2.000000000000000000e+03 5.474456308853504760e-01 8.889182671010914527e-01 1.043969541874410600e+00 -2.146980151679903770e+02
2.010000000000000000e+03 4.983965329471130579e-01 9.079812106699219898e-01 1.035774581162967056e+00 -2.157580214337568805e+02
2.020000000000000000e+03 4.496449050005839054e-01 9.247955100886433577e-01 1.028312829868955003e+00 -2.168185733099959691e+02
2.030000000000000000e+03 4.012731641670890248e-01 9.393998523754559793e-01 1.021514676802881771e+00 -2.178797163400955981e+02
2.040000000000000000e+03 3.533640161207896591e-01 9.518382013041122303e-01 1.015313788614564894e+00 -2.189414918560711101e+02
2.050000000000000000e+03 3.059919076906641444e-01 9.621569902158140231e-01 1.009642075882996259e+00 -2.200039305615903515e+02
2.060000000000000000e+03 2.592162639797499502e-01 9.704010365590339804e-01 1.004425827658004255e+00 -2.210670465811487588e+02
2.070000000000000000e+03 2.130871878911298756e-01 9.766152885404646433e-01 9.995917023736865525e-01 -2.221308410858697471e+02
2.080000000000000000e+03 1.676581734663090961e-01 9.808504259374647427e-01 9.950762891315243497e-01 -2.231953136588659845e+02
2.090000000000000000e+03 1.229837726823469757e-01 9.831599486123849818e-01 9.908221297986287146e-01 -2.242604622701152550e+02
2.100000000000000000e+03 7.911181665913746830e-02 9.836021177649154623e-01 9.867784987557924881e-01 -2.253262763080145703e+02
2.110000000000000000e+03 3.609162217335503547e-02 9.822394504432048201e-01 9.829023060294819203e-01 -2.263927460625318133e+02
2.120000000000000000e+03 -6.026130964055613319e-03 9.791371150621525077e-01 9.791556588952702311e-01 -2.274598639114689149e+02
2.130000000000000000e+03 -4.719282911448764717e-02 9.743542564152235519e-01 9.754964787810832538e-01 -2.285276212079092488e+02
2.140000000000000000e+03 -8.735789912867046592e-02 9.679412714507915627e-01 9.718753559577225642e-01 -2.295960109770116162e+02
2.150000000000000000e+03 -1.264757350040461026e-01 9.599534629126199592e-01 9.682493286869578997e-01 -2.306650209211302638e+02
2.160000000000000000e+03 -1.645056243304376387e-01 9.504554777764823159e-01 9.645868108530555318e-01 -2.317346354449577746e+02
2.170000000000000000e+03 -2.014020207305670107e-01 9.395231192397375253e-01 9.608675587927411055e-01 -2.328048480616802465e+02
2.180000000000000000e+03 -2.371190829118760002e-01 9.272433465047523748e-01 9.570818581073937681e-01 -2.338756589926398703e+02
2.190000000000000000e+03 -2.716226416407019895e-01 9.136978056549736049e-01 9.532169425217887904e-01 -2.349470602988039616e+02
2.200000000000000000e+03 -3.048866681448599292e-01 8.989595388139376420e-01 9.492545142568674654e-01 -2.360190374485055429e+02
2.210000000000000000e+03 -3.368765856220675148e-01 8.831008713188955861e-01 9.451735199763982020e-01 -2.370915873724325706e+02
2.220000000000000000e+03 -3.675480386897030383e-01 8.661994180577294866e-01 9.409532361324853822e-01 -2.381647215739366743e+02
2.230000000000000000e+03 -3.968653096536153280e-01 8.483400890681083162e-01 9.365804721039969749e-01 -2.392384495260370159e+02
2.240000000000000000e+03 -4.248117791290011991e-01 8.296131607813778119e-01 9.320531338010807909e-01 -2.403127693094497488e+02
2.250000000000000000e+03 -4.513826455240342872e-01 8.101067621456433665e-01 9.273722331159015564e-01 -2.413876724642856288e+02
2.260000000000000000e+03 -4.765806986422378988e-01 7.899061062392951360e-01 9.225404159127382764e-01 -2.424631477633472230e+02
2.270000000000000000e+03 -5.004067979090905949e-01 7.690966355000031784e-01 9.175601332507065111e-01 -2.435391917543704210e+02
2.280000000000000000e+03 -5.228547418014222181e-01 7.477595266408089136e-01 9.124261015042908207e-01 -2.446158104018440440e+02
2.290000000000000000e+03 -5.439171543819077970e-01 7.259721668438895437e-01 9.071281375103102951e-01 -2.456930128615472313e+02
2.300000000000000000e+03 -5.635942394238463438e-01 7.038130049364661467e-01 9.016602534377580191e-01 -2.467708064435477979e+02
2.310000000000000000e+03 -5.819026702474048296e-01 6.813597973945659803e-01 8.960256085328275333e-01 -2.478491885100886236e+02
2.320000000000000000e+03 -5.988734324068667458e-01 6.586838904329562761e-01 8.902324727612875854e-01 -2.489281452103022332e+02
2.330000000000000000e+03 -6.145415579697903752e-01 6.358480713795882089e-01 8.842873381141896916e-01 -2.500076584530226000e+02
2.340000000000000000e+03 -6.289431998808572288e-01 6.129083600968751044e-01 8.781948568245049325e-01 -2.510877088778966026e+02
2.350000000000000000e+03 -6.421122830035473905e-01 5.899199014231741867e-01 8.719596745716829966e-01 -2.521682826775572153e+02
2.360000000000000000e+03 -6.540780398554202346e-01 5.669379263354357157e-01 8.655845969855474609e-01 -2.532493741053181111e+02
2.370000000000000000e+03 -6.648662709896742129e-01 5.440153735001121982e-01 8.590691968079063878e-01 -2.543309820726387613e+02
2.380000000000000000e+03 -6.745082160365892809e-01 5.211969017964759310e-01 8.524127779093340074e-01 -2.554130976554158110e+02
2.390000000000000000e+03 -6.830470242705118933e-01 4.985175784433154567e-01 8.456198988799804583e-01 -2.564956978357416233e+02
2.400000000000000000e+03 -6.905336835098414561e-01 4.760130027412068365e-01 8.387044454635792512e-01 -2.575787582592901117e+02
2.410000000000000000e+03 -6.970138985378812047e-01 4.537226721576028132e-01 8.316806105620181411e-01 -2.586622662945084699e+02
2.420000000000000000e+03 -7.025234088904355190e-01 4.316823554077561242e-01 8.245536950432192924e-01 -2.597462162498122211e+02
2.430000000000000000e+03 -7.070964669263998248e-01 4.099137997451986482e-01 8.173216849939465289e-01 -2.608305918815475479e+02
2.440000000000000000e+03 -7.107756407562043632e-01 3.884261167671022030e-01 8.099857157253844697e-01 -2.619153603037203766e+02
2.450000000000000000e+03 -7.136103982012851343e-01 3.672327083032425055e-01 8.025581988047540971e-01 -2.630004910580192927e+02
2.460000000000000000e+03 -7.156466539559431794e-01 3.463509618041741289e-01 7.950529051962604843e-01 -2.640859629848089867e+02
2.470000000000000000e+03 -7.169226408458188038e-01 3.257918216399053879e-01 7.874759577312762104e-01 -2.651717546131855556e+02
2.480000000000000000e+03 -7.174700610829211067e-01 3.055591069596665377e-01 7.798266835626487259e-01 -2.662578413074841137e+02
2.490000000000000000e+03 -7.173168746365704562e-01 2.856587111315528893e-01 7.721038776510045221e-01 -2.673442035634211607e+02
2.500000000000000000e+03 -7.164953336013231144e-01 2.661017229004694618e-01 7.643138687758253003e-01 -2.684308271198098055e+02
2.510000000000000000e+03 -7.150452037359686930e-01 2.468912069849653335e-01 7.564687114959256498e-01 -2.695176862848142036e+02
2.520000000000000000e+03 -7.130011521759276327e-01 2.280191163947208888e-01 7.485742183949628537e-01 -2.706047452659838655e+02
2.530000000000000000e+03 -7.103836382687918061e-01 2.094842353639659038e-01 7.406271385697603682e-01 -2.716919831615873591e+02
2.540000000000000000e+03 -7.072102085379338154e-01 1.912976901529273022e-01 7.326261565888247951e-01 -2.727793963220393607e+02
2.550000000000000000e+03 -7.035062097820315996e-01 1.734647341971608525e-01 7.245764288271951958e-01 -2.738669714895943343e+02
2.560000000000000000e+03 -6.992922053626419165e-01 1.559754655373315757e-01 7.164760528660637506e-01 -2.749546774077089708e+02
2.570000000000000000e+03 -6.945768966213103912e-01 1.388210346997543199e-01 7.083137334509340688e-01 -2.760424869895616666e+02
2.580000000000000000e+03 -6.893710364046171657e-01 1.220048723070402547e-01 7.000840054595114381e-01 -2.771303882026862766e+02
2.590000000000000000e+03 -6.836964839557585494e-01 1.055301363621662381e-01 6.917929544698212529e-01 -2.782183657898467004e+02
2.600000000000000000e+03 -6.775820117681514709e-01 8.939262035310151233e-02 6.834533072898024697e-01 -2.793063933744862766e+02
2.610000000000000000e+03 -6.710535282466449924e-01 7.358971994337243361e-02 6.750765028155066849e-01 -2.803944485487195948e+02
2.620000000000000000e+03 -6.641254533321147013e-01 5.812409868600482837e-02 6.666641047871464387e-01 -2.814825193596182658e+02
2.630000000000000000e+03 -6.568025201720646411e-01 4.299787361952537440e-02 6.582084530300230663e-01 -2.825705942083052946e+02
2.640000000000000000e+03 -6.490860935889372074e-01 2.821388887535271339e-02 6.496989921617681851e-01 -2.836586617928628584e+02
2.650000000000000000e+03 -6.409797811051982652e-01 1.378205536056968834e-02 6.411279317231699526e-01 -2.847467202712584253e+02
2.660000000000000000e+03 -6.324939393017295908e-01 -2.861225547098717142e-04 6.324940040186438628e-01 -2.858347696672513507e+02
2.670000000000000000e+03 -6.236457639541428399e-01 -1.398471883548568426e-02 6.238025418823284207e-01 -2.869228016584374927e+02
2.680000000000000000e+03 -6.144568716480846016e-01 -2.730647552495641533e-02 6.150633225295959461e-01 -2.880108112399343554e+02
2.690000000000000000e+03 -6.049472290738276969e-01 -4.024008715240542239e-02 6.062841038474745536e-01 -2.890988015444854113e+02
2.700000000000000000e+03 -5.951296377377033320e-01 -5.277727345022421163e-02 5.974652511290089452e-01 -2.901867714499445583e+02
2.710000000000000000e+03 -5.850097904966489182e-01 -6.491556763991956913e-02 5.886004467369575499e-01 -2.912747092235351829e+02
2.720000000000000000e+03 -5.745907607107282322e-01 -7.665153560920044684e-02 5.796809469056075637e-01 -2.923626030762882237e+02
2.730000000000000000e+03 -5.638823022320965661e-01 -8.797636583763478180e-02 5.707040316280995729e-01 -2.934504507776271112e+02
2.740000000000000000e+03 -5.529057309857616787e-01 -9.888367898791493305e-02 5.616784928471842964e-01 -2.945382493865299693e+02
2.750000000000000000e+03 -5.416879420808510259e-01 -1.093715006387008803e-01 5.526191742490923486e-01 -2.956259918797834985e+02
2.760000000000000000e+03 -5.302542359505164615e-01 -1.194396485646126577e-01 5.435396806054771934e-01 -2.967136698679660185e+02
2.770000000000000000e+03 -5.186230365734376679e-01 -1.290911546741853877e-01 5.344477339083474332e-01 -2.978012682600212315e+02
2.780000000000000000e+03 -5.068035632787518674e-01 -1.383318874114072006e-01 5.253432809381328727e-01 -2.988887629607206122e+02
2.790000000000000000e+03 -4.948038216455755145e-01 -1.471690825794730872e-01 5.162262689774226310e-01 -2.999761254837757747e+02
2.800000000000000000e+03 -4.826382652036521614e-01 -1.556121259862474626e-01 5.071043569057069877e-01 -3.010633256229548351e+02
2.810000000000000000e+03 -4.703246086383717217e-01 -1.636705060451533744e-01 4.979892288392532285e-01 -3.021503347281370111e+02
2.820000000000000000e+03 -4.578797129426399604e-01 -1.713453520929371920e-01 4.888896206796448096e-01 -3.032371399662401359e+02
2.830000000000000000e+03 -4.453187462798022245e-01 -1.786302998099751072e-01 4.798099309084967734e-01 -3.043237426948472830e+02
2.840000000000000000e+03 -4.326548095565098118e-01 -1.855213799975804767e-01 4.707529783958742109e-01 -3.054101391223863402e+02
2.850000000000000000e+03 -4.198979448628434863e-01 -1.920199697964215801e-01 4.617206437887071413e-01 -3.064963127799662743e+02
2.860000000000000000e+03 -4.070551085269135672e-01 -1.981328424972079172e-01 4.527145730522497691e-01 -3.075822329522649738e+02
2.870000000000000000e+03 -3.941362803802718195e-01 -2.038714123282582558e-01 4.437419974227309605e-01 -3.086678610058733625e+02
2.880000000000000000e+03 -3.811559166353353234e-01 -2.092460656261397878e-01 4.348146142508799161e-01 -3.097531641085289493e+02
2.890000000000000000e+03 -3.681301127432765607e-01 -2.142667333725871981e-01 4.259460211558935283e-01 -3.108381125347783041e+02
2.900000000000000000e+03 -3.550765991804472055e-01 -2.189453133002580432e-01 4.171527795684695228e-01 -3.119226756195620283e+02
2.910000000000000000e+03 -3.420120827007142039e-01 -2.232911064634920673e-01 4.084497312264640523e-01 -3.130068284490507722e+02
2.920000000000000000e+03 -3.289499273363268306e-01 -2.273104013660471323e-01 3.998475625332336136e-01 -3.140905495683552431e+02
2.930000000000000000e+03 -3.159018719663372332e-01 -2.310091972377749381e-01 3.913556463375446604e-01 -3.151738170401354182e+02
2.940000000000000000e+03 -3.028799695335506192e-01 -2.343946263305580202e-01 3.829844863663363630e-01 -3.162566082042823723e+02
2.950000000000000000e+03 -2.898971065519452828e-01 -2.374724877169584747e-01 3.747445994403000302e-01 -3.173389060966945863e+02
2.960000000000000000e+03 -2.769673771704007637e-01 -2.402421915316966250e-01 3.666432034125322037e-01 -3.184207112921498037e+02
2.970000000000000000e+03 -2.641027236649756138e-01 -2.426964426304518418e-01 3.586806545002597102e-01 -3.195020369771984861e+02
2.980000000000000000e+03 -2.513119511788311500e-01 -2.448302962237590696e-01 3.508554841445760131e-01 -3.205828872387770616e+02
2.990000000000000000e+03 -2.386047785381091857e-01 -2.466461707636478096e-01 3.431713477165461712e-01 -3.216632537768905422e+02
3.000000000000000000e+03 -2.259940652489891566e-01 -2.481488819501981025e-01 3.356354944592387923e-01 -3.227431318091819321e+02
3.010000000000000000e+03 -2.134927137866298452e-01 -2.493452441259517982e-01 3.282562864717298301e-01 -3.238225158748048216e+02
3.020000000000000000e+03 -2.011102972051657667e-01 -2.502450713975327701e-01 3.210419714004796310e-01 -3.249013903581633258e+02
3.030000000000000000e+03 -1.888572631467650143e-01 -2.508594736798694380e-01 3.140024544143366625e-01 -3.259797424969179360e+02
3.040000000000000000e+03 -1.767465881475961398e-01 -2.511974432994777962e-01 3.071473782111941442e-01 -3.270575745295061552e+02
3.050000000000000000e+03 -1.647921048375478870e-01 -2.512651143473053073e-01 3.004839355186126881e-01 -3.281349020891831856e+02
3.060000000000000000e+03 -1.530047346988156753e-01 -2.510659990447034473e-01 2.940145994956203102e-01 -3.292117431791713784e+02
3.070000000000000000e+03 -1.413902861398494692e-01 -2.506000416116215823e-01 2.877352843682105532e-01 -3.302881109041309173e+02
3.080000000000000000e+03 -1.299545727634585646e-01 -2.498657167189972661e-01 2.816399605411690210e-01 -3.313640218690595134e+02
3.090000000000000000e+03 -1.187082395842604665e-01 -2.488657314109320173e-01 2.757277614167502611e-01 -3.324395022658316634e+02
3.100000000000000000e+03 -1.076618956215957684e-01 -2.476105924365993582e-01 2.700038689642040857e-01 -3.335145704305310232e+02
3.110000000000000000e+03 -9.681979494555134624e-02 -2.461137039005322213e-01 2.644731138337835796e-01 -3.345892248163175964e+02
3.120000000000000000e+03 -8.618076818363959446e-02 -2.443840112866449699e-01 2.591344627356099717e-01 -3.356634548186278266e+02
3.130000000000000000e+03 -7.574420934310983899e-02 -2.424295822094783559e-01 2.539867862296680268e-01 -3.367372540790548214e+02
3.140000000000000000e+03 -6.551342960584678743e-02 -2.402615646822885698e-01 2.490333891716164649e-01 -3.378106295233890819e+02
3.150000000000000000e+03 -5.549284857364620432e-02 -2.378894324544349181e-01 2.442761517551616801e-01 -3.388835990992423035e+02
3.160000000000000000e+03 -4.568319787056124293e-02 -2.353184986416747559e-01 2.397118069070706681e-01 -3.399561740717698513e+02
3.170000000000000000e+03 -3.608044871662405284e-02 -2.325495765472418985e-01 2.353319024949538374e-01 -3.410283500937198937e+02
3.180000000000000000e+03 -2.667976904752990611e-02 -2.295823021903982408e-01 2.311273319092159440e-01 -3.421001168230014287e+02
3.190000000000000000e+03 -1.747978036498538945e-02 -2.264228223293448250e-01 2.270965371668933752e-01 -3.431714726218973510e+02
3.200000000000000000e+03 -8.480321644563091135e-03 -2.230821812098827683e-01 2.232433099301168733e-01 -3.442424217558410646e+02
3.210000000000000000e+03 3.186745721788976512e-04 -2.195663532472129087e-01 2.195665845063015098e-01 -3.453129743318225451e+02
3.220000000000000000e+03 8.914858460644750973e-03 -2.158757405059272827e-01 2.160597372032924401e-01 -3.463831529141223200e+02
3.230000000000000000e+03 1.730563185583434971e-02 -2.120130351470114194e-01 2.127181514732054135e-01 -3.474529809525688506e+02
3.240000000000000000e+03 2.548738868110097394e-02 -2.079833181048309221e-01 2.095391791328695685e-01 -3.485224883289163245e+02
3.250000000000000000e+03 3.345842492572657922e-02 -2.037873612344094920e-01 2.065157495141573818e-01 -3.495916945225604309e+02
3.260000000000000000e+03 4.122425654820394830e-02 -1.994245485296095022e-01 2.036408355025845773e-01 -3.506605808236344615e+02
3.270000000000000000e+03 4.879059908497763998e-02 -1.948984113206058411e-01 2.009127006795913828e-01 -3.517291283747177886e+02
3.280000000000000000e+03 5.615504763389191079e-02 -1.902147229528755035e-01 1.983306083356874416e-01 -3.527973606786638356e+02
3.290000000000000000e+03 6.330898844592995622e-02 -1.853765346817573267e-01 1.958889676032411764e-01 -3.538653292340687813e+02
3.300000000000000000e+03 7.024245745132334795e-02 -1.803840059109821370e-01 1.935778717139286231e-01 -3.549330860770598974e+02
3.310000000000000000e+03 7.694384964429215601e-02 -1.752375703454182310e-01 1.913858982753139926e-01 -3.560006873063335320e+02
3.320000000000000000e+03 8.340055845386554201e-02 -1.699390173898870648e-01 1.893011431076341289e-01 -3.570681912895743721e+02
3.330000000000000000e+03 8.960682048657998833e-02 -1.644926838274803349e-01 1.873158437251947472e-01 -3.581356248128659558e+02
3.340000000000000000e+03 9.556565274627421003e-02 -1.589110451350480568e-01 1.854333148351038352e-01 -3.592029933791109784e+02
3.350000000000000000e+03 1.012790293846378004e-01 -1.532125367830183271e-01 1.836614364001928346e-01 -3.602703312773596735e+02
3.360000000000000000e+03 1.067442833928122781e-01 -1.474102680375123653e-01 1.820003548346438293e-01 -3.613376876313370758e+02
3.370000000000000000e+03 1.119580722117623356e-01 -1.415114340031548290e-01 1.804441627955956640e-01 -3.624050988007687693e+02
3.380000000000000000e+03 1.169138518335789967e-01 -1.355229411592626665e-01 1.789841231255471787e-01 -3.634726122645038799e+02
3.390000000000000000e+03 1.215986156752259240e-01 -1.294523582733301814e-01 1.776066901798970532e-01 -3.645403008077865934e+02
3.400000000000000000e+03 1.259965668394554816e-01 -1.233108449196086698e-01 1.762971903636502968e-01 -3.656082552337914535e+02
3.410000000000000000e+03 1.300988076728055165e-01 -1.171152518528857378e-01 1.750476562952229254e-01 -3.666765562694398568e+02
3.420000000000000000e+03 1.339080968837839947e-01 -1.108815390203032325e-01 1.738565331143696324e-01 -3.677452368176676032e+02
3.430000000000000000e+03 1.374315812770312839e-01 -1.046218619072779160e-01 1.727228228151994616e-01 -3.688143012397571283e+02
3.440000000000000000e+03 1.406713263365001465e-01 -9.834859853518898576e-02 1.716416874978392293e-01 -3.698837762521762897e+02
3.450000000000000000e+03 1.436240957801591112e-01 -9.207887894906381654e-02 1.706059812468034842e-01 -3.709537298095858660e+02
3.460000000000000000e+03 1.462906443972579740e-01 -8.583478060126868703e-02 1.696129776845890780e-01 -3.720242428844287588e+02
3.470000000000000000e+03 1.486812781994146793e-01 -7.963469067467779383e-02 1.686647753559211982e-01 -3.730953549730038503e+02
3.480000000000000000e+03 1.508063868329065083e-01 -7.348731482757232814e-02 1.677586115529184074e-01 -3.741670620572968460e+02
3.490000000000000000e+03 1.526690095999546082e-01 -6.739617357695500133e-02 1.668834045225770224e-01 -3.752393528310749957e+02
3.500000000000000000e+03 1.542722730359712136e-01 -6.136791277939339373e-02 1.660299820712647090e-01 -3.763122288334774908e+02
3.510000000000000000e+03 1.556249365776551097e-01 -5.541346038965277998e-02 1.651961636272307465e-01 -3.773857020184984208e+02
3.520000000000000000e+03 1.567376974285486224e-01 -4.954274907763521474e-02 1.643812330571004787e-01 -3.784597787834875930e+02
3.530000000000000000e+03 1.576207979548061577e-01 -4.376361686755404073e-02 1.635835263993287436e-01 -3.795344587991194771e+02
3.540000000000000000e+03 1.582861279570373370e-01 -3.808417999287948275e-02 1.628032649223031814e-01 -3.806097448218699242e+02
3.550000000000000000e+03 1.587462761439437653e-01 -3.251251702828272111e-02 1.620414883697493813e-01 -3.816856437776168036e+02
3.560000000000000000e+03 1.590104960102995124e-01 -2.705657592402276740e-02 1.612959892315177224e-01 -3.827621710713307834e+02
3.570000000000000000e+03 1.590838649174476649e-01 -2.172330612168844530e-02 1.605602008778306278e-01 -3.838393425518410140e+02
3.580000000000000000e+03 1.589716885507296285e-01 -1.651498023901735307e-02 1.598272265071421228e-01 -3.849171443591422985e+02
3.590000000000000000e+03 1.586811489981225509e-01 -1.142980430113719852e-02 1.590922608857095188e-01 -3.859955352075547239e+02
3.600000000000000000e+03 1.582209198466655586e-01 -6.466744249987825544e-03 1.583530178377403619e-01 -3.870744782631883254e+02
3.610000000000000000e+03 1.576020241164919622e-01 -1.627205762324106892e-03 1.576104241609934120e-01 -3.881539537958414030e+02
3.620000000000000000e+03 1.568370816116859967e-01 3.085467499690359994e-03 1.568674289907318609e-01 -3.892339588491554423e+02
3.630000000000000000e+03 1.559349620317072582e-01 7.669093636554056952e-03 1.561234363605804587e-01 -3.903144876207377933e+02
3.640000000000000000e+03 1.548972047707389832e-01 1.212337867327464326e-02 1.553709121947987326e-01 -3.913955213636145913e+02
3.650000000000000000e+03 1.537233761429372125e-01 1.645131906222798909e-02 1.546011716374432465e-01 -3.924770161848871339e+02
3.660000000000000000e+03 1.524118439224652621e-01 2.065933522688414431e-02 1.538056510660862908e-01 -3.935589011227118021e+02
3.670000000000000000e+03 1.509628435455920015e-01 2.475279645250271984e-02 1.529786948028709070e-01 -3.946411093817461619e+02
3.680000000000000000e+03 1.493864752069006263e-01 2.873044294901567347e-02 1.521241510306255706e-01 -3.957236264142472919e+02
3.690000000000000000e+03 1.476966350901844360e-01 3.258711923956772449e-02 1.512488557222728403e-01 -3.968064730107162745e+02
3.700000000000000000e+03 1.459022109367862363e-01 3.631840741005452899e-02 1.503545206272334511e-01 -3.978896646819422358e+02
3.710000000000000000e+03 1.440085127907246576e-01 3.992405303956707979e-02 1.494402280756506052e-01 -3.989731874505915243e+02
3.720000000000000000e+03 1.420198368842373882e-01 4.340691677445283198e-02 1.485052002203615384e-01 -4.000570065133342155e+02
3.730000000000000000e+03 1.399382837567456628e-01 4.676854301201446157e-02 1.475466701632067168e-01 -4.011410915224631708e+02
3.740000000000000000e+03 1.377659024173747693e-01 5.000950014693698181e-02 1.465619117431951335e-01 -4.022254174777610842e+02
3.750000000000000000e+03 1.355095961180523279e-01 5.313356011849015154e-02 1.455542024502998188e-01 -4.033099502672689027e+02
3.760000000000000000e+03 1.331777973792838965e-01 5.614594590205126967e-02 1.445292114281181151e-01 -4.043946536517418053e+02
3.770000000000000000e+03 1.307733013952306345e-01 5.904701600306647147e-02 1.434859103071594866e-01 -4.054795105260565720e+02
3.780000000000000000e+03 1.282957328399532415e-01 6.182936943763295279e-02 1.424172250466773926e-01 -4.065645432177041698e+02
3.790000000000000000e+03 1.257472894900339422e-01 6.448406526279855389e-02 1.413172865820288282e-01 -4.076497889058533701e+02
3.800000000000000000e+03 1.231330590331737446e-01 6.700828562326358040e-02 1.401850939616474390e-01 -4.087352545961084616e+02
3.810000000000000000e+03 1.204581713433253987e-01 6.940352349110433250e-02 1.390216534082306665e-01 -4.098209216311861951e+02
3.820000000000000000e+03 1.177261111972745383e-01 7.166951639342372671e-02 1.378258206494714921e-01 -4.109067776733833171e+02
3.830000000000000000e+03 1.149412078195701653e-01 7.380565066751322567e-02 1.365970546002973351e-01 -4.119928161190414357e+02
3.840000000000000000e+03 1.121098686890107804e-01 7.581724831891871463e-02 1.353398603520774290e-01 -4.130790034253766976e+02
3.850000000000000000e+03 1.092397317085769676e-01 7.770983809229051187e-02 1.340602025960422050e-01 -4.141653134205642459e+02
3.860000000000000000e+03 1.063395664479371699e-01 7.948375821706514521e-02 1.327620849965987782e-01 -4.152517607714817132e+02
3.870000000000000000e+03 1.034148032325831190e-01 8.113939125186364620e-02 1.314466520697917529e-01 -4.163383486624945249e+02
3.880000000000000000e+03 1.004648919957161490e-01 8.267735237257904657e-02 1.301104881208679231e-01 -4.174250517212295790e+02
3.890000000000000000e+03 9.749100023792743597e-02 8.409568829447891525e-02 1.287500676392588361e-01 -4.185118659867254678e+02
3.900000000000000000e+03 9.450006631238777599e-02 8.539269159370818651e-02 1.273662997447277956e-01 -4.195988147245898290e+02
3.910000000000000000e+03 9.150052672993423675e-02 8.656842522980906507e-02 1.259620523754057253e-01 -4.206859218487354610e+02
3.920000000000000000e+03 8.849706841911476884e-02 8.762181445443339989e-02 1.245363942270075325e-01 -4.217732008583489574e+02
3.930000000000000000e+03 8.549141167614425496e-02 8.854984464998533200e-02 1.230847531496753189e-01 -4.228606599964877546e+02
3.940000000000000000e+03 8.248722426173715760e-02 8.935380327950032120e-02 1.216069254891256612e-01 -4.239482935661490615e+02
3.950000000000000000e+03 7.949004664005142329e-02 9.004440318921670683e-02 1.201110405439057560e-01 -4.250360565250870764e+02
3.960000000000000000e+03 7.650286291380975490e-02 9.063483941087115137e-02 1.186059111049848624e-01 -4.261238789628616246e+02
3.970000000000000000e+03 7.352529415724143314e-02 9.113060942555498145e-02 1.170929410988635622e-01 -4.272117140449015551e+02
3.980000000000000000e+03 7.055709016992654792e-02 9.152769993849271812e-02 1.155665298833442739e-01 -4.282995654794203233e+02
3.990000000000000000e+03 6.760012541873496039e-02 9.182027099201851839e-02 1.140207837268119029e-01 -4.293874579301943868e+02
4.000000000000000000e+03 6.465791796063027896e-02 9.200826599001457606e-02 1.124551793626815122e-01 -4.304753957950896961e+02
4.010000000000000000e+03 6.173297064392162942e-02 9.209680976729762991e-02 1.108728191841314159e-01 -4.315633504197606953e+02
4.020000000000000000e+03 5.882583548671800611e-02 9.209395784021119635e-02 1.092784333314904821e-01 -4.326512652933748768e+02
4.030000000000000000e+03 5.593590833943144075e-02 9.200699640089997355e-02 1.076759640238827698e-01 -4.337390796732079821e+02
4.040000000000000000e+03 5.306193323672030865e-02 9.183836885985083298e-02 1.060653324779410739e-01 -4.348267504845325107e+02
4.050000000000000000e+03 5.020333616061366938e-02 9.158839627459575139e-02 1.044452454341889269e-01 -4.359142477350056879e+02
4.060000000000000000e+03 4.736035642342848601e-02 9.125908456296388804e-02 1.028164572226858003e-01 -4.370015380406906047e+02
4.070000000000000000e+03 4.453328812687949029e-02 9.085154381943602586e-02 1.011791320666794863e-01 -4.380885909970400576e+02
4.080000000000000000e+03 4.172379038648586086e-02 9.036357559753166457e-02 9.953115330883205436e-02 -4.391754007013430510e+02
4.090000000000000000e+03 3.893499270127964706e-02 8.979549918136744968e-02 9.787321048111001509e-02 -4.402619622275683469e+02
4.100000000000000000e+03 3.617004016308436598e-02 8.915147304339439416e-02 9.620944314986036583e-02 -4.413482559516182846e+02
4.110000000000000000e+03 3.343014928820209342e-02 8.843195336581807786e-02 9.453986068069754334e-02 -4.424342596741352054e+02
4.120000000000000000e+03 3.071466965097655391e-02 8.763465721201305070e-02 9.286131636174263515e-02 -4.435199402583132837e+02
4.130000000000000000e+03 2.802293616556168071e-02 8.675986447024322534e-02 9.117323639223365306e-02 -4.446052497450041869e+02
4.140000000000000000e+03 2.535559827447373543e-02 8.580825241612573262e-02 8.947604454023458387e-02 -4.456901483822482533e+02
4.150000000000000000e+03 2.271697324332555210e-02 8.477941612006570371e-02 8.777021289137464100e-02 -4.467746368174480267e+02
4.160000000000000000e+03 2.011527545038678533e-02 8.367622181566640449e-02 8.606006276891470241e-02 -4.478587507035691715e+02
4.170000000000000000e+03 1.755973221379293278e-02 8.250514337131790998e-02 8.435308457988860420e-02 -4.489425360576740331e+02
4.180000000000000000e+03 1.505633706342075426e-02 8.126988703457536933e-02 8.265281498158413842e-02 -4.500260195140673432e+02
4.190000000000000000e+03 1.260489502582927065e-02 7.996897573702407835e-02 8.095628733483843653e-02 -4.511091691286061405e+02
4.200000000000000000e+03 1.020032240836207804e-02 7.860161642729314446e-02 7.926071335925417849e-02 -4.647582548782922913e+02
