0.000000000000000000e+00 8.404569130993571946e+00 0.000000000000000000e+00 8.404569130993571946e+00 0.000000000000000000e+00
1.000000000000000000e+01 8.396801888959457116e+00 9.019811565939531324e-04 8.396801937404687166e+00 -1.109892580393696093e+00
2.000000000000000000e+01 8.373132582866743334e+00 2.865450476447408291e-03 8.373133073173454122e+00 -2.219657780366401045e+00
3.000000000000000000e+01 8.333434422506083905e+00 6.907065297587691895e-03 8.333437284923929766e+00 -3.329171162408468554e+00
4.000000000000000000e+01 8.278207588312287868e+00 1.396369213032803806e-02 8.278219365291612064e+00 -4.438313200202125941e+00
5.000000000000000000e+01 8.208125820644967874e+00 2.486996750937543049e-02 8.208163497568902400e+00 -5.546970088915830210e+00
6.000000000000000000e+01 8.124011530153744332e+00 4.033048026367488936e-02 8.124111636955101190e+00 -6.655035685411530011e+00
7.000000000000000000e+01 8.026802668730358192e+00 6.090209474250181387e-02 8.027033707907349935e+00 -7.762412803873390388e+00
8.000000000000000000e+01 7.917523374224002985e+00 8.698580877016029445e-02 7.918001194260508413e+00 -8.869013949805259145e+00
9.000000000000000000e+01 7.797249868833027620e+00 1.188246268046359716e-01 7.798155218316183301e+00 -9.974761879941917542e+00
1.000000000000000000e+02 7.667079659271595737e+00 1.565074733096731008e-01 7.668676880063341805e+00 -1.107958991591656428e+01
1.100000000000000000e+02 7.528106027775602449e+00 1.999800012861361609e-01 7.530761738784846671e+00 -1.218344179525499804e+01
1.200000000000000000e+02 7.381393742812480063e+00 2.490588845484476566e-01 7.385594350788821316e+00 -1.328627135184379249e+01
1.300000000000000000e+02 7.227961848293589675e+00 3.034489447744906920e-01 7.234328838425333252e+00 -1.438804199594567024e+01
1.400000000000000000e+02 7.068769813313281247e+00 3.627623273779541635e-01 7.078071995944499761e+00 -1.548872596261525914e+01
1.500000000000000000e+02 6.904707748136101664e+00 4.265365319502664176e-01 6.917869794977271170e+00 -1.658830365960580266e+01
1.600000000000000000e+02 6.736592038422874573e+00 4.942536442151947429e-01 6.754699027859232707e+00 -1.768676272373487990e+01
1.700000000000000000e+02 6.565163694861195331e+00 5.653565590805620378e-01 6.589461463520286166e+00 -1.878409730805643107e+01
1.800000000000000000e+02 6.391088521028567726e+00 6.392652495947862556e-01 6.422980036008411275e+00 -1.988030711867423861e+01
1.900000000000000000e+02 6.214960130370448255e+00 7.153891799829337206e-01 6.255998009984571340e+00 -2.097539677336373032e+01
2.000000000000000000e+02 6.037304354849615251e+00 7.931398389861921139e-01 6.089180131780728367e+00 -2.206937488017824123e+01
2.100000000000000000e+02 5.858584248067176148e+00 8.719402670982434600e-01 5.923114824236331621e+00 -2.316225330469966437e+01
2.200000000000000000e+02 5.679205871765107716e+00 9.512324188103487010e-01 5.758317675197076824e+00 -2.425404654160393392e+01
2.300000000000000000e+02 5.499523978006965130e+00 1.030483686889323236e+00 5.595235527984373292e+00 -2.534477098377312743e+01
2.400000000000000000e+02 5.319848216266651164e+00 1.109191385112658246e+00 5.434251611116622804e+00 -2.643444433614957134e+01
2.500000000000000000e+02 5.140449683215651433e+00 1.186885912736738602e+00 5.275691529602997143e+00 -2.752308510958750887e+01
2.600000000000000000e+02 4.961565994370274346e+00 1.263133291691484583e+00 5.119828398400756875e+00 -2.861071204238463395e+01
2.700000000000000000e+02 4.783406249582830227e+00 1.337536734906935365e+00 4.966888348430392064e+00 -2.969734357382367307e+01
2.800000000000000000e+02 4.606155530877727777e+00 1.409736536714150335e+00 4.817055727058001224e+00 -3.078299753693215024e+01
2.900000000000000000e+02 4.429979494555642106e+00 1.479410074349375215e+00 4.670478828800092685e+00 -3.186769080704175749e+01
3.000000000000000000e+02 4.255027915606628852e+00 1.546271114499714550e+00 4.527274778730343563e+00 -3.295143902322368490e+01
3.100000000000000000e+02 4.081437539690093708e+00 1.610068486922117570e+00 4.387533808755347486e+00 -3.403425640476958591e+01
3.200000000000000000e+02 3.909334992365894657e+00 1.670584445598580103e+00 4.251323614171516496e+00 -3.511615567773431934e+01
3.300000000000000000e+02 3.738839066072815243e+00 1.727633240282754112e+00 4.118693260601246742e+00 -3.619714797461944045e+01
3.400000000000000000e+02 3.570062345017856131e+00 1.781058961478358071e+00 3.989676198838291832e+00 -3.727724290287199693e+01
3.500000000000000000e+02 3.403112970253006075e+00 1.830733664958824169e+00 3.864293420577403104e+00 -3.835644865667849501e+01
3.600000000000000000e+02 3.238095177662467350e+00 1.876555223689202467e+00 3.742555261737114058e+00 -3.943477214780607198e+01
3.700000000000000000e+02 3.075110370407008187e+00 1.918445870553389554e+00 3.624463870481823502e+00 -4.051221912086958099e+01
3.800000000000000000e+02 2.914257518361179855e+00 1.956349868561674699e+00 3.510014485945313734e+00 -4.158879447921502504e+01
3.900000000000000000e+02 2.755633176154401287e+00 1.990231686475202100e+00 3.399196429654032237e+00 -4.266450251757596135e+01
4.000000000000000000e+02 2.599331846485749331e+00 2.020074583087205777e+00 3.291994436415402348e+00 -4.373934718331798877e+01
4.100000000000000000e+02 2.445446070002547323e+00 2.045878727464385705e+00 3.188389287521553150e+00 -4.481333248839998618e+01
