0.000000000000000000e+00 8.309975122682729420e+00 -4.353330946751713669e-15 8.309975122682729420e+00 -5.238681082051563697e-16
1.000000000000000000e+01 8.208242034604337434e+00 1.082590387858235026e+00 8.279326014026056058e+00 -9.788662170656813322e-01
2.000000000000000000e+01 7.930840966752152887e+00 2.128896007969296011e+00 8.211603780788612639e+00 -1.957749671077673614e+00
3.000000000000000000e+01 7.489308616924126305e+00 3.105315752856420364e+00 8.107572354562874395e+00 -2.936942816218674590e+00
4.000000000000000000e+01 6.902492448451583940e+00 3.982645155521328473e+00 7.969056684183432715e+00 -3.916674072920471428e+00
5.000000000000000000e+01 6.194800840651899954e+00 4.737038491781754956e+00 7.798403113969131439e+00 -4.897169885866925476e+00
6.000000000000000000e+01 5.394610793948919181e+00 5.351064206332726947e+00 7.598402052963865394e+00 -5.878654290192972809e+00
7.000000000000000000e+01 4.532500358145478359e+00 5.814269271018734031e+00 7.372196867454205993e+00 -6.861348707125418223e+00
8.000000000000000000e+01 3.639464349146806832e+00 6.123234782994829928e+00 7.123180817330719172e+00 -7.845472856617097257e+00
9.000000000000000000e+01 2.745258531274462843e+00 6.281169901400107669e+00 6.854891664628250503e+00 -8.831246135743258563e+00
1.000000000000000000e+02 1.876985052828656242e+00 6.297126579701985527e+00 6.570911356070132214e+00 -9.818888964049442336e+00
1.100000000000000000e+02 1.057995614794469796e+00 6.184937192426803954e+00 6.274775119093009224e+00 -1.080862391667474220e+01
1.200000000000000000e+02 3.071529012837820316e-01 5.961985595909713886e+00 5.969892390202853782e+00 -1.180067672421782632e+01
1.300000000000000000e+02 -3.615435525681334195e-01 5.647921439025299861e+00 5.659481453437691378e+00 -1.279527733668559364e+01
1.400000000000000000e+02 -9.389921123258928581e-01 5.263417536230045712e+00 5.346519461079722646e+00 -1.379266124330296606e+01
1.500000000000000000e+02 -1.420734526118040630e+00 4.829051474652725773e+00 5.033708845230275841e+00 -1.479307118026032697e+01
1.600000000000000000e+02 -1.806478175434911515e+00 4.364368169185955715e+00 4.723459845762025822e+00 -1.579675931557066271e+01
1.700000000000000000e+02 -2.099467034572155111e+00 3.887154225960895992e+00 4.417887482231847684e+00 -1.680398999482057576e+01
1.800000000000000000e+02 -2.305770536426414274e+00 3.412931775466389261e+00 4.118820349401064895e+00 -1.781504316858450565e+01
1.900000000000000000e+02 -2.433550949323534329e+00 2.954661179380979164e+00 3.827818296091713979e+00 -1.883021867181584597e+01
2.000000000000000000e+02 -2.492358223739916667e+00 2.522629315693522667e+00 3.546196297420711296e+00 -1.984984156155916324e+01
2.100000000000000000e+02 -2.492488552455619288e+00 2.124492588204574872e+00 3.275052357056064345e+00 -2.087426876635997886e+01
2.200000000000000000e+02 -2.444430537983296237e+00 1.765440302729452293e+00 3.015297683069909862e+00 -2.190389729259452878e+01
2.300000000000000000e+02 -2.358411842628268751e+00 1.448443724105618058e+00 2.767687778877924387e+00 -2.293917406697266514e+01
2.400000000000000000e+02 -2.244049846243859836e+00 1.174558559036534389e+00 2.532853631979762099e+00 -2.398060723468002564e+01
2.500000000000000000e+02 -2.110102362724825209e+00 9.432528829947230964e-01 2.311332512308591713e+00 -2.502877833585830203e+01
2.600000000000000000e+02 -1.964309323516215233e+00 7.527376685244593357e-01 2.103598135592530394e+00 -2.608435396981349541e+01
2.700000000000000000e+02 -1.813313173478880991e+00 6.002822330107879800e-01 1.910089899554591186e+00 -2.714809399367658571e+01
2.800000000000000000e+02 -1.662643978365172970e+00 4.825018353683641625e-01 1.731240312587426500e+00 -2.822085065949694282e+01
2.900000000000000000e+02 -1.516754887721263101e+00 3.956093167799294985e-01 1.567498682917923158e+00 -2.930354907465029513e+01
3.000000000000000000e+02 -1.379094193724251349e+00 3.356267351220686423e-01 1.419347068370749865e+00 -3.039713400089262407e+01
3.100000000000000000e+02 -1.252201434247734335e+00 2.985563952542458765e-01 1.287301189729618933e+00 -3.150246277763146807e+01
3.200000000000000000e+02 -1.137816872713463878e+00 2.805132326459489067e-01 1.171885194684584741e+00 -3.262012346781585137e+01
3.300000000000000000e+02 -1.036995860566184202e+00 2.778219980451959725e-01 1.073566708420685911e+00 -3.375017056003999727e+01
3.400000000000000000e+02 -9.502215972014508294e-01 2.870835329965023552e-01 9.926419488948823311e-01 -3.489181045033511452e+01
3.500000000000000000e+02 -8.775115082335759320e-01 3.052150245951560370e-01 9.290762392403472125e-01 -3.604313770843351961e+01
3.600000000000000000e+02 -8.185140374394559437e-01 3.294693385412340025e-01 8.823351259721202711e-01 -3.720108537086680656e+01
3.700000000000000000e+02 -7.725940710924376065e-01 3.574383012607372234e-01 8.512718354881406713e-01 -3.836172857492909571e+01
3.800000000000000000e+02 -7.389064425217367615e-01 3.870442482226031933e-01 8.341378668315740930e-01 -3.952091853493097062e+01
3.900000000000000000e+02 -7.164577874336114371e-01 4.165234026519791799e-01 8.287360895550818229e-01 -4.067501185330543478e+01
4.000000000000000000e+02 -7.041574878054971398e-01 4.444039614027044949e-01 8.326659885830364205e-01 -4.182139148733836009e+01
4.100000000000000000e+02 -7.008588453717100597e-01 4.694812355545254223e-01 8.435732046915491722e-01 -4.295862133207067757e+01
4.200000000000000000e+02 -7.053917164840838305e-01 4.907916886691446323e-01 8.593334366537082047e-01 -4.408628997556506590e+01
4.300000000000000000e+02 -7.165876850012198318e-01 5.075871636687534494e-01 8.781472763817567140e-01 -4.520470820538800893e+01
4.400000000000000000e+02 -7.332988594390454917e-01 5.193100516171816894e-01 8.985600408237864878e-01 -4.631460441142769469e+01
4.500000000000000000e+02 -7.544115221985360220e-01 5.255699314845747594e-01 9.194348795355834492e-01 -4.741688960917976203e+01
4.600000000000000000e+02 -7.788557642970630468e-01 5.261222838825536652e-01 9.399047606946975275e-01 -4.851250502638006168e+01
4.700000000000000000e+02 -8.056119445596710005e-01 5.208496970833759177e-01 9.593200780600075195e-01 -4.960233706032857981e+01
4.800000000000000000e+02 -8.337146694234236488e-01 5.097456123605622613e-01 9.772004601578190286e-01 -5.068717794048811953e+01
4.900000000000000000e+02 -8.622549556489652600e-01 4.929005110200290751e-01 9.931941010220534105e-01 -5.176771378194207074e+01
5.000000000000000000e+02 -8.903811491272856093e-01 4.704904590557644761e-01 1.007045114572197253e+00 -5.284452744353603748e+01
5.100000000000000000e+02 -9.172991428632487620e-01 4.427678400310483542e-01 1.018568150721104626e+00 -5.391810840416594175e+01
5.200000000000000000e+02 -9.422724164084285148e-01 4.100539965938535536e-01 1.027629109575420197e+00 -5.498886518093885201e+01
5.300000000000000000e+02 -9.646223611183598612e-01 3.727336145563355241e-01 1.034130865504840457e+00 -5.605713807699986972e+01
5.400000000000000000e+02 -9.837292646399765639e-01 3.312506854948917834e-01 1.038003026368393922e+00 -5.712321135047793064e+01
5.500000000000000000e+02 -9.990341791901732327e-01 2.861056076107902912e-01 1.039194741083942608e+00 -5.818732440345665680e+01
5.600000000000000000e+02 -1.010041874098140058e+00 2.378528261100752161e-01 1.037669771324303714e+00 -5.924968179711817839e+01
5.700000000000000000e+02 -1.016325082672261404e+00 1.870983895271877695e-01 1.033403348665198784e+00 -6.031046203875384037e+01
5.800000000000000000e+02 -1.017530069344971366e+00 1.344968612743559500e-01 1.026380459534297351e+00 -6.136982526586564290e+01
5.900000000000000000e+02 -1.013383312824848170e+00 8.074714713375075181e-02 1.016595219584522702e+00 -6.242792010892774357e+01
6.000000000000000000e+02 -1.003699013079083047e+00 2.658683244550968244e-02 1.004051078638637184e+00 -6.348489000347917965e+01
6.100000000000000000e+02 -9.883871546410012421e-01 -2.721540357518275471e-02 9.887617739633215441e-01 -6.454087913697512136e+01
6.200000000000000000e+02 -9.674617056945167270e-01 -7.986973614204462280e-02 9.707529689559252217e-01 -6.559603816974431822e+01
6.300000000000000000e+02 -9.410481844859597267e-01 -1.305778156811386870e-01 9.500643407013960040e-01 -6.665052989146666107e+01
6.400000000000000000e+02 -9.093896906222516119e-01 -1.785481119209316458e-01 9.267518749269213485e-01 -6.770453502732425477e+01
6.500000000000000000e+02 -8.728506092296302032e-01 -2.230138307310017554e-01 9.008903122632924143e-01 -6.875825841124454030e+01
6.600000000000000000e+02 -8.319172748154247676e-01 -2.632530420279859951e-01 8.725757939991869439e-01 -6.981193580388168130e+01
6.700000000000000000e+02 -7.871948810035812594e-01 -2.986103913590349435e-01 8.419287063082232514e-01 -7.086584175386060735e+01
6.800000000000000000e+02 -7.393999766487290293e-01 -3.285195391698343403e-01 8.090966648581005005e-01 -7.192029897760495771e+01
6.900000000000000000e+02 -6.893481553705247400e-01 -3.525253512357368613e-01 7.742577106988504099e-01 -7.297568977435528836e+01
7.000000000000000000e+02 -6.379368084841045006e-01 -3.703047590453444338e-01 7.376238785387275732e-01 -7.403247008116181860e+01
7.100000000000000000e+02 -5.861229780124608268e-01 -3.816849656669155655e-01 6.994451789599740454e-01 -7.509118698747734300e+01
7.200000000000000000e+02 -5.348966562042549722e-01 -3.866575901843795071e-01 6.600140338399513862e-01 -7.615250059182994846e+01
7.300000000000000000e+02 -4.852502045959311006e-01 -3.853875854335325202e-01 6.196703575827081645e-01 -7.721721064217619812e+01
7.400000000000000000e+02 -4.381449431890583335e-01 -3.782158658956797370e-01 5.788075953694473696e-01 -7.828628777516495063e+01
7.500000000000000000e+02 -3.944764784065058483e-01 -3.656546881616402067e-01 5.378801381261301140e-01 -7.936090789202677342e+01
7.600000000000000000e+02 -3.550406106598157918e-01 -3.483753387432056980e-01 4.974125167927906377e-01 -8.044248447632828913e+01
7.700000000000000000e+02 -3.205016408846451115e-01 -3.271883039544862259e-01 4.580103580208239045e-01 -8.153268568551428075e+01
7.800000000000000000e+02 -2.913648133085977587e-01 -3.030164482399838044e-01 4.203717668187634260e-01 -8.263340872864623066e+01
7.900000000000000000e+02 -2.679545936580036702e-01 -2.768620680583831484e-01 3.852950414837837956e-01 -8.374666114984806597e+01
8.000000000000000000e+02 -2.504003655608296741e-01 -2.497691523790034063e-01 3.536735395150772954e-01 -8.487427118084366384e+01
8.100000000000000000e+02 -2.386307814197658195e-01 -2.227826382895495561e-01 3.264609528936964766e-01 -8.601734263491246679e+01
8.200000000000000000e+02 -2.323774879904412227e-01 -1.969068717174477512e-01 3.045843283136857038e-01 -8.717544923003100621e+01
8.300000000000000000e+02 -2.311882841655826804e-01 -1.730656605949694171e-01 2.887901411277735142e-01 -8.834580807608571718e+01
8.400000000000000000e+02 -2.344491171878578528e-01 -1.520662039719154202e-01 2.794468087858476002e-01 -8.952300941285298563e+01
8.500000000000000000e+02 -2.414137037231002259e-01 -1.345690210829217914e-01 2.763863198143509115e-01 -9.069988463856688554e+01
8.600000000000000000e+02 -2.512390553060342979e-01 -1.210656651681946694e-01 2.788869989685535677e-01 -9.186936509104339166e+01
8.700000000000000000e+02 -2.630248352464480965e-01 -1.118655116647383624e-01 2.858250455373616550e-01 -9.302627924563842043e+01
8.800000000000000000e+02 -2.758540139258681134e-01 -1.070921745437476008e-01 2.959124378047018333e-01 -9.416809680041005493e+01
8.900000000000000000e+02 -2.888320981781508090e-01 -1.066892359291491260e-01 3.079067618632929659e-01 -9.529457155310896610e+01
9.000000000000000000e+02 -3.011226511034721942e-01 -1.104343429399705367e-01 3.207344619902364746e-01 -9.640689609108086700e+01
9.100000000000000000e+02 -3.119774772536829666e-01 -1.179602429643639150e-01 3.335334544446539318e-01 -9.750691727010968179e+01
9.200000000000000000e+02 -3.207603293921394982e-01 -1.287810022889975536e-01 3.456468363262025223e-01 -9.859661999910451868e+01
9.300000000000000000e+02 -3.269633965142713650e-01 -1.423215207688201811e-01 3.565956785129320017e-01 -9.967785946965931032e+01
9.400000000000000000e+02 -3.302163149406192599e-01 -1.579484350024658590e-01 3.660471592195333468e-01 -1.007522552349174418e+02
9.500000000000000000e+02 -3.302879278543391917e-01 -1.750005575490030663e-01 3.737851126366258936e-01 -1.018211717917539829e+02
9.600000000000000000e+02 -3.270815363999687309e-01 -1.928171908765689835e-01 3.796851334346596496e-01 -1.028857382535845062e+02
9.700000000000000000e+02 -3.206248232787242136e-01 -2.107631075252847375e-01 3.836943637795945938e-01 -1.039468816795750570e+02
9.800000000000000000e+02 -3.110557223720953890e-01 -2.282494794218577761e-01 3.858153538634448432e-01 -1.050053618178381214e+02
9.900000000000000000e+02 -2.986054337899944899e-01 -2.447502757628222669e-01 3.860931268164305430e-01 -1.060618023539778960e+02
1.000000000000000000e+03 -2.835797997820511118e-01 -2.598139169601574872e-01 3.846046987370380643e-01 -1.071167173563190289e+02
1.010000000000000000e+03 -2.663402017657501841e-01 -2.730704034653397838e-01 3.814505843819667730e-01 -1.081705328756748798e+02
1.020000000000000000e+03 -2.472848888891086006e-01 -2.842343864551268862e-01 3.767479299431135686e-01 -1.092236040818233960e+02
1.030000000000000000e+03 -2.268314270705834301e-01 -2.931046372017867552e-01 3.706249110031170635e-01 -1.102762286857173279e+02
1.040000000000000000e+03 -2.054008660908626105e-01 -2.995603917435753494e-01 3.632161121046817986e-01 -1.113286575856940885e+02
1.050000000000000000e+03 -1.834041012309802210e-01 -3.035551872400161777e-01 3.546587318094183150e-01 -1.123811035182271496e+02
1.060000000000000000e+03 -1.612306540058242865e-01 -3.051088909186375209e-01 3.450894943471140563e-01 -1.134337481310891320e+02
1.070000000000000000e+03 -1.392398928952941484e-01 -3.042986228538617222e-01 3.346421964490577383e-01 -1.144867476572063509e+02
1.080000000000000000e+03 -1.177546416956104652e-01 -3.012491726783431689e-01 3.234458527794842886e-01 -1.155402374987836538e+02
1.090000000000000000e+03 -9.705702716076676506e-02 -2.961233107145830878e-01 3.116233009096902040e-01 -1.165943361507716531e+02
1.100000000000000000e+03 -7.738633158008717539e-02 -2.891122692930072624e-01 2.992900742944468728e-01 -1.176491487709671446e+02
1.110000000000000000e+03 -5.893854340953402077e-02 -2.804267344100103698e-01 2.865534946063300614e-01 -1.187047703195154895e+02
1.120000000000000000e+03 -4.186727245752733945e-02 -2.702886392843276697e-01 2.735120052743685859e-01 -1.197612880827114594e+02
1.130000000000000000e+03 -2.628583302999456736e-02 -2.589239658824453172e-01 2.602548080754214510e-01 -1.208187839057537190e+02
1.140000000000000000e+03 -1.227027173018424740e-02 -2.465567500806584433e-01 2.468618856337867762e-01 -1.218773365160719777e+02
1.150000000000000000e+03 1.369885199595338406e-04 -2.334042280560179039e-01 2.334042682563457483e-01 -1.229370241043508827e+02
1.160000000000000000e+03 1.092312556686634260e-02 -2.196729669601603929e-01 2.199443727064396836e-01 -1.239979274537025447e+02
1.170000000000000000e+03 2.010070802281268415e-02 -2.055559552694464776e-01 2.065364113413251101e-01 -1.250601338952103987e+02
1.180000000000000000e+03 2.770348471945201230e-02 -1.912306735098274757e-01 1.932269483188696901e-01 -1.261237424505881393e+02
1.190000000000000000e+03 3.378234630878523131e-02 -1.768580721445875414e-01 1.800556153104557466e-01 -1.271888707025475469e+02
1.200000000000000000e+03 3.840158431379563087e-02 -1.625823029278205267e-01 1.670559394428200450e-01 -1.282556642371441740e+02
1.210000000000000000e+03 4.163554462519494098e-02 -1.485310948998592451e-01 1.542562955875305397e-01 -1.293243099241793175e+02
1.220000000000000000e+03 4.356581636345453062e-02 -1.348166436518198619e-01 1.416810070579540559e-01 -1.303950545136858636e+02
1.230000000000000000e+03 4.427899050538171982e-02 -1.215367574039020321e-01 1.293515071440244912e-01 -1.314682311299856678e+02
1.240000000000000000e+03 4.386484090252629198e-02 -1.087760480387867379e-01 1.172874796998400193e-01 -1.325442989491099866e+02
1.250000000000000000e+03 4.241481384070897726e-02 -9.660718323745771940e-02 1.055081242664171748e-01 -1.336239052815213029e+02
1.260000000000000000e+03 4.002088500772412599e-02 -8.509223814617160320e-02 9.403382492234514667e-02 -1.347079851416275460e+02
1.270000000000000000e+03 3.677484477754394687e-02 -7.428402600956454660e-02 8.288851385205378564e-02 -1.357979254324924341e+02
1.280000000000000000e+03 3.276792071797626771e-02 -6.422723136395483423e-02 7.210321682739655180e-02 -1.368958467874322196e+02
1.290000000000000000e+03 2.809057420398048538e-02 -5.495929866441506134e-02 6.172199663648049450e-02 -1.380051102466721886e+02
1.300000000000000000e+03 2.283235371084122584e-02 -4.651114662939660749e-02 5.181315602005147347e-02 -1.391312693251362305e+02
1.310000000000000000e+03 1.708176043938299665e-02 -3.890773820903917907e-02 4.249233615902515970e-02 -1.402839150315811878e+02
1.320000000000000000e+03 1.092609342344112548e-02 -3.216849453338305187e-02 3.397339485600546494e-02 -1.414801844879558530e+02
1.330000000000000000e+03 4.451211326442000224e-03 -2.630761678993450564e-02 2.668152888120711719e-02 -1.427499998778454540e+02
1.340000000000000000e+03 -2.258774350291023903e-03 -2.133433540044370538e-02 2.145357612483658055e-02 -1.441330931304049443e+02
1.350000000000000000e+03 -9.121785717271351998e-03 -1.725300404937412171e-02 1.951597098274988548e-02 -1.456239596898807065e+02
1.360000000000000000e+03 -1.605800579357508778e-02 -1.406308246970058677e-02 2.134548754692876596e-02 -1.470991427202914963e+02
1.370000000000000000e+03 -2.299003232560753451e-02 -1.175910737930803591e-02 2.582282309683773050e-02 -1.484556122612293336e+02
1.380000000000000000e+03 -2.984296719294676770e-02 -1.033062452772626379e-02 3.158044480389971681e-02 -1.497051520738821466e+02
1.390000000000000000e+03 -3.654450234093570282e-02 -9.762086006767620866e-03 3.782590348623788429e-02 -1.508873736299472625e+02
1.400000000000000000e+03 -4.302506482447926439e-02 -1.003277796728322020e-02 4.417932589901578389e-02 -1.520293165721181481e+02
1.410000000000000000e+03 -4.921803764699771155e-02 -1.111678797003877971e-02 5.045788545502162548e-02 -1.531462667235572894e+02
1.420000000000000000e+03 -5.506001239123071295e-02 -1.298296676712079774e-02 5.656997782038315770e-02 -1.542468405574962844e+02
1.430000000000000000e+03 -6.049099974378373962e-02 -1.559484239672281718e-02 6.246887352418856870e-02 -1.553360970149254570e+02
1.440000000000000000e+03 -6.545460315390536077e-02 -1.891050683976241639e-02 6.813158109842995525e-02 -1.564171554136887323e+02
1.450000000000000000e+03 -6.989823725685408162e-02 -2.288255149991796564e-02 7.354845161362584538e-02 -1.574920338038809291e+02
1.460000000000000000e+03 -7.377342817219940951e-02 -2.745809449373834074e-02 7.871763244347310118e-02 -1.585620981978129862e+02
1.470000000000000000e+03 -7.703616408608560118e-02 -3.257886984070173381e-02 8.364181572153780997e-02 -1.596283137219152195e+02
1.480000000000000000e+03 -7.964724642469900306e-02 -3.818135351654576570e-02 8.832609817824044196e-02 -1.606913908172087702e+02
1.490000000000000000e+03 -8.157267451002390979e-02 -4.419692441817352213e-02 9.277644827618725110e-02 -1.617518734620424539e+02
1.500000000000000000e+03 -8.278417000972435047e-02 -5.055209653133838771e-02 9.699862508258919047e-02 -1.628101942436916261e+02
1.510000000000000000e+03 -8.325983251553863151e-02 -5.716886462030032479e-02 1.009974197318415229e-01 -1.638667096559952370e+02
1.520000000000000000e+03 -8.298483749854282387e-02 -6.396522149970317039e-02 1.047761080407439427e-01 -1.649217227481820487e+02
1.530000000000000000e+03 -8.195211993886440671e-02 -7.085591461874095331e-02 1.083361001648680544e-01 -1.659754972786043652e+02
1.540000000000000000e+03 -8.016301107652765157e-02 -7.775339735272836228e-02 1.116767618833334613e-01 -1.670282667915359127e+02
1.550000000000000000e+03 -7.762779843121889178e-02 -8.456892165917793969e-02 1.147953727284951458e-01 -1.680802408050450936e+02
1.560000000000000000e+03 -7.436617654402345734e-02 -9.121376859233901180e-02 1.176872116867148654e-01 -1.691316091595999751e+02
1.570000000000000000e+03 -7.040755355239478042e-02 -9.760061441172382390e-02 1.203457665677498262e-01 -1.701825451754708638e+02
1.580000000000000000e+03 -6.579115566764025258e-02 -1.036449884561204127e-01 1.227630229187641198e-01 -1.712332080562349290e+02
1.590000000000000000e+03 -6.056592710128406304e-02 -1.092667592919706887e-01 1.249298051379554436e-01 -1.722837451150673473e+02
1.600000000000000000e+03 -5.479030550101427616e-02 -1.143916228599864138e-01 1.268361973469555037e-01 -1.733342945982023480e+02
1.610000000000000000e+03 -4.853183845627707244e-02 -1.189525678539384151e-01 1.284719920566035067e-01 -1.743849890352586556e+02
1.620000000000000000e+03 -4.186650317345733119e-02 -1.228913572980119412e-01 1.298271535023422796e-01 -1.754359580302614745e+02
1.630000000000000000e+03 -3.487770767018777418e-02 -1.261600795820209120e-01 1.308923992158021465e-01 -1.764873303333729666e+02
1.640000000000000000e+03 -2.765501662960410945e-02 -1.287226555448781340e-01 1.316598723807258786e-01 -1.775392360357910491e+02
1.650000000000000000e+03 -2.029253774644405525e-02 -1.305561105792099885e-01 1.321237491814464260e-01 -1.785918087108392172e+02
1.660000000000000000e+03 -1.288696425338882456e-02 -1.316514882560327060e-01 1.322807174447448997e-01 -1.796451871207319755e+02
1.670000000000000000e+03 -5.535412760669150035e-03 -1.320143390323583743e-01 1.321303390769184294e-01 -1.806995168623921018e+02
1.680000000000000000e+03 1.666879163565653226e-03 -1.316647634414361279e-01 1.316753143844177909e-01 -1.817549516711695787e+02
1.690000000000000000e+03 8.628934327036819063e-03 -1.306370038387917321e-01 1.309216761258302775e-01 -1.828116540734839646e+02
1.700000000000000000e+03 1.526634193621118768e-02 -1.289785967350660645e-01 1.298789421417502754e-01 -1.838697957973558346e+02
1.710000000000000000e+03 2.150338580478143927e-02 -1.267490765347006609e-01 1.285601960307648228e-01 -1.849295579455682628e+02
1.720000000000000000e+03 2.727493637119159098e-02 -1.240182510567293395e-01 1.269820804256352464e-01 -1.859911305419693690e+02
1.730000000000000000e+03 3.252799123679286919e-02 -1.208641700617423265e-01 1.251647626874858310e-01 -1.870547116596255819e+02
1.740000000000000000e+03 3.722275608158930049e-02 -1.173708881583524766e-01 1.231318762846972115e-01 -1.881205064795766191e+02
1.750000000000000000e+03 4.133325540531292835e-02 -1.136260673193958820e-01 1.209103849008542203e-01 -1.891887258710876552e+02
1.760000000000000000e+03 4.484751049601247430e-02 -1.097185418237193316e-01 1.185304079872046973e-01 -1.902595839302924503e+02
1.770000000000000000e+03 4.776727400539694524e-02 -1.057359514298404357e-01 1.160250140731740875e-01 -1.913332944357923964e+02
1.780000000000000000e+03 5.010733038657039229e-02 -1.017624916468054252e-01 1.134299310792132309e-01 -1.924100659913016784e+02
1.790000000000000000e+03 5.189442816381489160e-02 -9.787691204932692790e-02 1.107832188860796013e-01 -1.934900955998875531e+02
1.800000000000000000e+03 5.316596192363869794e-02 -9.415087576460982877e-02 1.081249597202643686e-01 -1.945735602700094944e+02
1.810000000000000000e+03 5.396855600973203548e-02 -9.064762851642400865e-02 1.054969079804104481e-01 -1.956606055134469386e+02
1.820000000000000000e+03 5.435655874415620814e-02 -8.742087864715614165e-02 1.029419520989752063e-01 -1.967513305218149355e+02
1.830000000000000000e+03 5.439035789332067466e-02 -8.451394609967033400e-02 1.005033239107119974e-01 -1.978457716618060260e+02
1.840000000000000000e+03 5.413460715243895160e-02 -8.195928064697723114e-02 9.822361923549177698e-02 -1.989438855392942287e+02
1.850000000000000000e+03 5.365644888175222227e-02 -7.977829925917230558e-02 9.614359853513983201e-02 -2.000455329817982886e+02
1.860000000000000000e+03 5.302370068731308145e-02 -7.798145466030245720e-02 9.430068984644053576e-02 -2.011504667059653855e+02
1.870000000000000000e+03 5.230310016425858410e-02 -7.656857837981008441e-02 9.272735023658115749e-02 -2.022583255892696457e+02
1.880000000000000000e+03 5.155872683657253264e-02 -7.552951386557517355e-02 9.144949304276332736e-02 -2.033686380129768452e+02
1.890000000000000000e+03 5.085056638373460641e-02 -7.484493275721876282e-02 9.048504882564410712e-02 -2.044808363589181397e+02
1.900000000000000000e+03 5.023317335043738646e-02 -7.448730011241232185e-02 8.984280484764305130e-02 -2.055942834604988150e+02
1.910000000000000000e+03 4.975451306866199297e-02 -7.442205332356176262e-02 8.952180511805338248e-02 -2.067083089595393801e+02
1.920000000000000000e+03 4.945508126363797746e-02 -7.460898332843371450e-02 8.951148225839819506e-02 -2.078222505692277480e+02
1.930000000000000000e+03 4.936737200376601492e-02 -7.500374846320215227e-02 8.979253700664392712e-02 -2.089354937674800681e+02
1.940000000000000000e+03 4.951570177939818018e-02 -7.555942066376929167e-02 9.033842357353122354e-02 -2.100475040446585808e+02
1.950000000000000000e+03 4.991630575835923067e-02 -7.622800078520940159e-02 9.111720849692385438e-02 -2.111578485564761252e+02
1.960000000000000000e+03 5.057764339835296025e-02 -7.696182388853321787e-02 9.209354129351611518e-02 -2.122662060572897929e+02
1.970000000000000000e+03 5.150089260946506126e-02 -7.771472636482990026e-02 9.323047052081223640e-02 -2.133723654700008865e+02
1.980000000000000000e+03 5.268060844182671093e-02 -7.844295272227792826e-02 9.449096960869114714e-02 -2.144762155510267689e+02
1.990000000000000000e+03 5.410548393048237453e-02 -7.910588913546980072e-02 9.583916259684724381e-02 -2.155777295729450316e+02
2.000000000000000000e+03 5.575915944875139973e-02 -7.966668291907248733e-02 9.724126814145997444e-02 -2.166769483973936303e+02
2.010000000000000000e+03 5.762108063760478655e-02 -8.009273620062982990e-02 9.866628261948978684e-02 -2.177739637641128070e+02
2.020000000000000000e+03 5.966738005217882279e-02 -8.035602223400788169e-02 1.000863954369599351e-01 -2.188689028812678430e+02
2.030000000000000000e+03 6.187170233983602108e-02 -8.043318374211233523e-02 1.014771136627450332e-01 -2.199619152173308692e+02
2.040000000000000000e+03 6.420596063395421493e-02 -8.030544639119641115e-02 1.028171683184194579e-01 -2.210531616883528443e+02
2.050000000000000000e+03 6.664101513675002586e-02 -7.995845439817439448e-02 1.040883246488359948e-01 -2.221428065419973166e+02
2.060000000000000000e+03 6.914719808703462256e-02 -7.938212345668847758e-02 1.052751467715934142e-01 -2.232310125484808339e+02
2.070000000000000000e+03 7.169467278377941732e-02 -7.857050058038458906e-02 1.063647012266071973e-01 -2.243179389204406959e+02
2.080000000000000000e+03 7.425372694561642450e-02 -7.752156007541122218e-02 1.073462073938327571e-01 -2.254037402627884035e+02
2.090000000000000000e+03 7.679512039696489989e-02 -7.623689980136934274e-02 1.082106991388021855e-01 -2.264885651351788454e+02
2.100000000000000000e+03 7.929045605165649380e-02 -7.472137852935448188e-02 1.089507266162403759e-01 -2.275725545005783204e+02
2.110000000000000000e+03 8.171243955357872235e-02 -7.298278402727749470e-02 1.095600727554043169e-01 -2.286558413246442001e+02
2.120000000000000000e+03 8.403501279748454289e-02 -7.103158452251742694e-02 1.100334920633391916e-01 -2.297385515365177469e+02
2.130000000000000000e+03 8.623346704512052652e-02 -6.888073614846997039e-02 1.103665105499717497e-01 -2.308208053950112344e+02
2.140000000000000000e+03 8.828457617616783382e-02 -6.654552850367455308e-02 1.105552972699134912e-01 -2.319027189189632168e+02
2.150000000000000000e+03 9.016669507751125245e-02 -6.404350617132210932e-02 1.105965803445887047e-01 -2.329844060248104256e+02
2.160000000000000000e+03 9.185987680108285980e-02 -6.139444850798549819e-02 1.104876249790437137e-01 -2.340659810221158921e+02
2.170000000000000000e+03 9.334610934041187580e-02 -5.862030912522997461e-02 1.102262980006570442e-01 -2.351475603552748908e+02
2.180000000000000000e+03 9.460968484508222587e-02 -5.574512201156430619e-02 1.098112521309632106e-01 -2.362292637642210025e+02
2.190000000000000000e+03 9.563763022605385744e-02 -5.279489401196463955e-02 1.092421949110781582e-01 -2.373112155336495732e+02
2.200000000000000000e+03 9.642015304489251482e-02 -4.979741646453809262e-02 1.085201760030969770e-01 -2.383935455879217216e+02
2.210000000000000000e+03 9.695115276792520831e-02 -4.678193463067074898e-02 1.076479234858616491e-01 -2.394763896733155661e+02
2.220000000000000000e+03 9.722876859763060486e-02 -4.377864852562317333e-02 1.066302185580693951e-01 -2.405598884328661597e+02
2.230000000000000000e+03 9.725579957416721766e-02 -4.081808059595740112e-02 1.054741971021759261e-01 -2.416441860813687867e+02
2.240000000000000000e+03 9.703991168551037716e-02 -3.793035203995064747e-02 1.041895199422967072e-01 -2.427294289208512907e+02
2.250000000000000000e+03 9.659365925515814300e-02 -3.514434440169380419e-02 1.027884232378649954e-01 -2.438157628637587209e+02
2.260000000000000000e+03 9.593436686719201967e-02 -3.248676357485919680e-02 1.012856976763145400e-01 -2.449033294076957077e+02
2.270000000000000000e+03 9.508390154203605338e-02 -2.998118628709661032e-02 9.969864524474339462e-02 -2.459922602000821144e+02
2.280000000000000000e+03 9.406824339866090567e-02 -2.764717936113540026e-02 9.804693234740444185e-02 -2.470826709183389482e+02
2.290000000000000000e+03 9.291674834309987530e-02 -2.549960868853813276e-02 9.635222968838615121e-02 -2.481746555604620710e+02
2.300000000000000000e+03 9.166119300196989839e-02 -2.354815516095731115e-02 9.463767703208324222e-02 -2.492682808957029295e+02
2.310000000000000000e+03 9.033472764965161383e-02 -2.179697965509793528e-02 9.292723681258087398e-02 -2.503635802431777790e+02
2.320000000000000000e+03 8.897080718919839204e-02 -2.024459382426900544e-02 9.124498951179263462e-02 -2.514605473092678096e+02
2.330000000000000000e+03 8.760217198760607282e-02 -1.888396196168774452e-02 8.961442158668761482e-02 -2.525591308242428568e+02
2.340000000000000000e+03 8.625982967814802005e-02 -1.770275389724865547e-02 8.805762722018836697e-02 -2.536592300997229188e+02
2.350000000000000000e+03 8.497201190012897143e-02 -1.668376034737615102e-02 8.659440320069386465e-02 -2.547606925865023015e+02
2.360000000000000000e+03 8.376326470045294958e-02 -1.580551522433503581e-02 8.524141496235755622e-02 -2.558633145710572876e+02
2.370000000000000000e+03 8.265379459404022244e-02 -1.504303350462083896e-02 8.401156240551022059e-02 -2.569668446892358133e+02
2.380000000000000000e+03 8.165901408413639428e-02 -1.436858234301268029e-02 8.291351361353058169e-02 -2.580709900442790286e+02
2.390000000000000000e+03 8.078919577518831052e-02 -1.375254515733465195e-02 8.195136760485595417e-02 -2.591754259796472297e+02
2.400000000000000000e+03 8.004924395482077015e-02 -1.316442435840630559e-02 8.112449399796962946e-02 -2.602798098088470056e+02
2.410000000000000000e+03 7.943865251944237649e-02 -1.257386665808788405e-02 8.042761737637192654e-02 -2.613837963291116466e+02
2.420000000000000000e+03 7.895167078172596331e-02 -1.195155999696508042e-02 7.985114968231263322e-02 -2.624870522175671113e+02
2.430000000000000000e+03 7.857761121737440180e-02 -1.126998555016297740e-02 7.938169536442092611e-02 -2.635892680991474890e+02
2.440000000000000000e+03 7.830124104813267205e-02 -1.050412388936669203e-02 7.900266431178723514e-02 -2.646901686964522469e+02
2.450000000000000000e+03 7.810327234550298869e-02 -9.632162490145357997e-03 7.869497890788443306e-02 -2.657895210819210661e+02
2.460000000000000000e+03 7.796098201486580115e-02 -8.636177720531650059e-03 7.843786255592917478e-02 -2.668871405223470106e+02
2.470000000000000000e+03 7.784898803531500877e-02 -7.502754344776890565e-03 7.820969416178974454e-02 -2.679828937029353710e+02
2.480000000000000000e+03 7.774013979221938708e-02 -6.223436273253197572e-03 7.798884852311294136e-02 -2.690766986815629025e+02
2.490000000000000000e+03 7.760638751312619321e-02 -4.794950332609316905e-03 7.775437564233732279e-02 -2.701685217626882718e+02
2.500000000000000000e+03 7.741958382992533694e-02 -3.219256878449063691e-03 7.748648640407099220e-02 -2.712583726968078395e+02
2.510000000000000000e+03 7.715230844023604484e-02 -1.503472143946591464e-03 7.716695618038164894e-02 -2.723462992928966173e+02
2.520000000000000000e+03 7.677873664251086416e-02 3.403692104405820948e-04 7.677949108726532523e-02 -2.734323816037173174e+02
2.530000000000000000e+03 7.627548330298528079e-02 2.295702515201313628e-03 7.631002295335972962e-02 -2.745167262607712928e+02
2.540000000000000000e+03 7.562240792618865615e-02 4.341920299391035382e-03 7.574695276010214029e-02 -2.755994618700143519e+02
2.550000000000000000e+03 7.480334873956420716e-02 6.454976632462612954e-03 7.508134059790422254e-02 -2.766807353153482154e+02
2.560000000000000000e+03 7.380667293779646920e-02 8.608156379033275740e-03 7.430696687655033439e-02 -2.777607081160247162e+02
2.570000000000000000e+03 7.262555633137164623e-02 1.077302815384672922e-02 7.342022587846493142e-02 -2.788395519371731552e+02
2.580000000000000000e+03 7.125804025282238274e-02 1.292050464160887299e-02 7.241994021584588492e-02 -2.799174435189862606e+02
2.590000000000000000e+03 6.970695519629628578e-02 1.502186832614165780e-02 7.130719550470622503e-02 -2.809945604061934432e+02
2.600000000000000000e+03 6.797970057531899091e-02 1.704968125851119218e-02 7.008517190766426486e-02 -2.820710780770819497e+02
2.610000000000000000e+03 6.608783907580320638e-02 1.897859663212033907e-02 6.875892381236047013e-02 -2.831471675797527041e+02
2.620000000000000000e+03 6.404651805822887678e-02 2.078609315694747786e-02 6.733511820820051175e-02 -2.842229927427633811e+02
2.630000000000000000e+03 6.187378763290511674e-02 2.245311206670536075e-02 6.582178847100610131e-02 -2.852987068534792456e+02
2.640000000000000000e+03 5.958987961791811783e-02 2.396453271380117114e-02 6.422812920417983462e-02 -2.863744495599294737e+02
2.650000000000000000e+03 5.721643434786433113e-02 2.530937513251717286e-02 6.256424561266560325e-02 -2.874503452897157558e+02
2.660000000000000000e+03 5.477569768318644311e-02 2.648070968858907623e-02 6.084081723885020193e-02 -2.885265034263151733e+02
2.670000000000000000e+03 5.228972151477917496e-02 2.747540257033740871e-02 5.906871187435242671e-02 -2.896030184592087267e+02
2.680000000000000000e+03 4.977961395437170006e-02 2.829377510359896292e-02 5.725860350252452713e-02 -2.906799691714763867e+02
2.690000000000000000e+03 4.726499036846635443e-02 2.893915480172588525e-02 5.542070006026152129e-02 -2.917574185777763773e+02
2.700000000000000000e+03 4.476368031401432857e-02 2.941731782533429582e-02 5.356459337372034002e-02 -2.928354160201094487e+02
2.710000000000000000e+03 4.229161772620210202e-02 2.973587067589446298e-02 5.169915796947501668e-02 -2.939140011843288107e+02
2.720000000000000000e+03 3.986287455546506930e-02 2.990369096183754724e-02 4.983251449571684394e-02 -2.949932086718778237e+02
2.730000000000000000e+03 3.748977727975290331e-02 2.993049751221654731e-02 4.797205521774398906e-02 -2.960730719619496085e+02
2.740000000000000000e+03 3.518305224888331612e-02 2.982652102952939102e-02 4.612448939850296442e-02 -2.971536268573661914e+02
2.750000000000000000e+03 3.295199066158529394e-02 2.960228272667011704e-02 4.429592341503805347e-02 -2.982349142605021370e+02
2.760000000000000000e+03 3.080464932387873278e-02 2.926848687987510661e-02 4.249200800391250005e-02 -2.993169824951500573e+02
2.770000000000000000e+03 2.874804563970757842e-02 2.883601596843313186e-02 4.071812796574076493e-02 -3.003998888452368874e+02
2.780000000000000000e+03 2.678824175813856664e-02 2.831601791362751627e-02 3.897956858377672057e-02 -3.014836984385736969e+02
2.790000000000000000e+03 2.493031297567872145e-02 2.772001132149818498e-02 3.728162459884604152e-02 -3.025684806335206076e+02
2.800000000000000000e+03 2.317829905360938372e-02 2.705997772911267543e-02 3.562970588874715683e-02 -3.036543043747718684e+02
2.810000000000000000e+03 2.153514538323175048e-02 2.634848311289497355e-02 3.402947324052253697e-02 -3.047412314932387858e+02
2.820000000000000000e+03 2.000254859294591306e-02 2.559877181497523246e-02 3.248690611074456919e-02 -3.058293064538818271e+02
2.830000000000000000e+03 1.858072324541536896e-02 2.482471178599005013e-02 3.100821812971832694e-02 -3.069185439760032068e+02
2.840000000000000000e+03 1.726816202973848260e-02 2.404058225352427580e-02 2.959964552108299007e-02 -3.080089157525164296e+02
2.850000000000000000e+03 1.606143412310945609e-02 2.326082278037515730e-02 2.826721674503884785e-02 -3.091003352211481570e+02
2.860000000000000000e+03 1.495506098128614181e-02 2.249978078277456439e-02 2.701655019107544742e-02 -3.101926414471889188e+02
2.870000000000000000e+03 1.394149334841564974e-02 2.177138466552826918e-02 2.585262901598824395e-02 -3.112855859122922197e+02
2.880000000000000000e+03 1.301116206681764663e-02 2.108876602483546192e-02 2.477955590359215768e-02 -3.123788233452099234e+02
2.890000000000000000e+03 1.215255630620942426e-02 2.046391127234995638e-02 2.380034221052718460e-02 -3.134719057971574330e+02
2.900000000000000000e+03 1.135230976081570697e-02 1.990730590904097805e-02 2.291671367063020590e-02 -3.145642819573644147e+02
2.910000000000000000e+03 1.059534021759186984e-02 1.942748622105260753e-02 2.212890542244936101e-02 -3.156553067522322635e+02
2.920000000000000000e+03 9.865113089587615111e-03 1.903056499720534242e-02 2.143555131978671854e-02 -3.167442636450887221e+02
2.930000000000000000e+03 9.144017995633798440e-03 1.871982302303649634e-02 2.083374280148149460e-02 -3.178303971749964489e+02
2.940000000000000000e+03 8.413825653653332626e-03 1.849533976064851593e-02 2.031920409346539211e-02 -3.189129528974381174e+02
2.950000000000000000e+03 7.656225032604353255e-03 1.835367053314997110e-02 1.988655334112211098e-02 -3.199912208488387932e+02
2.960000000000000000e+03 6.853464315602005551e-03 1.828764253846770424e-02 1.952966570988872580e-02 -3.210645780044939670e+02
2.970000000000000000e+03 5.989094208133005984e-03 1.828630970505502537e-02 1.924209895159782052e-02 -3.221325259537650254e+02
2.980000000000000000e+03 5.048742045291012420e-03 1.833506943788656626e-02 1.901748057793174740e-02 -3.231947190996323229e+02
2.990000000000000000e+03 4.020839921770794252e-03 1.841594814422804066e-02 1.884978248488300076e-02 -3.242509796659589369e+02
3.000000000000000000e+03 2.897318991771798222e-03 1.850808096106302397e-02 1.873348654685894760e-02 -3.253013015592155170e+02
3.010000000000000000e+03 1.674279505786998310e-03 1.858841006386127356e-02 1.866365989204039899e-02 -3.263458471199325004e+02
3.020000000000000000e+03 3.525672786247084568e-04 1.863258548243118887e-02 1.863592083708402042e-02 -3.273849381884872400e+02
3.030000000000000000e+03 -1.061854400418938121e-03 1.861600575369231139e-02 1.864626517534260369e-02 -3.284190402440816570e+02
3.040000000000000000e+03 -2.557838287541224116e-03 1.851492876303057616e-02 1.869077643666278501e-02 -3.294487372740251772e+02
3.050000000000000000e+03 -4.119295661486238429e-03 1.830763225430159097e-02 1.876534027150808873e-02 -3.304746998474410020e+02
3.060000000000000000e+03 -5.725702682093115545e-03 1.797557016527125823e-02 1.886543914066986238e-02 -3.314976522565517030e+02
3.070000000000000000e+03 -7.352843718132054222e-03 1.750442086360767466e-02 1.898602276711943912e-02 -3.325183424468649491e+02
3.080000000000000000e+03 -8.973805486351288732e-03 1.688492114122787033e-02 1.912144730014839547e-02 -3.335375139417326409e+02
3.090000000000000000e+03 -1.056021373093162831e-02 1.611343686450112181e-02 1.926553818685635897e-02 -3.345558795038096491e+02
3.100000000000000000e+03 -1.208357811004810711e-02 1.519225230231148298e-02 1.941178482156451224e-02 -3.355741022848479815e+02
3.110000000000000000e+03 -1.351660025672789603e-02 1.412954535781625609e-02 1.955358111750283776e-02 -3.365927876579665963e+02
3.120000000000000000e+03 -1.483441858707024510e-02 1.293904236839470839e-02 1.968448099969944548e-02 -3.376124817018409772e+02
3.130000000000000000e+03 -1.601578461071801254e-02 1.163939171615949696e-02 1.979850489858045459e-02 -3.386336730902832528e+02
3.140000000000000000e+03 -1.704412237393203300e-02 1.025330449630356029e-02 1.989050930950460316e-02 -3.396567982449004717e+02
3.150000000000000000e+03 -1.790838662333600617e-02 8.806494350771425575e-03 1.995656919916469554e-02 -3.406822499266638147e+02
3.160000000000000000e+03 -1.860364041678145772e-02 7.326425311646763208e-03 1.999429780222458652e-02 -3.417103866945860773e+02
3.170000000000000000e+03 -1.913129474898800364e-02 5.840883497183610960e-03 2.000305873611153001e-02 -3.427415388419816509e+02
3.180000000000000000e+03 -1.949895863330027707e-02 4.376471792696326815e-03 1.998406598106156062e-02 -3.437760095300338890e+02
3.190000000000000000e+03 -1.971993850084887909e-02 2.957210188235920821e-03 1.994043797349166064e-02 -3.448140732740117187e+02
3.200000000000000000e+03 -1.981248067761990153e-02 1.603345248774374959e-03 1.987725098165813581e-02 -3.458559720901838546e+02
3.210000000000000000e+03 -1.979876971357886345e-02 3.303443280126898115e-04 1.980152543483399905e-02 -3.469019055848650055e+02
3.220000000000000000e+03 -1.970365413849834921e-02 -8.518671149188834042e-04 1.972206033838866737e-02 -3.479520149802630158e+02
3.230000000000000000e+03 -1.955315430142454819e-02 -1.939306133496971739e-03 1.964909034573194407e-02 -3.490063641035216051e+02
3.240000000000000000e+03 -1.937289838999274247e-02 -2.933940958749536691e-03 1.959380518374140290e-02 -3.500649185653306859e+02
3.250000000000000000e+03 -1.918662863782756925e-02 -3.843318512201999212e-03 1.956777492900354035e-02 -3.511275261688488740e+02
3.260000000000000000e+03 -1.901487310757583177e-02 -4.679832098193400548e-03 1.958229373093182263e-02 -3.521939038401530411e+02
3.270000000000000000e+03 -1.887388437814554662e-02 -5.459659455133773938e-03 1.964768161604921182e-02 -3.532636375843280803e+02
3.280000000000000000e+03 -1.877492294671234685e-02 -6.201459461124480925e-03 1.977260304317456779e-02 -3.543361990464516111e+02
3.290000000000000000e+03 -1.872390620512317042e-02 -6.924970706396571356e-03 1.996346369903530954e-02 -3.554109771652002223e+02
3.300000000000000000e+03 -1.872141138427664206e-02 -7.649618813454037158e-03 2.022394403202483829e-02 -3.564873216301496086e+02
3.310000000000000000e+03 -1.876302855911139364e-02 -8.393175332512454317e-03 2.055472288483416524e-02 -3.575645947116279331e+02
3.320000000000000000e+03 -1.884006369585505825e-02 -9.170522751843598191e-03 2.095343617657869500e-02 -3.586422252818369429e+02
3.330000000000000000e+03 -1.894052976819566442e-02 -9.992689601906790814e-03 2.141488999224516743e-02 -3.597197527930622982e+02
3.340000000000000000e+03 -1.905030606858994918e-02 -1.086630986857420496e-02 2.193150362986606011e-02 -3.607968510476862889e+02
3.350000000000000000e+03 -1.915432852306686237e-02 -1.179347392325849619e-02 2.249387312910230974e-02 -3.618733325092619566e+02
3.360000000000000000e+03 -1.923770308777340149e-02 -1.277187513231281026e-02 2.309134068192483097e-02 -3.629491385638287966e+02
3.370000000000000000e+03 -1.928669792297803276e-02 -1.379524344143299303e-02 2.371255908544257426e-02 -3.640243194871140986e+02
3.380000000000000000e+03 -1.928954615733883410e-02 -1.485403549731867737e-02 2.434602557937760522e-02 -3.650990080118778565e+02
3.390000000000000000e+03 -1.923697485261980158e-02 -1.593625736438592996e-02 2.498050240215899873e-02 -3.661733916018804393e+02
3.400000000000000000e+03 -1.912245183507203794e-02 -1.702829000581458641e-02 2.560528899869663616e-02 -3.672476878075948434e+02
3.410000000000000000e+03 -1.894221463773185232e-02 -1.811563507089977709e-02 2.621037446134482155e-02 -3.683221252919919380e+02
3.420000000000000000e+03 -1.869516353716338397e-02 -1.918359326643469948e-02 2.678655241521913505e-02 -3.693969300349879745e+02
3.430000000000000000e+03 -1.838266748724251207e-02 -2.021792519469554905e-02 2.732557342719138527e-02 -3.704723148460319635e+02
3.440000000000000000e+03 -1.800826444302137952e-02 -2.120546654303975473e-02 2.782030552596010883e-02 -3.715484711050899591e+02
3.450000000000000000e+03 -1.757725477224676702e-02 -2.213458003715192829e-02 2.826481060876857160e-02 -3.726255638446727971e+02
3.460000000000000000e+03 -1.709627621927868255e-02 -2.299539963457733829e-02 2.865433762835556050e-02 -3.737037313252601507e+02
3.470000000000000000e+03 -1.657290931870211009e-02 -2.377999109287361190e-02 2.898532904182858638e-02 -3.747830860403161637e+02
3.480000000000000000e+03 -1.601529944066306874e-02 -2.448252305627265230e-02 2.925549096110035760e-02 -3.758637144319326922e+02
3.490000000000000000e+03 -1.543180279145633070e-02 -2.509935970942049274e-02 2.946384895456260686e-02 -3.769456772642793112e+02
3.500000000000000000e+03 -1.483067176287677404e-02 -2.562898144945223791e-02 2.961069933443918889e-02 -3.780290122317390455e+02
3.510000000000000000e+03 -1.421979988618466383e-02 -2.607180600489903549e-02 2.969750456116181450e-02 -3.791137373978950791e+02
3.520000000000000000e+03 -1.360652220866068879e-02 -2.643002304797765697e-02 2.972681558679649005e-02 -3.801998534564519332e+02
3.530000000000000000e+03 -1.299742153662671734e-02 -2.670744740037126266e-02 2.970220047815255379e-02 -3.812873437305981952e+02
3.540000000000000000e+03 -1.239813271576151697e-02 -2.690930124241620522e-02 2.962809795097785803e-02 -3.823761732435547742e+02
3.550000000000000000e+03 -1.181324566038927451e-02 -2.704188609336166324e-02 2.950959804062151109e-02 -3.834662903792772113e+02
3.560000000000000000e+03 -1.124634930266623679e-02 -2.711221562525839221e-02 2.935221641968603981e-02 -3.845576316111370829e+02
3.570000000000000000e+03 -1.070014210000880782e-02 -2.712766275514868347e-02 2.916167223458665178e-02 -3.856501268428644380e+02
3.580000000000000000e+03 -1.017655522520464172e-02 -2.709561695598570324e-02 2.894364756690386009e-02 -3.867437042422479294e+02
3.590000000000000000e+03 -9.676875450952275234e-03 -2.702315657246834313e-02 2.870353479335571029e-02 -3.878382944293413743e+02
3.600000000000000000e+03 -9.201876069503145752e-03 -2.691676972959316724e-02 2.844621268067926145e-02 -3.889338341687633260e+02
3.610000000000000000e+03 -8.751959157658494026e-03 -2.678214092396957735e-02 2.817587374987133228e-02 -3.900302697922166999e+02
3.620000000000000000e+03 -8.327307805677870711e-03 -2.662398614176479314e-02 2.789589025945196990e-02 -3.911275607713504314e+02
3.630000000000000000e+03 -7.928057458778343947e-03 -2.644590896070306632e-02 2.760869782926181001e-02 -3.922256842289272072e+02
3.640000000000000000e+03 -7.554449818635800180e-03 -2.625028438159909827e-02 2.731569406361683550e-02 -3.933246391690811379e+02
3.650000000000000000e+03 -7.206941284327534301e-03 -2.603819240012368932e-02 2.701716983959651444e-02 -3.944244492453960902e+02
3.660000000000000000e+03 -6.886299180577190593e-03 -2.580941591689756703e-02 2.671230177981342643e-02 -3.955251651331183211e+02
3.670000000000000000e+03 -6.593649861039227802e-03 -2.556255496993049131e-02 2.639925065377236521e-02 -3.966268648729726465e+02
3.680000000000000000e+03 -6.330416391067955097e-03 -2.529524701537529466e-02 2.607534646468104983e-02 -3.977296501034321068e+02
3.690000000000000000e+03 -6.098215964791708910e-03 -2.500442331465558762e-02 2.573731577402220763e-02 -3.988336413124234809e+02
3.700000000000000000e+03 -5.898827276658371276e-03 -2.468658770805980118e-02 2.538156370099324891e-02 -3.999389763839001262e+02
3.710000000000000000e+03 -5.734220552997795935e-03 -2.433810381497142350e-02 2.500449124974849294e-02 -4.010458125524834827e+02
3.720000000000000000e+03 -5.606573244054073937e-03 -2.395547383580783410e-02 2.460281264894354988e-02 -4.021543290713985925e+02
3.730000000000000000e+03 -5.518277633490510301e-03 -2.353564062179930652e-02 2.417390674919490945e-02 -4.032647303560524392e+02
3.740000000000000000e+03 -5.471962431853469137e-03 -2.307635308680295455e-02 2.371624853644471384e-02 -4.043772497760559759e+02
3.750000000000000000e+03 -5.470456077432248390e-03 -2.257657768029060555e-02 2.322988913984118386e-02 -4.054921506207275570e+02
3.760000000000000000e+03 -5.516657224094429109e-03 -2.203681089266463361e-02 2.271683387374252849e-02 -4.066097227266290588e+02
3.770000000000000000e+03 -5.613420911345776664e-03 -2.145920908294196225e-02 2.218125670004639227e-02 -4.077302784331634484e+02
3.780000000000000000e+03 -5.763490354331569747e-03 -2.084769202519527742e-02 2.162970373911450236e-02 -4.088541459776465672e+02
3.790000000000000000e+03 -5.969381571568079491e-03 -2.020809219433187393e-02 2.107131952397840041e-02 -4.099816529543587080e+02
3.800000000000000000e+03 -6.233191328921881824e-03 -1.954821431727799680e-02 2.051792770084687190e-02 -4.111130964230986251e+02
3.810000000000000000e+03 -6.556372360780888219e-03 -1.887770302828667077e-02 1.998383572183766790e-02 -4.122487000707772609e+02
3.820000000000000000e+03 -6.939525400417658439e-03 -1.820776310088285596e-02 1.948537015098541006e-02 -4.133885597998507819e+02
3.830000000000000000e+03 -7.382223814581529223e-03 -1.755081155587437033e-02 1.904017370504765272e-02 -4.145325806894792890e+02
3.840000000000000000e+03 -7.882818642955136818e-03 -1.692013880944943927e-02 1.866627780487470703e-02 -4.156804098182366829e+02
3.850000000000000000e+03 -8.438149888216847985e-03 -1.632960529401917063e-02 1.838092442165172730e-02 -4.168313749601020390e+02
3.860000000000000000e+03 -9.043182950221207578e-03 -1.579327010188449204e-02 1.819908070156979474e-02 -4.179844523832503569e+02
3.870000000000000000e+03 -9.690751094722191081e-03 -1.532488463699556436e-02 1.813181584720852113e-02 -4.191382957807408616e+02
3.880000000000000000e+03 -1.037155186466633128e-02 -1.493733221914611900e-02 1.818496582088083985e-02 -4.202913413112500507e+02
3.890000000000000000e+03 -1.107426875759248870e-02 -1.464209136956165155e-02 1.835838413886093853e-02 -4.214419664134649679e+02
3.900000000000000000e+03 -1.178562427992161862e-02 -1.444871452237703364e-02 1.864581162128983380e-02 -4.225886587945420274e+02
3.910000000000000000e+03 -1.249045566065194561e-02 -1.436434351859997710e-02 1.903538408677527688e-02 -4.237301582881473223e+02
3.920000000000000000e+03 -1.317200247025694312e-02 -1.439326049917915608e-02 1.951070467393953636e-02 -4.248655485894025787e+02
3.930000000000000000e+03 -1.381241040479069641e-02 -1.453641001365656681e-02 2.005217936473502674e-02 -4.259942904584684698e+02
3.940000000000000000e+03 -1.439331531167038943e-02 -1.479096612495614353e-02 2.063831884070903289e-02 -4.271161992057065504e+02
3.950000000000000000e+03 -1.489643197514235046e-02 -1.515011940793018798e-02 2.124687750387304133e-02 -4.282313809300311505e+02
3.960000000000000000e+03 -1.530425096380646360e-02 -1.560308092841859555e-02 2.185580545351626172e-02 -4.293401555985941513e+02
3.970000000000000000e+03 -1.560089800338155218e-02 -1.613518998440047203e-02 2.244398303208705939e-02 -4.304429899953897802e+02
3.980000000000000000e+03 -1.577305620056378144e-02 -1.672818089291084123e-02 2.299176674142487317e-02 -4.315404449977759782e+02
3.990000000000000000e+03 -1.581079708684083457e-02 -1.736075345129611813e-02 2.348141956777623565e-02 -4.326331323638688104e+02
4.000000000000000000e+03 -1.570823060293996890e-02 -1.800939109324558099e-02 2.389741986542925911e-02 -4.337216815350665797e+02
4.010000000000000000e+03 -1.546399948597623232e-02 -1.864927415316221943e-02 2.422665281342178262e-02 -4.348067203591106704e+02
4.020000000000000000e+03 -1.508157562700124590e-02 -1.925526993373134765e-02 2.445852292379522425e-02 -4.358888657784020779e+02
4.030000000000000000e+03 -1.456928573481703834e-02 -1.980300261540469259e-02 2.458501574960789832e-02 -4.369687189288047762e+02
4.040000000000000000e+03 -1.394006553944407943e-02 -2.026989094851618795e-02 2.460068914296375739e-02 -4.380468643133371529e+02
4.050000000000000000e+03 -1.321097741125627778e-02 -2.063607413115840089e-02 2.450260148856419837e-02 -4.391238726202860221e+02
4.060000000000000000e+03 -1.240254420627271564e-02 -2.088528668508591798e-02 2.429029235531709324e-02 -4.402003043940915177e+02
4.070000000000000000e+03 -1.153792251523282769e-02 -2.100565616096822935e-02 2.396583498900756171e-02 -4.412767136205751513e+02
4.080000000000000000e+03 -1.064191518707236633e-02 -2.099024550865311728e-02 2.353382173303719682e-02 -4.423536523483314227e+02
4.090000000000000000e+03 -9.739890527773530787e-03 -2.083723652234813206e-02 2.300121504141229914e-02 -4.434316771922952967e+02
4.100000000000000000e+03 -8.856636863860570946e-03 -2.054981538804542124e-02 2.237710725319612057e-02 -4.445113537281348499e+02
4.110000000000000000e+03 -8.015179009761333115e-03 -2.013584234173039847e-02 2.167245351522391339e-02 -4.455932545111674585e+02
4.120000000000000000e+03 -7.235754847270673383e-03 -1.960732740069747598e-02 2.089984296610725850e-02 -4.466779549847782960e+02
4.130000000000000000e+03 -6.535143586837374903e-03 -1.897970639906166809e-02 2.007329959660753005e-02 -4.477660338699958515e+02
4.140000000000000000e+03 -5.926276580299480630e-03 -1.827100811653832937e-02 1.920808401951677388e-02 -4.488580733154274185e+02
4.150000000000000000e+03 -5.417998647313214573e-03 -1.750103093591874603e-02 1.832050198990935880e-02 -4.499546496979399990e+02
4.160000000000000000e+03 -5.014994897102380278e-03 -1.669050762055357753e-02 1.742765671138033282e-02 -4.510563135378465631e+02
4.170000000000000000e+03 -4.717879459032150308e-03 -1.586025840967614231e-02 1.654708987742739904e-02 -4.521635556447753288e+02
4.180000000000000000e+03 -4.523402778524962531e-03 -1.503040052286785250e-02 1.569630888376606637e-02 -4.532767540667360890e+02
4.190000000000000000e+03 -4.424803080358447049e-03 -1.421965264389282203e-02 1.489219270668083045e-02 -4.543961031795552117e+02
4.200000000000000000e+03 -4.412329575839547477e-03 -1.344474710660070911e-02 1.415026067061227535e-02 -4.680879039134281925e+02
