0.000000000000000000e+00 5.343952953911716719e+01 -3.530804636226670777e-16 5.343952953911716719e+01 -6.607102769574644935e-18
1.000000000000000000e+01 5.298986957894516792e+01 1.709754470621259292e+00 5.301744560372017645e+01 -1.077745504427453982e+00
2.000000000000000000e+01 5.239854717644595894e+01 3.503137467378237613e+00 5.251551883317522851e+01 -2.153243719261825451e+00
3.000000000000000000e+01 5.165671685586245587e+01 5.359854534805176485e+00 5.193403928986282381e+01 -3.226610866585874149e+00
4.000000000000000000e+01 5.075785073181630480e+01 7.257754499202676790e+00 5.127411053625446868e+01 -4.297974882688016862e+00
5.000000000000000000e+01 4.969816911704536722e+01 9.173409953593701260e+00 5.053770338829351516e+01 -5.367471993489027149e+00
6.000000000000000000e+01 4.847695078490840359e+01 1.108269006730395922e+01 4.972766610781516761e+01 -6.435244836925916090e+00
7.000000000000000000e+01 4.709671871485972616e+01 1.296140980539728105e+01 4.884771292343242521e+01 -7.501440106812295561e+00
8.000000000000000000e+01 4.556327519063198395e+01 1.478599645991641509e+01 4.790237715823631959e+01 -8.566206229457678845e+00
9.000000000000000000e+01 4.388559088488371174e+01 1.653410968326928909e+01 4.689692815455791930e+01 -9.629691709992197701e+00
1.000000000000000000e+02 4.207555999422853432e+01 1.818522705145124618e+01 4.583726902576940176e+01 -1.069204332335890051e+01
1.100000000000000000e+02 4.014764534188564227e+01 1.972116317085746218e+01 4.472983012833176986e+01 -1.175340430377189627e+01
1.200000000000000000e+02 3.811841758685493176e+01 2.112647007271572974e+01 4.358143523404437758e+01 -1.281391299335259149e+01
1.300000000000000000e+02 3.600603404981764299e+01 2.238871933957695504e+01 4.239916557743765679e+01 -1.387370176620098228e+01
1.400000000000000000e+02 3.382967992296533311e+01 2.349866357801123584e+01 4.119022254908117731e+01 -1.493289607458073220e+01
1.500000000000000000e+02 3.160900797956044528e+01 2.445027055428392160e+01 3.996179570076399301e+01 -1.599161383384809199e+01
1.600000000000000000e+02 2.936360332650528093e+01 2.524064181490472336e+01 3.872094006535312616e+01 -1.704996507856325039e+01
1.700000000000000000e+02 2.711249585185622735e+01 2.586983957024717640e+01 3.747447172018902961e+01 -1.810805169939349213e+01
1.800000000000000000e+02 2.487373150271084299e+01 2.634062846572299676e+01 3.622887283422168991e+01 -1.916596736722710048e+01
1.900000000000000000e+02 2.266401349372801377e+01 2.665815262282454512e+01 3.499020732870402384e+01 -2.022379755252521250e+01
2.000000000000000000e+02 2.049842539923576723e+01 2.682957130663873713e+01 3.376405396788197777e+01 -2.128161963335689322e+01
2.100000000000000000e+02 1.839024398948572880e+01 2.686367279875001302e+01 3.255546022146081242e+01 -2.233950324439591384e+01
2.200000000000000000e+02 1.635083439417974915e+01 2.677048381170403601e+01 3.136891118446095206e+01 -2.339751082678939298e+01
2.300000000000000000e+02 1.438961712979009455e+01 2.656088991320283199e+01 3.020830935559334662e+01 -2.445569827663761231e+01
2.400000000000000000e+02 1.251409965253838408e+01 2.624628468988494134e+01 2.907696941113619360e+01 -2.551411562210397221e+01
2.500000000000000000e+02 1.072995814968930617e+01 2.583825907200356298e+01 2.797762737914096931e+01 -2.657280758697908496e+01
2.600000000000000000e+02 9.041167724133837069e+00 2.534833658600808448e+01 2.691246702726220619e+01 -2.763181436195458573e+01
2.700000000000000000e+02 7.450163699004327178e+00 2.478775132095617906e+01 2.588315194661435825e+01 -2.869117256492260637e+01
2.800000000000000000e+02 5.958016924706035056e+00 2.416726953366432795e+01 2.489085941440880845e+01 -2.975091613608864449e+01
2.900000000000000000e+02 4.564613102266374511e+00 2.349706336399093232e+01 2.393632552220132936e+01 -3.081107697669796863e+01
3.000000000000000000e+02 3.268832968549254758e+00 2.278662588823141988e+01 2.301989548947807052e+01 -3.187168561342119943e+01
3.100000000000000000e+02 2.068724034907744702e+00 2.204471975565709130e+01 2.214157375251503979e+01 -3.293277180688082950e+01
3.200000000000000000e+02 9.616565482603089965e-01 2.127935298975193845e+01 2.130107149838422487e+01 -3.399436494669933495e+01
3.300000000000000000e+02 -5.553169378741382861e-02 2.049777903220827824e+01 2.049785425409821471e+01 -3.505649452321173953e+01
3.400000000000000000e+02 -9.864081712405060598e-01 1.970651396362180563e+01 1.973118581532066074e+01 -3.611919048490705819e+01
3.500000000000000000e+02 -1.834839560441391404e+00 1.891136318721191856e+01 1.900016562588849922e+01 -3.718248328182031770e+01
3.600000000000000000e+02 -2.604903742233707575e+00 1.811745852635497300e+01 1.830376537656925962e+01 -3.824640365758740757e+01
3.700000000000000000e+02 -3.300814671444427084e+00 1.732929882428986446e+01 1.764086095508823959e+01 -3.931098239911894865e+01
3.800000000000000000e+02 -3.926855413638508985e+00 1.655079094315324895e+01 1.701025791349401217e+01 -4.037625022618335890e+01
3.900000000000000000e+02 -4.487323879125250770e+00 1.578529306514417385e+01 1.641071457154308177e+01 -4.144223754241647129e+01
4.000000000000000000e+02 -4.986491258862906228e+00 1.503565507417573599e+01 1.584096015348510100e+01 -4.250897390104645979e+01
4.100000000000000000e+02 -5.428566489353559454e+00 1.430425722799076027e+01 1.529970944083116713e+01 -4.357648748188067600e+01
4.200000000000000000e+02 -5.817666288248810602e+00 1.359304692386803026e+01 1.478567434092557065e+01 -4.464480455670179282e+01
4.300000000000000000e+02 -6.157789494820534060e+00 1.290357465371988610e+01 1.429757358108865972e+01 -4.571394900904386560e+01
4.400000000000000000e+02 -6.452795831445977015e+00 1.223702976108033980e+01 1.383414151351259491e+01 -4.678394191107175004e+01
4.500000000000000000e+02 -6.706393000683865679e+00 1.159427342335419375e+01 1.339413615337394248e+01 -4.785480081470706182e+01
4.600000000000000000e+02 -6.922127399645695789e+00 1.097586876976096271e+01 1.297634551743824893e+01 -4.892653898932922374e+01
4.700000000000000000e+02 -7.103372892429066887e+00 1.038210869717104501e+01 1.257959011449779929e+01 -4.999916495173050635e+01
4.800000000000000000e+02 -7.253318638950708497e+00 9.813043377860592997e+00 1.220272312289037409e+01 -5.107268230215110805e+01
4.900000000000000000e+02 -7.374960245366292355e+00 9.268510455997079234e+00 1.184463273781253356e+01 -5.214708975961620041e+01
5.000000000000000000e+02 -7.471099282031873123e+00 8.748163052330816924e+00 1.150424622789964424e+01 -5.322238087451408717e+01
5.100000000000000000e+02 -7.544344874673109658e+00 8.251494953641175911e+00 1.118053257040880943e+01 -5.429854375950716872e+01
5.200000000000000000e+02 -7.597111394303641241e+00 7.777866549410282104e+00 1.087250245334042908e+01 -5.537556141793456277e+01
5.300000000000000000e+02 -7.631623955673924264e+00 7.326528017396672254e+00 1.057921060337275421e+01 -5.645341170444689993e+01
5.400000000000000000e+02 -7.649924437720457604e+00 6.896641585857989476e+00 1.029975771883098545e+01 -5.753206748478832822e+01
5.500000000000000000e+02 -7.653872287908136229e+00 6.487299233026671885e+00 1.003328522162290426e+01 -5.861149709018481957e+01
5.600000000000000000e+02 -7.645147002611126119e+00 6.097537160699360470e+00 9.778968867812368515e+00 -5.969166460536756347e+01
5.700000000000000000e+02 -7.625256426510243379e+00 5.726352982002076430e+00 9.536018773288978068e+00 -6.077253015386185098e+01
5.800000000000000000e+02 -7.595544252460781465e+00 5.372721066409334334e+00 9.303677990371800988e+00 -6.185405030903348234e+01
5.900000000000000000e+02 -7.557195528985031885e+00 5.035605568546690058e+00 9.081218404228025065e+00 -6.293617862115505801e+01
6.000000000000000000e+02 -7.511247217601333404e+00 4.713976076408814109e+00 8.867942558050227575e+00 -6.401886624348661314e+01
6.100000000000000000e+02 -7.458600942622180874e+00 4.406820393499215172e+00 8.663186134549174966e+00 -6.510206239996367117e+01
6.200000000000000000e+02 -7.400031619161882013e+00 4.113150950247188575e+00 8.466314351836635055e+00 -6.618571465294948553e+01
6.300000000000000000e+02 -7.336193150135001950e+00 3.832009083475660827e+00 8.276715746715462174e+00 -6.726976916436233012e+01
6.400000000000000000e+02 -7.267625832061688662e+00 3.562471483256238525e+00 8.093799373833295618e+00 -6.835417109575573136e+01
6.500000000000000000e+02 -7.194765258322100010e+00 3.303658090867680031e+00 7.916994625722197476e+00 -6.943886515736076603e+01
6.600000000000000000e+02 -7.117954529077738179e+00 3.054741441370438793e+00 7.745755092413149079e+00 -7.052379627706996246e+01
6.700000000000000000e+02 -7.037455264460551696e+00 2.814953635893447270e+00 7.579560710985384198e+00 -7.160891023603419114e+01
6.800000000000000000e+02 -6.953456140439656430e+00 2.583589393000941925e+00 7.417916584098593447e+00 -7.269415407412597574e+01
6.900000000000000000e+02 -6.866083094666864284e+00 2.360007404786317320e+00 7.260353435853956761e+00 -7.377947624454418474e+01
7.000000000000000000e+02 -6.775410718166169133e+00 2.143632168093226209e+00 7.106430135583200247e+00 -7.486482682373595310e+01
7.100000000000000000e+02 -6.681473718696707920e+00 1.933958815426575217e+00 6.955737757664601340e+00 -7.595015822328150534e+01
7.200000000000000000e+02 -6.584276041479909303e+00 1.730555163629769133e+00 6.807900716430285826e+00 -7.703542578385034290e+01
7.300000000000000000e+02 -6.483800406658172477e+00 1.533058089926529588e+00 6.662577190582474884e+00 -7.812058764316920190e+01
7.400000000000000000e+02 -6.380017478009063936e+00 1.341171427525425619e+00 6.519460393139276277e+00 -7.920560485828512753e+01
7.500000000000000000e+02 -6.272894089282498697e+00 1.154664931191886179e+00 6.378279655101340317e+00 -8.029044179245839530e+01
7.600000000000000000e+02 -6.162399543579763161e+00 9.733715359652288512e-01 6.238799586598320346e+00 -8.137506639194549507e+01
7.700000000000000000e+02 -6.048511366269128331e+00 7.971838481929446329e-01 6.100818947953343674e+00 -8.245945041001682796e+01
7.800000000000000000e+02 -5.931222596581349649e+00 6.260486114885788211e-01 5.964171221061982386e+00 -8.354356932029915583e+01
7.900000000000000000e+02 -5.810547503821602788e+00 4.599584850057241714e-01 5.828724054378986885e+00 -8.462740185639007962e+01
8.000000000000000000e+02 -5.686526038274688055e+00 2.989416247151119310e-01 5.694378322430230455e+00 -8.571092916573897469e+01
8.100000000000000000e+02 -5.559225492571687077e+00 1.430532517123234426e-01 5.561065753080463914e+00 -8.679413425557078199e+01
8.200000000000000000e+02 -5.428741790552225055e+00 -7.628013557578132431e-03 5.428747149672657812e+00 -8.787700223103877306e+01
8.300000000000000000e+02 -5.295200455520150840e+00 -1.530043820031802837e-01 5.297410518833988391e+00 -8.895952046617645692e+01
8.400000000000000000e+02 -5.158753926051882210e+00 -2.929663569140381063e-01 5.167066029754137979e+00 -9.004167814036358664e+01
8.500000000000000000e+02 -5.019580084275787613e+00 -4.273996774508195817e-01 5.037743017140035029e+00 -9.112346572419916413e+01
8.600000000000000000e+02 -4.877885128953169058e+00 -5.561913414036354641e-01 4.909492044958913226e+00 -9.220487462445034055e+01
8.700000000000000000e+02 -4.733903192736495846e+00 -6.792339940999297943e-01 4.782384160326492939e+00 -9.328589713761157043e+01
8.800000000000000000e+02 -4.587890310435656538e+00 -7.964284367565060974e-01 4.656504671474495538e+00 -9.436652660516750757e+01
8.900000000000000000e+02 -4.440116516684463832e+00 -9.076863342492927922e-01 4.531945406016834710e+00 -9.544675726789807868e+01
9.000000000000000000e+02 -4.290860076194790373e+00 -1.012933980810700518e+00 4.408799773516980380e+00 -9.652658369182459808e+01
9.100000000000000000e+02 -4.140403896914874871e+00 -1.112116872567606052e+00 4.287160874965789681e+00 -9.760599985773420428e+01
9.200000000000000000e+02 -3.989033556916427692e+00 -1.205203636193827199e+00 4.167121851218194450e+00 -9.868499827666521185e+01
9.300000000000000000e+02 -3.837036764339419648e+00 -1.292183008961947710e+00 4.048776118723073303e+00 -9.976357070032007357e+01
9.400000000000000000e+02 -3.684702302529638818e+00 -1.373058309869565008e+00 3.932215683373572190e+00 -1.008417095027980679e+02
9.500000000000000000e+02 -3.532316487767188651e+00 -1.447844390793768810e+00 3.817527098751875236e+00 -1.019194083644588602e+02
9.600000000000000000e+02 -3.380158790801988111e+00 -1.516568009351016766e+00 3.704787710250462496e+00 -1.029966619292883223e+02
9.700000000000000000e+02 -3.228501277313390094e+00 -1.579269019069576396e+00 3.594066100144399645e+00 -1.040734654501310672e+02
9.800000000000000000e+02 -3.077608310258094004e+00 -1.635998388325693664e+00 3.485421586834790197e+00 -1.051498152138098732e+02
9.900000000000000000e+02 -2.927736659122558649e+00 -1.686816174252555145e+00 3.378903779466078117e+00 -1.062257090615491109e+02
1.000000000000000000e+03 -2.779135745303591420e+00 -1.731790098451616355e+00 3.274552249685322547e+00 -1.073011468199242984e+02
1.010000000000000000e+03 -2.632047354827030894e+00 -1.770995766601173083e+00 3.172396457470479270e+00 -1.083761302437099800e+02
1.020000000000000000e+03 -2.486706943472573261e+00 -1.804517982202027193e+00 3.072457741093469252e+00 -1.094506629339179113e+02
1.030000000000000000e+03 -2.343346007631816441e+00 -1.832452031733571962e+00 2.974752251883922671e+00 -1.105247505825188057e+02
1.040000000000000000e+03 -2.202193715190759349e+00 -1.854903412501080595e+00 2.879292244447206439e+00 -1.115984017057291453e+02
1.050000000000000000e+03 -2.063477529491822171e+00 -1.871987768610578362e+00 2.786086452453564455e+00 -1.126716283017815243e+02
1.060000000000000000e+03 -1.927423070212596512e+00 -1.883831017705680289e+00 2.695139884098369354e+00 -1.137444464030788964e+02
1.070000000000000000e+03 -1.794251659083374362e+00 -1.890570537393228223e+00 2.606452756714144225e+00 -1.148168757781892566e+02
1.080000000000000000e+03 -1.664176215215972254e+00 -1.892356812357119722e+00 2.520019202419885751e+00 -1.158889388420026734e+02
1.090000000000000000e+03 -1.537400126504799180e+00 -1.889354680381146734e+00 2.435828453987496367e+00 -1.169606602346581212e+02
1.100000000000000000e+03 -1.414120070212182556e+00 -1.881742379845215307e+00 2.353867021962464889e+00 -1.180320682693394758e+02
1.110000000000000000e+03 -1.294526848425821441e+00 -1.869711961852106974e+00 2.274120177472629400e+00 -1.191031957692391643e+02
1.120000000000000000e+03 -1.178801798890743324e+00 -1.853472070348972878e+00 2.196572875329148022e+00 -1.201740788979160754e+02
1.130000000000000000e+03 -1.067112729310016883e+00 -1.833248715576865973e+00 2.121209662013564756e+00 -1.212447560690202550e+02
1.140000000000000000e+03 -9.596106760849899553e-01 -1.809282878370544134e+00 2.048012984241333712e+00 -1.223152676091815323e+02
1.150000000000000000e+03 -8.564291313518215265e-01 -1.781827696427882746e+00 1.976962517799852215e+00 -1.233856562488995792e+02
1.160000000000000000e+03 -7.576822091659389802e-01 -1.751148728352943662e+00 1.908036739399613824e+00 -1.244559663510113410e+02
1.170000000000000000e+03 -6.634614869502553081e-01 -1.717523451277648716e+00 1.841213716643163023e+00 -1.255262425209628958e+02
1.180000000000000000e+03 -5.738351150218828911e-01 -1.681237096651092333e+00 1.776469789888916573e+00 -1.265965297495483100e+02
1.190000000000000000e+03 -4.888494825083217754e-01 -1.642578239425961151e+00 1.713778599815140691e+00 -1.276668747051779320e+02
1.200000000000000000e+03 -4.085299300842770709e-01 -1.601836920803459741e+00 1.653111679416661151e+00 -1.287373260585930836e+02
1.210000000000000000e+03 -3.328773595075032454e-01 -1.559303334907232053e+00 1.594438530243641239e+00 -1.298079322181969530e+02
1.220000000000000000e+03 -2.618659465710793111e-01 -1.515267352481373342e+00 1.537728494718582528e+00 -1.308787390458756761e+02
1.230000000000000000e+03 -1.954456832156699075e-01 -1.470016454573446651e+00 1.482952255402825159e+00 -1.319497905716470711e+02
1.240000000000000000e+03 -1.335458242997039913e-01 -1.423830918233331300e+00 1.430080057516032621e+00 -1.330211307399455904e+02
1.250000000000000000e+03 -7.607641203286147347e-02 -1.376979241267542342e+00 1.379079204161069994e+00 -1.340928036799833194e+02
1.260000000000000000e+03 -2.292811161832652989e-02 -1.329716983318094847e+00 1.329914641631919636e+00 -1.351648521619138705e+02
1.270000000000000000e+03 2.602719459593180740e-02 -1.282286730571161604e+00 1.282550846655762466e+00 -1.362373163222105177e+02
1.280000000000000000e+03 7.093432452166165136e-02 -1.234914235172951180e+00 1.236949815727436564e+00 -1.373102333797454548e+02
1.290000000000000000e+03 1.119517599411623543e-01 -1.187804448691419879e+00 1.193068566715698831e+00 -1.383836376241997925e+02
1.300000000000000000e+03 1.492488448673029433e-01 -1.141142405278446237e+00 1.150861071901774668e+00 -1.394575602316118363e+02
1.310000000000000000e+03 1.830048570801037500e-01 -1.095095545846787477e+00 1.110281510360495272e+00 -1.405320279655796014e+02
1.320000000000000000e+03 2.134079210463148968e-01 -1.049813075330372047e+00 1.071284478511624449e+00 -1.416070618566528481e+02
1.330000000000000000e+03 2.406519131625762253e-01 -1.005424298432545216e+00 1.033823661553257445e+00 -1.426826773351163240e+02
1.340000000000000000e+03 2.649328467913026897e-01 -9.620403042161271845e-01 9.978531756953036291e-01 -1.437588855814873909e+02
1.350000000000000000e+03 2.864462895446865387e-01 -9.197570441231992522e-01 9.633299004018109901e-01 -1.448356949554011521e+02
1.360000000000000000e+03 3.053858648589131697e-01 -8.786548692202693633e-01 9.302122906412896297e-01 -1.459131109837572922e+02
1.370000000000000000e+03 3.219409064438178425e-01 -8.387972247268972170e-01 8.984579742266256552e-01 -1.469911367455341349e+02
1.380000000000000000e+03 3.362950867500354435e-01 -8.002310453740235641e-01 8.680231053103462102e-01 -1.480697726691417131e+02
1.390000000000000000e+03 3.486259165035852647e-01 -7.629867744219998027e-01 8.388616379361094610e-01 -1.491490151745786363e+02
1.400000000000000000e+03 3.591032469088133450e-01 -7.270784177160636297e-01 8.109242673942782531e-01 -1.502288561743108630e+02
1.410000000000000000e+03 3.678892048552173111e-01 -6.925069081744283928e-01 7.841608794873091703e-01 -1.513092828010028938e+02
1.420000000000000000e+03 3.751388845867352773e-01 -6.592644976074820695e-01 7.585241331260499376e-01 -1.523902776687941127e+02
1.430000000000000000e+03 3.809987022821713643e-01 -6.273359839734278243e-01 7.339689693226870704e-01 -1.534718207066159721e+02
1.440000000000000000e+03 3.856037957521109005e-01 -5.966980137467643441e-01 7.104497215903243790e-01 -1.545538910573838791e+02
1.450000000000000000e+03 3.890772546595426262e-01 -5.673191304206883778e-01 6.879186767596098262e-01 -1.556364672239677986e+02
1.460000000000000000e+03 3.915315502428202143e-01 -5.391625602233188763e-01 6.663281632815095668e-01 -1.567195267931293188e+02
1.470000000000000000e+03 3.930701831744057295e-01 -5.121901876194641101e-01 6.456337639826643660e-01 -1.578030476336691379e+02
1.480000000000000000e+03 3.937873386250824170e-01 -4.863611933096411155e-01 6.257920408722080774e-01 -1.588870073589800427e+02
1.490000000000000000e+03 3.937688810494625047e-01 -4.616283413783377476e-01 6.067574945945545251e-01 -1.599713779951494530e+02
1.500000000000000000e+03 3.930943851137165823e-01 -4.379397188462119117e-01 5.884848281400549830e-01 -1.610561238557796457e+02
1.510000000000000000e+03 3.918363420806493247e-01 -4.152423692477480999e-01 5.709307700532760821e-01 -1.621412056523862475e+02
1.520000000000000000e+03 3.900593106041376212e-01 -3.934857503427638403e-01 5.540553235118158559e-01 -1.632265858247531298e+02
1.530000000000000000e+03 3.878197177430596776e-01 -3.726221678685561756e-01 5.378209864419284392e-01 -1.643122303601014380e+02
1.540000000000000000e+03 3.851660619653278772e-01 -3.526036549650352625e-01 5.221898436245006048e-01 -1.653981052072328453e+02
1.550000000000000000e+03 3.821393816171679281e-01 -3.333819859294923083e-01 5.071233139237868448e-01 -1.664841755608820222e+02
1.560000000000000000e+03 3.787750608227277160e-01 -3.149104692813355366e-01 4.925841556163292334e-01 -1.675704060353039893e+02
1.570000000000000000e+03 3.751056840594644837e-01 -2.971446828562941955e-01 4.785386470949722915e-01 -1.686567584107733921e+02
1.580000000000000000e+03 3.711613848964850360e-01 -2.800430706401037528e-01 4.649568743999972775e-01 -1.697431926865313585e+02
1.590000000000000000e+03 3.669689892598568259e-01 -2.635669735562066185e-01 4.518116738509299068e-01 -1.708296689746019865e+02
1.600000000000000000e+03 3.625508713129822480e-01 -2.476810655243315007e-01 4.390774926013297774e-01 -1.719161505362192770e+02
1.610000000000000000e+03 3.579250161614210834e-01 -2.323530142891714612e-01 4.267297041962481718e-01 -1.730026039156534523e+02
1.620000000000000000e+03 3.531058809416718347e-01 -2.175525526333130233e-01 4.147443505496663518e-01 -1.740889966447743973e+02
1.630000000000000000e+03 3.481048107937790292e-01 -2.032518026566581260e-01 4.030983187523284328e-01 -1.751752977033686989e+02
1.640000000000000000e+03 3.429312080202155388e-01 -1.894237552188151874e-01 3.917692847523934208e-01 -1.762614730771047107e+02
1.650000000000000000e+03 3.375943323056074252e-01 -1.760437944181164616e-01 3.807379029700050377e-01 -1.773474868597189129e+02
1.660000000000000000e+03 3.321036365864009077e-01 -1.630913155534787495e-01 3.699886520460818340e-01 -1.784333053883854916e+02
1.670000000000000000e+03 3.264671173849463814e-01 -1.505477059998879263e-01 3.595071494636303266e-01 -1.795188955966244748e+02
1.680000000000000000e+03 3.206901464674484781e-01 -1.383954548231107196e-01 3.492785019966291316e-01 -1.806042244063306157e+02
1.690000000000000000e+03 3.147763836334563359e-01 -1.266185643837328678e-01 3.392881261405332194e-01 -1.816892585738015100e+02
1.700000000000000000e+03 3.087302279462635357e-01 -1.152034956547296901e-01 3.295242010214441963e-01 -1.827739647657221269e+02
1.710000000000000000e+03 3.025576352274678138e-01 -1.041407665920966313e-01 3.199787835166997829e-01 -1.838583144256312778e+02
1.720000000000000000e+03 2.962633288463348835e-01 -9.342451802167200947e-02 3.106446532401503924e-01 -1.849422873746988500e+02
1.730000000000000000e+03 2.898482645717578854e-01 -8.304935651352857162e-02 3.015115455377636589e-01 -1.860258655767332527e+02
1.740000000000000000e+03 2.833124370029913019e-01 -7.300985966048580134e-02 2.925685843835899025e-01 -1.871090279921118054e+02
1.750000000000000000e+03 2.766586602352104074e-01 -6.330347771371161447e-02 2.838086407666122746e-01 -1.881917567305082457e+02
1.760000000000000000e+03 2.698920670392280785e-01 -5.392979206000821091e-02 2.752274519780737450e-01 -1.892740370244766268e+02
1.770000000000000000e+03 2.630186096956546593e-01 -4.488698503209446328e-02 2.668213456069558620e-01 -1.903558470880876712e+02
1.780000000000000000e+03 2.560445500477032121e-01 -3.617175103378132694e-02 2.585869431776876559e-01 -1.914371572951342841e+02
1.790000000000000000e+03 2.489751527047434077e-01 -2.778244447510617998e-02 2.505204400550235522e-01 -1.925179421894324889e+02
1.800000000000000000e+03 2.418144546647159887e-01 -1.972041754878938249e-02 2.426172404284011042e-01 -1.935981864742468872e+02
1.810000000000000000e+03 2.345668588261715648e-01 -1.198865817953458264e-02 2.348730277927263965e-01 -1.946778800292096605e+02
1.820000000000000000e+03 2.272384718156534589e-01 -4.590531345385849386e-03 2.272848346263923180e-01 -1.957570133282126505e+02
1.830000000000000000e+03 2.198382505770775375e-01 2.471028397166706320e-03 2.198521375791682719e-01 -1.968355749548157974e+02
1.840000000000000000e+03 2.123769330669709465e-01 9.193092856533887150e-03 2.125758091956879148e-01 -1.979135550159899140e+02
1.850000000000000000e+03 2.048643307592366569e-01 1.557217705491584919e-02 2.054553156179210749e-01 -1.989909484386661518e+02
1.860000000000000000e+03 1.973095990889981721e-01 2.160516905547864991e-02 1.984889448371797982e-01 -2.000677503772940895e+02
1.870000000000000000e+03 1.897226804478476803e-01 2.729007264237690716e-02 1.916753597652612606e-01 -2.011439527001808472e+02
1.880000000000000000e+03 1.821135829310990550e-01 3.262451270005820719e-02 1.850127452823684404e-01 -2.022195512429327380e+02
1.890000000000000000e+03 1.744929705218692395e-01 3.760532808466171550e-02 1.784991805636680640e-01 -2.032945492112033889e+02
1.900000000000000000e+03 1.668735711252773146e-01 4.223057606227837574e-02 1.721342798359898618e-01 -2.043689493794616965e+02
1.910000000000000000e+03 1.592698288815830865e-01 4.650091440162796436e-02 1.659192979498053666e-01 -2.054427474041818016e+02
1.920000000000000000e+03 1.516963450942838409e-01 5.041865306324914281e-02 1.598556276509411345e-01 -2.065159353136863558e+02
1.930000000000000000e+03 1.441674074681469908e-01 5.398496918650216858e-02 1.539435554810733575e-01 -2.075885172770364875e+02
1.940000000000000000e+03 1.366971701906824765e-01 5.720004767875210699e-02 1.481821912126822516e-01 -2.086605105073052187e+02
1.950000000000000000e+03 1.293000516990566728e-01 6.006511414997906667e-02 1.425704082452903254e-01 -2.097319348725517614e+02
1.960000000000000000e+03 1.219901613641066057e-01 6.258253665944138455e-02 1.371064307914515445e-01 -2.108028109746083771e+02
1.970000000000000000e+03 1.147813072519261873e-01 6.475638810471140427e-02 1.317882327631305917e-01 -2.118731560918130583e+02
1.980000000000000000e+03 1.076880531565186094e-01 6.659247176970349569e-02 1.266146677484087379e-01 -2.129429877566031735e+02
1.990000000000000000e+03 1.007260982929765042e-01 6.809800239039304204e-02 1.215857097149510430e-01 -2.140123295678748150e+02
2.000000000000000000e+03 9.391110968265707626e-02 6.928187449086160854e-02 1.167016480380442117e-01 -2.150812070096829416e+02
2.010000000000000000e+03 8.725666805597862008e-02 7.015411266311957772e-02 1.119612684984450934e-01 -2.161496412102696922e+02
2.020000000000000000e+03 8.077340074767011546e-02 7.072660143227316176e-02 1.073619784584064901e-01 -2.172176350782838767e+02
2.030000000000000000e+03 7.447016244332545221e-02 7.101328598798095637e-02 1.029013696757533625e-01 -2.182851733631333389e+02
2.040000000000000000e+03 6.835695539550623590e-02 7.102813480810460378e-02 9.857823941043739047e-02 -2.193522548495398041e+02
2.050000000000000000e+03 6.244509246742035308e-02 7.078543188551353338e-02 9.439262121841597575e-02 -2.204188972972537499e+02
2.060000000000000000e+03 5.674544387490763897e-02 7.030074898803791161e-02 9.034512000567271328e-02 -2.214851227837602892e+02
2.070000000000000000e+03 5.126780232359295919e-02 6.959013982170525470e-02 8.643595962037728397e-02 -2.225509599462195069e+02
2.080000000000000000e+03 4.602080849469950691e-02 6.866958845885266782e-02 8.266454617073754063e-02 -2.236164475631612731e+02
2.090000000000000000e+03 4.101124134927125464e-02 6.755512955482947945e-02 7.902921893944019061e-02 -2.246816261215183772e+02
2.100000000000000000e+03 3.624335004402355620e-02 6.626285891190178412e-02 7.552712687235112188e-02 -2.257465271257662778e+02
2.110000000000000000e+03 3.171958138424382095e-02 6.480865955041958948e-02 7.215465470719030494e-02 -2.268111777501569577e+02
2.120000000000000000e+03 2.744232964797433533e-02 6.320892286147197781e-02 6.890899350458984385e-02 -2.278756158885401533e+02
2.130000000000000000e+03 2.341422633502715511e-02 6.148180873584844358e-02 6.578935172426712830e-02 -2.289398919968439543e+02
2.140000000000000000e+03 1.963664158070107732e-02 5.964598191095835805e-02 6.279522952176613826e-02 -2.300040622336412071e+02
2.150000000000000000e+03 1.610874969714246388e-02 5.771853597954131748e-02 5.992429567735271106e-02 -2.310681843691395159e+02
2.160000000000000000e+03 1.282720341772979229e-02 5.571490182309514483e-02 5.717243595192485206e-02 -2.321323045323143504e+02
2.170000000000000000e+03 9.785918876948551323e-03 5.364933343486100875e-02 5.453453205328815528e-02 -2.331964400673882096e+02
2.180000000000000000e+03 6.976707685298530991e-03 5.153482508841892434e-02 5.200492906465729176e-02 -2.342605788076082547e+02
2.190000000000000000e+03 4.391271322796881649e-03 4.938374914452259984e-02 4.957860368545644048e-02 -2.353247064882082213e+02
2.200000000000000000e+03 2.023115557844405027e-03 4.720896227006329826e-02 4.725229216849329006e-02 -2.363888466413197307e+02
2.210000000000000000e+03 -1.332691502117409551e-04 4.502406293017854194e-02 4.502426016501631656e-02 -2.374530584207798825e+02
2.220000000000000000e+03 -2.084484438766489017e-03 4.284312383938254643e-02 4.289380299870983182e-02 -2.385174028173277065e+02
2.230000000000000000e+03 -3.839112998268650028e-03 4.067908487435617504e-02 4.085984256979643264e-02 -2.395819214726085704e+02
2.240000000000000000e+03 -5.406392755002354354e-03 3.854147894740553998e-02 3.891882169432479832e-02 -2.406466530571103988e+02
2.250000000000000000e+03 -6.795293014453212925e-03 3.643727298783557694e-02 3.706549433020324413e-02 -2.417116434816942672e+02
2.260000000000000000e+03 -8.015891644471379723e-03 3.437285046939354827e-02 3.529514652536796387e-02 -2.427769089420361297e+02
2.270000000000000000e+03 -9.079311254370314374e-03 3.235458147786494931e-02 3.360435738801646754e-02 -2.438424357293719709e+02
2.280000000000000000e+03 -9.995973081408780769e-03 3.038839782112378110e-02 3.199022038028386666e-02 -2.449082266082547505e+02
2.290000000000000000e+03 -1.077525766488827107e-02 2.847902249859284723e-02 3.044931690892409976e-02 -2.459743072066800664e+02
2.300000000000000000e+03 -1.142622343584852665e-02 2.663009245239697856e-02 2.897792963669324276e-02 -2.470407038737877485e+02
2.310000000000000000e+03 -1.195792103738150397e-02 2.484431310421484143e-02 2.757230075921326615e-02 -2.481074308191979583e+02
2.320000000000000000e+03 -1.237911619252407038e-02 2.312342379068431722e-02 2.622851969729891181e-02 -2.491744925790517300e+02
2.330000000000000000e+03 -1.269821174760098377e-02 2.146847272372069682e-02 2.494273246210308714e-02 -2.502418857624426778e+02
2.340000000000000000e+03 -1.292346300217624665e-02 1.988059489843879007e-02 2.371189468356437943e-02 -2.513096050872306932e+02
2.350000000000000000e+03 -1.306308026311985351e-02 1.836077590670324652e-02 2.253357845209867996e-02 -2.523776380283782714e+02
2.360000000000000000e+03 -1.312512672015229108e-02 1.690881324450036263e-02 2.140506754853734386e-02 -2.534459403564951856e+02
2.370000000000000000e+03 -1.311776379469521171e-02 1.552388604691276770e-02 2.032404401124317250e-02 -2.545144312212399029e+02
2.380000000000000000e+03 -1.304942848671418812e-02 1.420575224895673401e-02 1.928965994486701863e-02 -2.555830206088568275e+02
2.390000000000000000e+03 -1.292831347763099062e-02 1.295420025067081128e-02 1.830171012529634850e-02 -2.566516203668578555e+02
2.400000000000000000e+03 -1.276186862072334512e-02 1.176849023690576881e-02 1.735979991672570097e-02 -2.577201464409428695e+02
2.410000000000000000e+03 -1.255657604101809155e-02 1.064785021403778613e-02 1.646342358242823545e-02 -2.587885480043005373e+02
2.420000000000000000e+03 -1.231734017383251736e-02 9.591543819122663045e-03 1.561136066433860270e-02 -2.598568411347530400e+02
2.430000000000000000e+03 -1.204733222935770384e-02 8.598047118770792835e-03 1.480083200705702325e-02 -2.609250762165768265e+02
2.440000000000000000e+03 -1.174919574650704936e-02 7.664639261630821175e-03 1.402819645216989326e-02 -2.619932505771313913e+02
2.450000000000000000e+03 -1.142597120400446441e-02 6.787994808484904344e-03 1.329021036232148033e-02 -2.630612807099763586e+02
2.460000000000000000e+03 -1.108133606093409523e-02 5.964872086084531400e-03 1.258474107396369106e-02 -2.641290233989957983e+02
2.470000000000000000e+03 -1.071966458039264741e-02 5.192857658876371373e-03 1.191121233886272696e-02 -2.651963309947670950e+02
2.480000000000000000e+03 -1.034467120938231677e-02 4.470250096764829054e-03 1.126922172813408368e-02 -2.662631169240643771e+02
2.490000000000000000e+03 -9.958228081708596011e-03 3.794755725510571675e-03 1.065675736533514863e-02 -2.673293014028643597e+02
2.500000000000000000e+03 -9.561635882980134074e-03 3.163293487009195739e-03 1.007131105882685430e-02 -2.683947195527025542e+02
2.510000000000000000e+03 -9.157306650615523735e-03 2.572902912163316843e-03 9.511892266464426135e-03 -2.694591274115988995e+02
2.520000000000000000e+03 -8.748584900357011390e-03 2.021337709441572983e-03 8.979061415001302407e-03 -2.705222849664033902e+02
2.530000000000000000e+03 -8.338535474276067422e-03 1.506860546957834984e-03 8.473594429977072268e-03 -2.715840030516376373e+02
2.540000000000000000e+03 -7.929502124178148398e-03 1.028056025289198752e-03 7.995867878378130900e-03 -2.726441523577714747e+02
2.550000000000000000e+03 -7.522901743968826022e-03 5.837522266888424925e-04 7.545516371433659379e-03 -2.737026635402334023e+02
2.560000000000000000e+03 -7.119150661066631428e-03 1.724186156267518621e-04 7.121238257071596002e-03 -2.747594362923690028e+02
2.570000000000000000e+03 -6.718842428104232663e-03 -2.077463908444784717e-04 6.722053416672801700e-03 -2.758143119195049167e+02
2.580000000000000000e+03 -6.323249794219281024e-03 -5.582588341154234943e-04 6.347845373507619328e-03 -2.768671636608635822e+02
2.590000000000000000e+03 -5.933427991098474789e-03 -8.803966689860268178e-04 5.998388618646892725e-03 -2.779179177055775085e+02
2.600000000000000000e+03 -5.549914721324889118e-03 -1.175488597253822494e-03 5.673035065663924702e-03 -2.789665036249863874e+02
2.610000000000000000e+03 -5.173439428517814277e-03 -1.445045561758485919e-03 5.371464622996285042e-03 -2.800128439286236812e+02
2.620000000000000000e+03 -4.804862674407282645e-03 -1.691662712066620104e-03 5.093959957764577183e-03 -2.810567015895088048e+02
2.630000000000000000e+03 -4.444736574303441087e-03 -1.918557447746818342e-03 4.841130642242106631e-03 -2.820977347759345548e+02
2.640000000000000000e+03 -4.093351245793311333e-03 -2.127957883187377164e-03 4.613429220661887688e-03 -2.831358152043662244e+02
2.650000000000000000e+03 -3.750842586332656797e-03 -2.320890376990105732e-03 4.410822173864180004e-03 -2.841711188376363566e+02
2.660000000000000000e+03 -3.417434768076618376e-03 -2.497497396240677854e-03 4.232771389797451884e-03 -2.852041157144607268e+02
2.670000000000000000e+03 -3.093445479169304718e-03 -2.657898023088897665e-03 4.078458879740345759e-03 -2.862354092916174295e+02
2.680000000000000000e+03 -2.779049132201786860e-03 -2.803000166384028019e-03 3.947141245501660164e-03 -2.872655331779334347e+02
2.690000000000000000e+03 -2.474700982899822113e-03 -2.934153121517416030e-03 3.838411063874704477e-03 -2.882950828528072407e+02
2.700000000000000000e+03 -2.181707749899041478e-03 -3.052560001947275409e-03 3.752062269133854544e-03 -2.893249588181110994e+02
2.710000000000000000e+03 -1.901622553029282256e-03 -3.159357049945674990e-03 3.687506651279566419e-03 -2.903562423888159287e+02
2.720000000000000000e+03 -1.635149071220393102e-03 -3.255540266262320261e-03 3.643110609131742193e-03 -2.913898849399093365e+02
2.730000000000000000e+03 -1.382089478071732349e-03 -3.341874951136253411e-03 3.616393163696188847e-03 -2.924265728640878592e+02
2.740000000000000000e+03 -1.141371248946752934e-03 -3.419175665635198862e-03 3.604648465578047696e-03 -2.934666094736905393e+02
2.750000000000000000e+03 -9.113196907180872797e-04 -3.488112225918079626e-03 3.605194929444133570e-03 -2.945099777829054233e+02
2.760000000000000000e+03 -6.914552504590587654e-04 -3.548714195629052142e-03 3.615450567446130969e-03 -2.955568613013928143e+02
2.770000000000000000e+03 -4.832993956822162897e-04 -3.601279808832882814e-03 3.633564994241082844e-03 -2.966078307616340908e+02
2.780000000000000000e+03 -2.888595733324391757e-04 -3.647405341872632031e-03 3.658825710665487493e-03 -2.976634566674653115e+02
2.790000000000000000e+03 -1.090450538230966385e-04 -3.688779399735689097e-03 3.690390803651785734e-03 -2.987239783896058043e+02
2.800000000000000000e+03 5.676415678373231914e-05 -3.725393976248433676e-03 3.725826411383584974e-03 -2.997891898032135032e+02
2.810000000000000000e+03 2.097075867091572265e-04 -3.755449496849796228e-03 3.761300067172621171e-03 -3.008586427699451633e+02
2.820000000000000000e+03 3.511287444182777562e-04 -3.776656817403528741e-03 3.792944517337065898e-03 -3.019317187892083325e+02
2.830000000000000000e+03 4.823449438944518047e-04 -3.788204865457955178e-03 3.818789434831392632e-03 -3.030077790913084641e+02
2.840000000000000000e+03 6.034664435935362375e-04 -3.790754111642317264e-03 3.838487786026753036e-03 -3.040865561387147977e+02
2.850000000000000000e+03 7.140888651332265432e-04 -3.784837068346977480e-03 3.851611940634804433e-03 -3.051679468056340738e+02
2.860000000000000000e+03 8.144074472203624787e-04 -3.771224313328255806e-03 3.858159186908461692e-03 -3.062517387755103186e+02
2.870000000000000000e+03 9.046597615285987930e-04 -3.752064920395831431e-03 3.859585528394721219e-03 -3.073378316042673077e+02
2.880000000000000000e+03 9.852808516644722889e-04 -3.730162625103743048e-03 3.858094292053722632e-03 -3.084261848008869720e+02
2.890000000000000000e+03 1.057416055625534602e-03 -3.707804277133283210e-03 3.855637596069232901e-03 -3.095166139916667021e+02
2.900000000000000000e+03 1.121722610133279096e-03 -3.685357057766386508e-03 3.852287405855478377e-03 -3.106089619781100737e+02
2.910000000000000000e+03 1.177115143866898708e-03 -3.661105279250429639e-03 3.845684845079762066e-03 -3.117033454149758995e+02
2.920000000000000000e+03 1.221458655434108165e-03 -3.633397331328003244e-03 3.833215023219589072e-03 -3.128001195186772065e+02
2.930000000000000000e+03 1.253568432087105722e-03 -3.601958889721420826e-03 3.813861777407316460e-03 -3.138995122606696100e+02
2.940000000000000000e+03 1.274129570224893926e-03 -3.567052705067566640e-03 3.787779186073459391e-03 -3.150013564783615152e+02
2.950000000000000000e+03 1.284482146921667525e-03 -3.528990001908648665e-03 3.755484631752831377e-03 -3.161053511471174602e+02
2.960000000000000000e+03 1.285823355602675518e-03 -3.488441443279988348e-03 3.717871085044059665e-03 -3.172112818512192689e+02
2.970000000000000000e+03 1.279825056732092174e-03 -3.446562950663972259e-03 3.676513069299339447e-03 -3.183188731791022406e+02
2.980000000000000000e+03 1.268249575269291994e-03 -3.404496143492309525e-03 3.633049817470818642e-03 -3.194278293385922325e+02
2.990000000000000000e+03 1.252073704190103829e-03 -3.362905760929982453e-03 3.588429143458233758e-03 -3.205380075786830503e+02
3.000000000000000000e+03 1.231571189921650987e-03 -3.322324237866384339e-03 3.543247936196320357e-03 -3.216494340362423259e+02
3.010000000000000000e+03 1.206831147942842878e-03 -3.283386026435944696e-03 3.498151685996458114e-03 -3.227621964247843493e+02
3.020000000000000000e+03 1.178334506798765346e-03 -3.246666613451122847e-03 3.453884235004246912e-03 -3.238762727878416854e+02
3.030000000000000000e+03 1.147217775073157203e-03 -3.212664650801221131e-03 3.411352046029775785e-03 -3.249914466201863092e+02
3.040000000000000000e+03 1.115103240409904542e-03 -3.182110397594864731e-03 3.371836564730564846e-03 -3.261073689082460305e+02
3.050000000000000000e+03 1.083157660202463402e-03 -3.155195002549943725e-03 3.335938551737938421e-03 -3.272237380296108427e+02
3.060000000000000000e+03 1.051323954989872829e-03 -3.130941787549014650e-03 3.302738036138526141e-03 -3.283404700918921435e+02
3.070000000000000000e+03 1.019062081394195903e-03 -3.109261640410410348e-03 3.272001753401594226e-03 -3.294577080880241624e+02
3.080000000000000000e+03 9.863728423194016281e-04 -3.091589338844448216e-03 3.245128044333829911e-03 -3.305755843905453730e+02
3.090000000000000000e+03 9.544779497317136454e-04 -3.079698848203105046e-03 3.224216672642765506e-03 -3.316938877915611101e+02
3.100000000000000000e+03 9.250698766006019372e-04 -3.074578066765411028e-03 3.210729600142121169e-03 -3.328121645097451733e+02
3.110000000000000000e+03 8.993826660229017628e-04 -3.075944028235150056e-03 3.204734130123424937e-03 -3.339299628951383738e+02
3.120000000000000000e+03 8.782650142067835713e-04 -3.083279145562549829e-03 3.205925720387259488e-03 -3.350469274073781207e+02
3.130000000000000000e+03 8.623728127160029244e-04 -3.097313198176081857e-03 3.215126111944515731e-03 -3.361628770884300366e+02
3.140000000000000000e+03 8.522419658578363113e-04 -3.119333846723867845e-03 3.233660466976449877e-03 -3.372777217957757330e+02
3.150000000000000000e+03 8.483413326699592487e-04 -3.149587141023820792e-03 3.261837239289975057e-03 -3.383913198009423127e+02
3.160000000000000000e+03 8.508988268753419574e-04 -3.187303120840768653e-03 3.298928613610657527e-03 -3.395035446828464387e+02
3.170000000000000000e+03 8.598599807755579177e-04 -3.231432564449009462e-03 3.343877331051610911e-03 -3.406143594417781060e+02
3.180000000000000000e+03 8.751056172815093728e-04 -3.281050280751086207e-03 3.395747456189054155e-03 -3.417237781137639558e+02
3.190000000000000000e+03 8.967134196520837449e-04 -3.335470496211155166e-03 3.453904802984474748e-03 -3.428317938285138098e+02
3.200000000000000000e+03 9.250172217409197714e-04 -3.394152791723845444e-03 3.517944006672656630e-03 -3.439383548850055377e+02
3.210000000000000000e+03 9.603562975744123686e-04 -3.456695171015426293e-03 3.587621178944649936e-03 -3.450434350333791258e+02
3.220000000000000000e+03 1.002810801728330021e-03 -3.522888164646560336e-03 3.662836404300610828e-03 -3.461471048604015550e+02
3.230000000000000000e+03 1.052215632489634459e-03 -3.592136448328689391e-03 3.743073870586447957e-03 -3.472494751198737504e+02
3.240000000000000000e+03 1.108504703435703957e-03 -3.663014975395642320e-03 3.827069556137151739e-03 -3.483505662066987725e+02
3.250000000000000000e+03 1.171898891945141654e-03 -3.733900366264638910e-03 3.913484247845320715e-03 -3.494503079468668716e+02
3.260000000000000000e+03 1.242773391253468394e-03 -3.803771201128760410e-03 4.001644793399856612e-03 -3.505486376690653856e+02
3.270000000000000000e+03 1.321389034292905175e-03 -3.872480444635748118e-03 4.091720148548262312e-03 -3.516455891138575112e+02
3.280000000000000000e+03 1.407713782865190099e-03 -3.940206030797394933e-03 4.184122567468690282e-03 -3.527412898324103594e+02
3.290000000000000000e+03 1.501278102903501029e-03 -4.006664712220518731e-03 4.278691161840343475e-03 -3.538359222761444016e+02
3.300000000000000000e+03 1.601098610721633439e-03 -4.071262025122454435e-03 4.374778993098843785e-03 -3.549297358944650114e+02
3.310000000000000000e+03 1.706171448572963312e-03 -4.133687546304003375e-03 4.471956366333908542e-03 -3.560229781768737212e+02
3.320000000000000000e+03 1.816000581901274251e-03 -4.193793388663614660e-03 4.570094211311667189e-03 -3.571157808745092552e+02
3.330000000000000000e+03 1.930516468935482852e-03 -4.251117538354293006e-03 4.668928588202499869e-03 -3.582081510789502090e+02
3.340000000000000000e+03 2.049713690756775012e-03 -4.304667963455846222e-03 4.767755498101686890e-03 -3.593000307788742589e+02
3.350000000000000000e+03 2.173401475603089182e-03 -4.353208363351068755e-03 4.865603459891011152e-03 -3.603913668459383075e+02
3.360000000000000000e+03 2.301418426623170772e-03 -4.396156362046109260e-03 4.962128327034595263e-03 -3.614821498726764730e+02
3.370000000000000000e+03 2.433689986306330176e-03 -4.433662649968407761e-03 5.057688349747599225e-03 -3.625724183139572574e+02
3.380000000000000000e+03 2.569898475447065112e-03 -4.465942193086807482e-03 5.152573904962271488e-03 -3.636622580146467385e+02
3.390000000000000000e+03 2.709540240959440200e-03 -4.493198888014228454e-03 5.246946213239739830e-03 -3.647517801855293555e+02
3.400000000000000000e+03 2.852205497312851074e-03 -4.515663325602156837e-03 5.341000980068247306e-03 -3.658410765863546317e+02
3.410000000000000000e+03 2.997349566983339032e-03 -4.533566141112191535e-03 5.434825331373042620e-03 -3.669302547848519680e+02
3.420000000000000000e+03 3.144073385778904314e-03 -4.547179411929276431e-03 5.528294317367401026e-03 -3.680194720646236988e+02
3.430000000000000000e+03 3.291350587431927498e-03 -4.556717582766915513e-03 5.621090981160654920e-03 -3.691088847304998808e+02
3.440000000000000000e+03 3.438389183992335719e-03 -4.562395923760190208e-03 5.712965669924779250e-03 -3.701986011510527419e+02
3.450000000000000000e+03 3.584723799946360617e-03 -4.564590886706585207e-03 5.803941306121788470e-03 -3.712886922737990290e+02
3.460000000000000000e+03 3.730250086727278629e-03 -4.563589103689426676e-03 5.894159076309506834e-03 -3.723791683294875270e+02
3.470000000000000000e+03 3.875267287681648416e-03 -4.559326253302455230e-03 5.983740672441318319e-03 -3.734699520253031437e+02
3.480000000000000000e+03 4.020021206168661494e-03 -4.551601502372814093e-03 6.072696825500858465e-03 -3.745609645232722755e+02
3.490000000000000000e+03 4.164158078115038145e-03 -4.540531290443524694e-03 6.160895787061120704e-03 -3.756522386175780071e+02
3.500000000000000000e+03 4.306795511200011556e-03 -4.526678791784778493e-03 6.248144401283205196e-03 -3.767439144594042091e+02
3.510000000000000000e+03 4.447240681118868645e-03 -4.510725726470926102e-03 6.334397860510917154e-03 -3.778361144234069116e+02
3.520000000000000000e+03 4.585408886496955723e-03 -4.493075322925380033e-03 6.419789756202788286e-03 -3.789288573071842166e+02
3.530000000000000000e+03 4.721539762979403906e-03 -4.473819722460331549e-03 6.504460057719675496e-03 -3.800220943834901277e+02
3.540000000000000000e+03 4.855899843036173315e-03 -4.453135980982808433e-03 6.588640478180795082e-03 -3.811157886105323200e+02
3.550000000000000000e+03 4.988549553067389737e-03 -4.431307630022804540e-03 6.672489337219444407e-03 -3.822099403185728193e+02
3.560000000000000000e+03 5.119269917723868329e-03 -4.408440486208783753e-03 6.755832443967010534e-03 -3.833045589798726951e+02
3.570000000000000000e+03 5.247713094051389277e-03 -4.384598176829575256e-03 6.838361930297024577e-03 -3.843996600133900756e+02
3.580000000000000000e+03 5.373573172392695149e-03 -4.360020392601385471e-03 6.919903645496694108e-03 -3.854952721239398556e+02
3.590000000000000000e+03 5.496702589319024147e-03 -4.334855013022624083e-03 7.000336230450208627e-03 -3.865913977759484510e+02
3.600000000000000000e+03 5.617108826979888211e-03 -4.308853050726133005e-03 7.079415667051008540e-03 -3.876879814820700290e+02
3.610000000000000000e+03 5.734805139095312462e-03 -4.281524105512770489e-03 7.156775716024705442e-03 -3.887849418256572562e+02
3.620000000000000000e+03 5.849774735161543913e-03 -4.252444442099132665e-03 7.232091549840482560e-03 -3.898822090445180493e+02
3.630000000000000000e+03 5.962075817709595188e-03 -4.221313472449462340e-03 7.305192364941588516e-03 -3.909797226222038375e+02
3.640000000000000000e+03 6.071791660005390612e-03 -4.187862768272738491e-03 7.375964243974886779e-03 -3.920774256214269826e+02
3.650000000000000000e+03 6.178940394505379706e-03 -4.151884656293451659e-03 7.444289798094597121e-03 -3.931752747088751789e+02
3.660000000000000000e+03 6.283495428956513591e-03 -4.113181639401415103e-03 7.510031824461619113e-03 -3.942732321718523281e+02
3.670000000000000000e+03 6.385400160588318962e-03 -4.071421792086343978e-03 7.572965774379077433e-03 -3.953712482035296034e+02
3.680000000000000000e+03 6.484595048651010420e-03 -4.026092986428083526e-03 7.632784398917252626e-03 -3.964692535728803477e+02
3.690000000000000000e+03 6.581026399909995980e-03 -3.976568625689632687e-03 7.689148620694715927e-03 -3.975671661822510146e+02
3.700000000000000000e+03 6.674645583356694431e-03 -3.922372565632085799e-03 7.741827962893922319e-03 -3.986649204118083389e+02
3.710000000000000000e+03 6.765376613942085567e-03 -3.863318197874026760e-03 7.790734768075415449e-03 -3.997624844824446768e+02
3.720000000000000000e+03 6.853039631890785362e-03 -3.799310766517755272e-03 7.835745943867981900e-03 -4.008598428301459080e+02
3.730000000000000000e+03 6.937347232792901233e-03 -3.730089851775707059e-03 7.876570124785244043e-03 -4.019569665853583160e+02
3.740000000000000000e+03 7.017880488673707180e-03 -3.655224192503765852e-03 7.912730909791632419e-03 -4.030538131697587119e+02
3.750000000000000000e+03 7.094147661249135609e-03 -3.574263546374572588e-03 7.943695043148919083e-03 -4.041503384489067798e+02
3.760000000000000000e+03 7.165819977517495255e-03 -3.486797168340047878e-03 7.969111019639079502e-03 -4.052464893939746275e+02
3.770000000000000000e+03 7.232811604395677184e-03 -3.392548083068317420e-03 7.988926473601524678e-03 -4.063422116245910161e+02
3.780000000000000000e+03 7.295049589670088430e-03 -3.291522737650703825e-03 8.003241246408688073e-03 -4.074374803702592089e+02
3.790000000000000000e+03 7.352264586357197020e-03 -3.183833340239826826e-03 8.012027788657803684e-03 -4.085322912229805752e+02
3.800000000000000000e+03 7.404149385337911379e-03 -3.069447717815883877e-03 8.015169206748220046e-03 -4.096266222380700128e+02
3.810000000000000000e+03 7.450664278796500714e-03 -2.948248221403906594e-03 8.012775160351466239e-03 -4.107204257420833073e+02
3.820000000000000000e+03 7.491992270162061394e-03 -2.820238238524858804e-03 8.005229034712615585e-03 -4.118136563900869191e+02
3.830000000000000000e+03 7.528356017742503584e-03 -2.685511991956931327e-03 7.993004378131182350e-03 -4.129062778800666251e+02
3.840000000000000000e+03 7.559923953186882366e-03 -2.544084356008064016e-03 7.976516494589211068e-03 -4.139982474205677363e+02
3.850000000000000000e+03 7.586814956773915188e-03 -2.395946411939166732e-03 7.956149847584102763e-03 -4.150895214542326244e+02
3.860000000000000000e+03 7.609050215300050372e-03 -2.241283096515736973e-03 7.932275530872898509e-03 -4.161800832281329576e+02
3.870000000000000000e+03 7.626478366711571602e-03 -2.080477586979986599e-03 7.905160293621227643e-03 -4.172699459880224140e+02
3.880000000000000000e+03 7.638783542580642426e-03 -1.913864686659606275e-03 7.874889970611878565e-03 -4.183591216218121076e+02
3.890000000000000000e+03 7.645598875779089851e-03 -1.741685278406821880e-03 7.841469873584513972e-03 -4.194476095249196987e+02
3.900000000000000000e+03 7.646740785191450882e-03 -1.564299223159793710e-03 7.805105809371753328e-03 -4.205354159750302756e+02
3.910000000000000000e+03 7.642352051294470233e-03 -1.382092623919234766e-03 7.766319906945422236e-03 -4.216225421372933511e+02
3.920000000000000000e+03 7.632663459439740193e-03 -1.195287976184085778e-03 7.725688631512200692e-03 -4.227089694149271963e+02
3.930000000000000000e+03 7.617749581938312690e-03 -1.004107971855093756e-03 7.683641162382863835e-03 -4.237946854953234492e+02
3.940000000000000000e+03 7.597635337038851841e-03 -8.089465674672494631e-04 7.640579641862161285e-03 -4.248797032174048240e+02
3.950000000000000000e+03 7.572394888462023223e-03 -6.102591315305859422e-04 7.596945475282959603e-03 -4.259640455691678653e+02
3.960000000000000000e+03 7.542139063218285429e-03 -4.082840305587409993e-04 7.553181945281901323e-03 -4.270477103177185541e+02
3.970000000000000000e+03 7.506962071128947186e-03 -2.030989024468621111e-04 7.509708962506052646e-03 -4.281306775269425771e+02
3.980000000000000000e+03 7.466813476903999894e-03 5.038132452584710732e-06 7.466815176610025993e-03 -4.292129546491279370e+02
3.990000000000000000e+03 7.421514148099434341e-03 2.156566284484671178e-04 7.424646795089570595e-03 -4.302945792543878838e+02
4.000000000000000000e+03 7.370916734169322485e-03 4.283099079601687285e-04 7.383350383079093950e-03 -4.313755865630599828e+02
4.010000000000000000e+03 7.314993237949061165e-03 6.427263050965784661e-04 7.343175278753979497e-03 -4.324559902138828420e+02
4.020000000000000000e+03 7.253696916732010197e-03 8.587203075732501717e-04 7.304349356817906730e-03 -4.335357940061073805e+02
4.030000000000000000e+03 7.186813942216384136e-03 1.076080045174857436e-03 7.266928023839188192e-03 -4.346150037257826284e+02
4.040000000000000000e+03 7.114062492045727937e-03 1.294488099035296345e-03 7.230877165273649071e-03 -4.356936368012903245e+02
4.050000000000000000e+03 7.035229200180873228e-03 1.513516236059950790e-03 7.196192138617109671e-03 -4.367717252532391967e+02
4.060000000000000000e+03 6.950207511050382481e-03 1.732780314075503840e-03 7.162954143613425861e-03 -4.378492969778095585e+02
4.070000000000000000e+03 6.859021012591864919e-03 1.952002723561492396e-03 7.131373211659043469e-03 -4.389263702871849091e+02
4.080000000000000000e+03 6.761684670889121611e-03 2.170857739035881098e-03 7.101619738599702220e-03 -4.400029717335731902e+02
4.090000000000000000e+03 6.658020545422083970e-03 2.388902848614990384e-03 7.073619611159720662e-03 -4.410791358584745581e+02
4.100000000000000000e+03 6.547765827962064890e-03 2.605714670395334158e-03 7.047197051405701580e-03 -4.421548873768660997e+02
4.110000000000000000e+03 6.430771302554794643e-03 2.820988258296811425e-03 7.022306907221499174e-03 -4.432302370971414121e+02
4.120000000000000000e+03 6.306940845734096933e-03 3.034559505297767211e-03 6.999003802169431743e-03 -4.443051784038657956e+02
4.130000000000000000e+03 6.176086047468023338e-03 3.246294353472122061e-03 6.977282128100752677e-03 -4.453796939338877223e+02
4.140000000000000000e+03 6.038005033143172169e-03 3.455852384692092993e-03 6.957041072542572389e-03 -4.464537889062749514e+02
4.150000000000000000e+03 5.892653610169266108e-03 3.662650188930332250e-03 6.938182253004909761e-03 -4.475275060842942594e+02
4.160000000000000000e+03 5.740180808008582894e-03 3.866004774832953149e-03 6.920669666127783962e-03 -4.486009117598886178e+02
4.170000000000000000e+03 5.580794324685872838e-03 4.065250163828100678e-03 6.904456835186273227e-03 -4.496740728327030183e+02
4.180000000000000000e+03 5.414621956509973327e-03 4.259800386163467741e-03 6.889414362765409680e-03 -4.507470375955861641e+02
4.190000000000000000e+03 5.241728806438234085e-03 4.449189185850540781e-03 6.875391282809568093e-03 -4.518198313119828526e+02
4.200000000000000000e+03 5.062265525473490929e-03 4.633082518290499233e-03 6.862360080299374429e-03 -4.654588398565258558e+02
