0.000000000000000000e+00 6.950497953575743848e-01 1.967418015441001200e-01
1.000000000000000000e+01 6.852945341089061726e-01 2.064971899496401420e-01
2.000000000000000000e+01 6.759804733122145581e-01 2.158117828069414379e-01
3.000000000000000000e+01 6.670825697318052416e-01 2.247102187511476334e-01
4.000000000000000000e+01 6.585670743387207482e-01 2.332260990056026217e-01
5.000000000000000000e+01 6.503938232868973213e-01 2.413996257665458611e-01
6.000000000000000000e+01 6.425181893852801585e-01 2.492753959880117942e-01
7.000000000000000000e+01 6.348933673008047007e-01 2.569002193306196835e-01
8.000000000000000000e+01 6.274723538248879739e-01 2.643212173216088479e-01
9.000000000000000000e+01 6.202094537303395327e-01 2.715840843362692936e-01
1.000000000000000000e+02 6.130617643653611948e-01 2.787315789371899721e-01
1.100000000000000000e+02 6.059906226546986074e-01 2.858024148288662580e-01
1.200000000000000000e+02 5.989624385055271061e-01 2.928303336668564572e-01
1.300000000000000000e+02 5.919492754746260577e-01 2.998434263265058464e-01
1.400000000000000000e+02 5.849291002619967372e-01 3.068637927296161694e-01
1.500000000000000000e+02 5.778858600619707353e-01 3.139074302743080636e-01
1.600000000000000000e+02 5.708093929200196426e-01 3.209843861693993383e-01
1.700000000000000000e+02 5.636952963487467105e-01 3.280989480859756169e-01
1.800000000000000000e+02 5.565446368173845304e-01 3.352500619355828215e-01
1.900000000000000000e+02 5.493633565464673962e-01 3.424318188029641941e-01
2.000000000000000000e+02 5.421615635583675319e-01 3.496340648774148296e-01
2.100000000000000000e+02 5.349530126687167542e-01 3.568430012683742047e-01
2.200000000000000000e+02 5.277544855474167740e-01 3.640418673433224450e-01
2.300000000000000000e+02 5.205849777453549487e-01 3.712117236742331627e-01
2.400000000000000000e+02 5.134648900909577485e-01 3.783321755857148028e-01
2.500000000000000000e+02 5.064153287438082351e-01 3.853820522770154966e-01
2.600000000000000000e+02 4.994575125433021179e-01 3.923401115042005061e-01
2.700000000000000000e+02 4.926121961884418199e-01 3.991856332810775343e-01
2.800000000000000000e+02 4.858990267936096341e-01 4.058990257922451272e-01
2.900000000000000000e+02 4.793360839160392683e-01 4.124622220745751688e-01
3.000000000000000000e+02 4.729395447844590428e-01 4.188590478009173723e-01
3.100000000000000000e+02 4.667234226591778778e-01 4.250754968462245875e-01
3.200000000000000000e+02 4.606994351321648806e-01 4.310998201745270819e-01
3.300000000000000000e+02 4.548770304123950781e-01 4.369225598948062173e-01
3.400000000000000000e+02 4.492634870458943608e-01 4.425365267159724336e-01
3.500000000000000000e+02 4.438639375735310422e-01 4.479366503684671375e-01
3.600000000000000000e+02 4.386814883085538574e-01 4.531198030369153473e-01
3.700000000000000000e+02 4.337174541656972915e-01 4.580845818482215392e-01
3.800000000000000000e+02 4.289716397569419692e-01 4.628310876852385625e-01
3.900000000000000000e+02 4.244426641064183436e-01 4.673606585684474957e-01
4.000000000000000000e+02 4.201282376935743801e-01 4.716756333449731997e-01
4.100000000000000000e+02 4.160253081854417556e-01 4.757791225715112260e-01
4.200000000000000000e+02 4.121302286451821173e-01 4.796747829883840630e-01
4.300000000000000000e+02 4.084389735273599720e-01 4.833666228049303126e-01
4.400000000000000000e+02 4.049473189700608655e-01 4.868588527993339410e-01
4.500000000000000000e+02 4.016509592436016129e-01 4.901557428326925314e-01
4.600000000000000000e+02 3.985456577716320337e-01 4.932615159953250838e-01
4.700000000000000000e+02 3.956273509032453006e-01 4.961802917065934460e-01
4.800000000000000000e+02 3.928921328557603565e-01 4.989160039743069652e-01
4.900000000000000000e+02 3.903362786103710680e-01 5.014724054770944850e-01
5.000000000000000000e+02 3.879561911446630651e-01 5.038530996691754638e-01
5.100000000000000000e+02 3.857483419194172036e-01 5.060615457606844059e-01
5.200000000000000000e+02 3.837092491159994068e-01 5.081011549524188098e-01
5.300000000000000000e+02 3.818354424831679195e-01 5.099753734585039666e-01
5.400000000000000000e+02 3.801234847130564032e-01 5.116877629489305912e-01
5.500000000000000000e+02 3.785697772231524927e-01 5.132421144157953696e-01
5.600000000000000000e+02 3.771702022452018688e-01 5.146425362146098692e-01
5.700000000000000000e+02 3.759200720705959675e-01 5.158935548744180144e-01
5.800000000000000000e+02 3.748142375260943848e-01 5.170002413064902491e-01
5.900000000000000000e+02 3.738470442111594405e-01 5.179682283173746571e-01
6.000000000000000000e+02 3.730122824552559724e-01 5.188037736418817936e-01
6.100000000000000000e+02 3.723030814245614772e-01 5.195138047566922879e-01
6.200000000000000000e+02 3.717118233608979194e-01 5.201059118989126429e-01
6.300000000000000000e+02 3.712301702250280222e-01 5.205884064850556658e-01
6.400000000000000000e+02 3.708491009943075678e-01 5.209702970145885237e-01
6.500000000000000000e+02 3.705589118317531572e-01 5.212612433108716470e-01
6.600000000000000000e+02 3.703492749641936754e-01 5.214715253717859822e-01
6.700000000000000000e+02 3.702093684148907715e-01 5.216119954674884873e-01
6.800000000000000000e+02 3.701278718610490071e-01 5.216940383851441654e-01
6.900000000000000000e+02 3.700929401385096296e-01 5.217294761203867814e-01
7.000000000000000000e+02 3.700923565281523109e-01 5.217305086464802955e-01
7.100000000000000000e+02 3.701136778316011511e-01 5.217096259466201813e-01
7.200000000000000000e+02 3.701442636023927202e-01 5.216794933746556895e-01
7.300000000000000000e+02 3.701713185140221851e-01 5.216528739324584052e-01
7.400000000000000000e+02 3.701820333759946458e-01 5.216425376670670300e-01
7.500000000000000000e+02 3.701637419738726398e-01 5.216611670368259679e-01
7.600000000000000000e+02 3.701039669444373126e-01 5.217212690769018613e-01
7.700000000000000000e+02 3.699904655092148276e-01 5.218350728712386477e-01
7.800000000000000000e+02 3.698113569416296431e-01 5.220144405953791589e-01
7.900000000000000000e+02 3.695552272307198738e-01 5.222707851568075821e-01
8.000000000000000000e+02 3.692111778054339988e-01 5.226149947407047192e-01
8.100000000000000000e+02 3.687689155167582222e-01 5.230573387199157764e-01
8.200000000000000000e+02 3.682189192100468467e-01 5.236073781319668941e-01
8.300000000000000000e+02 3.675524917453882323e-01 5.242738919350028448e-01
8.400000000000000000e+02 3.667617478118767593e-01 5.250647645938377739e-01
8.500000000000000000e+02 3.658397262990477627e-01 5.259868987173826893e-01
8.600000000000000000e+02 3.647805236467836498e-01 5.270461778056122482e-01
8.700000000000000000e+02 3.635793638134865446e-01 5.282473811284161824e-01
8.800000000000000000e+02 3.622326246066648325e-01 5.295941367638552499e-01
8.900000000000000000e+02 3.607378744403981763e-01 5.310888897697109146e-01
9.000000000000000000e+02 3.590939018303176411e-01 5.327328645975543120e-01
9.100000000000000000e+02 3.573007101947447417e-01 5.345260679562452433e-01
9.200000000000000000e+02 3.553595200120026054e-01 5.364672694369025940e-01
9.300000000000000000e+02 3.532727759915903487e-01 5.385540113331052092e-01
9.400000000000000000e+02 3.510441055521782427e-01 5.407826384812127740e-01
9.500000000000000000e+02 3.486782881466496953e-01 5.431483775576197992e-01
9.600000000000000000e+02 3.461811763169548306e-01 5.456454336861233934e-01
9.700000000000000000e+02 3.435595553944124636e-01 5.482670561932039277e-01
9.800000000000000000e+02 3.408210352033927970e-01 5.510056271558783081e-01
9.900000000000000000e+02 3.379739227216564390e-01 5.538527847409420168e-01
1.000000000000000000e+03 3.350271452748037060e-01 5.567995662561014969e-01
1.010000000000000000e+03 3.319902044108725137e-01 5.598364875762243953e-01
1.020000000000000000e+03 3.288730067614557551e-01 5.629536693312223727e-01
1.030000000000000000e+03 3.256856595521280817e-01 5.661409982782770189e-01
1.040000000000000000e+03 3.224383518288759243e-01 5.693882759722485032e-01
1.050000000000000000e+03 3.191412603587974184e-01 5.726853046546445114e-01
1.060000000000000000e+03 3.158044823292357473e-01 5.760219752913992020e-01
1.070000000000000000e+03 3.124379684995173823e-01 5.793883554601299002e-01
1.080000000000000000e+03 3.090514035514753122e-01 5.827747795251189133e-01
1.090000000000000000e+03 3.056541056138664114e-01 5.861719531542177730e-01
1.100000000000000000e+03 3.022549738526796870e-01 5.895709979964712799e-01
1.110000000000000000e+03 2.988624355780634678e-01 5.929634424707804774e-01
1.120000000000000000e+03 2.954844424042685769e-01 5.963412996151552514e-01
1.130000000000000000e+03 2.921284574193334094e-01 5.996971311787488990e-01
1.140000000000000000e+03 2.888014086416450521e-01 6.030240284530594685e-01
1.150000000000000000e+03 2.855097045519417454e-01 6.063156123868312930e-01
1.160000000000000000e+03 2.822592651091829774e-01 6.095659766502247168e-01
1.170000000000000000e+03 2.790555413532692652e-01 6.127696465908437640e-01
1.180000000000000000e+03 2.759035474583194647e-01 6.159215893326067670e-01
1.190000000000000000e+03 2.728078895992627761e-01 6.190172002410516683e-01
1.200000000000000000e+03 2.697728124991202736e-01 6.220522515348808623e-01
1.210000000000000000e+03 2.668022062774315084e-01 6.250228310100977014e-01
1.220000000000000000e+03 2.638996482514591735e-01 6.279253289609717514e-01
1.230000000000000000e+03 2.610684540247619201e-01 6.307564331170393279e-01
1.240000000000000000e+03 2.583117003404372669e-01 6.335131220650913608e-01
1.250000000000000000e+03 2.556322331344147436e-01 6.361926214221386156e-01
1.260000000000000000e+03 2.530326509123346224e-01 6.387923220718820794e-01
1.270000000000000000e+03 2.505153270297327817e-01 6.413097809877744693e-01
1.280000000000000000e+03 2.480824723810994559e-01 6.437427313557250175e-01
1.290000000000000000e+03 2.457361558166044346e-01 6.460891139063281718e-01
1.300000000000000000e+03 2.434782858416701667e-01 6.483470856464901289e-01
1.310000000000000000e+03 2.413105715155955955e-01 6.505149637583645950e-01
1.320000000000000000e+03 2.392344990951205674e-01 6.525912415838179825e-01
1.330000000000000000e+03 2.372513593115839481e-01 6.545745904320011688e-01
1.340000000000000000e+03 2.353622902543582585e-01 6.564638505327606843e-01
1.350000000000000000e+03 2.335682330573908283e-01 6.582580744696742148e-01
1.360000000000000000e+03 2.318698681652166527e-01 6.599565951223466120e-01
1.370000000000000000e+03 2.302676301184671259e-01 6.615590202949460652e-01
1.380000000000000000e+03 2.287617118370613711e-01 6.630651621773954174e-01
1.390000000000000000e+03 2.273520432029449145e-01 6.644750381356666624e-01
1.400000000000000000e+03 2.260382698016788483e-01 6.657889763415760775e-01
1.410000000000000000e+03 2.248197511247488067e-01 6.670076140213688776e-01
1.420000000000000000e+03 2.236956038263150093e-01 6.681318337788471062e-01
1.430000000000000000e+03 2.226647139605703873e-01 6.691627699989645128e-01
1.440000000000000000e+03 2.217256946147616037e-01 6.701018537453578006e-01
1.450000000000000000e+03 2.208768405443772842e-01 6.709507884598014948e-01
1.460000000000000000e+03 2.201161587684444532e-01 6.717115345199812237e-01
1.470000000000000000e+03 2.194413982041758526e-01 6.723863462676162861e-01
1.480000000000000000e+03 2.188500708986101662e-01 6.729777593465090524e-01
1.490000000000000000e+03 2.183394262042065159e-01 6.734885615902866940e-01
1.500000000000000000e+03 2.179064128853885063e-01 6.739217841393765340e-01
1.510000000000000000e+03 2.175477249098511645e-01 6.742806963944620868e-01
1.520000000000000000e+03 2.172598264362775033e-01 6.745688362115559444e-01
1.530000000000000000e+03 2.170389332498638135e-01 6.747899992789515577e-01
1.540000000000000000e+03 2.168809922849007921e-01 6.749482366031623881e-01
1.550000000000000000e+03 2.167817138470393701e-01 6.750478329923813581e-01
1.560000000000000000e+03 2.167366618203456219e-01 6.750931894623068974e-01
1.570000000000000000e+03 2.167412832832092406e-01 6.750887959203211164e-01
1.580000000000000000e+03 2.167909017812056915e-01 6.750392910761124909e-01
1.590000000000000000e+03 2.168807660996830422e-01 6.749494380715299613e-01
1.600000000000000000e+03 2.170061317998594752e-01 6.748240406695783511e-01
1.610000000000000000e+03 2.171623228782796622e-01 6.746678277327438078e-01
1.620000000000000000e+03 2.173447547598905960e-01 6.744853733078657321e-01
1.630000000000000000e+03 2.175490154075160887e-01 6.742810645990120477e-01
1.640000000000000000e+03 2.177709026054128472e-01 6.740591107894005063e-01
1.650000000000000000e+03 2.180064404718584925e-01 6.738235090913204939e-01
1.660000000000000000e+03 2.182519392546677095e-01 6.735779571160055434e-01
1.670000000000000000e+03 2.185040377846929616e-01 6.733258295473214528e-01
1.680000000000000000e+03 2.187596873293826960e-01 6.730701671263472630e-01
1.690000000000000000e+03 2.190162111978763981e-01 6.728136352852528423e-01
1.700000000000000000e+03 2.192713901298636303e-01 6.725584780880690117e-01
1.710000000000000000e+03 2.195234636781986104e-01 6.723064571213435148e-01
1.720000000000000000e+03 2.197710996976081077e-01 6.720588948135691743e-01
1.730000000000000000e+03 2.200133850697879034e-01 6.718167176090997783e-01
1.740000000000000000e+03 2.202498161019623979e-01 6.715804129910390996e-01
1.750000000000000000e+03 2.204802837319356223e-01 6.713500450701235245e-01
1.760000000000000000e+03 2.207050624186645549e-01 6.711252992237742854e-01
1.770000000000000000e+03 2.209248379210008162e-01 6.709054740657177662e-01
1.780000000000000000e+03 2.211406766791449985e-01 6.706895060863174995e-01
1.790000000000000000e+03 2.213539192552589352e-01 6.704760519395116525e-01
1.800000000000000000e+03 2.215661286045535194e-01 6.702635589342605948e-01
1.810000000000000000e+03 2.217791097176259885e-01 6.700502542743804746e-01
1.820000000000000000e+03 2.219948931207879617e-01 6.698341367382321110e-01
1.830000000000000000e+03 2.222156580987473262e-01 6.696130492183921534e-01
1.840000000000000000e+03 2.224436603788609856e-01 6.693847549513359807e-01
1.850000000000000000e+03 2.226811641815833465e-01 6.691470040100314653e-01
1.860000000000000000e+03 2.229304155312597513e-01 6.688975533223300296e-01
1.870000000000000000e+03 2.231936308639294320e-01 6.686341675191783684e-01
1.880000000000000000e+03 2.234729790614021216e-01 6.683546739060517439e-01
1.890000000000000000e+03 2.237705513061501728e-01 6.680570099653828642e-01
1.900000000000000000e+03 2.240882920883383311e-01 6.677392081438322524e-01
1.910000000000000000e+03 2.244279507223491954e-01 6.673994778087862789e-01
1.920000000000000000e+03 2.247910910743707580e-01 6.670362411228388799e-01
1.930000000000000000e+03 2.251791534662974104e-01 6.666480649041484075e-01
1.940000000000000000e+03 2.255934443694549707e-01 6.662336785077582757e-01
1.950000000000000000e+03 2.260350479073867103e-01 6.657920133407687624e-01
1.960000000000000000e+03 2.265048273628050834e-01 6.653221975454939319e-01
1.970000000000000000e+03 2.270034650083904426e-01 6.648235806369653389e-01
1.980000000000000000e+03 2.275314743314691690e-01 6.642956820523938655e-01
1.990000000000000000e+03 2.280891559610226382e-01 6.637381844124670138e-01
2.000000000000000000e+03 2.286765802327440089e-01 6.631509757900219126e-01
2.010000000000000000e+03 2.292936753861352372e-01 6.625340978001645897e-01
2.020000000000000000e+03 2.299402822586181783e-01 6.618877035727560587e-01
2.030000000000000000e+03 2.306161712916962314e-01 6.612120384991513333e-01
2.040000000000000000e+03 2.313210688815259819e-01 6.605073932592163688e-01
2.050000000000000000e+03 2.320546081802815908e-01 6.597741310243737667e-01
2.060000000000000000e+03 2.328163403200118886e-01 6.590126826468356569e-01
2.070000000000000000e+03 2.336057797244251999e-01 6.582235150938587909e-01
2.080000000000000000e+03 2.344223839887582539e-01 6.574071608911443709e-01
2.090000000000000000e+03 2.352655716927208041e-01 6.565642197750998221e-01
2.100000000000000000e+03 2.361347759956327341e-01 6.556952928498525068e-01
2.110000000000000000e+03 2.370294336333228502e-01 6.548009687163678372e-01
2.120000000000000000e+03 2.379489267329096269e-01 6.538818756259441312e-01
2.130000000000000000e+03 2.388925448847036004e-01 6.529387125931845892e-01
2.140000000000000000e+03 2.398594848858544570e-01 6.519722588750730408e-01
2.150000000000000000e+03 2.408488314959610355e-01 6.509833950516815682e-01
2.160000000000000000e+03 2.418595312133634267e-01 6.499731330864491063e-01
2.170000000000000000e+03 2.428903693092372140e-01 6.489426692157509446e-01
2.180000000000000000e+03 2.439399621964110643e-01 6.478934071841979669e-01
2.190000000000000000e+03 2.450067365528525720e-01 6.468269591897690685e-01
2.200000000000000000e+03 2.460889056084721582e-01 6.457451412484898068e-01
2.210000000000000000e+03 2.471844459654366222e-01 6.446499686232300963e-01
2.220000000000000000e+03 2.482910992741729772e-01 6.435436670577011631e-01
2.230000000000000000e+03 2.494063988875471483e-01 6.424286929369167343e-01
2.240000000000000000e+03 2.505276776738806221e-01 6.413077342444555295e-01
2.250000000000000000e+03 2.516520479501360152e-01 6.401836892813783653e-01
2.260000000000000000e+03 2.527763938513309383e-01 6.390596647131991936e-01
2.270000000000000000e+03 2.538973874608731474e-01 6.379389815143966525e-01
2.280000000000000000e+03 2.550115083174519515e-01 6.368251692629511851e-01
2.290000000000000000e+03 2.561150787617872404e-01 6.357219161028490051e-01
2.300000000000000000e+03 2.572042801860682237e-01 6.346330268796317453e-01
2.310000000000000000e+03 2.582751532839467901e-01 6.335624397584957990e-01
2.320000000000000000e+03 2.593235722206634897e-01 6.325142848444130772e-01
2.330000000000000000e+03 2.603452658483563220e-01 6.314928479568594488e-01
2.340000000000000000e+03 2.613358894531949694e-01 6.305024892583770413e-01
2.350000000000000000e+03 2.622910784963349839e-01 6.295475793081271032e-01
2.360000000000000000e+03 2.632065092208963342e-01 6.286324222284173091e-01
2.370000000000000000e+03 2.640779514164148245e-01 6.277612243955603688e-01
2.380000000000000000e+03 2.649013035149341833e-01 6.269380973597855622e-01
2.390000000000000000e+03 2.656726119311963452e-01 6.261670145851019331e-01
2.400000000000000000e+03 2.663880741513175998e-01 6.254517703269641959e-01
2.410000000000000000e+03 2.670440981795395574e-01 6.247959329089111113e-01
2.420000000000000000e+03 2.676373487267237894e-01 6.242028214689556709e-01
2.430000000000000000e+03 2.681647961179444706e-01 6.236754777051028986e-01
2.440000000000000000e+03 2.686238339315754065e-01 6.232165412303761753e-01
2.450000000000000000e+03 2.690123170139673836e-01 6.228281756502036526e-01
2.460000000000000000e+03 2.693285030326804663e-01 6.225121205644990052e-01
2.470000000000000000e+03 2.695709958714552767e-01 6.222697719050933607e-01
2.480000000000000000e+03 2.697387670460638653e-01 6.221021549474174961e-01
2.490000000000000000e+03 2.698312299667200986e-01 6.220098573439948320e-01
2.500000000000000000e+03 2.698482816575263898e-01 6.219929883299084583e-01
2.510000000000000000e+03 2.697903077014780493e-01 6.220511572697855485e-01
2.520000000000000000e+03 2.696581016353486460e-01 6.221835430900776176e-01
2.530000000000000000e+03 2.694527740785360170e-01 6.223890058545846760e-01
2.540000000000000000e+03 2.691757438245784839e-01 6.226661247441771518e-01
2.550000000000000000e+03 2.688287109945604603e-01 6.230132216917640964e-01
2.560000000000000000e+03 2.684137074794209488e-01 6.234282900654506410e-01
2.570000000000000000e+03 2.679331557367664596e-01 6.239089282638673462e-01
2.580000000000000000e+03 2.673897622354233783e-01 6.244524274224544369e-01
2.590000000000000000e+03 2.667863887159439007e-01 6.250558835594932638e-01
2.600000000000000000e+03 2.661260156569192903e-01 6.257162849035645680e-01
2.610000000000000000e+03 2.654117388473669625e-01 6.264305676165379255e-01
2.620000000000000000e+03 2.646467421754346017e-01 6.271955998255080988e-01
2.630000000000000000e+03 2.638342743999871898e-01 6.280081498764866765e-01
2.640000000000000000e+03 2.629776350301742394e-01 6.288648974184096740e-01
2.650000000000000000e+03 2.620801383766752091e-01 6.297624976893402282e-01
2.660000000000000000e+03 2.611450595723349144e-01 6.306976588949669837e-01
2.670000000000000000e+03 2.601756149038331745e-01 6.316671749008451187e-01
2.680000000000000000e+03 2.591749877074860930e-01 6.326678908300709114e-01
2.690000000000000000e+03 2.581463236151730900e-01 6.336966836306722195e-01
2.700000000000000000e+03 2.570926742590586844e-01 6.347505075302113386e-01
2.710000000000000000e+03 2.560169508224292012e-01 6.358264434624294470e-01
2.720000000000000000e+03 2.549219423337237278e-01 6.369216922495715139e-01
2.730000000000000000e+03 2.538103033810206188e-01 6.380335969042494337e-01
2.740000000000000000e+03 2.526845514320938402e-01 6.391596383367588174e-01
2.750000000000000000e+03 2.515471478024725593e-01 6.402973483957422607e-01
2.760000000000000000e+03 2.504005239863398846e-01 6.414442908397006704e-01
2.770000000000000000e+03 2.492470390952256920e-01 6.425980964252028249e-01
2.780000000000000000e+03 2.480889757573914445e-01 6.437564603192270640e-01
2.790000000000000000e+03 2.469285762742069179e-01 6.449171145586374276e-01
2.800000000000000000e+03 2.457680660692145580e-01 6.460778206458663853e-01
2.810000000000000000e+03 2.446096448639042964e-01 6.472363845326678522e-01
2.820000000000000000e+03 2.434555125057761560e-01 6.483906143841882130e-01
2.830000000000000000e+03 2.423079114746788110e-01 6.495382596553593846e-01
2.840000000000000000e+03 2.411690709813995859e-01 6.506770840173299320e-01
2.850000000000000000e+03 2.400411307831624985e-01 6.518049566374656267e-01
2.860000000000000000e+03 2.389262048029804630e-01 6.529197869843128554e-01
2.870000000000000000e+03 2.378264948260799261e-01 6.540194137100754368e-01
2.880000000000000000e+03 2.367442461689264754e-01 6.551016193119273412e-01
2.890000000000000000e+03 2.356816342621069482e-01 6.561642158700631278e-01
2.900000000000000000e+03 2.346407460975238335e-01 6.572050859819132951e-01
2.910000000000000000e+03 2.336236017527946185e-01 6.582222075863887190e-01
2.920000000000000000e+03 2.326321578562443870e-01 6.592136518920265198e-01
2.930000000000000000e+03 2.316683218787174148e-01 6.601775401556765344e-01
2.940000000000000000e+03 2.307339219629946647e-01 6.611120513282842115e-01
2.950000000000000000e+03 2.298306352339554715e-01 6.620154833728570942e-01
2.960000000000000000e+03 2.289599244129023325e-01 6.628863384808455494e-01
2.970000000000000000e+03 2.281230166899868295e-01 6.637233589515776355e-01
2.980000000000000000e+03 2.273209511051409171e-01 6.645254932486470700e-01
2.990000000000000000e+03 2.265546028864989792e-01 6.652918670404179835e-01
3.000000000000000000e+03 2.258246225275270247e-01 6.660218384113547607e-01
3.010000000000000000e+03 2.251313503278972172e-01 6.667150791963801781e-01
3.020000000000000000e+03 2.244747947548830780e-01 6.673715908334224567e-01
3.030000000000000000e+03 2.238546415593770655e-01 6.679916974746005209e-01
3.040000000000000000e+03 2.232702677895191112e-01 6.685760227076332773e-01
3.050000000000000000e+03 2.227206894467111120e-01 6.691255315302796491e-01
3.060000000000000000e+03 2.222045002487102738e-01 6.696415945277865989e-01
3.070000000000000000e+03 2.217199712008909585e-01 6.701259241613353179e-01
3.080000000000000000e+03 2.212650895349492497e-01 6.705805566820866037e-01
3.090000000000000000e+03 2.208375241254868782e-01 6.710078626770963339e-01
3.100000000000000000e+03 2.204346563244700408e-01 6.714104843422280533e-01
3.110000000000000000e+03 2.200536243235688139e-01 6.717912758614438262e-01
3.120000000000000000e+03 2.196913663540087658e-01 6.721532773144203166e-01
3.130000000000000000e+03 2.193446853025179943e-01 6.724996680407078209e-01
3.140000000000000000e+03 2.190103293078391467e-01 6.728336998329560448e-01
3.150000000000000000e+03 2.186850377229734854e-01 6.731586466265311319e-01
3.160000000000000000e+03 2.183655724535613907e-01 6.734777562255377381e-01
3.170000000000000000e+03 2.180488053547743887e-01 6.737941654822111603e-01
3.180000000000000000e+03 2.177317888712501925e-01 6.741108407856508666e-01
3.190000000000000000e+03 2.174117433691044321e-01 6.744305747569770970e-01
3.200000000000000000e+03 2.170860729280502943e-01 6.747559607670893245e-01
3.210000000000000000e+03 2.167524394288000700e-01 6.750893338848394931e-01
3.220000000000000000e+03 2.164088431725411099e-01 6.754326872905880297e-01
3.230000000000000000e+03 2.160536691655798869e-01 6.757876273111868004e-01
3.240000000000000000e+03 2.156856625524698479e-01 6.761554149514522605e-01
3.250000000000000000e+03 2.153038498684037017e-01 6.765370359237834474e-01
3.260000000000000000e+03 2.149075203488476915e-01 6.769331966589716698e-01
3.270000000000000000e+03 2.144963047686916924e-01 6.773442497399608797e-01
3.280000000000000000e+03 2.140702301328492319e-01 6.777701601375162310e-01
3.290000000000000000e+03 2.136296650914654149e-01 6.782105531004942733e-01
3.300000000000000000e+03 2.131752677137866148e-01 6.786647590656738060e-01
3.310000000000000000e+03 2.127079831634937634e-01 6.791318294522578070e-01
3.320000000000000000e+03 2.122289758192777431e-01 6.796106162946442542e-01
3.330000000000000000e+03 2.117395368483803442e-01 6.800998493323328065e-01
3.340000000000000000e+03 2.112410598288713692e-01 6.805981316863651820e-01
3.350000000000000000e+03 2.107350931649813186e-01 6.811038941356613030e-01
3.360000000000000000e+03 2.102234107737387947e-01 6.816153488469269828e-01
3.370000000000000000e+03 2.097079845616296734e-01 6.821305255302083648e-01
3.380000000000000000e+03 2.091908595116974967e-01 6.826473787061418941e-01
3.390000000000000000e+03 2.086740807243111506e-01 6.831638483284621088e-01
3.400000000000000000e+03 2.081597147920724866e-01 6.836778660889073489e-01
3.410000000000000000e+03 2.076498577114608002e-01 6.841873451404300033e-01
3.420000000000000000e+03 2.071465825082309253e-01 6.846902192655087704e-01
3.430000000000000000e+03 2.066518913031287485e-01 6.851844951287060503e-01
3.440000000000000000e+03 2.061677318007375526e-01 6.856682333617813985e-01
3.450000000000000000e+03 2.056960102048480676e-01 6.861395268948238257e-01
3.460000000000000000e+03 2.052385310261652662e-01 6.865965690428742496e-01
3.470000000000000000e+03 2.047969666636382802e-01 6.870376928888851653e-01
3.480000000000000000e+03 2.043728720561274192e-01 6.874613482101360473e-01
3.490000000000000000e+03 2.039676691585669555e-01 6.878661130943682922e-01
3.500000000000000000e+03 2.035825801342276420e-01 6.882507684285712468e-01
3.510000000000000000e+03 2.032185823878004116e-01 6.886143350001038277e-01
3.520000000000000000e+03 2.028764765453619223e-01 6.889560006532756686e-01
3.530000000000000000e+03 2.025569783380981870e-01 6.892750526613254936e-01
3.540000000000000000e+03 2.022607713166225674e-01 6.895708230943258243e-01
3.550000000000000000e+03 2.019884124007444437e-01 6.898427652151041256e-01
3.560000000000000000e+03 2.017402232459020173e-01 6.900905656090614571e-01
3.570000000000000000e+03 2.015162938895322386e-01 6.903141310630348526e-01
3.580000000000000000e+03 2.013165781339747162e-01 6.905134946484948744e-01
3.590000000000000000e+03 2.011409797625463014e-01 6.906887431462591653e-01
3.600000000000000000e+03 2.009893698862296740e-01 6.908399985391018294e-01
3.610000000000000000e+03 2.008616077458110216e-01 6.909673950180748037e-01
3.620000000000000000e+03 2.007576172418908123e-01 6.910710143700914410e-01
3.630000000000000000e+03 2.006774116050668022e-01 6.911508625573814513e-01
3.640000000000000000e+03 2.006210429547162222e-01 6.912069039910827550e-01
3.650000000000000000e+03 2.005885570380057936e-01 6.912390940930549510e-01
3.660000000000000000e+03 2.005800106630088453e-01 6.912473689229750029e-01
3.670000000000000000e+03 2.005955141902829586e-01 6.912316127181020731e-01
3.680000000000000000e+03 2.006352521542341394e-01 6.911916279481428171e-01
3.690000000000000000e+03 2.006994905169986187e-01 6.911271313835577468e-01
3.700000000000000000e+03 2.007885751955139908e-01 6.910377599394323944e-01
3.710000000000000000e+03 2.009029433816391375e-01 6.909230743391193696e-01
3.720000000000000000e+03 2.010430873649822758e-01 6.907825999288859098e-01
3.730000000000000000e+03 2.012094406302702143e-01 6.906159130360207676e-01
3.740000000000000000e+03 2.014023358918924089e-01 6.904226847671320888e-01
3.750000000000000000e+03 2.016220506222371756e-01 6.902026383404611387e-01
3.760000000000000000e+03 2.018688545760710662e-01 6.899555018683657392e-01
3.770000000000000000e+03 2.021429636555091558e-01 6.896810496833217785e-01
3.780000000000000000e+03 2.024444586478593433e-01 6.893791871899527246e-01
3.790000000000000000e+03 2.027732795302741586e-01 6.890499688559742486e-01
3.800000000000000000e+03 2.031292247832584830e-01 6.886936033273629576e-01
3.810000000000000000e+03 2.035119113232411181e-01 6.883104821966601339e-01
3.820000000000000000e+03 2.039207735234511154e-01 6.879011716991346725e-01
3.830000000000000000e+03 2.043551152464115339e-01 6.874663716558880866e-01
3.840000000000000000e+03 2.048140908719111031e-01 6.870069355279492251e-01
3.850000000000000000e+03 2.052966524561530282e-01 6.865239106652235579e-01
3.860000000000000000e+03 2.058015651186368700e-01 6.860185236735447667e-01
3.870000000000000000e+03 2.063274602075576281e-01 6.854921447484553232e-01
3.880000000000000000e+03 2.068728481183513268e-01 6.849462783663819998e-01
3.890000000000000000e+03 2.074360863049950765e-01 6.843825673900020279e-01
3.900000000000000000e+03 2.080153870643263736e-01 6.838027892162150678e-01
3.910000000000000000e+03 2.086088319854518813e-01 6.832088624338443772e-01
3.920000000000000000e+03 2.092144121967794979e-01 6.826028021209068486e-01
3.930000000000000000e+03 2.098301032200923510e-01 6.819866379678930501e-01
3.940000000000000000e+03 2.104539036041815359e-01 6.813623649827650341e-01
3.950000000000000000e+03 2.110838408206474892e-01 6.807319366695924190e-01
3.960000000000000000e+03 2.117179121798077324e-01 6.800973406886701156e-01
3.970000000000000000e+03 2.123540605050392438e-01 6.794606440195378738e-01
3.980000000000000000e+03 2.129902353045820818e-01 6.788239211816800012e-01
3.990000000000000000e+03 2.136244541453242163e-01 6.781891609647682229e-01
4.000000000000000000e+03 2.142548542336124295e-01 6.775582172022268646e-01
4.010000000000000000e+03 2.148796801994775074e-01 6.769328370481555446e-01
4.020000000000000000e+03 2.154972713912680360e-01 6.763146802388546597e-01
4.030000000000000000e+03 2.161061122615645091e-01 6.757052680759891850e-01
4.040000000000000000e+03 2.167048488105660364e-01 6.751059548016512535e-01
4.050000000000000000e+03 2.172922727885622241e-01 6.745179407300261332e-01
4.060000000000000000e+03 2.178673453693470152e-01 6.739422599869635544e-01
4.070000000000000000e+03 2.184292180041983167e-01 6.733797792966659257e-01
4.080000000000000000e+03 2.189772268951159506e-01 6.728311922628428254e-01
4.090000000000000000e+03 2.195108735077915818e-01 6.722970137602668483e-01
4.100000000000000000e+03 2.200297919872806762e-01 6.717776001304776035e-01
4.110000000000000000e+03 2.205337306272025233e-01 6.712731747868093679e-01
4.120000000000000000e+03 2.210225795865919662e-01 6.707838330462253529e-01
4.130000000000000000e+03 2.214964174859563872e-01 6.703094988627088524e-01
4.140000000000000000e+03 2.219555081122430440e-01 6.698499194010112401e-01
4.150000000000000000e+03 2.224002460225390498e-01 6.694047107327892876e-01
4.160000000000000000e+03 2.228310855729149498e-01 6.689734126070256970e-01
4.170000000000000000e+03 2.232485201426491206e-01 6.685555086081719223e-01
4.180000000000000000e+03 2.236531664721210788e-01 6.681503572035993876e-01
4.190000000000000000e+03 2.240458204685625287e-01 6.677571496138099416e-01
4.200000000000000000e+03 2.244273688723924243e-01 6.673750009235643876e-01
