0.000000000000000000e+00 8.404569130993571946e+00 0.000000000000000000e+00 8.404569130993571946e+00 0.000000000000000000e+00
1.000000000000000000e+01 8.396801888959457116e+00 9.019811565939531324e-04 8.396801937404687166e+00 -1.109892580393696093e+00
2.000000000000000000e+01 8.373132582866743334e+00 2.865450476447408291e-03 8.373133073173454122e+00 -2.219657780366401045e+00
3.000000000000000000e+01 8.333434422506083905e+00 6.907065297587691895e-03 8.333437284923929766e+00 -3.329171162408468554e+00
4.000000000000000000e+01 8.278207588312287868e+00 1.396369213032803806e-02 8.278219365291612064e+00 -4.438313200202125941e+00
5.000000000000000000e+01 8.208125820644967874e+00 2.486996750937543049e-02 8.208163497568902400e+00 -5.546970088915830210e+00
6.000000000000000000e+01 8.124011530153744332e+00 4.033048026367488936e-02 8.124111636955101190e+00 -6.655035685411530011e+00
7.000000000000000000e+01 8.026802668730358192e+00 6.090209474250181387e-02 8.027033707907349935e+00 -7.762412803873390388e+00
8.000000000000000000e+01 7.917523374224002985e+00 8.698580877016029445e-02 7.918001194260508413e+00 -8.869013949805259145e+00
9.000000000000000000e+01 7.797249868833027620e+00 1.188246268046359716e-01 7.798155218316183301e+00 -9.974761879941917542e+00
1.000000000000000000e+02 7.667079659271595737e+00 1.565074733096731008e-01 7.668676880063341805e+00 -1.107958991591656428e+01
1.100000000000000000e+02 7.528106027775602449e+00 1.999800012861361609e-01 7.530761738784846671e+00 -1.218344179525499804e+01
1.200000000000000000e+02 7.381393742812480063e+00 2.490588845484476566e-01 7.385594350788821316e+00 -1.328627135184379249e+01
1.300000000000000000e+02 7.227961848293589675e+00 3.034489447744906920e-01 7.234328838425333252e+00 -1.438804199594567024e+01
1.400000000000000000e+02 7.068769813313281247e+00 3.627623273779541635e-01 7.078071995944499761e+00 -1.548872596261525914e+01
1.500000000000000000e+02 6.904707748136101664e+00 4.265365319502664176e-01 6.917869794977271170e+00 -1.658830365960580266e+01
1.600000000000000000e+02 6.736592038422874573e+00 4.942536442151947429e-01 6.754699027859232707e+00 -1.768676272373487990e+01
1.700000000000000000e+02 6.565163694861195331e+00 5.653565590805620378e-01 6.589461463520286166e+00 -1.878409730805643107e+01
1.800000000000000000e+02 6.391088521028567726e+00 6.392652495947862556e-01 6.422980036008411275e+00 -1.988030711867423861e+01
1.900000000000000000e+02 6.214960130370448255e+00 7.153891799829337206e-01 6.255998009984571340e+00 -2.097539677336373032e+01
2.000000000000000000e+02 6.037304354849615251e+00 7.931398389861921139e-01 6.089180131780728367e+00 -2.206937488017824123e+01
2.100000000000000000e+02 5.858584248067176148e+00 8.719402670982434600e-01 5.923114824236331621e+00 -2.316225330469966437e+01
2.200000000000000000e+02 5.679205871765107716e+00 9.512324188103487010e-01 5.758317675197076824e+00 -2.425404654160393392e+01
2.300000000000000000e+02 5.499523978006965130e+00 1.030483686889323236e+00 5.595235527984373292e+00 -2.534477098377312743e+01
2.400000000000000000e+02 5.319848216266651164e+00 1.109191385112658246e+00 5.434251611116622804e+00 -2.643444433614957134e+01
2.500000000000000000e+02 5.140449683215651433e+00 1.186885912736738602e+00 5.275691529602997143e+00 -2.752308510958750887e+01
2.600000000000000000e+02 4.961565994370274346e+00 1.263133291691484583e+00 5.119828398400756875e+00 -2.861071204238463395e+01
2.700000000000000000e+02 4.783406249582830227e+00 1.337536734906935365e+00 4.966888348430392064e+00 -2.969734357382367307e+01
2.800000000000000000e+02 4.606155530877727777e+00 1.409736536714150335e+00 4.817055727058001224e+00 -3.078299753693215024e+01
2.900000000000000000e+02 4.429979494555642106e+00 1.479410074349375215e+00 4.670478828800092685e+00 -3.186769080704175749e+01
3.000000000000000000e+02 4.255027915606628852e+00 1.546271114499714550e+00 4.527274778730343563e+00 -3.295143902322368490e+01
3.100000000000000000e+02 4.081437539690093708e+00 1.610068486922117570e+00 4.387533808755347486e+00 -3.403425640476958591e+01
3.200000000000000000e+02 3.909334992365894657e+00 1.670584445598580103e+00 4.251323614171516496e+00 -3.511615567773431934e+01
3.300000000000000000e+02 3.738839066072815243e+00 1.727633240282754112e+00 4.118693260601246742e+00 -3.619714797461944045e+01
3.400000000000000000e+02 3.570062345017856131e+00 1.781058961478358071e+00 3.989676198838291832e+00 -3.727724290287199693e+01
3.500000000000000000e+02 3.403112970253006075e+00 1.830733664958824169e+00 3.864293420577403104e+00 -3.835644865667849501e+01
3.600000000000000000e+02 3.238095177662467350e+00 1.876555223689202467e+00 3.742555261737114058e+00 -3.943477214780607198e+01
3.700000000000000000e+02 3.075110370407008187e+00 1.918445870553389554e+00 3.624463870481823502e+00 -4.051221912086958099e+01
3.800000000000000000e+02 2.914257518361179855e+00 1.956349868561674699e+00 3.510014485945313734e+00 -4.158879447921502504e+01
3.900000000000000000e+02 2.755633176154401287e+00 1.990231686475202100e+00 3.399196429654032237e+00 -4.266450251757596135e+01
4.000000000000000000e+02 2.599331846485749331e+00 2.020074583087205777e+00 3.291994436415402348e+00 -4.373934718331798877e+01
4.100000000000000000e+02 2.445446070002547323e+00 2.045878727464385705e+00 3.188389287521553150e+00 -4.481333248839998618e+01
4.200000000000000000e+02 2.294066359530804622e+00 2.067659607427825286e+00 3.088358255468349522e+00 -4.588646289768295361e+01
4.300000000000000000e+02 2.145280733219669056e+00 2.085446943088996807e+00 2.991875394591620108e+00 -4.695874356492105761e+01
4.400000000000000000e+02 1.999174500267001608e+00 2.099283056756001464e+00 2.898911525883574924e+00 -4.803018078230880405e+01
4.500000000000000000e+02 1.855829892012312188e+00 2.109221951088608549e+00 2.809434431881347116e+00 -4.910078225520857842e+01
4.600000000000000000e+02 1.715325616132632680e+00 2.115327931133450967e+00 2.723408567511331313e+00 -5.017055747573089519e+01
4.700000000000000000e+02 1.577736999125309847e+00 2.117674716599372786e+00 2.640795380890608168e+00 -5.123951814930335047e+01
4.800000000000000000e+02 1.443135553933305060e+00 2.116344991403894316e+00 2.561553503182538716e+00 -5.230767838700278816e+01
4.900000000000000000e+02 1.311588829589579897e+00 2.111429171250855497e+00 2.485638429682249129e+00 -5.337505515196694006e+01
5.000000000000000000e+02 1.183160171965608409e+00 2.103024384251227730e+00 2.413002186754281464e+00 -5.444166860828580212e+01
5.100000000000000000e+02 1.057908042221195277e+00 2.091234028141689016e+00 2.343593221157203477e+00 -5.550754214323109892e+01
5.200000000000000000e+02 9.358860927686835085e-01 2.076166808996274149e+00 2.277356229801478449e+00 -5.657270270343648377e+01
5.300000000000000000e+02 8.171431852312351918e-01 2.057936179769916940e+00 2.214232215729833531e+00 -5.763718099531355676e+01
5.400000000000000000e+02 7.017231133055785719e-01 2.036659916886944810e+00 2.154158523600621766e+00 -5.870101149441219945e+01
5.500000000000000000e+02 5.896646120143677061e-01 2.012458970554363624e+00 2.097068301898338927e+00 -5.976423260935460036e+01
5.600000000000000000e+02 4.810010917547475340e-01 1.985457273770834918e+00 2.042890754846860446e+00 -6.082688647318227027e+01
5.700000000000000000e+02 3.757607047798560140e-01 1.955781617283363749e+00 1.991551616644716471e+00 -6.188901881654859949e+01
5.800000000000000000e+02 2.739664448521711426e-01 1.923560937341532107e+00 1.942973055029629359e+00 -6.295067887264015383e+01
5.900000000000000000e+02 1.756358454433807059e-01 1.888926085639482944e+00 1.897073985698478404e+00 -6.401191894447708819e+01
6.000000000000000000e+02 8.078101484286979994e-02 1.852009201261487936e+00 1.853770118951176382e+00 -6.507279408498982320e+01
6.100000000000000000e+02 -1.059090791481046186e-02 1.812943004693606142e+00 1.812973939580473148e+00 -6.613336190795864411e+01
6.200000000000000000e+02 -9.847795275861559450e-02 1.771861084759615679e+00 1.774595618969304844e+00 -6.719368197261626108e+01
6.300000000000000000e+02 -1.828832640966430167e-01 1.728897605512280888e+00 1.738543418679194597e+00 -6.825381531201941243e+01
6.400000000000000000e+02 -2.638149580733085142e-01 1.684186687894444479e+00 1.704723769935786448e+00 -6.931382395627257154e+01
6.500000000000000000e+02 -3.412860451515804527e-01 1.637862387575158118e+00 1.673041949638025105e+00 -7.037377041638319497e+01
6.600000000000000000e+02 -4.153141546901934489e-01 1.590058305548602391e+00 1.643402343350563344e+00 -7.143371726969425595e+01
6.700000000000000000e+02 -4.859212837561466269e-01 1.540907345076654833e+00 1.615708804246113628e+00 -7.249372674545089978e+01
6.800000000000000000e+02 -5.531334271673506997e-01 1.490541724985702476e+00 1.589865158487741903e+00 -7.355386045337107248e+01
6.900000000000000000e+02 -6.169803306802367215e-01 1.439092827045447720e+00 1.565775492623368903e+00 -7.461417906612599893e+01
7.000000000000000000e+02 -6.774954438657609934e-01 1.386691049170830414e+00 1.543344466510753632e+00 -7.567474192183816228e+01
7.100000000000000000e+02 -7.347157303974786169e-01 1.333465386397663766e+00 1.522477304006260468e+00 -7.673560666479356485e+01
7.200000000000000000e+02 -7.886807561988226078e-01 1.279543050585027819e+00 1.503079423549795512e+00 -7.779682929655834300e+01
7.300000000000000000e+02 -8.394325715400137167e-01 1.225049188131727140e+00 1.485056414923178636e+00 -7.885846377263356999e+01
7.400000000000000000e+02 -8.870154556489239228e-01 1.170106439007426502e+00 1.468313827887862688e+00 -7.992056161005872639e+01
7.500000000000000000e+02 -9.314754399644500360e-01 1.114835052889574740e+00 1.452757271676265560e+00 -8.098317182518829327e+01
7.600000000000000000e+02 -9.728603780549043289e-01 1.059352500890761606e+00 1.438292402932255909e+00 -8.204634040191038480e+01
7.700000000000000000e+02 -1.011219620701999222e+00 1.003773039878082862e+00 1.424824703912303203e+00 -8.311010993956084292e+01
7.800000000000000000e+02 -1.046603720157373019e+00 9.482071443749012785e-01 1.412259231051741892e+00 -8.417451918820363232e+01
7.900000000000000000e+02 -1.079064563609753780e+00 8.927612720910126365e-01 1.400500989426237908e+00 -8.523960253091871664e+01
8.000000000000000000e+02 -1.108655165064197146e+00 8.375375192468382801e-01 1.389455062666536955e+00 -8.630538962293486804e+01
8.100000000000000000e+02 -1.135429669804155051e+00 7.826332416051546836e-01 1.379026948952399856e+00 -8.737190494333700030e+01
8.200000000000000000e+02 -1.159443175715863861e+00 7.281409626346941888e-01 1.369122981759004265e+00 -8.843916764335270386e+01
8.300000000000000000e+02 -1.180751801629090991e+00 6.741479073547870238e-01 1.359650770617654825e+00 -8.950719112644101472e+01
8.400000000000000000e+02 -1.199413392879737028e+00 6.207358108032803301e-01 1.350520430735088206e+00 -9.057598263793353510e+01
8.500000000000000000e+02 -1.215487335843961736e+00 5.679811144546140778e-01 1.341645262345511735e+00 -9.164554356937232171e+01
8.600000000000000000e+02 -1.229034631904565522e+00 5.159547827267849662e-01 1.332942408448104965e+00 -9.271586949663729627e+01
8.700000000000000000e+02 -1.240118025216794262e+00 4.647224694235130849e-01 1.324333677762024486e+00 -9.378695050498610897e+01
8.800000000000000000e+02 -1.248801739386265597e+00 4.143449160169779266e-01 1.315745983738228597e+00 -9.485877185563319358e+01
8.900000000000000000e+02 -1.255151812914349740e+00 3.648776541278359598e-01 1.307111998240400030e+00 -9.593131403372423449e+01
9.000000000000000000e+02 -1.259236478611148069e+00 3.163712028739758542e-01 1.298370997470650101e+00 -9.700455319801299936e+01
9.100000000000000000e+02 -1.261125984806310107e+00 2.688715560455826048e-01 1.289469140074340103e+00 -9.807846201806877673e+01
9.200000000000000000e+02 -1.260892538849333944e+00 2.224207187760703364e-01 1.280359703625033152e+00 -9.915301053051894087e+01
9.300000000000000000e+02 -1.258610278308587516e+00 1.770567276170366966e-01 1.271003114653332933e+00 -1.002281665960655346e+02
9.400000000000000000e+02 -1.254354766859802961e+00 1.328138883672057013e-01 1.261366485240164925e+00 -1.013038965400118627e+02
9.500000000000000000e+02 -1.248202888268423960e+00 8.972276794067744754e-02 1.251423439675225291e+00 -1.023801654835107371e+02
9.600000000000000000e+02 -1.240232641317314366e+00 4.781052411116293310e-02 1.241153838492515815e+00 -1.034569379093660757e+02
9.700000000000000000e+02 -1.230522955687539888e+00 7.101562962221369055e-03 1.230543447697197479e+00 -1.045341784570492507e+02
9.800000000000000000e+02 -1.219153658810338658e+00 -3.238257066794662103e-02 1.219583648083927052e+00 -1.056118520732486132e+02
9.900000000000000000e+02 -1.206204830486583557e+00 -7.062294294465110145e-02 1.208270538066426258e+00 -1.066899244033416068e+02
1.000000000000000000e+03 -1.191756670025323706e+00 -1.076029699782127397e-01 1.196604512651519459e+00 -1.077683621255117998e+02
1.010000000000000000e+03 -1.175889438199016368e+00 -1.433086265689683392e-01 1.184589943109885635e+00 -1.088471328781497078e+02
1.020000000000000000e+03 -1.158683031263778362e+00 -1.777282160077075790e-01 1.172234484096036367e+00 -1.099262054887432498e+02
1.030000000000000000e+03 -1.140216541322831789e+00 -2.108522609808302362e-01 1.159548376337498521e+00 -1.110055500351967197e+02
1.040000000000000000e+03 -1.120568082905618601e+00 -2.426739376185619024e-01 1.146544141507892745e+00 -1.120851374247377805e+02
1.050000000000000000e+03 -1.099814806309243220e+00 -2.731883823631638952e-01 1.133236295057319598e+00 -1.131649399407813092e+02
1.060000000000000000e+03 -1.078033117048645018e+00 -3.023930162030781243e-01 1.119641432647976220e+00 -1.142449309888027358e+02
1.070000000000000000e+03 -1.055298342815006007e+00 -3.302876666472327472e-01 1.105777796434424420e+00 -1.153250849047142879e+02
1.080000000000000000e+03 -1.031684434115002880e+00 -3.568739852611353958e-01 1.091664698042104309e+00 -1.164053773335778459e+02
1.090000000000000000e+03 -1.007263979996875003e+00 -3.821555041538478581e-01 1.077322400562722438e+00 -1.174857851235124144e+02
1.100000000000000000e+03 -9.821081227877557218e-01 -4.061380106668920908e-01 1.062772058606242132e+00 -1.185662859163172413e+02
1.110000000000000000e+03 -9.562862912961761497e-01 -4.288292934119951605e-01 1.048035320878655474e+00 -1.196468582055369154e+02
1.120000000000000000e+03 -9.298663848797016351e-01 -4.502391058637402188e-01 1.033134427931924781e+00 -1.207274813588519322e+02
1.130000000000000000e+03 -9.029148730711465953e-01 -4.703791854809981077e-01 1.018092258170570696e+00 -1.218081355992940331e+02
1.140000000000000000e+03 -8.754966332152649411e-01 -4.892628868691005217e-01 1.002931965408796033e+00 -1.228888022273914942e+02
1.150000000000000000e+03 -8.476747564454764072e-01 -5.069054909494479233e-01 9.876769054045956286e-01 -1.239694632195141963e+02
1.160000000000000000e+03 -8.195106221998140761e-01 -5.233238233152478491e-01 9.723504943936702727e-01 -1.250501015499301758e+02
1.170000000000000000e+03 -7.910640027287381137e-01 -5.385359284933427526e-01 9.569760721624129829e-01 -1.261307015054913307e+02
1.180000000000000000e+03 -7.623929089843232143e-01 -5.525614937640128677e-01 9.415769496224383195e-01 -1.272112482214169233e+02
1.190000000000000000e+03 -7.335535340421127648e-01 -5.654216343675895207e-01 9.261762315653480071e-01 -1.282917278165554649e+02
1.200000000000000000e+03 -7.046003401525872123e-01 -5.771387024347767181e-01 9.107967507579500799e-01 -1.293721276040562600e+02
1.210000000000000000e+03 -6.755861459362727528e-01 -5.877361947846998502e-01 8.954610406047968096e-01 -1.304524362436604008e+02
1.220000000000000000e+03 -6.465621927915293776e-01 -5.972384499298215577e-01 8.801911356188306668e-01 -1.315326440814790487e+02
1.230000000000000000e+03 -6.175780174324640992e-01 -6.056707589647996048e-01 8.650084831265004714e-01 -1.326127430021958276e+02
1.240000000000000000e+03 -5.886812631479235725e-01 -6.130589915243439547e-01 8.499335013224743607e-01 -1.336927266091948638e+02
1.250000000000000000e+03 -5.599177784390523271e-01 -6.194295116771710852e-01 8.349855319397709863e-01 -1.347725903642502772e+02
1.260000000000000000e+03 -5.313315736151793534e-01 -6.248094701074256019e-01 8.201829765706580844e-01 -1.358523313145103089e+02
1.270000000000000000e+03 -5.029649331953646163e-01 -6.292263554589808683e-01 8.055430034631355651e-01 -1.369319485575792328e+02
1.280000000000000000e+03 -4.748583732163530469e-01 -6.327080408451795090e-01 7.910814999504327538e-01 -1.380114431613941690e+02
1.290000000000000000e+03 -4.470501936623064165e-01 -6.352828161941214136e-01 7.768128038369601640e-01 -1.390908176557710476e+02
1.300000000000000000e+03 -4.195766940738610562e-01 -6.369788992427956043e-01 7.627494479122970406e-01 -1.401700765097728549e+02
1.310000000000000000e+03 -3.924723447292134404e-01 -6.378247138638021285e-01 7.489024682778709918e-01 -1.412492260048181549e+02
1.320000000000000000e+03 -3.657696386192111904e-01 -6.378488559177752926e-01 7.352813009530728694e-01 -1.423282740044086268e+02
1.330000000000000000e+03 -3.394992024331839886e-01 -6.370798678723855746e-01 7.218936670321082216e-01 -1.434072301091102304e+02
1.340000000000000000e+03 -3.136897398616416144e-01 -6.355464774323038579e-01 7.087457780269835750e-01 -1.444861052877579084e+02
1.350000000000000000e+03 -2.883679739152983923e-01 -6.332772941122177812e-01 6.958420938820146784e-01 -1.455649118376288129e+02
1.360000000000000000e+03 -2.635588110950453644e-01 -6.303006357295781736e-01 6.831852884151884409e-01 -1.466436634884748003e+02
1.370000000000000000e+03 -2.392853773111833504e-01 -6.266446052718586124e-01 6.707763808537676731e-01 -1.477223751837989312e+02
1.380000000000000000e+03 -2.155689644454275578e-01 -6.223370411240852773e-01 6.586147365396217701e-01 -1.488010627998688733e+02
1.390000000000000000e+03 -1.924288788138779349e-01 -6.174054875538493858e-01 6.466980821551681080e-01 -1.498797426685233347e+02
1.400000000000000000e+03 -1.698825307395387674e-01 -6.118773574301830109e-01 6.350228143824553362e-01 -1.509584313245707676e+02
1.410000000000000000e+03 -1.479455221665977038e-01 -6.057800607883820909e-01 6.235842842614967019e-01 -1.520371453125494270e+02
1.420000000000000000e+03 -1.266316259500883390e-01 -5.991408309854830971e-01 6.123767664148749290e-01 -1.531159009724225086e+02
1.430000000000000000e+03 -1.059531122949154969e-01 -5.919864040949199824e-01 6.013933526721200185e-01 -1.541947147877835391e+02
1.440000000000000000e+03 -8.592063980987271754e-02 -5.843431039869543264e-01 5.906261249914758205e-01 -1.552736028920026001e+02
1.450000000000000000e+03 -6.654292785444304581e-02 -5.762369515464679237e-01 5.800663630784050895e-01 -1.563525801878733432e+02
1.460000000000000000e+03 -4.782689812836738580e-02 -5.676935097711701683e-01 5.697046017199535184e-01 -1.574316602880556104e+02
1.470000000000000000e+03 -2.977795947624166384e-02 -5.587378076886837519e-01 5.595307539459517532e-01 -1.585108556964901823e+02
1.480000000000000000e+03 -1.240015063135024506e-02 -5.493945288526796977e-01 5.495344503021972749e-01 -1.595901777634586267e+02
1.490000000000000000e+03 4.303871104977891743e-03 -5.396881324308165917e-01 5.397052932787956836e-01 -1.606696364513176718e+02
1.500000000000000000e+03 2.033282972615113246e-02 -5.296426440949280057e-01 5.300327861637799121e-01 -1.617492401479779573e+02
1.510000000000000000e+03 3.568671400367473545e-02 -5.192815864641783241e-01 5.205063953470062676e-01 -1.628289956629432140e+02
1.520000000000000000e+03 5.036684948101860515e-02 -5.086281801678144143e-01 5.111158823471114721e-01 -1.639089079157051856e+02
1.530000000000000000e+03 6.437595963339047545e-02 -4.977054156470041013e-01 5.018515168285108130e-01 -1.649889796846132413e+02
1.540000000000000000e+03 7.771784782295518279e-02 -4.865359229080811199e-01 4.927040370752509557e-01 -1.660692120847431283e+02
1.550000000000000000e+03 9.039725539476631266e-02 -4.751417988181206309e-01 4.836645456998331927e-01 -1.671496046908253561e+02
1.560000000000000000e+03 1.024199042170934881e-01 -4.635445634375974788e-01 4.747245507369420303e-01 -1.682301553021372058e+02
1.570000000000000000e+03 1.137923358215206932e-01 -4.517653390972889427e-01 4.658761823718896578e-01 -1.693108602274402017e+02
1.580000000000000000e+03 1.245220272560692149e-01 -4.398247913306831403e-01 4.571122207303587315e-01 -1.703917139491713613e+02
1.590000000000000000e+03 1.346174128167378914e-01 -4.277430622503481938e-01 4.484261088928445660e-01 -1.714727089473637136e+02
1.600000000000000000e+03 1.440876938335119983e-01 -4.155400434155676614e-01 4.398122226542501845e-01 -1.725538362054618915e+02
1.610000000000000000e+03 1.529426913157231338e-01 -4.032351634530194628e-01 4.312656534804039654e-01 -1.736350853788150914e+02
1.620000000000000000e+03 1.611926852654384235e-01 -3.908473473792654085e-01 4.227821315246079181e-01 -1.747164450726548068e+02
1.630000000000000000e+03 1.688485915441095553e-01 -3.783952367558260366e-01 4.143583015530486469e-01 -1.757979026311268171e+02
1.640000000000000000e+03 1.759221920421020213e-01 -3.658971278257027171e-01 4.059917804635912453e-01 -1.768794435985562359e+02
1.650000000000000000e+03 1.824258183643796827e-01 -3.533707143046176946e-01 3.976808279689497128e-01 -1.779610521338041735e+02
1.660000000000000000e+03 1.883721347752848607e-01 -3.408329490386936556e-01 3.894241393522117622e-01 -1.790427112512139445e+02
1.670000000000000000e+03 1.937739791426856817e-01 -3.283000734150773869e-01 3.812207932381642683e-01 -1.801244030929388487e+02
1.680000000000000000e+03 1.986443200389980401e-01 -3.157879269519404675e-01 3.730704768436655105e-01 -1.812061093532942380e+02
1.690000000000000000e+03 2.029965577362777551e-01 -3.033119143670175433e-01 3.649735878796750987e-01 -1.822878105666548549e+02
1.700000000000000000e+03 2.068443443434225537e-01 -2.908868251493683665e-01 3.569309846907936512e-01 -1.833694862218987112e+02
1.710000000000000000e+03 2.102014291597434081e-01 -2.785269818028024980e-01 3.489440075613525760e-01 -1.844511152876581832e+02
1.720000000000000000e+03 2.130817659160688105e-01 -2.662461180232156832e-01 3.410144195314069870e-01 -1.855326757351533615e+02
1.730000000000000000e+03 2.154995356582269372e-01 -2.540572083360513878e-01 3.331442855226834920e-01 -1.866141440793276445e+02
1.740000000000000000e+03 2.174690104527042533e-01 -2.419727385110321538e-01 3.253360980429419458e-01 -1.876954960726480977e+02
1.750000000000000000e+03 2.190046073291626871e-01 -2.300048432017597622e-01 3.175928933834427648e-01 -1.887767068526944740e+02
1.760000000000000000e+03 2.201208090828147002e-01 -2.181651256926030735e-01 3.099180418429076656e-01 -1.898577507682162775e+02
1.770000000000000000e+03 2.208321621080638897e-01 -2.064644640981248835e-01 3.023150984596172930e-01 -1.909386008733184212e+02
1.780000000000000000e+03 2.211533927863115756e-01 -1.949128562310396551e-01 2.947877959906728407e-01 -1.920192281079626184e+02
1.790000000000000000e+03 2.210991451785307149e-01 -1.835197561588433057e-01 2.873400997063902951e-01 -1.930996025208526703e+02
1.800000000000000000e+03 2.206839954116982250e-01 -1.722941677966264296e-01 2.799762598643008582e-01 -1.941796934321017432e+02
1.810000000000000000e+03 2.199225543914752057e-01 -1.612444023653859526e-01 2.727007283163025431e-01 -1.952594684937599823e+02
1.820000000000000000e+03 2.188294584714304547e-01 -1.503781055006707390e-01 2.655181848929943911e-01 -1.963388936460461593e+02
1.830000000000000000e+03 2.174194425219520832e-01 -1.397024606345722841e-01 2.584337274697531273e-01 -1.974179335045995458e+02
1.840000000000000000e+03 2.157071997757610549e-01 -1.292241535900818250e-01 2.514527349347648877e-01 -1.984965515949141661e+02
1.850000000000000000e+03 2.137073128391193677e-01 -1.189493318948988687e-01 2.445807823995173047e-01 -1.995747103905284234e+02
1.860000000000000000e+03 2.114342517838624091e-01 -1.088836326597186072e-01 2.378236495569317210e-01 -2.006523714483995775e+02
1.870000000000000000e+03 2.089021042289535557e-01 -9.903211329874506141e-02 2.311870424909234778e-01 -2.017294957229881902e+02
1.880000000000000000e+03 2.061247947395102031e-01 -8.939944530645649312e-02 2.246768609080768697e-01 -2.028060439276882789e+02
1.890000000000000000e+03 2.031165593665900382e-01 -7.999004445680159281e-02 2.182996653710733426e-01 -2.038819765352391471e+02
1.900000000000000000e+03 1.998917190604621308e-01 -7.080814108131359974e-02 2.120624723809894918e-01 -2.049572551160186720e+02
1.910000000000000000e+03 1.964644625068791839e-01 -6.185749070770418800e-02 2.059724112224028958e-01 -2.060318420835909592e+02
1.920000000000000000e+03 1.928486043210815570e-01 -5.314124925350675183e-02 2.000364380826963329e-01 -2.071057009161748113e+02
1.930000000000000000e+03 1.890574676131702159e-01 -4.466197949306777853e-02 1.942612119609679333e-01 -2.081787966404398560e+02
1.940000000000000000e+03 1.851042363315153483e-01 -3.642180914451949997e-02 1.886534560755071255e-01 -2.092510965744605755e+02
1.950000000000000000e+03 1.810018831953910390e-01 -2.842257081504961230e-02 1.832198795218861753e-01 -2.103225719196756245e+02
1.960000000000000000e+03 1.767631494605063636e-01 -2.066597834169250913e-02 1.779671140071013846e-01 -2.113931997191886012e+02
1.970000000000000000e+03 1.724007516847352872e-01 -1.315360199879188688e-02 1.729018115203087846e-01 -2.124629638248956667e+02
1.980000000000000000e+03 1.679268671203124619e-01 -5.886621378486644671e-03 1.680300122361976511e-01 -2.135318550174359586e+02
1.990000000000000000e+03 1.633531901789435636e-01 1.133987093176262208e-03 1.633571261634018668e-01 -2.145998728701558207e+02
2.000000000000000000e+03 1.586912422545688206e-01 7.907573843169877006e-03 1.588881370410750171e-01 -2.156670259422209881e+02
2.010000000000000000e+03 1.539521490768317180e-01 1.443372171115701874e-02 1.546272826114788168e-01 -2.167333333546044969e+02
2.020000000000000000e+03 1.491464024493770468e-01 2.071216432354030038e-02 1.505776979321867548e-01 -2.177988258625668436e+02
2.030000000000000000e+03 1.442839975868779046e-01 2.674301689810222940e-02 1.467414764559167584e-01 -2.188635446779076119e+02
2.040000000000000000e+03 1.393745362158543000e-01 3.252686826327265412e-02 1.431197348530270919e-01 -2.199275409592356141e+02
2.050000000000000000e+03 1.344273141519550518e-01 3.806473263741067675e-02 1.397126574826560719e-01 -2.209908761060692939e+02
2.060000000000000000e+03 1.294512666751192753e-01 4.335798805919349047e-02 1.365193963227717133e-01 -2.220536217477181822e+02
2.070000000000000000e+03 1.244547609617532025e-01 4.840815362527594451e-02 1.335377731709475879e-01 -2.231158600322311543e+02
2.080000000000000000e+03 1.194456923201125398e-01 5.321680857911594703e-02 1.307642999032123388e-01 -2.241776830512218339e+02
2.090000000000000000e+03 1.144316237926370217e-01 5.778573645121336949e-02 1.281943363063622332e-01 -2.252391906416710015e+02
2.100000000000000000e+03 1.094197542729386657e-01 6.211696241599455603e-02 1.258220952175743979e-01 -2.263004882308968035e+02
2.110000000000000000e+03 1.044168181973102322e-01 6.621277801978713018e-02 1.236406239694209236e-01 -2.273616841402803459e+02
2.120000000000000000e+03 9.942913198413609599e-02 7.007584744297867818e-02 1.216420021290770120e-01 -2.284228866385618346e+02
2.130000000000000000e+03 9.446261924073423577e-02 7.370905861042260920e-02 1.198174100665452130e-01 -2.294842027158893814e+02
2.140000000000000000e+03 8.952289862873985538e-02 7.711553542249210969e-02 1.181573323259681035e-01 -2.305457361856532259e+02
2.150000000000000000e+03 8.461509539158680593e-02 8.029878166278928142e-02 1.166516553875496381e-01 -2.316075836937923498e+02
2.160000000000000000e+03 7.974377799550155799e-02 8.326254035217926786e-02 1.152897252789428784e-01 -2.326698332191390648e+02
2.170000000000000000e+03 7.491324059038215188e-02 8.601066147727613742e-02 1.140606308219934140e-01 -2.337325648595873133e+02
2.180000000000000000e+03 7.012754786047255273e-02 8.854715777661628651e-02 1.129534068509659706e-01 -2.347958496877741652e+02
2.190000000000000000e+03 6.539058431985170228e-02 9.087631418803070182e-02 1.119572820235169297e-01 -2.358597488514784573e+02
2.200000000000000000e+03 6.070612025200319839e-02 9.300271919452916813e-02 1.110618693054781780e-01 -2.369243137829301986e+02
2.210000000000000000e+03 5.607755754820287208e-02 9.493110957962608287e-02 1.102570089680968146e-01 -2.379895852410687098e+02
2.220000000000000000e+03 5.150793559434368313e-02 9.666631967774452772e-02 1.095328479919652070e-01 -2.390555935756291888e+02
2.230000000000000000e+03 4.699993592516676227e-02 9.821323222783716334e-02 1.088799015503267853e-01 -2.401223591435092715e+02
2.240000000000000000e+03 4.255609500905561948e-02 9.957686321601150192e-02 1.082893019201806167e-01 -2.411898941248250310e+02
2.250000000000000000e+03 3.817872263960386814e-02 1.007624769268293669e-01 1.077529193053330808e-01 -2.422582022617079929e+02
2.260000000000000000e+03 3.386975705651468910e-02 1.017753647217873592e-01 1.072631591336007800e-01 -2.433272792518770871e+02
2.270000000000000000e+03 2.963095815299135807e-02 1.026207820714048757e-01 1.068130076068036644e-01 -2.443971152428564437e+02
2.280000000000000000e+03 2.546419922149162351e-02 1.033040260237047675e-01 1.063961805456290211e-01 -2.454676979891079611e+02
2.290000000000000000e+03 2.137137907239492277e-02 1.038304393008800258e-01 1.060070562220729318e-01 -2.465390129868078475e+02
2.300000000000000000e+03 1.735414034830077418e-02 1.042057152580391638e-01 1.056408882945805983e-01 -2.476110411881278139e+02
2.310000000000000000e+03 1.341378581019623401e-02 1.044355466010872951e-01 1.052934615426318748e-01 -2.486837597843290837e+02
2.320000000000000000e+03 9.551331021135452473e-03 1.045253508757508359e-01 1.049608350765852544e-01 -2.497571434272743147e+02
2.330000000000000000e+03 5.767641194904687442e-03 1.044806842512992079e-01 1.046397585364800265e-01 -2.508311653362310096e+02
2.340000000000000000e+03 2.063630092374217108e-03 1.043071455877362802e-01 1.043275571928115458e-01 -2.519057999533738439e+02
2.350000000000000000e+03 -1.559637211956380618e-03 1.040101023367217548e-01 1.040217951024123150e-01 -2.529810244346957120e+02
2.360000000000000000e+03 -5.101118099875338874e-03 1.035948794937945061e-01 1.037203955989499798e-01 -2.540568170806425314e+02
2.370000000000000000e+03 -8.559969551977689856e-03 1.030668601836188109e-01 1.034217131304660531e-01 -2.551331559490274685e+02
2.380000000000000000e+03 -1.193539217789506626e-02 1.024313755022052685e-01 1.031243922343978575e-01 -2.562100205882289856e+02
2.390000000000000000e+03 -1.522651737605818824e-02 1.016936411232687576e-01 1.028272506503581513e-01 -2.572873931753139800e+02
2.400000000000000000e+03 -1.843260135238773342e-02 1.008586234907246221e-01 1.025291311045782444e-01 -2.583652564142847154e+02
2.410000000000000000e+03 -2.155311376708806195e-02 9.993111083403505290e-02 1.022289764478801766e-01 -2.594435926109350703e+02
2.420000000000000000e+03 -2.458763004844926811e-02 9.891589372970367722e-02 1.019259809064668038e-01 -2.605223850249063844e+02
2.430000000000000000e+03 -2.753561833060144334e-02 9.781774854967432986e-02 1.016194971852147494e-01 -2.616016199935708642e+02
2.440000000000000000e+03 -3.039636391856158013e-02 9.664128956562384465e-02 1.013088238426267940e-01 -2.626812872528452090e+02
2.450000000000000000e+03 -3.316934687791274483e-02 9.539098467355386357e-02 1.009932944768982543e-01 -2.637613762282999801e+02
2.460000000000000000e+03 -3.585427271500874619e-02 9.407111014368023383e-02 1.006722535537306756e-01 -2.648418754872441241e+02
2.470000000000000000e+03 -3.845077204316944136e-02 9.268572811206095274e-02 1.003449354296402224e-01 -2.659227752734385604e+02
2.480000000000000000e+03 -4.095838767823258703e-02 9.123865868080691111e-02 1.000104112533949097e-01 -2.670040672279075125e+02
2.490000000000000000e+03 -4.337677353098850358e-02 8.973348618066183391e-02 9.966766288066401802e-02 -2.680857422855927439e+02
2.500000000000000000e+03 -4.570570368433475583e-02 8.817373849617667070e-02 9.931575660323169186e-02 -2.691677911889427151e+02
2.510000000000000000e+03 -4.794510203296769441e-02 8.656297947220610578e-02 9.895393991174510073e-02 -2.702502046949710461e+02
2.520000000000000000e+03 -5.009506192847471007e-02 8.490469050075936941e-02 9.858154846951559802e-02 -2.713329729460084536e+02
2.530000000000000000e+03 -5.215557443541456867e-02 8.320215331802270631e-02 9.819777116332033262e-02 -2.724160871911272466e+02
2.540000000000000000e+03 -5.412651264402731921e-02 8.145848490170873313e-02 9.780165711012242524e-02 -2.734995398352222651e+02
2.550000000000000000e+03 -5.600796820584181407e-02 7.967667186755826580e-02 9.739232281056417473e-02 -2.745833215641398510e+02
2.560000000000000000e+03 -5.780031610586343349e-02 7.785944238670700068e-02 9.696890898997824471e-02 -2.756674200086076212e+02
2.570000000000000000e+03 -5.950405379564027014e-02 7.600929228842318031e-02 9.653053885844312121e-02 -2.767518211096239042e+02
2.580000000000000000e+03 -6.111968036687334682e-02 7.412869509516974154e-02 9.607642148134684645e-02 -2.778365113150551338e+02
2.590000000000000000e+03 -6.264765258201036857e-02 7.222023532859639383e-02 9.560591385972999623e-02 -2.789214788509132177e+02
2.600000000000000000e+03 -6.408848818001343373e-02 7.028646710619158855e-02 9.511846180142671803e-02 -2.800067120444907118e+02
2.610000000000000000e+03 -6.544285562733097306e-02 6.832966600598865126e-02 9.461348006045251779e-02 -2.810921968488858624e+02
2.620000000000000000e+03 -6.671149083777054567e-02 6.635181120562665125e-02 9.409030694000879158e-02 -2.821779171376160775e+02
2.630000000000000000e+03 -6.789510829886273580e-02 6.435484275767479334e-02 9.354833786486720093e-02 -2.832638570906765381e+02
2.640000000000000000e+03 -6.899445403468715265e-02 6.234101052606173810e-02 9.298729096470710609e-02 -2.843500035590549828e+02
2.650000000000000000e+03 -7.001037919869795845e-02 6.031278931256662396e-02 9.240717369451102725e-02 -2.854363452267845105e+02
2.660000000000000000e+03 -7.094383962474505589e-02 5.827241167211406891e-02 9.180796448449275726e-02 -2.865228690115285417e+02
2.670000000000000000e+03 -7.179590291570987770e-02 5.622163301029288462e-02 9.118949333024113646e-02 -2.876095578082352517e+02
2.680000000000000000e+03 -7.256768441448967211e-02 5.416198846956250118e-02 9.055158649221993483e-02 -2.886963927629669797e+02
2.690000000000000000e+03 -7.326024916292406264e-02 5.209518442015294987e-02 8.989422866448915084e-02 -2.897833572650665701e+02
2.700000000000000000e+03 -7.387470170965398930e-02 5.002321195661078163e-02 8.921767362550069025e-02 -2.908704375889544167e+02
2.710000000000000000e+03 -7.441228982424495653e-02 4.794820688173018208e-02 8.852242326134450445e-02 -2.919576212723074491e+02
2.720000000000000000e+03 -7.487429973457097876e-02 4.587218562021839335e-02 8.780898686534395481e-02 -2.930448954539206738e+02
2.730000000000000000e+03 -7.526188724123902829e-02 4.379691713722163454e-02 8.707767579487658838e-02 -2.941322464897608029e+02
2.740000000000000000e+03 -7.557608748215756400e-02 4.172411118000726726e-02 8.632871163681489490e-02 -2.952196614335734921e+02
2.750000000000000000e+03 -7.581797788022288931e-02 3.965560052039478200e-02 8.556244750168792712e-02 -2.963071288699517822e+02
2.760000000000000000e+03 -7.598882639518582394e-02 3.759337935203221209e-02 8.477950169718793949e-02 -2.973946387122273336e+02
2.770000000000000000e+03 -7.609012361553868509e-02 3.553950051540356175e-02 8.398072998439777559e-02 -2.984821812852164271e+02
2.780000000000000000e+03 -7.612340512299195505e-02 3.349578872007850233e-02 8.316694457234373450e-02 -2.995697453175188798e+02
2.790000000000000000e+03 -7.609002462880551376e-02 3.146379952527076501e-02 8.233870613859960164e-02 -3.006573183497346804e+02
2.800000000000000000e+03 -7.599118001560502267e-02 2.944506604522364665e-02 8.149644995072896636e-02 -3.017448889803029033e+02
2.810000000000000000e+03 -7.582810465560725632e-02 2.744123506327631606e-02 8.064070211412914524e-02 -3.028324474640366475e+02
2.820000000000000000e+03 -7.560211989989742976e-02 2.545401145411831101e-02 7.977209557523766426e-02 -3.039199850056058949e+02
2.830000000000000000e+03 -7.531454294816769535e-02 2.348512653460434890e-02 7.889126407808264019e-02 -3.050074938901112205e+02
2.840000000000000000e+03 -7.496665140529604199e-02 2.153634538264504253e-02 7.799880124312008611e-02 -3.060949677312366930e+02
2.850000000000000000e+03 -7.455973520890939177e-02 1.960941143630166514e-02 7.709528605109940147e-02 -3.071824006024474443e+02
2.860000000000000000e+03 -7.409511476373512040e-02 1.770602617699590375e-02 7.618129294539140173e-02 -3.082697867178006277e+02
2.870000000000000000e+03 -7.357414435607988190e-02 1.582786678264122907e-02 7.525739886960164382e-02 -3.093571206478965792e+02
2.880000000000000000e+03 -7.299820820208496874e-02 1.397655853065307881e-02 7.432417230669788322e-02 -3.104443969876774077e+02
2.890000000000000000e+03 -7.236859121113134452e-02 1.215364857128077743e-02 7.338204254092435541e-02 -3.115316102844662396e+02
2.900000000000000000e+03 -7.168646042082460479e-02 1.036057620770443159e-02 7.243127878908464656e-02 -3.126187544476358653e+02
2.910000000000000000e+03 -7.095296498666915641e-02 8.598641291182452032e-03 7.147209156344822012e-02 -3.137058218437120445e+02
2.920000000000000000e+03 -7.016934328625944184e-02 6.868988717178293665e-03 7.050474979192285219e-02 -3.147928027261178272e+02
2.930000000000000000e+03 -6.933691753424166271e-02 5.172682036132233985e-03 6.952959637878788901e-02 -3.158796862350310448e+02
2.940000000000000000e+03 -6.845703257438262579e-02 3.510815284014184162e-03 6.854699944453113147e-02 -3.169664620947075946e+02
2.950000000000000000e+03 -6.753114276456745335e-02 1.884516830077824327e-03 6.755743220972240670e-02 -3.180531206916039082e+02
2.960000000000000000e+03 -6.656083266719352298e-02 2.948401286707643537e-04 6.656148568092219719e-02 -3.191396516442770235e+02
2.970000000000000000e+03 -6.554759672957215233e-02 -1.257362265148236850e-03 6.555965525297122176e-02 -3.202260419603281889e+02
2.980000000000000000e+03 -6.449271652947743960e-02 -2.771361526121088933e-03 6.455223412136869288e-02 -3.213122767621839557e+02
2.990000000000000000e+03 -6.339743666578001591e-02 -4.246367108419729815e-03 6.353948858317209902e-02 -3.223983418282601292e+02
3.000000000000000000e+03 -6.226314846858033852e-02 -5.681545929863718661e-03 6.252183315749490489e-02 -3.234842235119810994e+02
3.010000000000000000e+03 -6.109140705104666724e-02 -7.076162914367798915e-03 6.149985444752977676e-02 -3.245699068078504865e+02
3.020000000000000000e+03 -5.988387941356707045e-02 -8.429621404676032256e-03 6.047427164211913175e-02 -3.256553747834176988e+02
3.030000000000000000e+03 -5.864235184716840715e-02 -9.741472257475286903e-03 5.944595622841183924e-02 -3.267406085405979184e+02
3.040000000000000000e+03 -5.736869863059488456e-02 -1.101133080246411919e-02 5.841589671150580060e-02 -3.278255886440248901e+02
3.050000000000000000e+03 -5.606479164179905411e-02 -1.223873912059515560e-02 5.738508165978617459e-02 -3.289102973183659060e+02
3.060000000000000000e+03 -5.473240487791381642e-02 -1.342322489842804993e-02 5.635440630859012839e-02 -3.299947171683298279e+02
3.070000000000000000e+03 -5.337327516136806255e-02 -1.456439862158880744e-02 5.532475222411436383e-02 -3.310788295977811231e+02
3.080000000000000000e+03 -5.198928215048697482e-02 -1.566197341558287978e-02 5.429717183973184480e-02 -3.321626152855657210e+02
3.090000000000000000e+03 -5.058238959378025951e-02 -1.671574258464934501e-02 5.327282785035190177e-02 -3.332460546105108961e+02
3.100000000000000000e+03 -4.915456507247360773e-02 -1.772549676606660629e-02 5.225288990159185354e-02 -3.343291289068849892e+02
3.110000000000000000e+03 -4.770780962333057845e-02 -1.869104202493163461e-02 5.123856117255552040e-02 -3.354118205044336491e+02
3.120000000000000000e+03 -4.624409550642304828e-02 -1.961225421592164772e-02 5.023103507431548459e-02 -3.364941115034739028e+02
3.130000000000000000e+03 -4.476534832362689953e-02 -2.048901951830650256e-02 4.923145672593073202e-02 -3.375759847567342149e+02
3.140000000000000000e+03 -4.327352449954482289e-02 -2.132120385075854732e-02 4.824097486844878407e-02 -3.386574251748190818e+02
3.150000000000000000e+03 -4.177066235357038138e-02 -2.210869359006775031e-02 4.726079311348345413e-02 -3.397384197958020877e+02
3.160000000000000000e+03 -4.025883580544127593e-02 -2.285143999680638513e-02 4.629213940116748416e-02 -3.408189569794639624e+02
3.170000000000000000e+03 -3.874005569886432992e-02 -2.354941270416437485e-02 4.533615283923161932e-02 -3.418990265298356235e+02
3.180000000000000000e+03 -3.721626241199588181e-02 -2.420257033162430405e-02 4.439385766720164300e-02 -3.429786201853619332e+02
3.190000000000000000e+03 -3.568933550833534862e-02 -2.481089654854218632e-02 4.346618520837765981e-02 -3.440577310453062978e+02
3.200000000000000000e+03 -3.416107549714508113e-02 -2.537442838701332512e-02 4.255397390478724701e-02 -3.451363527726688289e+02
3.210000000000000000e+03 -3.263321581654628906e-02 -2.589324657749958111e-02 4.165797634130204152e-02 -3.462144798539643489e+02
3.220000000000000000e+03 -3.110748701179517559e-02 -2.636749691566311893e-02 4.077892399005287466e-02 -3.472921081542023103e+02
3.230000000000000000e+03 -2.958562781649679702e-02 -2.679741301983623938e-02 3.991754899604881696e-02 -3.483692349272484989e+02
3.240000000000000000e+03 -2.806929007151227548e-02 -2.718321459545311111e-02 3.907444434488036022e-02 -3.494458593394337527e+02
3.250000000000000000e+03 -2.656003307708542163e-02 -2.752506162920497976e-02 3.825002450649415964e-02 -3.505219829870167132e+02
3.260000000000000000e+03 -2.505943689300695401e-02 -2.782317738250870628e-02 3.744468690018841472e-02 -3.515976095811076334e+02
3.270000000000000000e+03 -2.356909130989575177e-02 -2.807793113774431290e-02 3.665886362327827608e-02 -3.526727435943013234e+02
3.280000000000000000e+03 -2.209047494604923778e-02 -2.828977442799376907e-02 3.589290209120459679e-02 -3.537473891482857766e+02
3.290000000000000000e+03 -2.062490678400837399e-02 -2.845916588135577463e-02 3.514698994951857142e-02 -3.548215498901810747e+02
3.300000000000000000e+03 -1.917356569529172008e-02 -2.858659098616151556e-02 3.442119704022156973e-02 -3.558952284358245493e+02
3.310000000000000000e+03 -1.773759257913801873e-02 -2.867259048779533664e-02 3.371556963458134659e-02 -3.569684279027998173e+02
3.320000000000000000e+03 -1.631819994185102971e-02 -2.871776513838317571e-02 3.303019351874225684e-02 -3.580411547535245518e+02
3.330000000000000000e+03 -1.491663666605560351e-02 -2.872276553157125309e-02 3.236515578842055069e-02 -3.591134186416084049e+02
3.340000000000000000e+03 -1.353410746245609086e-02 -2.868832902204624877e-02 3.172053415191003478e-02 -3.601852300722297855e+02
3.350000000000000000e+03 -1.217174274774348794e-02 -2.861530425199964797e-02 3.109641392430572901e-02 -3.612565993772481647e+02
3.360000000000000000e+03 -1.083054259310524230e-02 -2.850458280560860813e-02 3.049281708505897914e-02 -3.623275359698963030e+02
3.370000000000000000e+03 -9.511341194315766148e-03 -2.835699944640654099e-02 2.990961432245807169e-02 -3.633980479051393218e+02
3.380000000000000000e+03 -8.214931249061108512e-03 -2.817337296782728567e-02 2.934661888209784755e-02 -3.644681445001256179e+02
3.390000000000000000e+03 -6.942173457237307312e-03 -2.795467752376548654e-02 2.880378044229766482e-02 -3.655378383418888006e+02
3.400000000000000000e+03 -5.693967962861213802e-03 -2.770199865652507240e-02 2.828112446010955239e-02 -3.666071459103508801e+02
3.410000000000000000e+03 -4.471218375504710553e-03 -2.741639036417362410e-02 2.777859345543260902e-02 -3.676760880949071861e+02
3.420000000000000000e+03 -3.274778836921321632e-03 -2.709892419326936919e-02 2.729607790257251865e-02 -3.687446878995376096e+02
3.430000000000000000e+03 -2.105411068806990662e-03 -2.675075817737706044e-02 2.683348316624512703e-02 -3.698129685284790753e+02
3.440000000000000000e+03 -9.637867607220400529e-04 -2.637310341544175929e-02 2.639070799887204347e-02 -3.708809537632938031e+02
3.450000000000000000e+03 1.495023930375241909e-04 -2.596720565537393235e-02 2.596763602090124481e-02 -3.719486684221366772e+02
3.460000000000000000e+03 1.233908568737730662e-03 -2.553436383517274436e-02 2.556415981062123630e-02 -3.730161398235111392e+02
3.470000000000000000e+03 2.288882031374667083e-03 -2.507590873682466817e-02 2.518015448584677574e-02 -3.740833998242845269e+02
3.480000000000000000e+03 3.313876534238357433e-03 -2.459316456503769094e-02 2.481542909174050751e-02 -3.751504846102308761e+02
3.490000000000000000e+03 4.308346750228548780e-03 -2.408742743069542877e-02 2.446969578783568522e-02 -3.762174344213710242e+02
3.500000000000000000e+03 5.271695522585721078e-03 -2.355994603805459595e-02 2.414253157808631325e-02 -3.772842949858610382e+02
3.510000000000000000e+03 6.203340666937978698e-03 -2.301193005011964790e-02 2.383338750706005121e-02 -3.783511141094027153e+02
3.520000000000000000e+03 7.102853858625006282e-03 -2.244461898733961236e-02 2.354169608213966397e-02 -3.794179360313880807e+02
3.530000000000000000e+03 7.969965521593781049e-03 -2.185934329417683550e-02 2.326695596050474754e-02 -3.804848019006612390e+02
3.540000000000000000e+03 8.804458866279969015e-03 -2.125749945556695136e-02 2.300868920715487542e-02 -3.815517541644115909e+02
3.550000000000000000e+03 9.606101843173233193e-03 -2.064048736575150797e-02 2.276635480961244906e-02 -3.826188384458080236e+02
3.560000000000000000e+03 1.037470955625452614e-02 -2.000965095215567410e-02 2.253931519819853471e-02 -3.836860994738226509e+02
3.570000000000000000e+03 1.111015115793603097e-02 -1.936623965573715592e-02 2.232681565193822548e-02 -3.847535790876025885e+02
3.580000000000000000e+03 1.181227309229357370e-02 -1.871147440943243465e-02 2.212801550482482171e-02 -3.858213196087005485e+02
3.590000000000000000e+03 1.248094827229746621e-02 -1.804660698742615796e-02 2.194206219876299047e-02 -3.868893627978929999e+02
3.600000000000000000e+03 1.311613704941476215e-02 -1.737287245078169770e-02 2.176809013878250668e-02 -3.879577462685149385e+02
3.610000000000000000e+03 1.371788290590864566e-02 -1.669146174113598710e-02 2.160521248393607041e-02 -3.890265026894978746e+02
3.620000000000000000e+03 1.428627478405441673e-02 -1.600356410716699540e-02 2.145254556778082924e-02 -3.900956621478804891e+02
3.630000000000000000e+03 1.482140288474667784e-02 -1.531037482512489362e-02 2.130918958472600641e-02 -3.911652539074615333e+02
3.640000000000000000e+03 1.532337337490543433e-02 -1.461302801859403790e-02 2.117419088085717438e-02 -3.922353035190796504e+02
3.650000000000000000e+03 1.579234639857798536e-02 -1.391259934751950915e-02 2.104658227307415821e-02 -3.933058312055782721e+02
3.660000000000000000e+03 1.622857623000288976e-02 -1.321016056756154668e-02 2.092546364298226991e-02 -3.943768524951691461e+02
3.670000000000000000e+03 1.663240576001632012e-02 -1.250680657678162992e-02 2.081002479851603443e-02 -3.954483799793546268e+02
3.680000000000000000e+03 1.700422356652017339e-02 -1.180365171605029379e-02 2.069951238396733686e-02 -3.965204251195014535e+02
3.690000000000000000e+03 1.734447946359348597e-02 -1.110173984314443037e-02 2.059319293863573486e-02 -3.975929946424935224e+02
3.700000000000000000e+03 1.765368930200602454e-02 -1.040200139911416459e-02 2.049034843722612187e-02 -3.986660886834011990e+02
3.710000000000000000e+03 1.793239934352852671e-02 -9.705291371442275813e-03 2.039028265670621287e-02 -3.997397032039827423e+02
3.720000000000000000e+03 1.818111678997258451e-02 -9.012443739957872943e-03 2.029229286937601906e-02 -4.008138339135680894e+02
3.730000000000000000e+03 1.840027008854815821e-02 -8.324351482893337095e-03 2.019566208229551033e-02 -4.018884804863594127e+02
3.740000000000000000e+03 1.859030287986444124e-02 -7.642027350534001152e-03 2.009974982907513502e-02 -4.029636474228618681e+02
3.750000000000000000e+03 1.875182963381279849e-02 -6.966457316439097699e-03 2.000406564069683382e-02 -4.040393351887730091e+02
3.760000000000000000e+03 1.888566418596365759e-02 -6.298382670231354730e-03 1.990823789303465541e-02 -4.051155305836421689e+02
3.770000000000000000e+03 1.899264701354903481e-02 -5.638401453572630326e-03 1.981192094505030560e-02 -4.061922147816247843e+02
3.780000000000000000e+03 1.907351845590795833e-02 -4.987153569438912935e-03 1.971473578349526926e-02 -4.072693739050510544e+02
3.790000000000000000e+03 1.912898928413924240e-02 -4.345367882257466022e-03 1.961633128454117261e-02 -4.083470001197273405e+02
3.800000000000000000e+03 1.915977307005199345e-02 -3.713835665127637829e-03 1.951639002078672455e-02 -4.094250901471742168e+02
3.810000000000000000e+03 1.916657715093667003e-02 -3.093269072372333874e-03 1.941458197430227448e-02 -4.105036383955926453e+02
3.820000000000000000e+03 1.915018877032696049e-02 -2.484258155560404441e-03 1.931065168560153200e-02 -4.115826339462050782e+02
3.830000000000000000e+03 1.911151959406773987e-02 -1.887391619285375566e-03 1.920448979585200749e-02 -4.126620669495534344e+02
3.840000000000000000e+03 1.905148273509898321e-02 -1.303339369840325395e-03 1.909601235647773523e-02 -4.137419343997278247e+02
3.850000000000000000e+03 1.897081814145184023e-02 -7.327027430788477002e-04 1.898496231931350378e-02 -4.148222328205284271e+02
3.860000000000000000e+03 1.887012800683197239e-02 -1.758423756308505359e-04 1.887094728770370711e-02 -4.159029476735742037e+02
3.870000000000000000e+03 1.875004086107682350e-02 3.669657427390705723e-04 1.875363154560722584e-02 -4.169840604203372436e+02
3.880000000000000000e+03 1.861128173820553525e-02 8.953875189463900760e-04 1.863280780633846945e-02 -4.180655565189658205e+02
3.890000000000000000e+03 1.845465505736766654e-02 1.409088250986624677e-03 1.850837170000360979e-02 -4.191474231665241632e+02
3.900000000000000000e+03 1.828102056999109104e-02 1.907760580683649050e-03 1.838029552302268554e-02 -4.202296483193933341e+02
3.910000000000000000e+03 1.809128302462812213e-02 2.391118929246626498e-03 1.824861559710761263e-02 -4.213122213633091064e+02
3.920000000000000000e+03 1.788634146645427803e-02 2.858919876136202780e-03 1.811338272970480778e-02 -4.223951319295480289e+02
3.930000000000000000e+03 1.766694396814141865e-02 3.310996850974934260e-03 1.797452667862534798e-02 -4.234783664730362034e+02
3.940000000000000000e+03 1.743367967331986568e-02 3.747297677129207867e-03 1.783186548942494037e-02 -4.245619049518447810e+02
3.950000000000000000e+03 1.718723413822991625e-02 4.167833486981019006e-03 1.768535703053620081e-02 -4.256457257970394608e+02
3.960000000000000000e+03 1.692843337080991023e-02 4.572567522978261863e-03 1.753511420385239772e-02 -4.267298134653951820e+02
3.970000000000000000e+03 1.665809877272786399e-02 4.961467127721496360e-03 1.738126608683667265e-02 -4.278141543716662909e+02
3.980000000000000000e+03 1.637702956217781600e-02 5.334559681116151329e-03 1.722395495441845711e-02 -4.288987335127270057e+02
3.990000000000000000e+03 1.608598338452315799e-02 5.691885165784713041e-03 1.706330619158066830e-02 -4.299835365857725265e+02
4.000000000000000000e+03 1.578564117506620068e-02 6.033452843906724795e-03 1.689937929415135515e-02 -4.310685513837785834e+02
4.010000000000000000e+03 1.547669347268334356e-02 6.359324850132823045e-03 1.673227579849543428e-02 -4.321537645970308859e+02
4.020000000000000000e+03 1.515989290522697097e-02 6.669650593891502874e-03 1.656220371637024541e-02 -4.332391613230092844e+02
4.030000000000000000e+03 1.483599676309656397e-02 6.964616117457892233e-03 1.638940748221746901e-02 -4.343247269550719807e+02
4.040000000000000000e+03 1.450572392059530993e-02 7.244424114798396659e-03 1.621412061184952097e-02 -4.354104472375121304e+02
4.050000000000000000e+03 1.416974787440788974e-02 7.509265326215505340e-03 1.603654640387977559e-02 -4.364963094320536356e+02
4.060000000000000000e+03 1.382873529403753736e-02 7.759327488746762570e-03 1.585689386072129323e-02 -4.375823027367102327e+02
4.070000000000000000e+03 1.348338039855855909e-02 7.994828872575967041e-03 1.567542138744625752e-02 -4.386684176019811048e+02
4.080000000000000000e+03 1.313435495414325832e-02 8.215952087160463199e-03 1.549235775341971377e-02 -4.397546479959470389e+02
4.090000000000000000e+03 1.278226460367160901e-02 8.422790553920074183e-03 1.530783097350768736e-02 -4.408409926447444604e+02
4.100000000000000000e+03 1.242768888377142854e-02 8.615443087216356072e-03 1.512194797573646055e-02 -4.419274508415281275e+02
4.110000000000000000e+03 1.207120106142552975e-02 8.794132606408010255e-03 1.493488076164149921e-02 -4.430140166515266174e+02
4.120000000000000000e+03 1.171333217126878726e-02 8.959206361965290147e-03 1.474684811038479842e-02 -4.441006775887834124e+02
4.130000000000000000e+03 1.135455802467880485e-02 9.111005560939201484e-03 1.455803593439935519e-02 -4.451874209441077710e+02
4.140000000000000000e+03 1.099536786314849260e-02 9.249771807579779473e-03 1.436859049935853595e-02 -4.462742414675623763e+02
4.150000000000000000e+03 1.063627359238312510e-02 9.375692061905815250e-03 1.417864300882529238e-02 -4.473611394950677891e+02
4.160000000000000000e+03 1.027776772623653634e-02 9.488954934127805455e-03 1.398830851734325122e-02 -4.484481161580532671e+02
4.170000000000000000e+03 9.920338947822739464e-03 9.589801238971075795e-03 1.379773215578052742e-02 -4.495351714434220298e+02
4.180000000000000000e+03 9.564387254666269558e-03 9.678507958141466597e-03 1.360702097643089192e-02 -4.506223007546958570e+02
4.190000000000000000e+03 9.210220458543149497e-03 9.755287540326817650e-03 1.341617664945652169e-02 -4.517094992165331746e+02
4.200000000000000000e+03 8.858241554719937724e-03 9.820364588854492774e-03 1.322527898003646521e-02 -4.527967673457295064e+02
4.210000000000000000e+03 8.508932007313174672e-03 9.874026856483435546e-03 1.303450537103862522e-02 -4.538841085566685933e+02
4.220000000000000000e+03 8.162723830356899760e-03 9.916565710128374955e-03 1.284399999275810840e-02 -4.549715254775975382e+02
4.230000000000000000e+03 7.819937731205204787e-03 9.948202536183121947e-03 1.265378045569177240e-02 -4.560590193473024101e+02
4.240000000000000000e+03 7.480760525520329003e-03 9.969059730881199913e-03 1.246370450380063916e-02 -4.571465887133018100e+02
4.250000000000000000e+03 7.145340701169257229e-03 9.979250690423565814e-03 1.227360330457625583e-02 -4.582342298239516936e+02
4.260000000000000000e+03 6.813897120101415975e-03 9.979007763756656685e-03 1.208345107626302220e-02 -4.593219376476274647e+02
4.270000000000000000e+03 6.486700350279896859e-03 9.968661139260140067e-03 1.189333789748347331e-02 -4.604097067356244679e+02
4.280000000000000000e+03 6.164017261699399931e-03 9.948555545719444879e-03 1.170336986721317446e-02 -4.614975319740249233e+02
4.290000000000000000e+03 5.846075190066409716e-03 9.919018590775430244e-03 1.151362344929078400e-02 -4.625854074379676035e+02
4.300000000000000000e+03 5.533040664427095294e-03 9.880359336632294973e-03 1.132413527008489969e-02 -4.636733244192350298e+02
4.310000000000000000e+03 5.225036690783206421e-03 9.832867667744984649e-03 1.113491333560416227e-02 -4.647612721552076209e+02
4.320000000000000000e+03 4.922165474197123455e-03 9.776816461241847472e-03 1.094595144663942747e-02 -4.658492390790258924e+02
4.330000000000000000e+03 4.624513443661650187e-03 9.712458050759858325e-03 1.075722854541899705e-02 -4.669372131083704289e+02
4.340000000000000000e+03 4.332163028692740878e-03 9.640047326485748705e-03 1.056873450154072538e-02 -4.680251815052542383e+02
4.350000000000000000e+03 4.045181275371443654e-03 9.559861334089297252e-03 1.038048362445754928e-02 -4.691131291272325257e+02
4.360000000000000000e+03 3.763626934895888954e-03 9.472175885012474109e-03 1.019249742220647639e-02 -4.702010399066156197e+02
4.370000000000000000e+03 3.487590861156297361e-03 9.377267055941301832e-03 1.000482021094147196e-02 -4.712889005089666057e+02
4.380000000000000000e+03 3.217193958127139829e-03 9.275429908077083979e-03 9.817532120846900537e-03 -4.723766999582660446e+02
4.390000000000000000e+03 2.952543169643029406e-03 9.166973182792683902e-03 9.630727309120840421e-03 -4.734644260479865920e+02
4.400000000000000000e+03 2.693708175044249448e-03 9.052221838419834479e-03 9.444510783744449259e-03 -4.745520629166364301e+02
4.410000000000000000e+03 2.440726146942593343e-03 8.931514876360556812e-03 9.259001140026885263e-03 -4.756395913462170029e+02
4.420000000000000000e+03 2.193601223866450435e-03 8.805175280151402231e-03 9.074304273250798775e-03 -4.767269892991072311e+02
4.430000000000000000e+03 1.952323804971622945e-03 8.673493545262644933e-03 8.890503839444176618e-03 -4.778142339466539852e+02
4.440000000000000000e+03 1.716911708612301433e-03 8.536755998197167322e-03 8.707697100147968397e-03 -4.789013052354007982e+02
4.450000000000000000e+03 1.487418900251520799e-03 8.395271443895893290e-03 8.526018860026013738e-03 -4.799881867749201660e+02
4.460000000000000000e+03 1.263910132209686591e-03 8.249363633708805058e-03 8.345625751461638320e-03 -4.810748638592288557e+02
4.470000000000000000e+03 1.046438047924162047e-03 8.099352724869036957e-03 8.166672954758678188e-03 -4.821613214814169055e+02
4.480000000000000000e+03 8.350278154823817219e-04 7.945546361554055304e-03 7.989304001991296908e-03 -4.832475425120348973e+02
4.490000000000000000e+03 6.296733698576535915e-04 7.788237158036465796e-03 7.813650016639330648e-03 -4.843335068669676957e+02
4.500000000000000000e+03 4.303510062641314527e-04 7.627709632571287764e-03 7.639840065565074376e-03 -4.854191927359852912e+02
4.510000000000000000e+03 2.370376168882882282e-04 7.464242572124845168e-03 7.468005356675971526e-03 -4.865045788094682848e+02
4.520000000000000000e+03 4.972469408200070945e-05 7.298103730539092122e-03 7.298273124987182149e-03 -4.875896463252092303e+02
4.530000000000000000e+03 -1.315830977261312818e-04 7.129555584644271457e-03 7.130769730270324590e-03 -4.886743791511521522e+02
4.540000000000000000e+03 -3.068821792272178315e-04 6.958861988244371098e-03 6.965625373457838033e-03 -4.897587621355028205e+02
4.550000000000000000e+03 -4.761795761767329753e-04 6.786290150900724585e-03 6.802975893017704223e-03 -4.908427800002274353e+02
4.560000000000000000e+03 -6.394931762909492707e-04 6.612107519736531470e-03 6.642959985961007646e-03 -4.919264174492219581e+02
4.570000000000000000e+03 -7.968455544851674351e-04 6.436572744926467513e-03 6.485709794496899785e-03 -4.930096601059316299e+02
4.580000000000000000e+03 -9.482579192840550047e-04 6.259928126340860190e-03 6.331342134842999833e-03 -4.940924953679760279e+02
4.590000000000000000e+03 -1.093747699704186250e-03 6.082402685037378159e-03 6.179960068929095038e-03 -4.951749128767369825e+02
4.600000000000000000e+03 -1.233327620226259448e-03 5.904221772850645755e-03 6.031660779736920316e-03 -4.962569050727813647e+02
4.610000000000000000e+03 -1.367007312870106069e-03 5.725610630201540159e-03 5.886537699031343940e-03 -4.973384673972271912e+02
4.620000000000000000e+03 -1.494795405610559614e-03 5.546791291433609584e-03 5.744676399533586546e-03 -4.984195982090427037e+02
4.630000000000000000e+03 -1.616701746371152935e-03 5.367980896151588327e-03 5.606152284603758626e-03 -4.995002986145593695e+02
4.640000000000000000e+03 -1.732740082803179435e-03 5.189389388017618017e-03 5.471028277666149797e-03 -5.005805720769330378e+02
4.650000000000000000e+03 -1.842927662827827193e-03 5.011215586847516182e-03 5.339350524949596465e-03 -5.016604243139672690e+02
4.660000000000000000e+03 -1.947282915775011211e-03 4.833647153815079540e-03 5.211147240450402819e-03 -5.027398636300235921e+02
4.670000000000000000e+03 -2.045825130868690264e-03 4.656861758604823043e-03 5.086429189996642501e-03 -5.038189009599138330e+02
4.680000000000000000e+03 -2.138576408790381859e-03 4.481024302931813433e-03 4.965187595620161078e-03 -5.048975491516795842e+02
4.690000000000000000e+03 -2.225564167069185931e-03 4.306284449666596993e-03 4.847393281257742978e-03 -5.059758219617543205e+02
4.700000000000000000e+03 -2.306819789715430953e-03 4.132779593475435949e-03 4.732999546848672134e-03 -5.070537341075042264e+02
4.710000000000000000e+03 -2.382376213730188780e-03 3.960639907196749319e-03 4.621946007714376921e-03 -5.206976724486349895e+02
