0.000000000000000000e+00 8.839886296776846564e-01 7.800623113295583437e-03
1.000000000000000000e+01 8.831692825833209470e-01 8.623748905128292286e-03
2.000000000000000000e+01 8.806702436190885219e-01 1.112276396370339912e-02
3.000000000000000000e+01 8.765766306734626978e-01 1.521637847992616394e-02
4.000000000000000000e+01 8.710315375350454747e-01 2.076145961480664950e-02
5.000000000000000000e+01 8.642236721097755758e-01 2.756932189117872536e-02
6.000000000000000000e+01 8.563764793688981580e-01 3.541651043270482857e-02
7.000000000000000000e+01 8.477360322410357751e-01 4.405695474969757719e-02
8.000000000000000000e+01 8.385585583512684682e-01 5.323442326737777563e-02
9.000000000000000000e+01 8.290985059518338751e-01 6.269447160448445022e-02
1.000000000000000000e+02 8.195979390290284439e-01 7.219502576137919181e-02
1.100000000000000000e+02 8.102777553829210166e-01 8.151522808518206487e-02
1.200000000000000000e+02 8.013310123053957179e-01 9.046197821447726772e-02
1.300000000000000000e+02 7.929184338146446631e-01 9.887454279740065521e-02
1.400000000000000000e+02 7.851659971899320745e-01 1.066269865615314255e-01
1.500000000000000000e+02 7.781643361334067421e-01 1.136286649587380931e-01
1.600000000000000000e+02 7.719697463550552197e-01 1.198232949668271846e-01
1.700000000000000000e+02 7.666063493072143853e-01 1.251867127976961647e-01
1.800000000000000000e+02 7.620692405260346414e-01 1.297238162897642322e-01
1.900000000000000000e+02 7.583282061038592037e-01 1.334648321551215322e-01
2.000000000000000000e+02 7.553318818582404059e-01 1.364611372694885805e-01
2.100000000000000000e+02 7.530120797674719757e-01 1.387809205833984427e-01
2.200000000000000000e+02 7.512881489478593355e-01 1.405048220853737928e-01
2.300000000000000000e+02 7.500712188422642424e-01 1.417217316828609242e-01
2.400000000000000000e+02 7.492681747948112259e-01 1.425247622104832967e-01
2.500000000000000000e+02 7.487852969788933999e-01 1.430076394121680972e-01
2.600000000000000000e+02 7.485314519337280537e-01 1.432614969533517191e-01
2.700000000000000000e+02 7.484207819744453927e-01 1.433721788150542076e-01
2.800000000000000000e+02 7.483748581197771088e-01 1.434181031852985455e-01
2.900000000000000000e+02 7.483242661295329556e-01 1.434686908826986462e-01
3.000000000000000000e+02 7.482096243784026601e-01 1.435833306168904644e-01
3.100000000000000000e+02 7.479821202377566758e-01 1.438108430931455406e-01
3.200000000000000000e+02 7.476035612015623499e-01 1.441894140478443276e-01
3.300000000000000000e+02 7.470460749254156374e-01 1.447469110762005240e-01
3.400000000000000000e+02 7.462914968241022295e-01 1.455014933133776667e-01
3.500000000000000000e+02 7.453305685446608431e-01 1.464624189056207004e-01
3.600000000000000000e+02 7.441619789536600971e-01 1.476310043693342400e-01
3.700000000000000000e+02 7.427913254600548854e-01 1.490016508150737995e-01
3.800000000000000000e+02 7.412300681862437068e-01 1.505628956040407362e-01
3.900000000000000000e+02 7.394944876077472751e-01 1.522984546102880699e-01
4.000000000000000000e+02 7.376046836852504507e-01 1.541882322356033508e-01
4.100000000000000000e+02 7.355836261080964666e-01 1.562092733719095405e-01
4.200000000000000000e+02 7.334562563984592387e-01 1.583366379866137097e-01
4.300000000000000000e+02 7.312486540644558275e-01 1.605442386925211851e-01
4.400000000000000000e+02 7.289872912249604209e-01 1.628055995756979291e-01
4.500000000000000000e+02 7.266983680331959849e-01 1.650945178351993781e-01
4.600000000000000000e+02 7.244072233913010361e-01 1.673856548478370454e-01
4.700000000000000000e+02 7.221378281860522108e-01 1.696550358719178808e-01
4.800000000000000000e+02 7.199124114158418353e-01 1.718804334362530883e-01
4.900000000000000000e+02 7.177511759644088496e-01 1.740416592261561923e-01
5.000000000000000000e+02 7.156720995645422523e-01 1.761207365753489906e-01
5.100000000000000000e+02 7.136908452104082645e-01 1.781019881538137839e-01
5.200000000000000000e+02 7.118208020103006239e-01 1.799720215773999155e-01
5.300000000000000000e+02 7.100731465326018954e-01 1.817196590735399298e-01
5.400000000000000000e+02 7.084569804885108013e-01 1.833357981549207372e-01
5.500000000000000000e+02 7.069795316020706100e-01 1.848132178369952250e-01
5.600000000000000000e+02 7.056463449673929800e-01 1.861463720472774364e-01
5.700000000000000000e+02 7.044615184430351729e-01 1.873311561281103266e-01
5.800000000000000000e+02 7.034279433802380632e-01 1.883646857599652891e-01
5.900000000000000000e+02 7.025474966328012494e-01 1.892450785093335586e-01
6.000000000000000000e+02 7.018212450787456591e-01 1.899712633165308584e-01
6.100000000000000000e+02 7.012496300601982480e-01 1.905428149909531577e-01
6.200000000000000000e+02 7.008326034451950459e-01 1.909597784498637818e-01
6.300000000000000000e+02 7.005697378143281862e-01 1.912225824463478774e-01
6.400000000000000000e+02 7.004603520631631497e-01 1.913319350346932013e-01
6.500000000000000000e+02 7.005034968807811735e-01 1.912887729248104740e-01
6.600000000000000000e+02 7.006979851222646660e-01 1.910942678303706177e-01
6.700000000000000000e+02 7.010423894829840297e-01 1.907498443790421327e-01
6.800000000000000000e+02 7.015349633071480406e-01 1.902572451903902229e-01
6.900000000000000000e+02 7.021735372040464052e-01 1.896186409065272194e-01
7.000000000000000000e+02 7.029553832834312121e-01 1.888367607516609759e-01
7.100000000000000000e+02 7.038770728785206376e-01 1.879150348977282892e-01
7.200000000000000000e+02 7.049343153190985589e-01 1.868577556500718440e-01
7.300000000000000000e+02 7.061218056545200961e-01 1.856702156136345871e-01
7.400000000000000000e+02 7.074331223660098589e-01 1.843588310115245876e-01
7.500000000000000000e+02 7.088606398622053772e-01 1.829312477740283605e-01
7.600000000000000000e+02 7.103954599468680353e-01 1.813963777619937434e-01
7.700000000000000000e+02 7.120274017310752601e-01 1.797643933234983060e-01
7.800000000000000000e+02 7.137450667381957103e-01 1.780466865502937368e-01
7.900000000000000000e+02 7.155359565907385422e-01 1.762557499464394717e-01
8.000000000000000000e+02 7.173866208407105871e-01 1.744050369359821107e-01
8.100000000000000000e+02 7.192828168397269462e-01 1.725088018942904367e-01
8.200000000000000000e+02 7.212097111553753548e-01 1.705818767499577004e-01
8.300000000000000000e+02 7.231520964229949389e-01 1.686394625405716885e-01
8.400000000000000000e+02 7.250946043536068419e-01 1.666969256369913999e-01
8.500000000000000000e+02 7.270219222208128551e-01 1.647695629437327669e-01
8.600000000000000000e+02 7.289190229640354346e-01 1.628724008202686313e-01
8.700000000000000000e+02 7.307713526456107722e-01 1.610200120212441632e-01
8.800000000000000000e+02 7.325649731529211284e-01 1.592263383805193888e-01
8.900000000000000000e+02 7.342867167430375819e-01 1.575045437975471641e-01
9.000000000000000000e+02 7.359243242435290489e-01 1.558668891949304414e-01
9.100000000000000000e+02 7.374665554253128086e-01 1.543246241376163008e-01
9.200000000000000000e+02 7.389032405946821536e-01 1.528879251980817533e-01
9.300000000000000000e+02 7.402253236715879980e-01 1.515658448552568427e-01
9.400000000000000000e+02 7.414249103868834068e-01 1.503662693270065576e-01
9.500000000000000000e+02 7.424952694211708337e-01 1.492959289709992754e-01
9.600000000000000000e+02 7.434308091745358560e-01 1.483604152477007720e-01
9.700000000000000000e+02 7.442270423774285382e-01 1.475642081982425358e-01
9.800000000000000000e+02 7.448805380923126940e-01 1.469107357183360163e-01
9.900000000000000000e+02 7.453888572480158459e-01 1.464024344947641165e-01
1.000000000000000000e+03 7.457504868804382125e-01 1.460408146349569947e-01
1.010000000000000000e+03 7.459647668368216689e-01 1.458265386976150824e-01
1.020000000000000000e+03 7.460318218083217268e-01 1.457594781569033215e-01
1.030000000000000000e+03 7.459524983338706727e-01 1.458387810310271537e-01
1.040000000000000000e+03 7.457283042978966048e-01 1.460629407845348005e-01
1.050000000000000000e+03 7.453613599346001761e-01 1.464298411247519915e-01
1.060000000000000000e+03 7.448543380323841001e-01 1.469368153865214521e-01
1.070000000000000000e+03 7.442104203104332738e-01 1.475806836138940925e-01
1.080000000000000000e+03 7.434332729226383885e-01 1.483577807002789961e-01
1.090000000000000000e+03 7.425270173207619839e-01 1.492639880689773102e-01
1.100000000000000000e+03 7.414961984199786027e-01 1.502947640511352045e-01
1.110000000000000000e+03 7.403457507267867665e-01 1.514451702752213913e-01
1.120000000000000000e+03 7.390809668747181371e-01 1.527099085739779538e-01
1.130000000000000000e+03 7.377074776668234302e-01 1.540833471072507177e-01
1.140000000000000000e+03 7.362312249498628169e-01 1.555595440955407638e-01
1.150000000000000000e+03 7.346584336764343526e-01 1.571322811089839733e-01
1.160000000000000000e+03 7.329955806327915768e-01 1.587950883957105208e-01
1.170000000000000000e+03 7.312493634757702976e-01 1.605412679554821809e-01
1.180000000000000000e+03 7.294266693097098964e-01 1.623639300097161620e-01
1.190000000000000000e+03 7.275345434905441389e-01 1.642560273177788854e-01
1.200000000000000000e+03 7.255801657585241315e-01 1.662103762484646030e-01
1.210000000000000000e+03 7.235708233372988296e-01 1.682196911479765522e-01
1.220000000000000000e+03 7.215138820367047456e-01 1.702766159727483464e-01
1.230000000000000000e+03 7.194167478231894286e-01 1.723737436895243502e-01
1.240000000000000000e+03 7.172868334609568963e-01 1.745036562473218922e-01
1.250000000000000000e+03 7.151315284056957156e-01 1.766589624077658516e-01
1.260000000000000000e+03 7.129581654896099963e-01 1.788323237666417653e-01
1.270000000000000000e+03 7.107739943007717054e-01 1.810164827461689108e-01
1.280000000000000000e+03 7.085861503395544103e-01 1.832043063407795824e-01
1.290000000000000000e+03 7.064016310355154538e-01 1.853887984110110521e-01
1.300000000000000000e+03 7.042272742991625423e-01 1.875631220519463627e-01
1.310000000000000000e+03 7.020697191489568834e-01 1.897206409306872454e-01
1.320000000000000000e+03 6.999353911404849748e-01 1.918549253743880023e-01
1.330000000000000000e+03 6.978304861430478789e-01 1.939597756199643308e-01
1.340000000000000000e+03 6.957609393978484436e-01 1.960292560943200924e-01
1.350000000000000000e+03 6.937324174875663108e-01 1.980576987124756938e-01
1.360000000000000000e+03 6.917502979901524185e-01 2.000397306489562210e-01
1.370000000000000000e+03 6.898196475746338763e-01 2.019702916622450606e-01
1.380000000000000000e+03 6.879452041704487986e-01 2.038446395150483870e-01
1.390000000000000000e+03 6.861313615709911939e-01 2.056583811756376723e-01
1.400000000000000000e+03 6.843821699415303383e-01 2.074074710035835600e-01
1.410000000000000000e+03 6.827013271495896429e-01 2.090882078268514188e-01
1.420000000000000000e+03 6.810921723448029041e-01 2.106972541806894084e-01
1.430000000000000000e+03 6.795576711262161229e-01 2.122316467100948401e-01
1.440000000000000000e+03 6.781004041800411386e-01 2.136888054089308153e-01
1.450000000000000000e+03 6.767225614400942391e-01 2.150665450169630399e-01
1.460000000000000000e+03 6.754259222297999132e-01 2.163630847929115530e-01
1.470000000000000000e+03 6.742118558428176200e-01 2.175770470786430044e-01
1.480000000000000000e+03 6.730813504677390924e-01 2.187074398926900365e-01
1.490000000000000000e+03 6.720350287100851361e-01 2.197536438002377635e-01
1.500000000000000000e+03 6.710731395810138888e-01 2.207154114396888689e-01
1.510000000000000000e+03 6.701955667240768744e-01 2.215928616273201701e-01
1.520000000000000000e+03 6.694018453375527589e-01 2.223864618363325385e-01
1.530000000000000000e+03 6.686911729272072558e-01 2.230970177878897898e-01
1.540000000000000000e+03 6.680624148304320498e-01 2.237256648657555691e-01
1.550000000000000000e+03 6.675141229804781862e-01 2.242738459278488528e-01
1.560000000000000000e+03 6.670445578443942036e-01 2.247432959886319359e-01
1.570000000000000000e+03 6.666516981928625185e-01 2.251360357354913744e-01
1.580000000000000000e+03 6.663332467240212775e-01 2.254543625177752864e-01
1.590000000000000000e+03 6.660866434976439043e-01 2.257008399896615336e-01
1.600000000000000000e+03 6.659090825522647750e-01 2.258782764494068618e-01
1.610000000000000000e+03 6.657975237642475008e-01 2.259897088268280618e-01
1.620000000000000000e+03 6.657487099564646238e-01 2.260383946667966493e-01
1.630000000000000000e+03 6.657591810317979863e-01 2.260277982085051596e-01
1.640000000000000000e+03 6.658252719627398841e-01 2.259615849595026371e-01
1.650000000000000000e+03 6.659431278076113347e-01 2.258436106860202963e-01
1.660000000000000000e+03 6.661087282352692318e-01 2.256778931394580467e-01
1.670000000000000000e+03 6.663179137322365886e-01 2.254685946117009621e-01
1.680000000000000000e+03 6.665664175133670932e-01 2.252199925729959085e-01
1.690000000000000000e+03 6.668498739894164196e-01 2.249364589911041490e-01
1.700000000000000000e+03 6.671638251807274766e-01 2.246224420457472726e-01
1.710000000000000000e+03 6.675037509977211903e-01 2.242824552808688754e-01
1.720000000000000000e+03 6.678651118953783383e-01 2.239210325806969271e-01
1.730000000000000000e+03 6.682433823001544537e-01 2.235426983097842935e-01
1.740000000000000000e+03 6.686340693368526544e-01 2.231519490693544272e-01
1.750000000000000000e+03 6.690327413284452573e-01 2.227532136842511334e-01
1.760000000000000000e+03 6.694350691016904831e-01 2.223508175033775403e-01
1.770000000000000000e+03 6.698368592117186493e-01 2.219489577955299497e-01
1.780000000000000000e+03 6.702340742326056144e-01 2.215516718900850390e-01
1.790000000000000000e+03 6.706228696247725773e-01 2.211628008272250867e-01
1.800000000000000000e+03 6.709996393572438267e-01 2.207859459178877493e-01
1.810000000000000000e+03 6.713610647633676543e-01 2.204244227396438827e-01
1.820000000000000000e+03 6.717041519889881407e-01 2.200812282693163091e-01
1.830000000000000000e+03 6.720262455250818334e-01 2.197590109505844769e-01
1.840000000000000000e+03 6.723250535764165869e-01 2.194600641709095468e-01
1.850000000000000000e+03 6.725987026843204264e-01 2.191862661668772805e-01
1.860000000000000000e+03 6.728457623687584821e-01 2.189390478023403863e-01
1.870000000000000000e+03 6.730652388535419695e-01 2.187194080077362324e-01
1.880000000000000000e+03 6.732565824734561000e-01 2.185278943705742105e-01
1.890000000000000000e+03 6.734197128952433831e-01 2.183645894390347786e-01
1.900000000000000000e+03 6.735550215883644443e-01 2.182291126255078983e-01
1.910000000000000000e+03 6.736633540779113360e-01 2.181206082713589289e-01
1.920000000000000000e+03 6.737460046514133216e-01 2.180377778750118012e-01
1.930000000000000000e+03 6.738047006750894630e-01 2.179789114327104760e-01
1.940000000000000000e+03 6.738415626455042107e-01 2.179418878700222217e-01
1.950000000000000000e+03 6.738590850413824773e-01 2.179242123812923371e-01
1.960000000000000000e+03 6.738601018013090638e-01 2.179230544902667210e-01
1.970000000000000000e+03 6.738477296406093497e-01 2.179352869563513095e-01
1.980000000000000000e+03 6.738253269562244352e-01 2.179575404508454495e-01
1.990000000000000000e+03 6.737964406172071152e-01 2.179862661744881303e-01
2.000000000000000000e+03 6.737647585669965800e-01 2.180177829074925189e-01
2.010000000000000000e+03 6.737340648990727265e-01 2.180483048930435819e-01
2.020000000000000000e+03 6.737081795142972895e-01 2.180740124053479334e-01
2.030000000000000000e+03 6.736909226161446052e-01 2.180910928468109689e-01
2.040000000000000000e+03 6.736860562766774363e-01 2.180957857771501363e-01
2.050000000000000000e+03 6.736972191230867768e-01 2.180844550702308593e-01
2.060000000000000000e+03 6.737278982846983677e-01 2.180536166259439967e-01
2.070000000000000000e+03 6.737813995066027628e-01 2.179999638956516272e-01
2.080000000000000000e+03 6.738608055706237776e-01 2.179204165112242075e-01
2.090000000000000000e+03 6.739689383469350537e-01 2.178121532502862168e-01
2.100000000000000000e+03 6.741083262322141723e-01 2.176726405453619506e-01
2.110000000000000000e+03 6.742811848780644324e-01 2.174996586554255873e-01
2.120000000000000000e+03 6.744894186598596741e-01 2.172912986071496855e-01
2.130000000000000000e+03 6.747346229675182938e-01 2.170459658022505789e-01
2.140000000000000000e+03 6.750180753923096244e-01 2.167623825854390340e-01
2.150000000000000000e+03 6.753407332135286101e-01 2.164395850752383055e-01
2.160000000000000000e+03 6.757032630258920092e-01 2.160769038045464718e-01
2.170000000000000000e+03 6.761060512735279637e-01 2.156739555343519521e-01
2.180000000000000000e+03 6.765492173258313979e-01 2.152306240940076998e-01
2.190000000000000000e+03 6.770326281345494523e-01 2.147470398178515094e-01
2.200000000000000000e+03 6.775559094254569592e-01 2.142235794386535275e-01
2.210000000000000000e+03 6.781184729043825410e-01 2.136608363393792398e-01
2.220000000000000000e+03 6.787195453787170374e-01 2.130595834603778993e-01
2.230000000000000000e+03 6.793581811029801854e-01 2.124207653486780978e-01
2.240000000000000000e+03 6.800332852579996645e-01 2.117454783447147437e-01
2.250000000000000000e+03 6.807436345887848406e-01 2.110349495223848848e-01
2.260000000000000000e+03 6.814879026368255710e-01 2.102905142117798831e-01
2.270000000000000000e+03 6.822646744125336893e-01 2.095135948304939211e-01
2.280000000000000000e+03 6.830724440838501499e-01 2.087057004346866418e-01
2.290000000000000000e+03 6.839096262237294166e-01 2.078684170619000959e-01
2.300000000000000000e+03 6.847745687515560675e-01 2.070033902043725560e-01
2.310000000000000000e+03 6.856655572005169175e-01 2.061123218883784691e-01
2.320000000000000000e+03 6.865808211650168413e-01 2.051969760444945501e-01
2.330000000000000000e+03 6.875185338114846445e-01 2.042591787122742808e-01
2.340000000000000000e+03 6.884768028512842086e-01 2.033008245005820391e-01
2.350000000000000000e+03 6.894536486836198019e-01 2.023238947103195851e-01
2.360000000000000000e+03 6.904470132926946446e-01 2.013304471620610270e-01
2.370000000000000000e+03 6.914547663776897668e-01 2.003226094887804731e-01
2.380000000000000000e+03 6.924746764509935870e-01 1.993026145505567004e-01
2.390000000000000000e+03 6.935044245659753859e-01 1.982727885497249376e-01
2.400000000000000000e+03 6.945415910574138652e-01 1.972355586742167988e-01
2.410000000000000000e+03 6.955836251980122009e-01 1.961934747887021380e-01
2.420000000000000000e+03 6.966278532434814208e-01 1.951492049312546218e-01
2.430000000000000000e+03 6.976714946147162255e-01 1.941055238940915806e-01
2.440000000000000000e+03 6.987116587503788834e-01 1.930653212897919524e-01
2.450000000000000000e+03 6.997453528570219961e-01 1.920315921032055284e-01
2.460000000000000000e+03 7.007694936297202970e-01 1.910074205367889022e-01
2.470000000000000000e+03 7.017808848365686414e-01 1.899960017509192689e-01
2.480000000000000000e+03 7.027762662003568250e-01 1.890005963402226485e-01
2.490000000000000000e+03 7.037523465273723966e-01 1.880244966463313072e-01
2.500000000000000000e+03 7.047058000319053050e-01 1.870710280582588425e-01
2.510000000000000000e+03 7.056332815740901099e-01 1.861435338952812102e-01
2.520000000000000000e+03 7.065314582998749593e-01 1.852453447741507775e-01
2.530000000000000000e+03 7.073970237659303884e-01 1.843797658400282147e-01
2.540000000000000000e+03 7.082267399891636339e-01 1.835500345153185386e-01
2.550000000000000000e+03 7.090174703202338780e-01 1.827592872012721026e-01
2.560000000000000000e+03 7.097662123106751597e-01 1.820105234129140159e-01
2.570000000000000000e+03 7.104701354264826296e-01 1.813065713708461590e-01
2.580000000000000000e+03 7.111266038429655545e-01 1.806500689628985634e-01
2.590000000000000000e+03 7.117331929281162095e-01 1.800434429805590764e-01
2.600000000000000000e+03 7.122877381695752463e-01 1.794888585466964948e-01
2.610000000000000000e+03 7.127883761008625418e-01 1.789881801642771997e-01
2.620000000000000000e+03 7.132335635983561017e-01 1.785429520980091889e-01
2.630000000000000000e+03 7.136220864193120184e-01 1.781543904705957249e-01
2.640000000000000000e+03 7.139530772687420201e-01 1.778233647895110792e-01
2.650000000000000000e+03 7.142260293365668700e-01 1.775503803838250072e-01
2.660000000000000000e+03 7.144407982668883328e-01 1.773355773533685509e-01
2.670000000000000000e+03 7.145976092375271316e-01 1.771787297211404044e-01
2.680000000000000000e+03 7.146970578356252046e-01 1.770792433054290960e-01
2.690000000000000000e+03 7.147401075448421848e-01 1.770361540913075460e-01
2.700000000000000000e+03 7.147280747013479152e-01 1.770481439455930395e-01
2.710000000000000000e+03 7.146626024753129913e-01 1.771135689820888814e-01
2.720000000000000000e+03 7.145456282105256962e-01 1.772304923531914378e-01
2.730000000000000000e+03 7.143793538323591763e-01 1.773967133425439491e-01
2.740000000000000000e+03 7.141662231638697955e-01 1.776097912952964430e-01
2.750000000000000000e+03 7.139088884253156353e-01 1.778670787351576132e-01
2.760000000000000000e+03 7.136101643733179234e-01 1.781657643615185416e-01
2.770000000000000000e+03 7.132729897205566383e-01 1.785029105247482872e-01
2.780000000000000000e+03 7.129003911682578742e-01 1.788754897661925802e-01
2.790000000000000000e+03 7.124954402215468718e-01 1.792804285531136577e-01
2.800000000000000000e+03 7.120612129663038692e-01 1.797146477791064512e-01
2.810000000000000000e+03 7.116007665256559589e-01 1.801750870673878846e-01
2.820000000000000000e+03 7.111171202256404422e-01 1.806587254615788229e-01
2.830000000000000000e+03 7.106132323522207361e-01 1.811626062427650619e-01
2.840000000000000000e+03 7.100919619487251477e-01 1.816838733724188693e-01
2.850000000000000000e+03 7.095560348016333174e-01 1.822198037714878038e-01
2.860000000000000000e+03 7.090080394215695359e-01 1.827678101281945411e-01
2.870000000000000000e+03 7.084504316874303820e-01 1.833254354469388836e-01
2.880000000000000000e+03 7.078855253914404511e-01 1.838903613407128768e-01
2.890000000000000000e+03 7.073154815408562168e-01 1.844604204209149001e-01
2.900000000000000000e+03 7.067423035318154412e-01 1.850336058397492045e-01
2.910000000000000000e+03 7.061678290006708769e-01 1.856080809281416277e-01
2.920000000000000000e+03 7.055937297024590382e-01 1.861821757290043067e-01
2.930000000000000000e+03 7.050215252302157731e-01 1.867543713378228554e-01
2.940000000000000000e+03 7.044525957777187930e-01 1.873232889006646584e-01
2.950000000000000000e+03 7.038881854320439002e-01 1.878876863090916394e-01
2.960000000000000000e+03 7.033294047598896981e-01 1.884464539991701215e-01
2.970000000000000000e+03 7.027772351794152605e-01 1.889986109906750533e-01
2.980000000000000000e+03 7.022325340041277730e-01 1.895433005910107382e-01
2.990000000000000000e+03 7.016960491428491098e-01 1.900797761127305252e-01
3.000000000000000000e+03 7.011684418577929234e-01 1.906073777276183490e-01
3.010000000000000000e+03 7.006503061258529952e-01 1.911255109457977996e-01
3.020000000000000000e+03 7.001421812571752001e-01 1.916336327963808761e-01
3.030000000000000000e+03 6.996445710563694576e-01 1.921312356155553680e-01
3.040000000000000000e+03 6.991579747642655551e-01 1.926178181109290122e-01
3.050000000000000000e+03 6.986828937447514543e-01 1.930928781640183778e-01
3.060000000000000000e+03 6.982198185226566878e-01 1.935559268145883027e-01
3.070000000000000000e+03 6.977692466415381656e-01 1.940064704647515570e-01
3.080000000000000000e+03 6.973317082556448332e-01 1.944439826479077704e-01
3.090000000000000000e+03 6.969077708109178149e-01 1.948678971524425985e-01
3.100000000000000000e+03 6.964980211828091239e-01 1.952776266705830710e-01
3.110000000000000000e+03 6.961030455525367699e-01 1.956725850947314826e-01
3.120000000000000000e+03 6.957234117668383844e-01 1.960522054909367706e-01
3.130000000000000000e+03 6.953596418956660141e-01 1.964159658677512299e-01
3.140000000000000000e+03 6.950122058108607614e-01 1.967633945305002907e-01
3.150000000000000000e+03 6.946815243876236501e-01 1.970940684000112852e-01
3.160000000000000000e+03 6.943679472314472356e-01 1.974076374136191636e-01
3.170000000000000000e+03 6.940717104309697127e-01 1.977038649808028070e-01
3.180000000000000000e+03 6.937929106571819604e-01 1.979826528058518664e-01
3.190000000000000000e+03 6.935315032006487135e-01 1.982440452666934527e-01
3.200000000000000000e+03 6.932872963776489650e-01 1.984882348567873767e-01
3.210000000000000000e+03 6.930599382716895462e-01 1.987155742027896799e-01
3.220000000000000000e+03 6.928489107736333086e-01 1.989265829385652440e-01
3.230000000000000000e+03 6.926535301694896063e-01 1.991219461947446867e-01
3.240000000000000000e+03 6.924729497910993015e-01 1.993025103544931453e-01
3.250000000000000000e+03 6.923061656476613424e-01 1.994692787128425071e-01
3.260000000000000000e+03 6.921520237418961052e-01 1.996234050553360451e-01
3.270000000000000000e+03 6.920092302296813047e-01 1.997661837950589214e-01
3.280000000000000000e+03 6.918763625876174217e-01 1.998990375709550349e-01
3.290000000000000000e+03 6.917518813150502766e-01 2.000235049210878913e-01
3.300000000000000000e+03 6.916341476382406039e-01 2.001412241377120704e-01
3.310000000000000000e+03 6.915214444419507389e-01 2.002539129347487012e-01
3.320000000000000000e+03 6.914119929443357515e-01 2.003633505097246192e-01
3.330000000000000000e+03 6.913039691082656368e-01 2.004713599086801745e-01
3.340000000000000000e+03 6.911955264364517681e-01 2.005797874181332596e-01
3.350000000000000000e+03 6.910848214375178156e-01 2.006904792003195992e-01
3.360000000000000000e+03 6.909700374515052035e-01 2.008052543286187597e-01
3.370000000000000000e+03 6.908494076696977126e-01 2.009258788894805470e-01
3.380000000000000000e+03 6.907212395165809316e-01 2.010540435677093951e-01
3.390000000000000000e+03 6.905839415938090919e-01 2.011913386430413397e-01
3.400000000000000000e+03 6.904360544967677038e-01 2.013392230626001311e-01
3.410000000000000000e+03 6.902762822367045636e-01 2.014989926050521352e-01
3.420000000000000000e+03 6.901035167542683979e-01 2.016717562965277821e-01
3.430000000000000000e+03 6.899168532745396654e-01 2.018584195476591236e-01
3.440000000000000000e+03 6.897156062108350527e-01 2.020596664401760056e-01
3.450000000000000000e+03 6.894993289443497320e-01 2.022759424933926187e-01
3.460000000000000000e+03 6.892678260118156874e-01 2.025074440038814316e-01
3.470000000000000000e+03 6.890211588705391632e-01 2.027541104712825559e-01
3.480000000000000000e+03 6.887596550693712016e-01 2.030156154509741850e-01
3.490000000000000000e+03 6.884839152345384461e-01 2.032913593249550122e-01
3.500000000000000000e+03 6.881948075329017422e-01 2.035804734106920755e-01
3.510000000000000000e+03 6.878934527024407330e-01 2.038818353880034184e-01
3.520000000000000000e+03 6.875812080774388324e-01 2.041940859196296476e-01
3.530000000000000000e+03 6.872596526311975929e-01 2.045156451181401325e-01
3.540000000000000000e+03 6.869305675382506582e-01 2.048447331478459588e-01
3.550000000000000000e+03 6.865959086773411046e-01 2.051793955262860569e-01
3.560000000000000000e+03 6.862577767734237000e-01 2.055175334519576402e-01
3.570000000000000000e+03 6.859183825142315394e-01 2.058569386186014094e-01
3.580000000000000000e+03 6.855800110131904379e-01 2.061953261904347356e-01
3.590000000000000000e+03 6.852449903973913958e-01 2.065303663988710958e-01
3.600000000000000000e+03 6.849156585913611650e-01 2.068597198832224648e-01
3.610000000000000000e+03 6.845943298922890774e-01 2.071810718218017877e-01
3.620000000000000000e+03 6.842832621555069439e-01 2.074921614213629251e-01
3.630000000000000000e+03 6.839846267509465116e-01 2.077908159178739333e-01
3.640000000000000000e+03 6.837004800445699582e-01 2.080749800282912787e-01
3.650000000000000000e+03 6.834327431158678801e-01 2.083427332177610336e-01
3.660000000000000000e+03 6.831831909701858718e-01 2.085923012864523973e-01
3.670000000000000000e+03 6.829534444135954008e-01 2.088220642336703348e-01
3.680000000000000000e+03 6.827449654903997578e-01 2.090305602200589474e-01
3.690000000000000000e+03 6.825590608703459017e-01 2.092164820932724545e-01
3.700000000000000000e+03 6.823968915845494143e-01 2.093786676729532947e-01
3.710000000000000000e+03 6.822594873671240512e-01 2.095160881134243425e-01
3.720000000000000000e+03 6.821477614782213150e-01 2.096278307787737272e-01
3.730000000000000000e+03 6.820625219669897987e-01 2.097130876537209310e-01
3.740000000000000000e+03 6.820044798076727588e-01 2.097711487156752874e-01
3.750000000000000000e+03 6.819742555218701874e-01 2.098013944275120279e-01
3.760000000000000000e+03 6.819723841023486166e-01 2.098032897302622435e-01
3.770000000000000000e+03 6.819993223619043032e-01 2.097763765575178796e-01
3.780000000000000000e+03 6.820554548524540017e-01 2.097202678953325461e-01
3.790000000000000000e+03 6.821410966755103722e-01 2.096346475073961879e-01
3.800000000000000000e+03 6.822564906140362595e-01 2.095192724027791775e-01
3.810000000000000000e+03 6.824018036824832656e-01 2.093739758100269521e-01
3.820000000000000000e+03 6.825771274811563982e-01 2.091986672212058362e-01
3.830000000000000000e+03 6.827824774194153346e-01 2.089933323729556980e-01
3.840000000000000000e+03 6.830177870072530188e-01 2.087580381931588291e-01
3.850000000000000000e+03 6.832829022744308922e-01 2.084929390062516541e-01
3.860000000000000000e+03 6.835775809989611540e-01 2.081982765205751817e-01
3.870000000000000000e+03 6.839014953224570315e-01 2.078743778708198597e-01
3.880000000000000000e+03 6.842542345285517191e-01 2.075216543327443874e-01
3.890000000000000000e+03 6.846353117736175831e-01 2.071405935528670694e-01
3.900000000000000000e+03 6.850441664805856368e-01 2.067317563678618686e-01
3.910000000000000000e+03 6.854801673820035690e-01 2.062957742192456367e-01
3.920000000000000000e+03 6.859426172535164623e-01 2.058333430515798534e-01
3.930000000000000000e+03 6.864307507820687215e-01 2.053452261686896929e-01
3.940000000000000000e+03 6.869437306317250913e-01 2.048322598293319530e-01
3.950000000000000000e+03 6.874806478798195508e-01 2.042953539131617535e-01
3.960000000000000000e+03 6.880405166997529687e-01 2.037354969675968519e-01
3.970000000000000000e+03 6.886222673709732067e-01 2.031537606351643821e-01
3.980000000000000000e+03 6.892247405237977853e-01 2.025513039214778543e-01
3.990000000000000000e+03 6.898466783159878934e-01 2.019293832967290203e-01
4.000000000000000000e+03 6.904867160836206663e-01 2.012893647811632158e-01
4.010000000000000000e+03 6.911433740536387926e-01 2.006327289869705710e-01
4.020000000000000000e+03 6.918150572836160306e-01 1.999610684224791546e-01
4.030000000000000000e+03 6.925000537098405795e-01 1.992760943221871806e-01
4.040000000000000000e+03 6.931965352084110688e-01 1.985796344014899850e-01
4.050000000000000000e+03 6.939025627996752155e-01 1.978736274550067786e-01
4.060000000000000000e+03 6.946160925061718450e-01 1.971601187089837837e-01
4.070000000000000000e+03 6.953349845884159164e-01 1.964412485011432508e-01
4.080000000000000000e+03 6.960570196477778859e-01 1.957192351378142514e-01
4.090000000000000000e+03 6.967799165539763084e-01 1.949963586150334771e-01
4.100000000000000000e+03 6.975013590952512388e-01 1.942749352179733158e-01
4.110000000000000000e+03 6.982190249269971671e-01 1.935572875277327687e-01
4.120000000000000000e+03 6.989306145503411116e-01 1.928457135837819136e-01
4.130000000000000000e+03 6.996338816418873341e-01 1.921424606422554304e-01
4.140000000000000000e+03 7.003266669829003588e-01 1.914496916285947370e-01
4.150000000000000000e+03 7.010069273572679949e-01 1.907694497789895749e-01
4.160000000000000000e+03 7.016727630983035091e-01 1.901036317264606368e-01
4.170000000000000000e+03 7.023224515298064352e-01 1.894539591158058700e-01
4.180000000000000000e+03 7.029544681433576025e-01 1.888219574285933122e-01
4.190000000000000000e+03 7.035674991685253454e-01 1.882089417336231807e-01
4.200000000000000000e+03 7.041604511817135537e-01 1.876160071130908991e-01
