0.000000000000000000e+00 1.852003507862463749e+01 1.815868985659265107e-15 1.852003507862463749e+01 9.804889558525166546e-17
1.000000000000000000e+01 1.839042608338547424e+01 2.100127832959901575e+00 1.850995160564277953e+01 -9.962957603987347976e-01
2.000000000000000000e+01 1.797983065894423760e+01 4.157702843736977627e+00 1.845428956804162013e+01 -1.992751760870779654e+00
3.000000000000000000e+01 1.729534586428447085e+01 6.127591693831292652e+00 1.834874296870312094e+01 -2.989507265519847135e+00
4.000000000000000000e+01 1.635660976834525826e+01 7.967511211658572456e+00 1.819395278717169262e+01 -3.986715337919009006e+00
5.000000000000000000e+01 1.519120527575693558e+01 9.640801357578393294e+00 1.799215852938359106e+01 -4.984505375800671878e+00
6.000000000000000000e+01 1.383248454221281243e+01 1.111718118350209572e+01 1.774624878889534330e+01 -5.983006441997553715e+00
7.000000000000000000e+01 1.231800052316792637e+01 1.237364311924126881e+01 1.745967299038306919e+01 -6.982348341343577403e+00
8.000000000000000000e+01 1.068780227916402126e+01 1.339496614436355770e+01 1.713634253763473225e+01 -7.982660935597744256e+00
9.000000000000000000e+01 8.982711072484555359e+00 1.417378151478693304e+01 1.678050001164007199e+01 -8.984074271638323950e+00
1.000000000000000000e+02 7.242703522039185771e+00 1.471024605442424082e+01 1.639658785509542582e+01 -9.986718805537066146e+00
1.100000000000000000e+02 5.505447508677453250e+00 1.501139726347422254e+01 1.598912130395676634e+01 -1.099072295384976883e+01
1.200000000000000000e+02 3.805101468375200913e+00 1.509023209344247185e+01 1.556258017870405297e+01 -1.199621103596940053e+01
1.300000000000000000e+02 2.171452590457542353e+00 1.496458707259305321e+01 1.512131186788447579e+01 -1.300330399035296658e+01
1.400000000000000000e+02 6.293542500678287466e-01 1.465593504893589305e+01 1.466944167072169058e+01 -1.401211924496716321e+01
1.500000000000000000e+02 -8.015535905306768738e-01 1.418818067917631431e+01 1.421080431022272172e+01 -1.502276920247255276e+01
1.600000000000000000e+02 -2.106855807014894832e+00 1.358651534869619404e+01 1.374889961822071172e+01 -1.603535938468176525e+01
1.700000000000000000e+02 -3.277143786568186723e+00 1.287638155018857233e+01 1.328686845061239907e+01 -1.704998658566880110e+01
1.800000000000000000e+02 -4.307615724235646759e+00 1.208258320341076697e+01 1.282748494815044360e+01 -1.806673714796805896e+01
1.900000000000000000e+02 -5.197547529073234251e+00 1.122856343840603266e+01 1.237316197288647679e+01 -1.908568537081437455e+01
2.000000000000000000e+02 -5.949684256505348934e+00 1.033585655167656014e+01 1.192596635115758197e+01 -2.010689205279365055e+01
2.100000000000000000e+02 -6.569595751440545861e+00 9.423708820141849074e+00 1.148764015210108091e+01 -2.113040322367231028e+01
2.200000000000000000e+02 -7.065032980568592080e+00 8.508855111427322981e+00 1.105962505349005021e+01 -2.215624914962000958e+01
2.300000000000000000e+02 -7.445315001221591622e+00 7.605432858896756798e+00 1.064308810630644686e+01 -2.318444364014829517e+01
2.400000000000000000e+02 -7.720768785941405810e+00 6.725011477100093948e+00 1.023894770047660252e+01 -2.421498370310527193e+01
2.500000000000000000e+02 -7.902236825543145216e+00 5.876714070429198244e+00 9.847899020225112210e+00 -2.524784962512735831e+01
2.600000000000000000e+02 -8.000661633940227446e+00 5.067407905678088298e+00 9.470438715462547563e+00 -2.628300548259466751e+01
2.700000000000000000e+02 -8.026750035320178611e+00 4.301940891289437907e+00 9.106888138198506510e+00 -2.732040006350716510e+01
2.800000000000000000e+02 -7.990715110944072386e+00 3.583403970331427324e+00 8.757414686929983816e+00 -2.835996818669368125e+01
2.900000000000000000e+02 -7.902091057520927109e+00 2.913402405210589574e+00 8.422051807964555437e+00 -2.940163234083705390e+01
3.000000000000000000e+02 -7.769613443208660541e+00 2.292321879933788775e+00 8.100718033490112546e+00 -3.044530454856362667e+01
3.100000000000000000e+02 -7.601154816532949887e+00 1.719578724352233579e+00 7.793234600225179776e+00 -3.149088839070770618e+01
3.200000000000000000e+02 -7.403705761075327629e+00 1.193846918817438763e+00 7.499341935273379889e+00 -3.253828108550168707e+01
3.300000000000000000e+02 -7.183391566855648946e+00 7.132572556881012771e-01 7.218715281514057835e+00 -3.358737550293972163e+01
3.400000000000000000e+02 -6.945514701174413830e+00 2.755668473764938398e-01 6.950979179338903080e+00 -3.463806205905164148e+01
3.500000000000000000e+02 -6.694614813519179641e+00 -1.217008529971777414e-01 6.695720917049237109e+00 -3.569023043067118550e+01
3.600000000000000000e+02 -6.434538960292103482e+00 -4.811441007182882257e-01 6.452502714232129399e+00 -3.674377101981701799e+01
3.700000000000000000e+02 -6.168515967227213181e+00 -8.053962924160852355e-01 6.220872320324108529e+00 -3.779857613395306970e+01
3.800000000000000000e+02 -5.899230874504576505e+00 -1.097061417321813170e+00 6.000372377118288192e+00 -3.885454088190140709e+01
3.900000000000000000e+02 -5.628896035567250600e+00 -1.358667930232912990e+00 5.790548257623633788e+00 -3.991156380849780305e+01
4.000000000000000000e+02 -5.359316521204259942e+00 -1.592637383226472858e+00 5.590954069647093405e+00 -4.096954730699495428e+01
4.100000000000000000e+02 -5.091948952971075748e+00 -1.801264532214568170e+00 5.401157103313826369e+00 -4.202839784993764738e+01
4.200000000000000000e+02 -4.827953371265344629e+00 -1.986706681522113271e+00 5.220741057887952508e+00 -4.308802596979428756e+01
4.300000000000000000e+02 -4.568237974041720051e+00 -2.150979181837554766e+00 5.049307836543079908e+00 -4.414834611953085641e+01
4.400000000000000000e+02 -4.313497336014478378e+00 -2.295954425849525471e+00 4.886477871983258225e+00 -4.520927657855113324e+01
4.500000000000000000e+02 -4.064245034612190999e+00 -2.423363441910229010e+00 4.731889482326995910e+00 -4.627073935331957699e+01
4.600000000000000000e+02 -3.820841278452069112e+00 -2.534799354584093223e+00 4.585197470461134017e+00 -4.733266001467293904e+01
4.700000000000000000e+02 -3.583516229930986619e+00 -2.631721800026089575e+00 4.446071097374776571e+00 -4.839496749207432913e+01
4.800000000000000000e+02 -3.352389926025975520e+00 -2.715461958135877207e+00 4.314191913001040213e+00 -4.945759381316101155e+01
4.900000000000000000e+02 -3.127489418657817044e+00 -2.787227729474863303e+00 4.189251541716039640e+00 -5.052047381954100302e+01
5.000000000000000000e+02 -2.908763657718899776e+00 -2.848108752303931901e+00 4.070949456996056703e+00 -5.158354487962520807e+01
5.100000000000000000e+02 -2.696096526055720588e+00 -2.899081281677505562e+00 3.958990875915554764e+00 -5.264674656878461434e+01
5.200000000000000000e+02 -2.489318324991263154e+00 -2.941012892016337421e+00 3.853084810141558236e+00 -5.371002029907344877e+01
5.300000000000000000e+02 -2.288216138150338530e+00 -2.974666974706726030e+00 3.752942406339659698e+00 -5.477330892111994132e+01
5.400000000000000000e+02 -2.092543571399883007e+00 -3.000707253250295636e+00 3.658275907844556141e+00 -5.583655632802454249e+01
5.500000000000000000e+02 -1.902029879679450808e+00 -3.019702297172339733e+00 3.568798064718895269e+00 -5.689970706430947445e+01
5.600000000000000000e+02 -1.716388722476422490e+00 -3.032129787795572629e+00 3.484221763418836826e+00 -5.796270602691935636e+01
5.700000000000000000e+02 -1.535326827062098110e+00 -3.038380471099286328e+00 3.404259736426421767e+00 -5.902549833139306656e+01
5.800000000000000000e+02 -1.358552564486952274e+00 -3.038762450095407353e+00 3.328624685749944856e+00 -6.008802926085505902e+01
5.900000000000000000e+02 -1.185784586462282242e+00 -3.033505810487260757e+00 3.257029718585861655e+00 -6.115024436735333069e+01
6.000000000000000000e+02 -1.016760553990664784e+00 -3.022767430600427296e+00 3.189188762624456608e+00 -6.221208978339728191e+01
6.100000000000000000e+02 -8.512462839605131615e-01 -3.006636211266576986e+00 3.124817041501152914e+00 -6.327351283873137078e+01
6.200000000000000000e+02 -6.890448601047572952e-01 -2.985139310561265802e+00 3.063631753767899202e+00 -6.433446284150481631e+01
6.300000000000000000e+02 -5.300055271726854533e-01 -2.958249502656808527e+00 3.005352887566258957e+00 -6.539489201726500767e+01
6.400000000000000000e+02 -3.740320458024548045e-01 -2.925893509902055989e+00 2.949703849977848513e+00 -6.645475656887418836e+01
6.500000000000000000e+02 -2.210901935753209480e-01 -2.887961571187000143e+00 2.896412075369811490e+00 -6.751401777905473978e+01
6.600000000000000000e+02 -7.121418568629293844e-02 -2.844318450693529954e+00 2.845209818132680812e+00 -6.857264313604913752e+01
6.700000000000000000e+02 7.548845698141866400e-02 -2.794815871063306201e+00 2.795835163289277947e+00 -6.963060741330437509e+01
6.800000000000000000e+02 2.188340252577636036e-01 -2.739305988041807360e+00 2.748033046877751406e+00 -7.068789364720579727e+01
6.900000000000000000e+02 3.585619334076094455e-01 -2.677655260859320929e+00 2.701555913931192432e+00 -7.174449399385858328e+01
7.000000000000000000e+02 4.943367791212290863e-01 -2.609758723039735884e+00 2.656164423313049028e+00 -7.280041029949518361e+01
7.100000000000000000e+02 6.257534692628538009e-01 -2.535554191161985660e+00 2.611628315938852918e+00 -7.385565430160431788e+01
7.200000000000000000e+02 7.523453574670269095e-01 -2.455036013810772744e+00 2.567727665857514108e+00 -7.491024750855562786e+01
7.300000000000000000e+02 8.735951848617907745e-01 -2.368267583078348171e+00 2.524254323968460056e+00 -7.596422081707494556e+01
7.400000000000000000e+02 9.889483671786666319e-01 -2.275391759812004366e+00 2.481013207051853353e+00 -7.701761393779804621e+01
7.500000000000000000e+02 1.097828224209055792e+00 -2.176638958261214007e+00 2.437823612259605532e+00 -7.807047468511355248e+01
7.600000000000000000e+02 1.199652907492308573e+00 -2.072332458506123132e+00 2.394520602758051453e+00 -7.912285808189807312e+01
7.700000000000000000e+02 1.293853078235215337e+00 -1.962890427311844377e+00 2.350956107138373774e+00 -8.017482541106882366e+01
7.800000000000000000e+02 1.379889762816534748e+00 -1.848824690269847748e+00 2.306999890090433158e+00 -8.122644324807808403e+01
7.900000000000000000e+02 1.457271854162886404e+00 -1.730736299192087158e+00 2.262540473511238215e+00 -8.227778248327936694e+01
8.000000000000000000e+02 1.525572695998745232e+00 -1.609307998939132123e+00 2.217486028417395616e+00 -8.332891734848543308e+01
8.100000000000000000e+02 1.584444992543259767e+00 -1.485293971734792162e+00 2.171765207582791124e+00 -8.437992458561384979e+01
8.200000000000000000e+02 1.633633630711488482e+00 -1.359506893713326336e+00 2.125327700248989427e+00 -8.543088265368392342e+01
8.300000000000000000e+02 1.672985812123424676e+00 -1.232802770072972898e+00 2.078144412081573744e+00 -8.648187101803597443e+01
8.400000000000000000e+02 1.702458348281548517e+00 -1.106064353098485276e+00 2.030207570872670342e+00 -8.753296955608247742e+01
8.500000000000000000e+02 1.722121756798142833e+00 -9.801836452612352479e-01 1.981530550780160160e+00 -8.858425811631238389e+01
8.600000000000000000e+02 1.732160961621176165e+00 -8.560439830760512292e-01 1.932147224702379651e+00 -8.963581620205314948e+01
8.700000000000000000e+02 1.732872617797915460e+00 -7.345021255700602270e-01 1.882110751783947711e+00 -9.068772264993880583e+01
8.800000000000000000e+02 1.724659451296072454e+00 -6.163711203506535563e-01 1.831492173324033024e+00 -9.174005527147852490e+01
8.900000000000000000e+02 1.708021985266308773e+00 -5.024044619301880621e-01 1.780378989294252534e+00 -9.279289041236410185e+01
9.000000000000000000e+02 1.683547399725085381e+00 -3.932820078595562485e-01 1.728873212478908350e+00 -9.384630251404254864e+01
9.100000000000000000e+02 1.651896004718994337e+00 -2.895983105864737839e-01 1.677089023248651278e+00 -9.490036372889214533e+01
9.200000000000000000e+02 1.613786007145597834e+00 -1.918537267674058078e-01 1.625150186700747401e+00 -9.595514355526140093e+01
9.300000000000000000e+02 1.569977503440282973e+00 -1.004483571009666398e-01 1.573187602847437638e+00 -9.701070836613158122e+01
9.400000000000000000e+02 1.521256155290382051e+00 -1.567877790306181074e-02 1.521336949556346241e+00 -9.806712079592705322e+01
9.500000000000000000e+02 1.468416975169816840e+00 6.226206750831705938e-02 1.469736363439812621e+00 -9.912443926636979086e+01
9.600000000000000000e+02 1.412248911840385146e+00 1.332819526627611051e-01 1.418524257071394068e+00 -1.001827177181354216e+02
9.700000000000000000e+02 1.353520517593323591e+00 1.973841349417097824e-01 1.367837083966064071e+00 -1.012420052864257514e+02
9.800000000000000000e+02 1.292967116701023045e+00 2.546600751840110699e-01 1.317807162965387358e+00 -1.023023459426037789e+02
9.900000000000000000e+02 1.231279837816152689e+00 3.052804208106865147e-01 1.268560670343725105e+00 -1.033637781645674067e+02
1.000000000000000000e+03 1.169096884926313917e+00 3.494847935469435063e-01 1.220216024835340640e+00 -1.044263346078158321e+02
1.010000000000000000e+03 1.106997156808828597e+00 3.875704957808483453e-01 1.172882600426250255e+00 -1.054900421055929769e+02
1.020000000000000000e+03 1.045496060062579335e+00 4.198808338619587910e-01 1.126659631943467854e+00 -1.065549218465613137e+02
1.030000000000000000e+03 9.850432598461570377e-01 4.467936470329328391e-01 1.081635237405537131e+00 -1.076209895428952308e+02
1.040000000000000000e+03 9.260222601240584162e-01 4.687104963526987356e-01 1.037885714149906935e+00 -1.086882554749513616e+02
1.050000000000000000e+03 8.687515892209485280e-01 4.860464925931749502e-01 9.954750206489618725e-01 -1.097567246375016907e+02
1.060000000000000000e+03 8.134874040876686196e-01 4.992208781053762978e-01 9.544544209890782893e-01 -1.108263971102736178e+02
1.070000000000000000e+03 7.604275553076842442e-01 5.086486988702642043e-01 9.148625939088524950e-01 -1.118972687033750191e+02
1.080000000000000000e+03 7.097165969846342959e-01 5.147338416976084963e-01 8.767260551758619957e-01 -1.129693316837370674e+02
1.090000000000000000e+03 6.614510979486091236e-01 5.178634658697061077e-01 8.400595956597393110e-01 -1.140425753379097245e+02
1.100000000000000000e+03 6.156851562029709291e-01 5.184035871643905002e-01 8.048667534154858583e-01 -1.151169865646151180e+02
1.110000000000000000e+03 5.724362750006205536e-01 5.166958180450200722e-01 7.711406209776519027e-01 -1.161925507006149303e+02
1.120000000000000000e+03 5.316911734426026381e-01 5.130554887566706190e-01 7.388649663234263532e-01 -1.172692521533647039e+02
1.130000000000000000e+03 4.934113710286742727e-01 5.077708438323822460e-01 7.080155442549588285e-01 -1.183470749958902957e+02
1.140000000000000000e+03 4.575381512894924341e-01 5.011029045559731721e-01 6.785611843008994004e-01 -1.194260034935607706e+02
1.150000000000000000e+03 4.239970347199228384e-01 4.932860816815924920e-01 6.504649443529345598e-01 -1.205060224551769608e+02
1.160000000000000000e+03 3.927018536592519760e-01 4.845293573698039036e-01 6.236853726203683834e-01 -1.215871175874121661e+02
1.170000000000000000e+03 3.635581786819783723e-01 4.750178648870052034e-01 5.981776669588780848e-01 -1.226692756340921449e+02
1.180000000000000000e+03 3.364661308024747832e-01 4.649146112345565185e-01 5.738946357272970422e-01 -1.237524844054496782e+02
1.190000000000000000e+03 3.113225779810129823e-01 4.543622677975103219e-01 5.507874526156532058e-01 -1.248367325737625322e+02
1.200000000000000000e+03 2.880230513992168007e-01 4.434853451309938577e-01 5.288067033267189743e-01 -1.259220092156039925e+02
1.210000000000000000e+03 2.664632002334635930e-01 4.323923658701117612e-01 5.079033324771669022e-01 -1.270083031431346399e+02
1.220000000000000000e+03 2.465398072111922856e-01 4.211776441646084557e-01 4.880291840492547717e-01 -1.280956022989487053e+02
1.230000000000000000e+03 2.281515005321217149e-01 4.099228636219902633e-01 4.691373586862503942e-01 -1.291838930892192536e+02
1.240000000000000000e+03 2.111994174163241977e-01 3.986985849978459395e-01 4.511826188986886588e-01 -1.302731598965860087e+02
1.250000000000000000e+03 1.955878688378586416e-01 3.875655642230237952e-01 4.341217352402965690e-01 -1.313633850294779677e+02
1.260000000000000000e+03 1.812247415674982376e-01 3.765759680248892405e-01 4.179137071813855964e-01 -1.324545485078778597e+02
1.270000000000000000e+03 1.680217169844761549e-01 3.657744340797224325e-01 4.025198554167888632e-01 -1.335466277871744012e+02
1.280000000000000000e+03 1.558944207021514539e-01 3.551991188852262060e-01 3.879039629378648879e-01 -1.346395974484894680e+02
1.290000000000000000e+03 1.447624225006085563e-01 3.448826365675919381e-01 3.740323408130082905e-01 -1.357334287371687935e+02
1.300000000000000000e+03 1.345493391849168774e-01 3.348526616708409342e-01 3.608737032580019988e-01 -1.368280897475584084e+02
1.310000000000000000e+03 1.251829470786398613e-01 3.251324339268743535e-01 3.483990095142448506e-01 -1.379235458513814194e+02
1.320000000000000000e+03 1.165950559083741844e-01 3.157412132898028134e-01 3.365812247169970295e-01 -1.390197596535901141e+02
1.330000000000000000e+03 1.087213444420560560e-01 3.066947461307530376e-01 3.253951413919624613e-01 -1.401166908274175569e+02
1.340000000000000000e+03 1.015011891171346964e-01 2.980056261370579440e-01 3.148171605893368419e-01 -1.412142960233935867e+02
1.350000000000000000e+03 9.487748897536905923e-02 2.896834914880062617e-01 3.048249713441356090e-01 -1.423125289247753926e+02
1.360000000000000000e+03 8.879651348453239390e-02 2.817353014786528886e-01 2.953973610347190859e-01 -1.434113402901537881e+02
1.370000000000000000e+03 8.320777619010734372e-02 2.741655947925357717e-01 2.865140614113868001e-01 -1.445106781194631651e+02
1.380000000000000000e+03 7.806377474340521483e-02 2.669765633605255539e-01 2.781554211425436574e-01 -1.456104875871055242e+02
1.390000000000000000e+03 7.331958801917116963e-02 2.601679732900818443e-01 2.703019354595333490e-01 -1.467107105722511164e+02
1.400000000000000000e+03 6.893258477294927911e-02 2.537370755270061395e-01 2.629338409951778588e-01 -1.478112854631691562e+02
1.410000000000000000e+03 6.486231050803605014e-02 2.476787262347296681e-01 2.560309956893872529e-01 -1.489121473531768061e+02
1.420000000000000000e+03 6.107039362582539210e-02 2.419853738399629639e-01 2.495726630263817303e-01 -1.500132284871915829e+02
1.430000000000000000e+03 5.752044070980076584e-02 2.366469010511400572e-01 2.435371776065366478e-01 -1.511144588436489755e+02
1.440000000000000000e+03 5.417815454556105387e-02 2.316507457045361151e-01 2.379019554678573067e-01 -1.522157673596523750e+02
1.450000000000000000e+03 5.101150483519054785e-02 2.269820711932607760e-01 2.326435777508873426e-01 -1.533170834530646687e+02
1.460000000000000000e+03 4.799084902445834716e-02 2.226240039556751926e-01 2.277379387088256657e-01 -1.544183383873571245e+02
1.470000000000000000e+03 4.508911681780585629e-02 2.185578700718326106e-01 2.231604154543224694e-01 -1.555194669711655706e+02
1.480000000000000000e+03 4.228196228861296618e-02 2.147634696654814046e-01 2.188860713652923118e-01 -1.566204091322182705e+02
1.490000000000000000e+03 3.954788906647453001e-02 2.112195245952279699e-01 2.148900255941356974e-01 -1.577211112248568270e+02
1.500000000000000000e+03 3.686846453654624850e-02 2.079041781134499667e-01 2.111478888227672768e-01 -1.588215277068188414e+02
1.510000000000000000e+03 3.422852496075355633e-02 2.047954465544642166e-01 2.076361405209395106e-01 -1.599216228649929974e+02
1.520000000000000000e+03 3.161623468002333626e-02 2.018716849182299322e-01 2.043324826528259419e-01 -1.610213718764529744e+02
1.530000000000000000e+03 2.902294229695131719e-02 1.991120820184256179e-01 2.012161832092151104e-01 -1.621207608534006397e+02
1.540000000000000000e+03 2.644286669874297557e-02 1.964973009181448793e-01 1.982685412952934212e-01 -1.632197858906650936e+02
1.550000000000000000e+03 2.387275680452511512e-02 1.940100510410760482e-01 1.954732933738236589e-01 -1.643184519881953918e+02
1.560000000000000000e+03 2.131148682907645434e-02 1.916354376167562767e-01 1.928168053397617820e-01 -1.654167717732921403e+02
1.570000000000000000e+03 1.875957091839421456e-02 1.893610021314519332e-01 1.902879676418611776e-01 -1.665147639268437842e+02
1.580000000000000000e+03 1.621875043004113170e-02 1.871768116929970194e-01 1.878781698363799213e-01 -1.676124518373394494e+02
1.590000000000000000e+03 1.369146905616116031e-02 1.850756050609533576e-01 1.855813458125406545e-01 -1.687098615627317884e+02
1.600000000000000000e+03 1.118026598654189158e-02 1.830528219607300278e-01 1.833939311300037400e-01 -1.698070193095778677e+02
1.610000000000000000e+03 8.687174093730293256e-03 1.811064931792657484e-01 1.813147232450421087e-01 -1.709039488432005101e+02
1.620000000000000000e+03 6.213144014562447040e-03 1.792369288030917218e-01 1.793445839865543956e-01 -1.720006689105978808e+02
1.630000000000000000e+03 3.757569605602892587e-03 1.774462864282670416e-01 1.774860667672917280e-01 -1.730971910159691163e+02
1.640000000000000000e+03 1.317912703194156626e-03 1.757379243767552557e-01 1.757428660234701956e-01 -1.741935175327671459e+02
1.650000000000000000e+03 -1.110478084190780028e-03 1.741158482733220492e-01 1.741193894473385961e-01 -1.752896406408569590e+02
1.660000000000000000e+03 -3.534403101148683810e-03 1.725842855698655753e-01 1.726204728036113412e-01 -1.763855419414030621e+02
1.670000000000000000e+03 -5.962797600932602006e-03 1.711470319585291500e-01 1.712508730005294910e-01 -1.774811922480309079e+02
1.680000000000000000e+03 -8.406600438878187448e-03 1.698066600131281911e-01 1.700146250054772601e-01 -1.785765518579590321e+02
1.690000000000000000e+03 -1.087851339027754057e-02 1.685638380297138639e-01 1.689145036546301215e-01 -1.796715712799331470e+02
1.700000000000000000e+03 -1.339259021895824499e-02 1.674169295953262526e-01 1.679517483919097665e-01 -1.807661929156341216e+02
1.710000000000000000e+03 -1.596375866015965761e-02 1.663616725832993415e-01 1.671258438879897334e-01 -1.818603531239816675e+02
1.720000000000000000e+03 -1.860732071042084379e-02 1.653910041778199336e-01 1.664344214607306194e-01 -1.829539844315497703e+02
1.730000000000000000e+03 -2.133829761891494273e-02 1.644949679722316482e-01 1.658731968506633181e-01 -1.840470186564491257e+02
1.740000000000000000e+03 -2.417072421604822205e-02 1.636606970818744733e-01 1.654359322470585203e-01 -1.851393902873678599e+02
1.750000000000000000e+03 -2.711691737264933927e-02 1.628725100562591344e-01 1.651144504270335711e-01 -1.862310399534408702e+02
1.760000000000000000e+03 -3.018693698193444797e-02 1.621121304434887667e-01 1.648987386285231671e-01 -1.873219166737023897e+02
1.770000000000000000e+03 -3.338825912606101232e-02 1.613589917462165124e-01 1.647771223951449149e-01 -1.884119787532779924e+02
1.780000000000000000e+03 -3.672549137618920378e-02 1.605905726382003684e-01 1.647364371870645161e-01 -1.895011943190926615e+02
1.790000000000000000e+03 -4.020014670694974784e-02 1.597828493706395514e-01 1.647622855761013416e-01 -1.905895415585765704e+02
1.800000000000000000e+03 -4.381031727600401271e-02 1.589110462388388101e-01 1.648395113937993484e-01 -1.916770100150740461e+02
1.810000000000000000e+03 -4.755052147473085022e-02 1.579502812729667582e-01 1.649525490761757085e-01 -1.927636009315252181e+02
1.820000000000000000e+03 -5.141191640694044857e-02 1.568759945397720512e-01 1.650856226673807770e-01 -1.938493253231479798e+02
1.830000000000000000e+03 -5.538257577000201687e-02 1.556643862777440657e-01 1.652229731428009607e-01 -1.949342019217028792e+02
1.840000000000000000e+03 -5.944771412556436319e-02 1.542928172370039430e-01 1.653490373896574217e-01 -1.960182556608756954e+02
1.850000000000000000e+03 -6.358998023015086098e-02 1.527400869098026748e-01 1.654485410479193397e-01 -1.971015158193405910e+02
1.860000000000000000e+03 -6.778979684063551892e-02 1.509867198005526434e-01 1.655066346459417026e-01 -1.981840142124632678e+02
1.870000000000000000e+03 -7.202565067586694236e-02 1.490152336717735226e-01 1.655090155294728360e-01 -1.992657839513525175e+02
1.880000000000000000e+03 -7.627434126462144526e-02 1.468104665016737309e-01 1.654420992667555435e-01 -2.003468589184540747e+02
1.890000000000000000e+03 -8.051133126913968818e-02 1.443598720319157480e-01 1.652932155770473199e-01 -2.014272730017599713e+02
1.900000000000000000e+03 -8.471113992185250186e-02 1.416537402664143630e-01 1.650507781209299696e-01 -2.025070592949870729e+02
1.910000000000000000e+03 -8.884772733161278024e-02 1.386853917729859165e-01 1.647044521050332888e-01 -2.035862496518853959e+02
1.920000000000000000e+03 -9.289484852924038971e-02 1.354512341640315143e-01 1.642452121671429954e-01 -2.046648743016808396e+02
1.930000000000000000e+03 -9.682639941146199691e-02 1.319508583984429217e-01 1.636654534563537766e-01 -2.057429618963053315e+02
1.940000000000000000e+03 -1.006167947041250316e-01 1.281871435238556012e-01 1.629591456204210753e-01 -2.068205397367871399e+02
1.950000000000000000e+03 -1.042413438140281645e-01 1.241662496068382804e-01 1.621219149331209197e-01 -2.078976339209647790e+02
1.960000000000000000e+03 -1.076767785127345362e-01 1.198976129492226872e-01 1.611512526225040154e-01 -2.089742690663547364e+02
1.970000000000000000e+03 -1.109018244222372829e-01 1.153938240605666826e-01 1.600467097178250864e-01 -2.100504677331341554e+02
1.980000000000000000e+03 -1.138976784034610307e-01 1.106703214010829051e-01 1.588099530404729343e-01 -2.111262497899113839e+02
1.990000000000000000e+03 -1.166482998908192625e-01 1.057450707967324544e-01 1.574447390839861238e-01 -2.122016326546560094e+02
2.000000000000000000e+03 -1.191406178405734761e-01 1.006381390163864908e-01 1.559567947994415227e-01 -2.132766314113663952e+02
2.010000000000000000e+03 -1.213647941945331377e-01 9.537125229983389740e-02 1.543537788171056024e-01 -2.143512585194122551e+02
2.020000000000000000e+03 -1.233144086403952788e-01 8.996726079616090832e-02 1.526451813634967791e-01 -2.154255232877982849e+02
2.030000000000000000e+03 -1.249865531382308437e-01 8.444950810580795220e-02 1.508421621586243655e-01 -2.164994309880167691e+02
2.040000000000000000e+03 -1.263817898463723000e-01 7.884115314347071857e-02 1.489573235318250866e-01 -2.175729818489054708e+02
2.050000000000000000e+03 -1.275039767249050993e-01 7.316447603128434229e-02 1.470044374622668515e-01 -2.186461699157953831e+02
2.060000000000000000e+03 -1.283600836582363958e-01 6.744018660695690059e-02 1.449982408387447130e-01 -2.197189813316762752e+02
2.070000000000000000e+03 -1.289598668215359845e-01 6.168678722785223001e-02 1.429542128414640623e-01 -2.207913927720471179e+02
2.080000000000000000e+03 -1.293153937183693369e-01 5.592000902748878871e-02 1.408883191118813216e-01 -2.218633700926128540e+02
2.090000000000000000e+03 -1.294404233985333441e-01 5.015224893998041639e-02 1.388166822947780599e-01 -2.229348665957001572e+02
2.100000000000000000e+03 -1.293496814882723889e-01 4.439219849966014736e-02 1.367552828549988553e-01 -2.240058219209670369e+02
2.110000000000000000e+03 -1.290580291239809274e-01 3.864471253824087321e-02 1.347196670443094046e-01 -2.250761619801946836e+02
2.120000000000000000e+03 -1.285795222369515711e-01 3.291078056976170368e-02 1.327245757815549709e-01 -2.261457990327945993e+02
2.130000000000000000e+03 -1.279263777336359931e-01 2.718766818453265122e-02 1.307835135686496453e-01 -2.272146322102173031e+02
2.140000000000000000e+03 -1.271080397137159812e-01 2.146918359545016419e-02 1.289084155674824206e-01 -2.282825477619632863e+02
2.150000000000000000e+03 -1.261304634466884345e-01 1.574631849395255120e-02 1.271095604405482749e-01 -2.293494209866948665e+02
2.160000000000000000e+03 -1.249954239850944032e-01 1.000819896401447008e-02 1.253954547171340361e-01 -2.304151201116845016e+02
2.170000000000000000e+03 -1.236998686380989532e-01 4.243060799532017736e-03 1.237726184017751974e-01 -2.314795098515405130e+02
2.180000000000000000e+03 -1.222355443634334654e-01 -1.560529452760964090e-03 1.222455052670561176e-01 -2.325424561560502070e+02
2.190000000000000000e+03 -1.205889228531824425e-01 -7.412281985178295445e-03 1.208165147615117563e-01 -2.336038319231288369e+02
2.200000000000000000e+03 -1.187413885898097737e-01 -1.331879509440579354e-02 1.194860145247257505e-01 -2.346635225112846399e+02
2.210000000000000000e+03 -1.166697943497695816e-01 -1.928225506444863208e-02 1.182524683631930862e-01 -2.357214306007672917e+02
2.220000000000000000e+03 -1.143473329079813944e-01 -2.529916628923855465e-02 1.171125969232143238e-01 -2.367774812644632902e+02
2.230000000000000000e+03 -1.117446831394966894e-01 -3.135918335348479580e-02 1.160615034821796260e-01 -2.378316269688582167e+02
2.240000000000000000e+03 -1.088314475999418163e-01 -3.744422278232729939e-02 1.150928051898616328e-01 -2.388838514196090159e+02
2.250000000000000000e+03 -1.055778256493156569e-01 -4.352791189935036054e-02 1.141987582382352484e-01 -2.399341721688949747e+02
2.260000000000000000e+03 -1.019564797725448085e-01 -4.957550887618108332e-02 1.133704319826895901e-01 -2.409826413931620550e+02
2.270000000000000000e+03 -9.794450524074384268e-02 -5.554432543199645106e-02 1.125979493354547223e-01 -2.420293451129722371e+02
2.280000000000000000e+03 -9.352526854222939501e-02 -6.138456403422153096e-02 1.118706420718481725e-01 -2.430744013659196696e+02
2.290000000000000000e+03 -8.869005108763017287e-02 -6.704057704121706152e-02 1.111771745096348935e-01 -2.441179572804786631e+02
2.300000000000000000e+03 -8.343938347552939949e-02 -7.245256750696250914e-02 1.105056797324346085e-01 -2.451601846566462086e+02
2.310000000000000000e+03 -7.778393097692998248e-02 -7.755856872923105882e-02 1.098438505404406573e-01 -2.462012746191263943e+02
2.320000000000000000e+03 -7.174503351462643841e-02 -8.229661852995351357e-02 1.091791337915792304e-01 -2.472414324475444403e+02
2.330000000000000000e+03 -6.535481586922768649e-02 -8.660693766379616576e-02 1.084989106341687215e-01 -2.482808733075837040e+02
2.340000000000000000e+03 -5.865587361996081606e-02 -9.043402056379883092e-02 1.077906470221531160e-01 -2.493198189839476981e+02
2.350000000000000000e+03 -5.170048356422219521e-02 -9.372876613538994039e-02 1.070421487173955633e-01 -2.503584940148436147e+02
2.360000000000000000e+03 -4.454934153181295403e-02 -9.645032795738553433e-02 1.062417507103744080e-01 -2.513971223957843790e+02
2.370000000000000000e+03 -3.726995297375106098e-02 -9.856759234736905961e-02 1.053784591642084323e-01 -2.524359251426539856e+02
2.380000000000000000e+03 -2.993473796544648610e-02 -1.000604639315339772e-01 1.044422566744598602e-01 -2.534751176452059553e+02
2.390000000000000000e+03 -2.261895626316616503e-02 -1.009207653700632396e-01 1.034244558376517659e-01 -2.545149080078225836e+02
2.400000000000000000e+03 -1.539855204397375110e-02 -1.011526513069525846e-01 1.023180056074047273e-01 -2.555554966834481547e+02
2.410000000000000000e+03 -8.347871973675761309e-03 -1.007724789576253249e-01 1.011176516823542454e-01 -2.565970758088347452e+02
2.420000000000000000e+03 -1.537497959463493980e-03 -9.980833422168980396e-02 9.982017571655486810e-02 -2.576398289988777606e+02
2.430000000000000000e+03 4.967705779343612425e-03 -9.829917745214149238e-02 9.842462287699012269e-02 -2.586839320736268064e+02
2.440000000000000000e+03 1.111040117530019342e-02 -9.629337994947560764e-02 9.693222393182868157e-02 -2.597295529341561178e+02
2.450000000000000000e+03 1.684222858691707125e-02 -9.384704804071997142e-02 9.534636379920928551e-02 -2.607768513616985615e+02
2.460000000000000000e+03 2.212486268854058427e-02 -9.102226425411161226e-02 9.367263281733945179e-02 -2.618259791225719368e+02
2.470000000000000000e+03 2.693077674161348592e-02 -8.788511521841828322e-02 9.191876964397036054e-02 -2.628770788593076873e+02
2.480000000000000000e+03 3.124354481745422393e-02 -8.450364283634337337e-02 9.009453227234467954e-02 -2.639302831672490584e+02
2.490000000000000000e+03 3.505755753796521018e-02 -8.094585648271002132e-02 8.821147330278091003e-02 -2.649857153119380087e+02
2.500000000000000000e+03 3.837735848927643911e-02 -7.727791702546436825e-02 8.628266398535104631e-02 -2.660434899165630895e+02
2.510000000000000000e+03 4.121676332640537843e-02 -7.356249045880422499e-02 8.432236703038274717e-02 -2.671037121442894318e+02
2.520000000000000000e+03 4.359781610581543732e-02 -6.985734374591202889e-02 8.234572268449050214e-02 -2.681664754171350751e+02
2.530000000000000000e+03 4.554960078831640086e-02 -6.621424968089384411e-02 8.036848258352738417e-02 -2.692318584089142064e+02
2.540000000000000000e+03 4.710697582483046320e-02 -6.267805480279345365e-02 7.840666888232875054e-02 -2.702999202529596232e+02
2.550000000000000000e+03 4.830911749965195734e-02 -5.928608343296493111e-02 7.647620886534359230e-02 -2.713706967512885626e+02
2.560000000000000000e+03 4.919794719361699625e-02 -5.606806516244686178e-02 7.459266679189258120e-02 -2.724441994729434668e+02
2.570000000000000000e+03 4.981674832980944462e-02 -5.304618330313563834e-02 7.277091436271389269e-02 -2.735204127573692858e+02
2.580000000000000000e+03 5.020886345074720980e-02 -5.023528257423068993e-02 7.102473924153882012e-02 -2.745992905720607382e+02
2.590000000000000000e+03 5.041657043405581295e-02 -4.764330254977638263e-02 6.936652544406156362e-02 -2.756807537121673022e+02
2.600000000000000000e+03 5.048018086558899581e-02 -4.527173696820550874e-02 6.780692315937188186e-02 -2.767646859114295239e+02
2.610000000000000000e+03 5.043712465800464367e-02 -4.311626703498117053e-02 6.635447254555569552e-02 -2.778509334373378579e+02
2.620000000000000000e+03 5.032114593367650185e-02 -4.116751332475165892e-02 6.501524345430056973e-02 -2.789393073113135983e+02
2.630000000000000000e+03 5.016170842877268332e-02 -3.941174233416720046e-02 6.379249506256980118e-02 -2.800295859446206919e+02
2.640000000000000000e+03 4.998354013354090741e-02 -3.783167303278365395e-02 6.268644007072617097e-02 -2.811215208415319466e+02
2.650000000000000000e+03 4.980640331501758750e-02 -3.640737343601335718e-02 6.169420273970258745e-02 -2.822148446997516658e+02
2.660000000000000000e+03 4.964504772745064604e-02 -3.511706801556205987e-02 6.080986128803834295e-02 -2.833092798609823717e+02
2.670000000000000000e+03 4.950914809946516809e-02 -3.393796665773483878e-02 6.002450604874893375e-02 -2.844045497555550241e+02
2.680000000000000000e+03 4.940346127855312769e-02 -3.284716946871610310e-02 5.932654151733483122e-02 -2.855003911843510878e+02
2.690000000000000000e+03 4.932804052902996228e-02 -3.182226733446947425e-02 5.870189333181737718e-02 -2.865965629635422829e+02
2.700000000000000000e+03 4.927859506802804296e-02 -3.084199074561169013e-02 5.813439881026614964e-02 -2.876928540225948723e+02
2.710000000000000000e+03 4.924730201462894363e-02 -2.988678372966105390e-02 5.760656731158009941e-02 -2.887890861413565062e+02
2.720000000000000000e+03 4.922353096797132954e-02 -2.893936634342690259e-02 5.710028831200331806e-02 -2.898851171864040452e+02
2.730000000000000000e+03 4.919456517103883153e-02 -2.798506138705667001e-02 5.659742841512251099e-02 -2.909808407516660509e+02
2.740000000000000000e+03 4.914631847398993197e-02 -2.701205778062803695e-02 5.608040553607678697e-02 -2.920761848382780954e+02
2.750000000000000000e+03 4.906408635656367423e-02 -2.601160772670382815e-02 5.553276786305771928e-02 -2.931711095551013955e+02
2.760000000000000000e+03 4.893329195447537056e-02 -2.497787517226332521e-02 5.493961512081325937e-02 -2.942655999974715542e+02
2.770000000000000000e+03 4.874029978200915963e-02 -2.390763083386954202e-02 5.428804320408603390e-02 -2.953596566495256752e+02
2.780000000000000000e+03 4.847307450478661323e-02 -2.279999004874980195e-02 5.356751345890234384e-02 -2.964532883859220647e+02
2.790000000000000000e+03 4.812174693593083974e-02 -2.165596108563674210e-02 5.277009739149987610e-02 -2.975465036163670902e+02
2.800000000000000000e+03 4.767888767612196016e-02 -2.047802992808842731e-02 5.189051974848526982e-02 -2.986393044642672407e+02
2.810000000000000000e+03 4.713942480641979127e-02 -1.926977831070043543e-02 5.092592392115872363e-02 -2.997316839967147075e+02
2.820000000000000000e+03 4.650078533313816570e-02 -1.803534879771673954e-02 4.987581420742823873e-02 -3.008236183040513083e+02
2.830000000000000000e+03 4.576299615164923507e-02 -1.677907276012689450e-02 4.874206704137089285e-02 -3.019150608407024379e+02
2.840000000000000000e+03 4.492850240097363140e-02 -1.550524554329034931e-02 4.752875937105889570e-02 -3.030059406378333051e+02
2.850000000000000000e+03 4.400196186075509136e-02 -1.421788974017230804e-02 4.624198348102125100e-02 -3.040961594529613308e+02
2.860000000000000000e+03 4.298982391372795087e-02 -1.292057373547443426e-02 4.488948858905798811e-02 -3.051855903102205048e+02
2.870000000000000000e+03 4.190005121594523457e-02 -1.161641931564908088e-02 4.348051850674988089e-02 -3.062740780003207988e+02
2.880000000000000000e+03 4.074194746169487041e-02 -1.030811520400369552e-02 4.202574832207651989e-02 -3.073614388638422383e+02
2.890000000000000000e+03 3.952563160797673003e-02 -8.997949312965323673e-03 4.053688007047634434e-02 -3.084474632395619551e+02
2.900000000000000000e+03 3.826155807879164789e-02 -7.687916920399585907e-03 3.902628464498910515e-02 -3.095319195701944750e+02
2.910000000000000000e+03 3.696008590009070005e-02 -6.379686636370599309e-03 3.750664409568481988e-02 -3.106145552967151957e+02
2.920000000000000000e+03 3.563111557999127516e-02 -5.074997706398144334e-03 3.599072101520951056e-02 -3.116951094083044609e+02
2.930000000000000000e+03 3.428373786557958880e-02 -3.775914253859921372e-03 3.449104536670755117e-02 -3.127733244516704190e+02
2.940000000000000000e+03 3.292624946308138345e-02 -2.484686178223487023e-03 3.301986627939795110e-02 -3.138489488006159149e+02
2.950000000000000000e+03 3.156604561771719081e-02 -1.203917449060720127e-03 3.158899576061188763e-02 -3.149217505434321538e+02
2.960000000000000000e+03 3.020922486214354039e-02 6.313058303517126281e-05 3.020929082653324785e-02 -3.159915396103677949e+02
2.970000000000000000e+03 2.886072963329050500e-02 1.312561158155586783e-03 2.889056129187855468e-02 -3.170581815625961895e+02
2.980000000000000000e+03 2.752459554126455640e-02 2.540064224955621702e-03 2.764154999230506587e-02 -3.181216065891441076e+02
2.990000000000000000e+03 2.620383838868560814e-02 3.740892933870674803e-03 2.646951881396858788e-02 -3.191818262994176507e+02
3.000000000000000000e+03 2.490050075825013878e-02 4.909863035389006383e-03 2.537994667129730292e-02 -3.202389475132681014e+02
3.010000000000000000e+03 2.361578381625494688e-02 6.041286890559085555e-03 2.437626699374065287e-02 -3.212931847115362984e+02
3.020000000000000000e+03 2.235056333772292639e-02 7.129100456706972781e-03 2.346000329998663286e-02 -3.223448634304326106e+02
3.030000000000000000e+03 2.110568674641123341e-02 8.167112766474240657e-03 2.263076984943166586e-02 -3.233944123667243957e+02
3.040000000000000000e+03 1.988187688840750353e-02 9.149269969446201939e-03 2.188602681117800611e-02 -3.244423409346792937e+02
3.050000000000000000e+03 1.868006236347670088e-02 1.006971979513427914e-02 2.122130972998362980e-02 -3.254892223054336000e+02
3.060000000000000000e+03 1.750177702280842837e-02 1.092307980395652509e-02 2.063070215382181369e-02 -3.265356684452197555e+02
3.070000000000000000e+03 1.634936354077010448e-02 1.170457847246575769e-02 2.010718392531315318e-02 -3.275823090017782420e+02
3.080000000000000000e+03 1.522638697677666623e-02 1.241010189712287402e-02 1.964315375553342402e-02 -3.286297852500690055e+02
3.090000000000000000e+03 1.413739416893699218e-02 1.303650100415677110e-02 1.923060769500730544e-02 -3.296787219746184405e+02
3.100000000000000000e+03 1.308787429389489214e-02 1.358203488328537691e-02 1.886171055613927033e-02 -3.307297045730976492e+02
3.110000000000000000e+03 1.208440679541924502e-02 1.404661261724353405e-02 1.852944180530217977e-02 -3.317832808292425852e+02
3.120000000000000000e+03 1.113423751369694778e-02 1.443218545717077882e-02 1.822797910031685731e-02 -3.328399443651475735e+02
3.130000000000000000e+03 1.024489342416188588e-02 1.474292585157091669e-02 1.795304163470227976e-02 -3.339001295638617535e+02
3.140000000000000000e+03 9.423830170204259768e-03 1.498537778048465198e-02 1.770226319713654947e-02 -3.349642092917503646e+02
3.150000000000000000e+03 8.677872068744573938e-03 1.516837980663410246e-02 1.747527423532467539e-02 -3.360324872657453170e+02
3.160000000000000000e+03 8.012625425048264596e-03 1.530268020881030318e-02 1.727351115943844342e-02 -3.371051892131350769e+02
3.170000000000000000e+03 7.432008738739505696e-03 1.540106440336530026e-02 1.710051281831355408e-02 -3.381824353239426273e+02
3.180000000000000000e+03 6.937604113691297689e-03 1.547793039861496307e-02 1.696162375076972276e-02 -3.392642103847696262e+02
3.190000000000000000e+03 6.528263108619082773e-03 1.554839430071515254e-02 1.686329696547707313e-02 -3.403503482855888933e+02
3.200000000000000000e+03 6.199764330468653280e-03 1.562750194346881547e-02 1.681237326335794507e-02 -3.414405098586331064e+02
3.210000000000000000e+03 5.944650633588287846e-03 1.572981498519338342e-02 1.681564600673539009e-02 -3.425341634352687379e+02
3.220000000000000000e+03 5.752279868574388527e-03 1.586870191162572177e-02 1.687911206332963487e-02 -3.436305931081343488e+02
3.230000000000000000e+03 5.609272626501454230e-03 1.605548575499918945e-02 1.700713268682879295e-02 -3.447289447205620831e+02
3.240000000000000000e+03 5.500172018311252041e-03 1.629912236841196682e-02 1.720213016493833680e-02 -3.458282858536310869e+02
3.250000000000000000e+03 5.407798611761336152e-03 1.660542498910402148e-02 1.746380327689613446e-02 -3.469276659225488402e+02
3.260000000000000000e+03 5.313843170518521564e-03 1.697624019578750781e-02 1.778846987309301575e-02 -3.480261883996771530e+02
3.270000000000000000e+03 5.199796325702625913e-03 1.740930475272302325e-02 1.816925352902465721e-02 -3.491230776231856794e+02
3.280000000000000000e+03 5.048034747329259962e-03 1.789853100001668681e-02 1.859677570894486751e-02 -3.502177289854425339e+02
3.290000000000000000e+03 4.842716574266527942e-03 1.843406516767610859e-02 1.905955567228169445e-02 -3.513097329353033729e+02
3.300000000000000000e+03 4.570426120144781106e-03 1.900280828664204294e-02 1.954470561810980889e-02 -3.523988632271797314e+02
3.310000000000000000e+03 4.221162467221954359e-03 1.958903837507410678e-02 2.003867852516251491e-02 -3.534850736481531612e+02
3.320000000000000000e+03 3.789016886085167131e-03 2.017495304835661279e-02 2.052767350350331865e-02 -3.545684784985331817e+02
3.330000000000000000e+03 3.272171365791651677e-03 2.074137860479769238e-02 2.099790208270022052e-02 -3.556493040135462707e+02
3.340000000000000000e+03 2.673122393673714719e-03 2.126910105260281653e-02 2.143642327715587423e-02 -3.567278585435146283e+02
3.350000000000000000e+03 1.998434526870040973e-03 2.173993634162612112e-02 2.183159574323742524e-02 -3.578045000193384908e+02
3.360000000000000000e+03 1.258370117154558165e-03 2.213728934636258194e-02 2.217302584124065251e-02 -3.588796158635479969e+02
3.370000000000000000e+03 4.662082223829427550e-04 2.244734645859569611e-02 2.245218726847890423e-02 -3.599535990414803450e+02
3.380000000000000000e+03 -3.620590521453963154e-04 2.265954907892938144e-02 2.266244142226626554e-02 -3.610268562075860359e+02
3.390000000000000000e+03 -1.208548259734017758e-03 2.276701991173306697e-02 2.279907420395302017e-02 -3.620997995473706510e+02
3.400000000000000000e+03 -2.054689187577677517e-03 2.276700231521344014e-02 2.285953066181549420e-02 -3.631728283267199231e+02
3.410000000000000000e+03 -2.882012323946424141e-03 2.266046074814552849e-02 2.284299622102195504e-02 -3.642463297965249467e+02
3.420000000000000000e+03 -3.672807435818650854e-03 2.245199822777269386e-02 2.275042282860942691e-02 -3.653206843668126567e+02
3.430000000000000000e+03 -4.410886441203846174e-03 2.214961320012490825e-02 2.258453639356680295e-02 -3.663962640172164242e+02
3.440000000000000000e+03 -5.082449742265749901e-03 2.176412849820539772e-02 2.234968869288907201e-02 -3.674734201631903829e+02
3.450000000000000000e+03 -5.676584358679298212e-03 2.130854053931030556e-02 2.205170083908797318e-02 -3.685524801213279034e+02
3.460000000000000000e+03 -6.185477315105223153e-03 2.079759939070429872e-02 2.169793239071191038e-02 -3.696337513062959488e+02
3.470000000000000000e+03 -6.604502646057386350e-03 2.024715457991078937e-02 2.129710599552393432e-02 -3.707175215040196576e+02
3.480000000000000000e+03 -6.932306963871698660e-03 1.967321239486058415e-02 2.085886300292132817e-02 -3.718040458607021606e+02
3.490000000000000000e+03 -7.170612457261701413e-03 1.909111800254377489e-02 2.039334375719900616e-02 -3.728935369912412057e+02
3.500000000000000000e+03 -7.323880009339211322e-03 1.851503933215946709e-02 1.991094924564398155e-02 -3.739861568000416696e+02
3.510000000000000000e+03 -7.398923469009635774e-03 1.795776628930692218e-02 1.942229231068335130e-02 -3.750820094358385859e+02
3.520000000000000000e+03 -7.404553149707047456e-03 1.743025543679443262e-02 1.893782489988590084e-02 -3.761811230461091782e+02
3.530000000000000000e+03 -7.351020573093611406e-03 1.694137013603227299e-02 1.846747209425512321e-02 -3.772834402956758026e+02
3.540000000000000000e+03 -7.249484003432820484e-03 1.649807461661799077e-02 1.802058501746053865e-02 -3.783888172906181921e+02
3.550000000000000000e+03 -7.111432085402327567e-03 1.610517418631433190e-02 1.760537139275440699e-02 -3.794970183355618474e+02
3.560000000000000000e+03 -6.948358367437774616e-03 1.576525821121762053e-02 1.722855334811101286e-02 -3.806077075241038870e+02
3.570000000000000000e+03 -6.771370442258279124e-03 1.547929183625553450e-02 1.689555957694968691e-02 -3.817204670672260818e+02
3.580000000000000000e+03 -6.590880547435691746e-03 1.524688823333137516e-02 1.661045776582526640e-02 -3.828348148286323180e+02
3.590000000000000000e+03 -6.416183625297628562e-03 1.506662306865776992e-02 1.637591350143704008e-02 -3.839502391799966858e+02
3.600000000000000000e+03 -6.255201144511982406e-03 1.493636618389386841e-02 1.619328799650250963e-02 -3.850662340532441590e+02
3.610000000000000000e+03 -6.114400836267665229e-03 1.485321825847374898e-02 1.606250261386464942e-02 -3.861823198623375220e+02
3.620000000000000000e+03 -5.998902114189252205e-03 1.481367111343565371e-02 1.598223008320998409e-02 -3.872980605901882427e+02
3.630000000000000000e+03 -5.912599997747675432e-03 1.481421692236611042e-02 1.595054424639749668e-02 -3.884130884590751407e+02
3.640000000000000000e+03 -5.858165874481832680e-03 1.485163913833338623e-02 1.596525266033142071e-02 -3.895271239833586492e+02
3.650000000000000000e+03 -5.836783024554267375e-03 1.492276475302799048e-02 1.602363703876056450e-02 -3.906399940989468860e+02
3.660000000000000000e+03 -5.848276027075985893e-03 1.502446779868307943e-02 1.612256074953778706e-02 -3.917516280234526675e+02
3.670000000000000000e+03 -5.891609535929520289e-03 1.515388963901731847e-02 1.625888784989219793e-02 -3.928620317535086883e+02
3.680000000000000000e+03 -5.965216857667113293e-03 1.530830774202541003e-02 1.642948867383130229e-02 -3.939712618296237565e+02
3.690000000000000000e+03 -6.066674506066703498e-03 1.548467076982372632e-02 1.663068153782017861e-02 -3.950794278623153559e+02
3.700000000000000000e+03 -6.192627008087435263e-03 1.567969292356833841e-02 1.685827391635018324e-02 -3.961866914323334186e+02
3.710000000000000000e+03 -6.339390036512948350e-03 1.588998842447616328e-02 1.710788117111602252e-02 -3.972932278843328504e+02
3.720000000000000000e+03 -6.502968012667913189e-03 1.611161662110874304e-02 1.737448655699988173e-02 -3.983992100362575002e+02
3.730000000000000000e+03 -6.679237551501216417e-03 1.633996040046679227e-02 1.765238001398697701e-02 -3.995047917944718847e+02
3.740000000000000000e+03 -6.864426817434912155e-03 1.656969794804157708e-02 1.793530723520656012e-02 -4.006100807550290597e+02
3.750000000000000000e+03 -7.055154896019130532e-03 1.679514545209034523e-02 1.821680875904706232e-02 -4.017151446468673157e+02
3.760000000000000000e+03 -7.248475612272454842e-03 1.701056473081829015e-02 1.849053031048778981e-02 -4.028200174391124619e+02
3.770000000000000000e+03 -7.441860290802804374e-03 1.721017121319707438e-02 1.875023407254919686e-02 -4.039247023565239942e+02
3.780000000000000000e+03 -7.633077861376913638e-03 1.738817871184937872e-02 1.898980348905839055e-02 -4.050291803316371215e+02
3.790000000000000000e+03 -7.820374958075667141e-03 1.753890278645128808e-02 1.920342093059165811e-02 -4.061334044707674593e+02
3.800000000000000000e+03 -8.002787730593364374e-03 1.765693395758425113e-02 1.938586929295221112e-02 -4.072372899425195669e+02
3.810000000000000000e+03 -8.179922064461572426e-03 1.773763249664288971e-02 1.953291405721704205e-02 -4.083407356795480041e+02
3.820000000000000000e+03 -8.351768958751594474e-03 1.777731110209499615e-02 1.964140612993470897e-02 -4.094436365413701537e+02
3.830000000000000000e+03 -8.518615495781407462e-03 1.777315789185146544e-02 1.970918444313840903e-02 -4.105458848629212412e+02
3.840000000000000000e+03 -8.680941175321874384e-03 1.772334728356548747e-02 1.973514070442029811e-02 -4.116473766171853867e+02
3.850000000000000000e+03 -8.839332483229395826e-03 1.762715953672198271e-02 1.971929390424827233e-02 -4.127480173586462229e+02
3.860000000000000000e+03 -8.994422826047164879e-03 1.748492695879215464e-02 1.966271376814540672e-02 -4.138477239482692767e+02
3.870000000000000000e+03 -9.146423784387932091e-03 1.729815049831981422e-02 1.956739836325052315e-02 -4.149464496537149785e+02
3.880000000000000000e+03 -9.295220610578858178e-03 1.706925467381695954e-02 1.943606393586294265e-02 -4.160441765976787565e+02
3.890000000000000000e+03 -9.440349845904224060e-03 1.680100175914765390e-02 1.927158180648247746e-02 -4.171409055202563536e+02
3.900000000000000000e+03 -9.580373550823282486e-03 1.649635012656035932e-02 1.907650714547561716e-02 -4.182366828800000462e+02
3.910000000000000000e+03 -9.713338190818404660e-03 1.615863495554287904e-02 1.885339286271051074e-02 -4.193315877291114475e+02
3.920000000000000000e+03 -9.837447526036135689e-03 1.579157730588279934e-02 1.860508768147001168e-02 -4.204257054068253865e+02
3.930000000000000000e+03 -9.950835266245126529e-03 1.539897450464021607e-02 1.833432677494614693e-02 -4.215191330097734976e+02
3.940000000000000000e+03 -1.005115156502550157e-02 1.498447683362636937e-02 1.804328666736190745e-02 -4.226119944172911005e+02
3.950000000000000000e+03 -1.013557992181717861e-02 1.455184034488110102e-02 1.773375419290717722e-02 -4.237044496278871861e+02
3.960000000000000000e+03 -1.020081296758790917e-02 1.410459126682093306e-02 1.740678258621595337e-02 -4.247966883772380697e+02
3.970000000000000000e+03 -1.024332093844214017e-02 1.364583985661385265e-02 1.706266594762607253e-02 -4.258889127402400163e+02
3.980000000000000000e+03 -1.025971857084324868e-02 1.317888443356254706e-02 1.670164123869576772e-02 -4.269813420771658912e+02
3.990000000000000000e+03 -1.024685160459298805e-02 1.270720928076831888e-02 1.632394362621343922e-02 -4.280742133807423784e+02
4.000000000000000000e+03 -1.020217151858309260e-02 1.223404275009113036e-02 1.592972396828160400e-02 -4.291677506495456100e+02
4.010000000000000000e+03 -1.012338928635957494e-02 1.176259794511985181e-02 1.551907603762922409e-02 -4.302621929488508385e+02
4.020000000000000000e+03 -1.000850584864704761e-02 1.129622642539418464e-02 1.509221391235149486e-02 -4.313578043863509492e+02
4.030000000000000000e+03 -9.856592720805518529e-03 1.083842254210697076e-02 1.465004516256140574e-02 -4.324548421653174728e+02
4.040000000000000000e+03 -9.667767543844560385e-03 1.039288618604169122e-02 1.419428802574579547e-02 -4.335535654770649217e+02
4.050000000000000000e+03 -9.442761075474105301e-03 9.963818704188994596e-03 1.372746953733408777e-02 -4.346542779805797636e+02
4.060000000000000000e+03 -9.182970386801244181e-03 9.555654063983535715e-03 1.325282874390949252e-02 -4.357573208028176168e+02
4.070000000000000000e+03 -8.890953248487102473e-03 9.172371589078196288e-03 1.277424949791228399e-02 -4.368630131778308510e+02
4.080000000000000000e+03 -8.570662561990374101e-03 8.817575148113755007e-03 1.229658034756560790e-02 -4.379716339187469885e+02
4.090000000000000000e+03 -8.227137879690871181e-03 8.494784385556321260e-03 1.182569911035013036e-02 -4.390834392548525216e+02
4.100000000000000000e+03 -7.866254259457335432e-03 8.207392889205874717e-03 1.136834438747427387e-02 -4.401986551835435080e+02
4.110000000000000000e+03 -7.494671641978755371e-03 7.958476186898537363e-03 1.093194613225438594e-02 -4.413174394846598716e+02
4.120000000000000000e+03 -7.119950368242893533e-03 7.750345254008144877e-03 1.052433108575403370e-02 -4.424398024225512813e+02
4.130000000000000000e+03 -6.750604766950833897e-03 7.584182675823591610e-03 1.015334878647641131e-02 -4.435655201814452084e+02
4.140000000000000000e+03 -6.395645445558911964e-03 7.460042267505688669e-03 9.826317280561923731e-03 -4.446941045228088569e+02
4.150000000000000000e+03 -6.064083166110242375e-03 7.376957108253396657e-03 9.549481704391706710e-03 -4.458248025402615440e+02
4.160000000000000000e+03 -5.764769102531152288e-03 7.332596918338049954e-03 9.327354414426338239e-03 -4.469565735723204511e+02
4.170000000000000000e+03 -5.506108238528698538e-03 7.323221743176747990e-03 9.162248885188083863e-03 -4.480881364414320842e+02
4.180000000000000000e+03 -5.296009288473648574e-03 7.343780865150148843e-03 9.054216243217555818e-03 -4.492180493054790418e+02
4.190000000000000000e+03 -5.141454177182346215e-03 7.387889680173634344e-03 9.000859124688146903e-03 -4.503448438539666085e+02
4.200000000000000000e+03 -5.047891458370684821e-03 7.447960219928192842e-03 8.997406271427589933e-03 -4.640335638413084212e+02
