0.000000000000000000e+00 1.763627154576835210e+01 7.757884306946451931e-17 1.763627154576835210e+01 4.398823349262775095e-18
1.000000000000000000e+01 1.745245810086974458e+01 2.030606695598710765e+00 1.757019229589774056e+01 -9.941700528698941275e-01
2.000000000000000000e+01 1.697625044389259585e+01 3.992113819400830987e+00 1.743932486883636912e+01 -1.989037603887052308e+00
3.000000000000000000e+01 1.622809995587924092e+01 5.835388413019714449e+00 1.724537578914453562e+01 -2.984811467789802997e+00
4.000000000000000000e+01 1.523825200245234690e+01 7.517152138571873365e+00 1.699152436848085301e+01 -3.981720280987676386e+00
5.000000000000000000e+01 1.404447241595644336e+01 9.002437618610750647e+00 1.668205888131136660e+01 -4.979981202156290365e+00
6.000000000000000000e+01 1.268944544039492150e+01 1.026570901286544313e+01 1.632197313812230988e+01 -5.979797788205448050e+00
7.000000000000000000e+01 1.121838343766505730e+01 1.129129617979300448e+01 1.591683060079128076e+01 -6.981362675123461869e+00
8.000000000000000000e+01 9.676649226479046462e+00 1.207326567045085142e+01 1.547259784915269343e+01 -7.984854888598125200e+00
9.000000000000000000e+01 8.107602006465752353e+00 1.261466605354443260e+01 1.499543296933082104e+01 -8.990438712810034261e+00
1.000000000000000000e+02 6.550848539165178508e+00 1.292632628792824789e+01 1.449149846927733876e+01 -9.998263323255478952e+00
1.100000000000000000e+02 5.040946957186468680e+00 1.302539548370112499e+01 1.396682045893012791e+01 -1.100846110481581341e+01
1.200000000000000000e+02 3.606595343602995829e+00 1.293373298711717112e+01 1.342717315575179704e+01 -1.202114737809818479e+01
1.300000000000000000e+02 2.270272976342427640e+00 1.267628452016638185e+01 1.287797843697994971e+01 -1.303642092993419688e+01
1.400000000000000000e+02 1.048265588564818662e+00 1.227956848628221920e+01 1.232423072461176083e+01 -1.405436385344967043e+01
1.500000000000000000e+02 -4.899604572232063582e-02 1.177035189533037141e+01 1.177045387197977533e+01 -1.507504103107143933e+01
1.600000000000000000e+02 -1.016360097855815603e+00 1.117455539463031400e+01 1.122068073318971670e+01 -1.609850016944980666e+01
1.700000000000000000e+02 -1.853223224537464908e+00 1.051640415791062111e+01 1.067844523947586843e+01 -1.712477243116467562e+01
1.800000000000000000e+02 -2.562726752878023539e+00 9.817827547095575369e+00 1.014678797228095419e+01 -1.815387305683758612e+01
1.900000000000000000e+02 -3.150945502688134781e+00 9.098086995134783805e+00 9.628273185361498676e+00 -1.918580158149589465e+01
2.000000000000000000e+02 -3.626111116926342692e+00 8.373597352883027867e+00 9.125010381391708947e+00 -2.022054197372202111e+01
2.100000000000000000e+02 -3.997903134809977832e+00 7.657908949498322571e+00 8.638680394257560735e+00 -2.125806265363292979e+01
2.200000000000000000e+02 -4.276833033655238481e+00 6.961820990661156117e+00 8.170572336365118815e+00 -2.229831632814796194e+01
2.300000000000000000e+02 -4.473726679704973286e+00 6.293588034163737355e+00 7.721624229944957563e+00 -2.334124031453614734e+01
2.400000000000000000e+02 -4.599303361439293525e+00 5.659180577280967128e+00 7.292456116893740514e+00 -2.438675736869990018e+01
2.500000000000000000e+02 -4.663851658367927477e+00 5.062576711482149605e+00 6.883399977547627557e+00 -2.543477655380417346e+01
2.600000000000000000e+02 -4.676999503497034638e+00 4.506068835107094550e+00 6.494534679438928926e+00 -2.648519398199730546e+01
2.700000000000000000e+02 -4.647564364022590766e+00 3.990566220337074643e+00 6.125722265711043057e+00 -2.753789375464929634e+01
2.800000000000000000e+02 -4.583469026978185035e+00 3.515879206307976901e+00 5.776642183363719596e+00 -2.859274921242278822e+01
2.900000000000000000e+02 -4.491711398041386083e+00 3.080977264493387935e+00 5.446824045957429306e+00 -2.964962442871859594e+01
3.000000000000000000e+02 -4.378377683488155370e+00 2.684215575182341329e+00 5.135679545427126236e+00 -3.070837570536721373e+01
3.100000000000000000e+02 -4.248685945813407194e+00 2.323529172053781178e+00 4.842532403560898757e+00 -3.176885342201650531e+01
3.200000000000000000e+02 -4.107047123904124852e+00 1.996593596906662826e+00 4.566642318944831302e+00 -3.283090436371415421e+01
3.300000000000000000e+02 -3.957138084220902741e+00 1.700949797166352973e+00 4.307223238940807164e+00 -3.389437325736714257e+01
3.400000000000000000e+02 -3.801985193012153097e+00 1.434099642553354759e+00 4.063463201833544147e+00 -3.495910327537512075e+01
3.500000000000000000e+02 -3.644050085841135544e+00 1.193579157373003019e+00 3.834544592651653705e+00 -3.602493660349654903e+01
3.600000000000000000e+02 -3.485306787747398438e+00 9.770117067457775306e-01 3.619656790337501651e+00 -3.709171555603031578e+01
3.700000000000000000e+02 -3.327310831198285523e+00 7.821441675767758506e-01 3.418003344978438385e+00 -3.815928370865203334e+01
3.800000000000000000e+02 -3.171262719357357263e+00 6.068709754789007871e-01 3.228807770070019512e+00 -3.922748709800926292e+01
3.900000000000000000e+02 -3.018065931218540499e+00 4.492477712627342412e-01 3.051318653495004973e+00 -4.029617521669157298e+01
4.000000000000000000e+02 -2.868379038257744540e+00 3.074953016611575163e-01 2.884813974532865810e+00 -4.136520126008214504e+01
4.100000000000000000e+02 -2.722661110849338595e+00 1.799967591669023037e-01 2.728604470758256184e+00 -4.243442188344400989e+01
4.200000000000000000e+02 -2.581207390856077755e+00 6.529149196827425949e-02 2.582033031069409734e+00 -4.350369689590625910e+01
4.300000000000000000e+02 -2.444178577270212482e+00 -3.793366011174936769e-02 2.444472924815514148e+00 -4.457288858881836546e+01
4.400000000000000000e+02 -2.311627936239103231e+00 -1.308538785904644064e-01 2.315328584271187928e+00 -4.564186088481256576e+01
4.500000000000000000e+02 -2.183523361181153088e+00 -2.145133137304912618e-01 2.194035147984525036e+00 -4.671047976537963109e+01
4.600000000000000000e+02 -2.059765441382233497e+00 -2.898302130190057446e-01 2.080056543916820821e+00 -4.777861482731464093e+01
4.700000000000000000e+02 -1.940202138810400490e+00 -3.576055225568454121e-01 1.972882674972743278e+00 -4.884613940595175308e+01
4.800000000000000000e+02 -1.824642223437338506e+00 -4.185345410398487176e-01 1.872028420081754740e+00 -4.991292887312853566e+01
4.900000000000000000e+02 -1.712870327734925757e+00 -4.732164584214962888e-01 1.777036458870705271e+00 -5.097885984871754772e+01
5.000000000000000000e+02 -1.604657749837152148e+00 -5.221604380584108362e-01 1.687476819747691703e+00 -5.204381099514480269e+01
5.100000000000000000e+02 -1.499768257105748903e+00 -5.657912526746604609e-01 1.602942471402257540e+00 -5.310766338740231163e+01
5.200000000000000000e+02 -1.397964394362072316e+00 -6.044558408916337333e-01 1.523046720062168013e+00 -5.417030000755513441e+01
5.300000000000000000e+02 -1.299015471702221980e+00 -6.384304728987361122e-01 1.447423457198151908e+00 -5.523160492325456516e+01
5.400000000000000000e+02 -1.202705536315590962e+00 -6.679280836898374707e-01 1.375728364200488496e+00 -5.629146239538204100e+01
5.500000000000000000e+02 -1.108840397968172908e+00 -6.931050703770179622e-01 1.307639731251902138e+00 -5.734975626709862695e+01
5.600000000000000000e+02 -1.017252838494078437e+00 -7.140670566011991793e-01 1.242857634142929379e+00 -5.840636962353114825e+01
5.700000000000000000e+02 -9.278068601243952829e-01 -7.308747555973083010e-01 1.181102653482462683e+00 -5.946118406910726861e+01
5.800000000000000000e+02 -8.404014327268801710e-01 -7.435515139655899386e-01 1.122115601018858433e+00 -6.051407759621028504e+01
5.900000000000000000e+02 -7.549741933936163774e-01 -7.520902979976419322e-01 1.065657472658322558e+00 -6.156492276527308150e+01
6.000000000000000000e+02 -6.715054922660980141e-01 -7.564600040244012780e-01 1.011509448216936669e+00 -6.261358583338530082e+01
6.100000000000000000e+02 -5.900215957886471019e-01 -7.566114022533453332e-01 9.594718846932177581e-01 -6.365992612440535936e+01
6.200000000000000000e+02 -5.105972032091710133e-01 -7.524844719886798483e-01 9.093637250897518287e-01 -6.470379445523833795e+01
6.300000000000000000e+02 -4.333577838310130326e-01 -7.440178625542823720e-01 8.610235470687024328e-01 -6.574503074350792531e+01
6.400000000000000000e+02 -3.584812655054289698e-01 -7.311586572274726414e-01 8.143106285423608037e-01 -6.678346213825564348e+01
6.500000000000000000e+02 -2.861983663644591669e-01 -7.138723674441529443e-01 7.691054946559704453e-01 -6.781890138647838739e+01
6.600000000000000000e+02 -2.167906963341600657e-01 -6.921529991285517713e-01 7.253095754363780845e-01 -6.885114450488444504e+01
6.700000000000000000e+02 -1.505859760621917065e-01 -6.660344401289506333e-01 6.828455254480969572e-01 -6.987996591035140170e+01
6.800000000000000000e+02 -8.795098114681085266e-02 -6.356027874621891227e-01 6.416590048572461402e-01 -7.090511198838257201e+01
6.900000000000000000e+02 -2.928178458905727338e-02 -6.010069190433032782e-01 6.017198182265925954e-01 -7.192629373412496818e+01
7.000000000000000000e+02 2.500846415836706707e-02 -5.624664569208603915e-01 5.630221473802486942e-01 -7.294317814050843651e+01
7.100000000000000000e+02 7.450315923809816554e-02 -5.202780110898115318e-01 5.255853209137669735e-01 -7.395537920905159979e+01
7.200000000000000000e+02 1.187972930352860085e-01 -4.748197121972529966e-01 4.894553666307008832e-01 -7.496244928116631456e+01
7.300000000000000000e+02 1.575142695116015512e-01 -4.265520712362358413e-01 4.547058550048549974e-01 -7.596387049017565118e+01
7.400000000000000000e+02 1.903234853725577491e-01 -3.760135808053259865e-01 4.214371151600219689e-01 -7.695904660749324933e+01
7.500000000000000000e+02 2.169579942888794355e-01 -3.238126247905590560e-01 3.897760732261599803e-01 -7.794729673672189563e+01
7.600000000000000000e+02 2.372307674308282710e-01 -2.706178105191335836e-01 3.598783633201493304e-01 -7.892786050984837232e+01
7.700000000000000000e+02 2.510478128717509305e-01 -2.171451277337243524e-01 3.319292256584001621e-01 -7.989992724045936257e+01
7.800000000000000000e+02 2.584196453886484779e-01 -1.641398195986299713e-01 3.061414599505686285e-01 -8.086269224541975120e+01
7.900000000000000000e+02 2.594696179890086385e-01 -1.123552053188913574e-01 2.827510827947654626e-01 -8.181545762701126989e+01
8.000000000000000000e+02 2.544355349564264013e-01 -6.253127774233221969e-02 2.620068742316727373e-01 -8.275780325395857062e+01
8.100000000000000000e+02 2.436659323532306687e-01 -1.537474690868425274e-02 2.441505056969476561e-01 -8.368982880180747941e+01
8.200000000000000000e+02 2.276131936913121101e-01 2.846014729405954916e-02 2.293855835190135306e-01 -8.461242293720403040e+01
8.300000000000000000e+02 2.068239651933422851e-01 6.839055175042510482e-02 2.178380594547803806e-01 -8.552746274032132590e+01
8.400000000000000000e+02 1.819259761759360605e-01 1.039229763219793184e-01 2.095162185015420897e-01 -8.643781247759544328e+01
8.500000000000000000e+02 1.536102127078798063e-01 1.346668234563047351e-01 2.042822821195505179e-01 -8.734703463513794475e+01
8.600000000000000000e+02 1.226106385311576952e-01 1.603443468145623607e-01 2.018506334803209790e-01 -8.825884285403347462e+01
8.700000000000000000e+02 8.968340094427930398e-02 1.807964116803411625e-01 2.018178755249885048e-01 -8.917649805938529539e+01
8.800000000000000000e+02 5.558559458741163528e-02 1.959819505802864181e-01 2.037122560841392038e-01 -9.010238636699703818e+01
8.900000000000000000e+02 2.105471234530595717e-02 2.059725008668482904e-01 2.070458210766094875e-01 -9.103788552860865479e+01
9.000000000000000000e+02 -1.321001717449721453e-02 2.109453110640789608e-01 2.113585314428342299e-01 -9.198347708770027964e+01
9.100000000000000000e+02 -4.656460823958936956e-02 2.111742960543178116e-01 2.162471873910574161e-01 -9.293898814137358499e+01
9.200000000000000000e+02 -7.843555318053717362e-02 2.070159039280752566e-01 2.213768743159387764e-01 -9.390384462211693517e+01
9.300000000000000000e+02 -1.083303851126738854e-01 1.988920324298616982e-01 2.264807119883311404e-01 -9.487727702927672624e+01
9.400000000000000000e+02 -1.358440918353512050e-01 1.872726654290794157e-01 2.313539895992356710e-01 -9.585846028051858525e+01
9.500000000000000000e+02 -1.606622584998989300e-01 1.726590534400032073e-01 2.358463695736829346e-01 -9.684659635630359276e+01
9.600000000000000000e+02 -1.825596278367825342e-01 1.555675265466107682e-01 2.398526068895958374e-01 -9.784096087033904610e+01
9.700000000000000000e+02 -2.013945096163716753e-01 1.365132644763088210e-01 2.433014999575577320e-01 -9.884092022363810770e+01
9.800000000000000000e+02 -2.171032015403219217e-01 1.159970110822494821e-01 2.461485460023543348e-01 -9.984592725299654603e+01
9.900000000000000000e+02 -2.296941672349590846e-01 9.449502194323614046e-02 2.483721394074102640e-01 -1.008555128951366555e+02
1.000000000000000000e+03 -2.392391651938260144e-01 7.244999602181199927e-02 2.499687582203010960e-01 -1.018692777305734012e+02
1.010000000000000000e+03 -2.458627837342964306e-01 5.026429741331474993e-02 2.509482178060477575e-01 -1.028868835909127171e+02
1.020000000000000000e+03 -2.497317096010813198e-01 2.829535845070470582e-02 2.513295726533841257e-01 -1.039080439207328652e+02
1.030000000000000000e+03 -2.510443620527920139e-01 6.852827110122109051e-03 2.511378763904292821e-01 -1.049325125376374785e+02
1.040000000000000000e+03 -2.500217043167083930e-01 -1.380256011534932922e-02 2.504024027344174397e-01 -1.059600725713639946e+02
1.050000000000000000e+03 -2.468993672475706669e-01 -3.345786924532472700e-02 2.491560285477516234e-01 -1.069905303418335052e+02
1.060000000000000000e+03 -2.419200621392530726e-01 -5.194453536853617381e-02 2.474339330409496829e-01 -1.080237156587051857e+02
1.070000000000000000e+03 -2.353270751973877140e-01 -6.913473669122087439e-02 2.452721837843040431e-01 -1.090594800268272877e+02
1.080000000000000000e+03 -2.273587346458923186e-01 -8.493831688635126997e-02 2.427066375179457169e-01 -1.100976905483652644e+02
1.090000000000000000e+03 -2.182444474094542841e-01 -9.929836540653740051e-02 2.397724008251747863e-01 -1.111382287482922209e+02
1.100000000000000000e+03 -2.082017169580645533e-01 -1.121874231527325017e-01 2.365036423777365227e-01 -1.121809872849931082e+02
1.110000000000000000e+03 -1.974339459215952164e-01 -1.236044733472591028e-01 2.329339580946167554e-01 -1.132258645616800976e+02
1.120000000000000000e+03 -1.861297044719127936e-01 -1.335714579848865380e-01 2.290973619992379973e-01 -1.142727644381384238e+02
1.130000000000000000e+03 -1.744623320399506516e-01 -1.421287740867304972e-01 2.250282065080172755e-01 -1.153216013299361151e+02
1.140000000000000000e+03 -1.625878101037468992e-01 -1.493315601245194246e-01 2.207593958216841623e-01 -1.163722972805127824e+02
1.150000000000000000e+03 -1.506439145946672775e-01 -1.552467592295006249e-01 2.163218557050302915e-01 -1.174247776593920065e+02
1.160000000000000000e+03 -1.387520768453107678e-01 -1.599501943615692090e-01 2.117456103563679359e-01 -1.184789752766479722e+02
1.170000000000000000e+03 -1.270186783944770303e-01 -1.635237635624907648e-01 2.070598123990287087e-01 -1.195348342612979593e+02
1.180000000000000000e+03 -1.155347691889192369e-01 -1.660533870688322144e-01 2.022918936798216161e-01 -1.205923063103853110e+02
1.190000000000000000e+03 -1.043764999632036256e-01 -1.676275377827010360e-01 1.974675800420400973e-01 -1.216513471698302737e+02
1.200000000000000000e+03 -9.360646045001760895e-02 -1.683357581934000757e-01 1.926112585611951533e-01 -1.227119172232683724e+02
1.210000000000000000e+03 -8.327446478129874041e-02 -1.682672310450780695e-01 1.877458322525148438e-01 -1.237739802882088895e+02
1.220000000000000000e+03 -7.341770610395936814e-02 -1.675098797438287213e-01 1.828926444156771247e-01 -1.248374980466005297e+02
1.230000000000000000e+03 -6.406182870024448861e-02 -1.661494766169362147e-01 1.780718014636267499e-01 -1.259024286512262591e+02
1.240000000000000000e+03 -5.522290420581996845e-02 -1.642684938510266257e-01 1.733023578056857861e-01 -1.269687312726603921e+02
1.250000000000000000e+03 -4.690841195452689905e-02 -1.619448858926100521e-01 1.686017353969587462e-01 -1.280363663843009476e+02
1.260000000000000000e+03 -3.911764093109642432e-02 -1.592511388731830679e-01 1.639851062274255145e-01 -1.291052918652977723e+02
1.270000000000000000e+03 -3.184268621022855877e-02 -1.562538292482739954e-01 1.594654063420397339e-01 -1.301754611021525250e+02
1.280000000000000000e+03 -2.506991891841574630e-02 -1.530134981922153803e-01 1.550536406009063728e-01 -1.312468240578314465e+02
1.290000000000000000e+03 -1.878102909708345009e-02 -1.495848224687152117e-01 1.507592324434644526e-01 -1.323193265171741473e+02
1.300000000000000000e+03 -1.295347175635321209e-02 -1.460166830516741177e-01 1.465901229959089003e-01 -1.333929063595980722e+02
1.310000000000000000e+03 -7.561192703110708110e-03 -1.423519279895518186e-01 1.425525974419130648e-01 -1.344674920386125621e+02
1.320000000000000000e+03 -2.575617628881819981e-03 -1.386271301743735307e-01 1.386510549060226694e-01 -1.355430030379731647e+02
1.330000000000000000e+03 2.033621088650180292e-03 -1.348723360245624447e-01 1.348876667433115961e-01 -1.366193487362725421e+02
1.340000000000000000e+03 6.297765949759286282e-03 -1.311114054753992619e-01 1.312625708330158458e-01 -1.376964289028313715e+02
1.350000000000000000e+03 1.024790291665686991e-02 -1.273629094144917151e-01 1.277745287947220088e-01 -1.387741364592854438e+02
1.360000000000000000e+03 1.391385139126530973e-02 -1.236407109153385975e-01 1.244211423198989253e-01 -1.398523626349303299e+02
1.370000000000000000e+03 1.732341697972982625e-02 -1.199538475958854405e-01 1.211982934240845855e-01 -1.409309999883957403e+02
1.380000000000000000e+03 2.050211916512665461e-02 -1.163064975279335944e-01 1.180996962632685082e-01 -1.420099416056476684e+02
1.390000000000000000e+03 2.347307098916127585e-02 -1.126991516363736456e-01 1.151176956041969485e-01 -1.430890806588743942e+02
1.400000000000000000e+03 2.625711155675098871e-02 -1.091295361327771080e-01 1.122438932141021639e-01 -1.441683087645764942e+02
1.410000000000000000e+03 2.887260988854298618e-02 -1.055933471389158829e-01 1.094695508430339054e-01 -1.452475177559418285e+02
1.420000000000000000e+03 3.133497806261821561e-02 -1.020850549001457303e-01 1.067859507807582958e-01 -1.463266052948108893e+02
1.430000000000000000e+03 3.365635483893856389e-02 -9.859839564035836890e-02 1.041844222707847267e-01 -1.474054794777650272e+02
1.440000000000000000e+03 3.584567264150645416e-02 -9.512695727447853522e-02 1.016565307662154471e-01 -1.484840610016722451e+02
1.450000000000000000e+03 3.790894739347330095e-02 -9.166457834768904078e-02 9.919416926483506924e-02 -1.495622832650207954e+02
1.460000000000000000e+03 3.984975983138963618e-02 -8.820518986712760912e-02 9.678924980655374821e-02 -1.506400885767450859e+02
1.470000000000000000e+03 4.166984956067141393e-02 -8.474294835820875282e-02 9.443380569928876145e-02 -1.517174235706063143e+02
1.480000000000000000e+03 4.336969276548518354e-02 -8.127308868992635937e-02 9.212081847103407994e-02 -1.527942380735709094e+02
1.490000000000000000e+03 4.494880717702491590e-02 -7.779233197853806236e-02 8.984454452718007578e-02 -1.538704858710932797e+02
1.500000000000000000e+03 4.640585008261137456e-02 -7.429861672212373369e-02 8.760015621396372021e-02 -1.549461244095840868e+02
1.510000000000000000e+03 4.773886614494862735e-02 -7.079119644204392992e-02 8.538379725979265700e-02 -1.560211147340787079e+02
1.520000000000000000e+03 4.894566794319167580e-02 -6.727109852470303242e-02 8.319302318779793481e-02 -1.570954230191401848e+02
1.530000000000000000e+03 5.002401581487628257e-02 -6.374093833096555750e-02 8.102659672946252445e-02 -1.581690207888588304e+02
1.540000000000000000e+03 5.097173116616895983e-02 -6.020434302023657674e-02 7.888396729738247903e-02 -1.592418823825828156e+02
1.550000000000000000e+03 5.178703538186858052e-02 -5.666547263127381245e-02 7.676504948326777489e-02 -1.603139794914180811e+02
1.560000000000000000e+03 5.246860963746412948e-02 -5.312876651214757523e-02 7.467007987400901825e-02 -1.613852791084865146e+02
1.570000000000000000e+03 5.301541072688337186e-02 -4.959886791951954865e-02 7.259945918144354582e-02 -1.624557448401047566e+02
1.580000000000000000e+03 5.342671772462640606e-02 -4.608064203832619443e-02 7.055380739188540917e-02 -1.635253367819992718e+02
1.590000000000000000e+03 5.370242103752516372e-02 -4.257928270031367812e-02 6.853426398937145780e-02 -1.645940104120507499e+02
1.600000000000000000e+03 5.384320336544051039e-02 -3.910033348705833217e-02 6.654266772117992113e-02 -1.656617163867508111e+02
1.610000000000000000e+03 5.385024715476360857e-02 -3.564946210373854535e-02 6.458121450480019954e-02 -1.667284019850542904e+02
1.620000000000000000e+03 5.372457803741355342e-02 -3.223224705758824526e-02 6.265179993966291105e-02 -1.677940146725179318e+02
1.630000000000000000e+03 5.346687183610882715e-02 -2.885425702736296033e-02 6.075586006748658757e-02 -1.688585040794241081e+02
1.640000000000000000e+03 5.307765115351941593e-02 -2.552122093278076653e-02 5.889456485852075790e-02 -1.699218220965618684e+02
1.650000000000000000e+03 5.255736055447871730e-02 -2.223918983628427049e-02 5.706888568237306059e-02 -1.709839246441381135e+02
1.660000000000000000e+03 5.190617003183718020e-02 -1.901463593414335837e-02 5.527935299080487946e-02 -1.720447748089201241e+02
1.670000000000000000e+03 5.112395702779706785e-02 -1.585456441269718006e-02 5.352593945832623268e-02 -1.731043445820501461e+02
1.680000000000000000e+03 5.021056178610711768e-02 -1.276680922891917057e-02 5.180822263660563726e-02 -1.741626185085826819e+02
1.690000000000000000e+03 4.916612139244584678e-02 -9.760198850936062376e-03 5.012553216063182077e-02 -1.752195963851470708e+02
1.700000000000000000e+03 4.799140114221712300e-02 -6.844420372161902355e-03 4.847701180790812275e-02 -1.762752917195987266e+02
1.710000000000000000e+03 4.668817420937063090e-02 -4.029834271600943492e-03 4.686176666816041503e-02 -1.773297298021979032e+02
1.720000000000000000e+03 4.525943562171537426e-02 -1.327361262639933448e-03 4.527889575417840679e-02 -1.783829488165290513e+02
1.730000000000000000e+03 4.370932489431788442e-02 1.251520173241776500e-03 4.372723848427965965e-02 -1.794350044107589781e+02
1.740000000000000000e+03 4.204311940114341395e-02 3.694723237953884045e-03 4.220515215923143632e-02 -1.804859751883380454e+02
1.750000000000000000e+03 4.026760405683875443e-02 5.989588756973374291e-03 4.071062649918321535e-02 -1.815359674362364331e+02
1.760000000000000000e+03 3.839167360643771371e-02 8.123292032583129610e-03 3.924166759644491520e-02 -1.825851148912967972e+02
1.770000000000000000e+03 3.642669746745766379e-02 1.008364631913821405e-02 3.779661640246591986e-02 -1.836335717216879004e+02
1.780000000000000000e+03 3.438623170709493443e-02 1.185994061165650433e-02 3.637404462423776685e-02 -1.846815018407916114e+02
1.790000000000000000e+03 3.228546512628111681e-02 1.344342296025147210e-02 3.497251605630528198e-02 -1.857290719661793332e+02
1.800000000000000000e+03 3.014104116659481469e-02 1.482742528271409517e-02 3.359069667513361196e-02 -1.867764547762130860e+02
1.810000000000000000e+03 2.797093494663344462e-02 1.600726422040176997e-02 3.222740618806538282e-02 -1.878238401102420880e+02
1.820000000000000000e+03 2.579399386462792251e-02 1.698029470932578208e-02 3.088139452654332581e-02 -1.888714385422289865e+02
1.830000000000000000e+03 2.362947008443194719e-02 1.774660387005816409e-02 2.955154489010393057e-02 -1.899194649935269013e+02
1.840000000000000000e+03 2.149658157889581395e-02 1.830943191301625389e-02 2.823717968486762556e-02 -1.909681278210579194e+02
1.850000000000000000e+03 1.941412307953714611e-02 1.867479227241067991e-02 2.693800366332120208e-02 -1.920176394402998028e+02
1.860000000000000000e+03 1.740000177853899890e-02 1.885143889737328840e-02 2.565417725039255414e-02 -1.930682145425323029e+02
1.870000000000000000e+03 1.547064598624066888e-02 1.885084747434426916e-02 2.438637606805439673e-02 -1.941200613737931917e+02
1.880000000000000000e+03 1.364048667835345355e-02 1.868678083834584419e-02 2.313565765053389456e-02 -1.951733806762930783e+02
1.890000000000000000e+03 1.192165206235510505e-02 1.837468240103675571e-02 2.190330434511710000e-02 -1.962283702876493976e+02
1.900000000000000000e+03 1.032390255322550819e-02 1.793117337497501795e-02 2.069081783139345085e-02 -1.972852320357529834e+02
1.910000000000000000e+03 8.854404631066743747e-03 1.737383213052163741e-02 1.950001344282106461e-02 -1.983441631138861680e+02
1.920000000000000000e+03 7.517509540451528492e-03 1.672071411344519878e-02 1.833290021121440627e-02 -1.994053481495179483e+02
1.930000000000000000e+03 6.314990230903334140e-03 1.598959897144028655e-02 1.719146232534884966e-02 -2.004689729090627850e+02
1.940000000000000000e+03 5.246244070065123576e-03 1.519753807150847798e-02 1.607756947668530917e-02 -2.015352284962170017e+02
1.950000000000000000e+03 4.308446512007125563e-03 1.436052170350023138e-02 1.499290815497538940e-02 -2.026043083801190221e+02
1.960000000000000000e+03 3.496833217382121824e-03 1.349312135269874549e-02 1.393887249345662944e-02 -2.036764110815340416e+02
1.970000000000000000e+03 2.805139817515340910e-03 1.260825116097411339e-02 1.291653230298345570e-02 -2.047517518779196166e+02
1.980000000000000000e+03 2.226107573608444769e-03 1.171709544446652637e-02 1.192668774572450650e-02 -2.058305834270899197e+02
1.990000000000000000e+03 1.751922578948937126e-03 1.082909695766690918e-02 1.096989396672464617e-02 -2.069132226215777166e+02
2.000000000000000000e+03 1.374527007286577762e-03 9.951980633033302021e-03 1.004645425083049506e-02 -2.080000806669279427e+02
2.010000000000000000e+03 1.085895623081156247e-03 9.091857032761434254e-03 9.156474955374496044e-03 -2.090917060177355609e+02
2.020000000000000000e+03 8.783117134953864714e-04 8.253428239587724813e-03 8.300030672960633307e-03 -2.101888518528382122e+02
2.030000000000000000e+03 7.445832062177291412e-04 7.440222318366364329e-03 7.477386729178745958e-03 -2.112925763617989219e+02
2.040000000000000000e+03 6.782034470514354194e-04 6.654840863717534534e-03 6.689309892432640861e-03 -2.124043937218234532e+02
2.050000000000000000e+03 6.734240070246059898e-04 5.899245286266598109e-03 5.937557986308491902e-03 -2.135264953090844813e+02
2.060000000000000000e+03 7.252114299310317676e-04 5.175055845334919705e-03 5.225622893056647809e-03 -2.146620623463312540e+02
2.070000000000000000e+03 8.291359464577969509e-04 4.483808876866212170e-03 4.559825485912011138e-03 -2.158156853167915301e+02
2.080000000000000000e+03 9.812273740198522963e-04 3.827148909638264287e-03 3.950933552474813516e-03 -2.169938129788768322e+02
2.090000000000000000e+03 1.177825974349027858e-03 3.206909431925043449e-03 3.416363875587763270e-03 -2.182048162704004426e+02
2.100000000000000000e+03 1.415437533540088921e-03 2.625093064200742596e-03 2.982377743859569458e-03 -2.194573429958934128e+02
2.110000000000000000e+03 1.690578541208805291e-03 2.083904962017445010e-03 2.683414931522261088e-03 -2.207543992912554813e+02
2.120000000000000000e+03 1.999583502122502954e-03 1.585770047232369509e-03 2.552058154639083500e-03 -2.220831405310097182e+02
2.130000000000000000e+03 2.338453247090770473e-03 1.133227199015905641e-03 2.598570274866316473e-03 -2.234123730859992634e+02
2.140000000000000000e+03 2.702783984149610165e-03 7.287922847504170638e-04 2.799317677450591235e-03 -2.247102484260800850e+02
2.150000000000000000e+03 3.087707743235840359e-03 3.748237926217575476e-04 3.110374894309996668e-03 -2.259628281995511259e+02
2.160000000000000000e+03 3.487824950837680339e-03 7.338660489451334927e-05 3.488596921609576039e-03 -2.271725916962438134e+02
2.170000000000000000e+03 3.897228539368274847e-03 -1.739135355394542406e-04 3.901107048763262104e-03 -2.283482247252888726e+02
2.180000000000000000e+03 4.309625329120566825e-03 -3.660868913571357301e-04 4.325146250639518887e-03 -2.294983722831943567e+02
2.190000000000000000e+03 4.718449678983650114e-03 -5.028604964810312475e-04 4.745169760084676225e-03 -2.306298018775200660e+02
2.200000000000000000e+03 5.116959021572456412e-03 -5.847676470495891815e-04 5.150264345593113906e-03 -2.317474160550483475e+02
2.210000000000000000e+03 5.498373699019484633e-03 -6.132524861296082506e-04 5.532467075890588198e-03 -2.328547037575605145e+02
2.220000000000000000e+03 5.856065817030361477e-03 -5.907341694102340906e-04 5.885785734487815335e-03 -2.339541648962430429e+02
2.230000000000000000e+03 6.183776656698110157e-03 -5.205984575114272267e-04 6.205651979759075482e-03 -2.350476191158767278e+02
2.240000000000000000e+03 6.475836794847457389e-03 -4.071261343815173661e-04 6.488621878549915081e-03 -2.361364152516314334e+02
2.250000000000000000e+03 6.727347915387438433e-03 -2.553704113260359923e-04 6.732193106384318920e-03 -2.372215712106439582e+02
2.260000000000000000e+03 6.934300621471217382e-03 -7.101019203333656525e-05 6.934664199246328743e-03 -2.383038694536553521e+02
2.270000000000000000e+03 7.093626326995979350e-03 1.397908006548400771e-04 7.095003589498612151e-03 -2.393839254003134442e+02
2.280000000000000000e+03 7.203239174088377564e-03 3.705125216780311018e-04 7.212761893189157010e-03 -2.404622377452518833e+02
2.290000000000000000e+03 7.262126820582781236e-03 6.144388116360396555e-04 7.288073888996494422e-03 -2.415392217577922906e+02
2.300000000000000000e+03 7.270397356245818059e-03 8.648775501797960428e-04 7.321659026102703659e-03 -2.426152270316857482e+02
2.310000000000000000e+03 7.229226941172757839e-03 1.115379452823059758e-03 7.314765443317911876e-03 -2.436905489305845833e+02
2.320000000000000000e+03 7.140778850783434557e-03 1.359877427724897605e-03 7.269111996264170095e-03 -2.447654444927702571e+02
2.330000000000000000e+03 7.008089468086681727e-03 1.592764828335661983e-03 7.186808595690482443e-03 -2.458401504477618005e+02
2.340000000000000000e+03 6.834883807162825224e-03 1.809016586072144470e-03 7.070231797197366885e-03 -2.469148882134714995e+02
2.350000000000000000e+03 6.625405600129610946e-03 2.004325243182669258e-03 6.921944744556119203e-03 -2.479898612282914314e+02
2.360000000000000000e+03 6.384312746196363006e-03 2.175155624650041124e-03 6.744683182529188394e-03 -2.490652607026940757e+02
2.370000000000000000e+03 6.116572158132339496e-03 2.318735749107724790e-03 6.541329409212615423e-03 -2.501412771620350384e+02
2.380000000000000000e+03 5.827311294972110922e-03 2.433012101573030824e-03 6.314832128798861591e-03 -2.512181123955064095e+02
2.390000000000000000e+03 5.521651986860995516e-03 2.516617935807156231e-03 6.068113916105419801e-03 -2.522959853069787926e+02
2.400000000000000000e+03 5.204555657328351938e-03 2.568887222158292363e-03 5.804014227273801042e-03 -2.533751274563385891e+02
2.410000000000000000e+03 4.880698583977210493e-03 2.589855569951741900e-03 5.525266558352385192e-03 -2.544557774171536266e+02
2.420000000000000000e+03 4.554388072977488128e-03 2.580167657431310744e-03 5.234473790146835885e-03 -2.555381887887895402e+02
2.430000000000000000e+03 4.229539093606504534e-03 2.540932787940945216e-03 4.934099753468618177e-03 -2.566226521383494514e+02
2.440000000000000000e+03 3.909670719517749707e-03 2.473597282913088044e-03 4.626468269975429932e-03 -2.577095215287931751e+02
2.450000000000000000e+03 3.597876372481289154e-03 2.379828710026134740e-03 4.313733774901249221e-03 -2.587992444335321807e+02
2.460000000000000000e+03 3.296789859146313610e-03 2.261425979402383914e-03 3.997858281090764347e-03 -2.598923967701122137e+02
2.470000000000000000e+03 3.008572695063702496e-03 2.120278341990529392e-03 3.680637160736844032e-03 -2.609897255565447267e+02
2.480000000000000000e+03 2.734963009514827705e-03 1.958329807675926546e-03 3.363789276849314582e-03 -2.620922224093464479e+02
2.490000000000000000e+03 2.477366740543881368e-03 1.777541308210830442e-03 3.049098074767173875e-03 -2.632012465821114233e+02
2.500000000000000000e+03 2.236954674229940307e-03 1.579814335998141117e-03 2.738572538894017833e-03 -2.643187315054799456e+02
2.510000000000000000e+03 2.014723723776528242e-03 1.366921645252662174e-03 2.434663522421158955e-03 -2.654475024027827317e+02
2.520000000000000000e+03 1.811516725675306732e-03 1.140490462801013087e-03 2.140633397651604646e-03 -2.665917450395962760e+02
2.530000000000000000e+03 1.628087040037496172e-03 9.020152056323385657e-04 1.861262700730341620e-03 -2.677576945040137275e+02
2.540000000000000000e+03 1.465169822253294856e-03 6.528895826363424141e-04 1.604053432762390626e-03 -2.689544348784593240e+02
2.550000000000000000e+03 1.323535224922679906e-03 3.944446966910199041e-04 1.381061950224825958e-03 -2.701939868118584513e+02
2.560000000000000000e+03 1.204022022710903158e-03 1.280122532394240801e-04 1.210808064125891512e-03 -2.714877067831484396e+02
2.570000000000000000e+03 1.107546059893012910e-03 -1.449902101935602087e-04 1.116996166437696399e-03 -2.728338003651931558e+02
2.580000000000000000e+03 1.035086790362911568e-03 -4.229836983206480914e-04 1.118177030987851754e-03 -2.742015666056282726e+02
2.590000000000000000e+03 9.876441306386396415e-04 -7.041759255068514136e-04 1.212973479861940334e-03 -2.755430173767325073e+02
2.600000000000000000e+03 9.661698078161953503e-04 -9.865380938962077777e-04 1.380848111938437093e-03 -2.768294579607814967e+02
2.610000000000000000e+03 9.714874854448329227e-04 -1.267791457751503035e-03 1.597211042637636334e-03 -2.780605844497342787e+02
2.620000000000000000e+03 1.004203320681502139e-03 -1.545388276886793845e-03 1.843000063919393887e-03 -2.792481865441227455e+02
2.630000000000000000e+03 1.064627055704153594e-03 -1.816541780968967089e-03 2.105529579403528709e-03 -2.804043092024829207e+02
2.640000000000000000e+03 1.152728186706526107e-03 -2.078326468214639500e-03 2.376599078706640670e-03 -2.815380251912748122e+02
2.650000000000000000e+03 1.268090321858526088e-03 -2.327781264624055428e-03 2.650776995585639190e-03 -2.826556117171137430e+02
2.660000000000000000e+03 1.409804112444679181e-03 -2.561978597378094819e-03 2.924257507281012320e-03 -2.837613679961663706e+02
2.670000000000000000e+03 1.576362143487128418e-03 -2.778098340356799281e-03 3.194174071041297556e-03 -2.848583029635868797e+02
2.680000000000000000e+03 1.765642873929304133e-03 -2.973535910614811661e-03 3.458238073061655014e-03 -2.859485881368336777e+02
2.690000000000000000e+03 1.974991560196281016e-03 -3.146029945045932842e-03 3.714578856071338447e-03 -2.870338350644126422e+02
2.700000000000000000e+03 2.201316316498471998e-03 -3.293779334998885120e-03 3.961663265971516329e-03 -2.881152756497733662e+02
2.710000000000000000e+03 2.441161883620025091e-03 -3.415526340578266436e-03 4.198224806417973597e-03 -2.891938854434168888e+02
2.720000000000000000e+03 2.690791476472533840e-03 -3.510613988994012655e-03 4.423208038243022985e-03 -2.902704648579099285e+02
2.730000000000000000e+03 2.946305770763029980e-03 -3.579046927776496478e-03 4.635762570069557401e-03 -2.913456919255480102e+02
2.740000000000000000e+03 3.203799395359791576e-03 -3.621546718702613708e-03 4.835279847273932924e-03 -2.924201565886904177e+02
2.750000000000000000e+03 3.459496316577296334e-03 -3.639547376200675134e-03 5.021396207034563124e-03 -2.934943848331041636e+02
2.760000000000000000e+03 3.709860497125590413e-03 -3.635131316416545955e-03 5.193962321361719238e-03 -2.945688537320663727e+02
2.770000000000000000e+03 3.951719058923341271e-03 -3.610949313509749427e-03 5.353040114308364739e-03 -2.956439985485115471e+02
2.780000000000000000e+03 4.182417481995399228e-03 -3.570137118686768883e-03 5.498953995072680505e-03 -2.967202132608726401e+02
2.790000000000000000e+03 4.399947633747560913e-03 -3.516204271098516236e-03 5.632338027481323395e-03 -2.977978498950551511e+02
2.800000000000000000e+03 4.602995701449545500e-03 -3.452891084218806441e-03 5.754131234777385903e-03 -2.988772200729447377e+02
2.810000000000000000e+03 4.790969161458591245e-03 -3.384010898623293628e-03 5.865570327602292154e-03 -2.999585918374265816e+02
2.820000000000000000e+03 4.964012827029521541e-03 -3.313271476715960555e-03 5.968181567725062628e-03 -3.010421798308267967e+02
2.830000000000000000e+03 5.122990816934912088e-03 -3.244102060529798631e-03 6.063763937484136987e-03 -3.021281348594873180e+02
2.840000000000000000e+03 5.269438512299452412e-03 -3.179501549818471943e-03 6.154365307665993559e-03 -3.032165343337489958e+02
2.850000000000000000e+03 5.405484995536789621e-03 -3.121901748402420174e-03 6.242238265530358765e-03 -3.043073729369480702e+02
2.860000000000000000e+03 5.533712446622663858e-03 -3.073099058801055314e-03 6.329763918750092033e-03 -3.054005641508475719e+02
2.870000000000000000e+03 5.656948682761718007e-03 -3.034239888857777085e-03 6.419320844336664882e-03 -3.064959509817146568e+02
2.880000000000000000e+03 5.778105481977900693e-03 -3.005780009593590676e-03 6.513157178123027066e-03 -3.075933073946098375e+02
2.890000000000000000e+03 5.900074341921375705e-03 -2.987464879828506496e-03 6.613306559385229329e-03 -3.086923389864264209e+02
2.900000000000000000e+03 6.025611629273533616e-03 -2.978357265781169695e-03 6.721503366767580916e-03 -3.097926929269089555e+02
2.910000000000000000e+03 6.157219838079160991e-03 -2.976851719710377642e-03 6.839079053175083772e-03 -3.108939684794958112e+02
2.920000000000000000e+03 6.297073939173255912e-03 -2.980685511925216472e-03 6.966895026941045607e-03 -3.119957261417947052e+02
2.930000000000000000e+03 6.446918542548179393e-03 -2.987102454226870252e-03 7.105317710440521399e-03 -3.130975196811187402e+02
2.940000000000000000e+03 6.607936754826006405e-03 -2.993032737202831837e-03 7.254176253838083566e-03 -3.141989297786954012e+02
2.950000000000000000e+03 6.780710095878689225e-03 -2.995220203367216991e-03 7.412784461389008983e-03 -3.152995819104523321e+02
2.960000000000000000e+03 6.965257231897870570e-03 -2.990375725663900041e-03 7.580049820888084232e-03 -3.163991596562843256e+02
2.970000000000000000e+03 7.161044200585883930e-03 -2.975282471403909064e-03 7.754538015084334011e-03 -3.174974103636939162e+02
2.980000000000000000e+03 7.366945433796753470e-03 -2.946848191550512173e-03 7.934469061543020230e-03 -3.185941439561320294e+02
2.990000000000000000e+03 7.581291118356817821e-03 -2.902242237776757241e-03 8.117818982215075502e-03 -3.196892350802680198e+02
3.000000000000000000e+03 7.801948003652900421e-03 -2.839078159486460150e-03 8.302454904868588823e-03 -3.207826274755842633e+02
3.010000000000000000e+03 8.026389288583993600e-03 -2.755546596925034786e-03 8.486221895503381907e-03 -3.218743326748870004e+02
3.020000000000000000e+03 8.251798115939287109e-03 -2.650486711526164017e-03 8.667020938834516311e-03 -3.229644214907060018e+02
3.030000000000000000e+03 8.475214030652784142e-03 -2.523405556726472047e-03 8.842897063128794463e-03 -3.240530109920932773e+02
3.040000000000000000e+03 8.693713539626189701e-03 -2.374460793737464756e-03 9.012142873372352633e-03 -3.251402505496206459e+02
3.050000000000000000e+03 8.904542892238954260e-03 -2.204454590821963624e-03 9.173358390617872629e-03 -3.262263151255687603e+02
3.060000000000000000e+03 9.105153899780704316e-03 -2.014860220216145928e-03 9.325421665839096069e-03 -3.273114077841133280e+02
3.070000000000000000e+03 9.293245305835364303e-03 -1.807779751733904969e-03 9.467442946498812878e-03 -3.283957561846560793e+02
3.080000000000000000e+03 9.466930636479967826e-03 -1.585802027284165033e-03 9.598830332163474713e-03 -3.294795981291673002e+02
3.090000000000000000e+03 9.624925273246558513e-03 -1.351880953290695480e-03 9.719401659950601888e-03 -3.305631727828341582e+02
3.100000000000000000e+03 9.766454113982876023e-03 -1.109286663854172064e-03 9.829249354001442715e-03 -3.316467260162818320e+02
3.110000000000000000e+03 9.891206105098955190e-03 -8.614551658338056835e-04 9.928648609770041739e-03 -3.327305032121259956e+02
3.120000000000000000e+03 9.999377904856216262e-03 -6.118345637382889167e-04 1.001807865898004905e-02 -3.338147404602357255e+02
3.130000000000000000e+03 1.009169421077303272e-02 -3.637603124310003692e-04 1.009824804650043435e-02 -3.348996593014782093e+02
3.140000000000000000e+03 1.016937762921211325e-02 -1.203451794107086615e-04 1.017008969123316814e-02 -3.359854629084328508e+02
3.150000000000000000e+03 1.023405314872872542e-02 1.155895668712997321e-04 1.023470589704334605e-02 -3.370723352629321425e+02
3.160000000000000000e+03 1.028763192163426217e-02 3.415711027534859361e-04 1.029330080067926943e-02 -3.381604394664673805e+02
3.170000000000000000e+03 1.033220593918279979e-02 5.555526839649474599e-04 1.034713092380419239e-02 -3.392499120839979128e+02
3.180000000000000000e+03 1.036996121678267387e-02 7.559876376909074143e-04 1.039748108658622439e-02 -3.403408564402914180e+02
3.190000000000000000e+03 1.040310586015100180e-02 9.418762354767111749e-04 1.044565662753969316e-02 -3.414333375754492863e+02
3.200000000000000000e+03 1.043380648847713234e-02 1.112792543183004470e-03 1.049297979999729187e-02 -3.425273784356165834e+02
3.210000000000000000e+03 1.046412296727222170e-02 1.268870704828777007e-03 1.054077332740661378e-02 -3.436229593649421190e+02
3.220000000000000000e+03 1.049593764737948194e-02 1.410750977053467541e-03 1.059032225274260733e-02 -3.447200208915382404e+02
3.230000000000000000e+03 1.053087260324137540e-02 1.539521424023711834e-03 1.064280996733136045e-02 -3.458184664425941151e+02
3.240000000000000000e+03 1.057019817659417965e-02 1.656672128481115596e-03 1.069923604907196436e-02 -3.469181636587628077e+02
3.250000000000000000e+03 1.061477129177338004e-02 1.764059703248979346e-03 1.076035669544849263e-02 -3.480189453655423790e+02
3.260000000000000000e+03 1.066502022194654696e-02 1.863863125386711972e-03 1.082666347887035335e-02 -3.491206125762981287e+02
3.270000000000000000e+03 1.072094832820671972e-02 1.958513339991842239e-03 1.089837178476695499e-02 -3.502229408248526852e+02
3.280000000000000000e+03 1.078213599437202047e-02 2.050596599709787488e-03 1.097539990232128393e-02 -3.513256892431530787e+02
3.290000000000000000e+03 1.084774339252541492e-02 2.142748131493257564e-03 1.105734625780963043e-02 -3.524286105374021076e+02
3.300000000000000000e+03 1.091652200510457096e-02 2.237546137160287447e-03 1.114347636080649864e-02 -3.535314607551161998e+02
3.310000000000000000e+03 1.098683603240605162e-02 2.337417596035781114e-03 1.123272393594864672e-02 -3.546340075725813676e+02
3.320000000000000000e+03 1.105670731018108983e-02 2.444555252893098555e-03 1.132371965952262520e-02 -3.557360372392381009e+02
3.330000000000000000e+03 1.112389947134328171e-02 2.560862609700042310e-03 1.141486560386547125e-02 -3.568373590210494513e+02
3.340000000000000000e+03 1.118602796332375873e-02 2.687930121915708698e-03 1.150444218276413903e-02 -3.579378068819527812e+02
3.350000000000000000e+03 1.124066305392869280e-02 2.827020387768698628e-03 1.159070964888765654e-02 -3.590372399898441813e+02
3.360000000000000000e+03 1.128541037799148800e-02 2.979049317208445381e-03 1.167198450281862337e-02 -3.601355430394339692e+02
3.370000000000000000e+03 1.131796146409934194e-02 3.144581754979877252e-03 1.174668660161622136e-02 -3.612326248251745824e+02
3.380000000000000000e+03 1.133612551203398711e-02 3.323835878320155566e-03 1.181336643682046050e-02 -3.623284159261112336e+02
3.390000000000000000e+03 1.133786907519765581e-02 3.516679448866933191e-03 1.187073331822454877e-02 -3.634228676141065080e+02
3.400000000000000000e+03 1.132136297986605436e-02 3.722627541393535525e-03 1.191768499054339341e-02 -3.645159513406455858e+02
3.410000000000000000e+03 1.128502697798335237e-02 3.940859026762176358e-03 1.195333442026219606e-02 -3.656076573603006068e+02
3.420000000000000000e+03 1.122757498986874658e-02 4.170256289689829206e-03 1.197703960395989434e-02 -3.666979923937937542e+02
3.430000000000000000e+03 1.114805389398718094e-02 4.409441401597462805e-03 1.198842271098932155e-02 -3.677869783805091970e+02
3.440000000000000000e+03 1.104586470053773445e-02 4.656799070227118920e-03 1.198736437099722635e-02 -3.688746526583399259e+02
3.450000000000000000e+03 1.092076638842718814e-02 4.910519562892717155e-03 1.197398600667935915e-02 -3.699610667897493386e+02
3.460000000000000000e+03 1.077287023328954950e-02 5.168673985975590600e-03 1.194863690286874537e-02 -3.710462832263036148e+02
3.470000000000000000e+03 1.060263425880216860e-02 5.429298699008796962e-03 1.191189059675180212e-02 -3.721303718866918189e+02
3.480000000000000000e+03 1.041084251978191023e-02 5.690475484112132720e-03 1.186453341716311137e-02 -3.732134070194271658e+02
3.490000000000000000e+03 1.019855899696855972e-02 5.950392984295392249e-03 1.180753074449523467e-02 -3.742954646955506632e+02
3.500000000000000000e+03 9.967075686798238660e-03 6.207371269520910520e-03 1.174197836073794833e-02 -3.753766225828518373e+02
3.510000000000000000e+03 9.717868594458138262e-03 6.459867332918929617e-03 1.166905548783057738e-02 -3.764569610036276117e+02
3.520000000000000000e+03 9.452547500921473084e-03 6.706498605301432214e-03 1.158998610008169297e-02 -3.775365618972601283e+02
3.530000000000000000e+03 9.172789564637722631e-03 6.946082490524647067e-03 1.150600410056852770e-02 -3.786155052606686695e+02
3.540000000000000000e+03 8.880269187533113701e-03 7.177663797699527885e-03 1.141832029835634053e-02 -3.796938654766790933e+02
3.550000000000000000e+03 8.576607552744683338e-03 7.400505273608934918e-03 1.132809231152848671e-02 -3.807717103836024535e+02
3.560000000000000000e+03 8.263347393234933211e-03 7.614037232189305691e-03 1.123639057324226156e-02 -3.818491037314832965e+02
3.570000000000000000e+03 7.941939890849699854e-03 7.817794374063253768e-03 1.114416071783805653e-02 -3.829261084457370430e+02
3.580000000000000000e+03 7.613732136152718231e-03 8.011372285335941618e-03 1.105219448504836388e-02 -3.840027879145341672e+02
3.590000000000000000e+03 7.279951503635971252e-03 8.194405710156211706e-03 1.096111211683980374e-02 -3.850792050582383013e+02
3.600000000000000000e+03 6.941694590392693057e-03 8.366559035528148974e-03 1.087135841931747247e-02 -3.861554204455457580e+02
3.610000000000000000e+03 6.599933980332648928e-03 8.527529106731865371e-03 1.078322220910376758e-02 -3.872314906741449931e+02
3.620000000000000000e+03 6.255544188428841142e-03 8.677046383153644987e-03 1.069686715953720689e-02 -3.883074684149984819e+02
3.630000000000000000e+03 5.909335210865985198e-03 8.814856368412140458e-03 1.061234825239525462e-02 -3.893834045164888948e+02
3.640000000000000000e+03 5.562083311417142725e-03 8.940694596817984688e-03 1.052961493297430162e-02 -3.904593504879701413e+02
3.650000000000000000e+03 5.214545636264313055e-03 9.054271220783545113e-03 1.044850771795629955e-02 -3.915353592772289062e+02
3.660000000000000000e+03 4.867451313943618567e-03 9.155269365154213024e-03 1.036875303217039100e-02 -3.926114833740140284e+02
3.670000000000000000e+03 4.521493797286245397e-03 9.243370226925836514e-03 1.028998538924701112e-02 -3.936877717176474789e+02
3.680000000000000000e+03 4.177345842243984468e-03 9.318297701636278282e-03 1.021180152284762409e-02 -3.947642681632050881e+02
3.690000000000000000e+03 3.835690798000474834e-03 9.379856439413023980e-03 1.013381619735938786e-02 -3.958410126593310565e+02
3.700000000000000000e+03 3.497253072326600952e-03 9.427952211878446939e-03 1.005569798479257967e-02 -3.969180440547455646e+02
3.710000000000000000e+03 3.162806733250215097e-03 9.462594339753988351e-03 9.977175856455428732e-03 -3.979954021670138786e+02
3.720000000000000000e+03 2.833157896893230901e-03 9.483891051296541169e-03 9.898028750291195180e-03 -3.990731277088620459e+02
3.730000000000000000e+03 2.509115487677318797e-03 9.492057734923634027e-03 9.818086400802642985e-03 -4.001512605134897740e+02
3.740000000000000000e+03 2.191460535760382349e-03 9.487439055749872022e-03 9.737248025821423555e-03 -4.012298371995918842e+02
3.750000000000000000e+03 1.880916385389276319e-03 9.470527015603072071e-03 9.655502493505632028e-03 -4.023088891855803695e+02
3.760000000000000000e+03 1.578124601329200169e-03 9.441960553336455758e-03 9.572935618089266699e-03 -4.033884417586598374e+02
3.770000000000000000e+03 1.283628013497270992e-03 9.402510633503523285e-03 9.489726397013866638e-03 -4.044685139928541275e+02
3.780000000000000000e+03 9.978522949283636593e-04 9.353054658744560171e-03 9.406133140241908913e-03 -4.055491183384067426e+02
3.790000000000000000e+03 7.210838685943605749e-04 9.294538293096687304e-03 9.322467700527994200e-03 -4.066302594292092181e+02
3.800000000000000000e+03 4.534545586791638026e-04 9.227931806840032267e-03 9.239066320168767138e-03 -4.077119329128713048e+02
3.810000000000000000e+03 1.949487395725710086e-04 9.154196000070084424e-03 9.156271589394892815e-03 -4.087941259475131233e+02
3.820000000000000000e+03 -5.456981823591044257e-05 9.074257008213059209e-03 9.074421089863865530e-03 -4.098768194358715959e+02
3.830000000000000000e+03 -2.953404176579137890e-04 8.988977264978461473e-03 8.993827785353798732e-03 -4.109599890317911104e+02
3.840000000000000000e+03 -5.277034045512938578e-04 8.899128464289231266e-03 8.914760698251963933e-03 -4.120436040917944638e+02
3.850000000000000000e+03 -7.520912753895695260e-04 8.805377081137606698e-03 8.837437797661749223e-03 -4.131276271314328596e+02
3.860000000000000000e+03 -9.690006997331958912e-04 8.708276767939593030e-03 8.762022975496004673e-03 -4.142120154019602296e+02
3.870000000000000000e+03 -1.178957260821034917e-03 8.608256592042055899e-03 8.688614491233809592e-03 -4.152967232859107867e+02
3.880000000000000000e+03 -1.382493036480943746e-03 8.505607691984964219e-03 8.617229787226989013e-03 -4.163817031501221777e+02
3.890000000000000000e+03 -1.580138452922021097e-03 8.400468577489101155e-03 8.547789764131109164e-03 -4.174669043634859236e+02
3.900000000000000000e+03 -1.772411419125685759e-03 8.292813117180322310e-03 8.480105638205524821e-03 -4.185522724325851982e+02
3.910000000000000000e+03 -1.959788751531152048e-03 8.182458652950485439e-03 8.413881479904046848e-03 -4.196377505089236593e+02
3.920000000000000000e+03 -2.142659379422971223e-03 8.069091800146307308e-03 8.348726351690873362e-03 -4.207232836692011801e+02
3.930000000000000000e+03 -2.321279348983608382e-03 7.952291499946730069e-03 8.284158250307800328e-03 -4.218088232904240726e+02
3.940000000000000000e+03 -2.495746613180682520e-03 7.831547944449136420e-03 8.219604270487013142e-03 -4.228943292452435117e+02
3.950000000000000000e+03 -2.665993871617677521e-03 7.706291748738936832e-03 8.154413273815892815e-03 -4.239797705438151070e+02
3.960000000000000000e+03 -2.831794590067100107e-03 7.575932307771268172e-03 8.087880496908061989e-03 -4.250651251549211906e+02
3.970000000000000000e+03 -2.992780014340658441e-03 7.439897966885014764e-03 8.019277646515093200e-03 -4.261503791551735958e+02
3.980000000000000000e+03 -3.148462101608223446e-03 7.297680063874115164e-03 7.947889526152775511e-03 -4.272355260025099710e+02
3.990000000000000000e+03 -3.298257353200603932e-03 7.148877492820709251e-03 7.873052201992589497e-03 -4.283205665063586025e+02
4.000000000000000000e+03 -3.441504823737499396e-03 6.993223654355736063e-03 7.794172985740634337e-03 -4.294055093447483387e+02
4.010000000000000000e+03 -3.577476707783291618e-03 6.830587318286312180e-03 7.710723877008291566e-03 -4.304903714592173856e+02
4.020000000000000000e+03 -3.705400554439066026e-03 6.660962768160225839e-03 7.622231842948236531e-03 -4.315751765325100564e+02
4.030000000000000000e+03 -3.824503318605824813e-03 6.484468276739380720e-03 7.528290275093433258e-03 -4.326599514456437987e+02
4.040000000000000000e+03 -3.934055513652764090e-03 6.301360552732730019e-03 7.428589206574681171e-03 -4.337447240129372972e+02
4.050000000000000000e+03 -4.033404718763886933e-03 6.112045995787555690e-03 7.322940657957668388e-03 -4.348295222392996493e+02
4.060000000000000000e+03 -4.122005460517217008e-03 5.917071757331183318e-03 7.211287485459173981e-03 -4.359143729042624500e+02
4.070000000000000000e+03 -4.199448183559346265e-03 5.717105034653516271e-03 7.093705309896970561e-03 -4.369992993283974556e+02
4.080000000000000000e+03 -4.265482819212403770e-03 5.512910744182808465e-03 6.970403758343016003e-03 -4.380843193707002001e+02
4.090000000000000000e+03 -4.320027146503856511e-03 5.305325830839302363e-03 6.841718842359790533e-03 -4.391694445207156150e+02
4.100000000000000000e+03 -4.363156816969702805e-03 5.095226752409319319e-03 6.708090120737556991e-03 -4.402546799461260889e+02
4.110000000000000000e+03 -4.395090151666978390e-03 4.883492569848953309e-03 6.570031744295456479e-03 -4.413400239713997166e+02
4.120000000000000000e+03 -4.416177457031943837e-03 4.670966229360417298e-03 6.428106163390785548e-03 -4.424254659297471903e+02
4.130000000000000000e+03 -4.426887970668301822e-03 4.458420688714956857e-03 6.282901570326345636e-03 -4.435109837407252940e+02
4.140000000000000000e+03 -4.427797202618121743e-03 4.246534303564994915e-03 6.135017657583969469e-03 -4.445965414672610905e+02
4.150000000000000000e+03 -4.419580878750663591e-03 4.035873191255552779e-03 5.985062034742310785e-03 -4.456820861045982269e+02
4.160000000000000000e+03 -4.402998462072084569e-03 3.826886723908803391e-03 5.833648725680917572e-03 -4.467675465026850361e+02
4.170000000000000000e+03 -4.378851316665165021e-03 3.619919484507040045e-03 5.681386796176965577e-03 -4.478528370294442311e+02
4.180000000000000000e+03 -4.347930932006332204e-03 3.415223282151440450e-03 5.528856432974789230e-03 -4.489378625874870181e+02
4.190000000000000000e+03 -4.310976139925465529e-03 3.212958301419196593e-03 5.376580356106025471e-03 -4.500225212268733230e+02
4.200000000000000000e+03 -4.268646564903453948e-03 3.013195539768978842e-03 5.225006302096268929e-03 -4.636730754985666749e+02
