0.000000000000000000e+00 1.986038363362435177e+01 8.420399001922388847e-15 1.986038363362435177e+01 4.239796751794032382e-16
1.000000000000000000e+01 1.970616641984211626e+01 2.238485465752125592e+00 1.983289722019696910e+01 -9.968916839597022905e-01
2.000000000000000000e+01 1.924825578117316738e+01 4.433361006694212847e+00 1.975221608916687899e+01 -1.993622642259726074e+00
3.000000000000000000e+01 1.849372957270731987e+01 6.534781812863123207e+00 1.961431637478492007e+01 -2.990342813675352041e+00
4.000000000000000000e+01 1.746322473961838284e+01 8.496270373006968413e+00 1.942037148351327147e+01 -3.987191545292994022e+00
5.000000000000000000e+01 1.618595597136219411e+01 1.027682242647010114e+01 1.917285189772440290e+01 -4.984297431241645704e+00
6.000000000000000000e+01 1.469791731209915220e+01 1.184215041856131023e+01 1.887499138673010890e+01 -5.981791513120479742e+00
7.000000000000000000e+01 1.304020353556659373e+01 1.316586683493184395e+01 1.853070311035611439e+01 -6.979806675235823654e+00
8.000000000000000000e+01 1.125710811248964838e+01 1.423021237606881506e+01 1.814445996232189628e+01 -7.978476330228155611e+00
9.000000000000000000e+01 9.394159973786916140e+00 1.502627062525810864e+01 1.772114698648467623e+01 -8.977934143814433554e+00
1.000000000000000000e+02 7.496228825720017142e+00 1.555371333963271496e+01 1.726590412515441741e+01 -9.978313380555881906e+00
1.100000000000000000e+02 5.605824650766740191e+00 1.582013019645171248e+01 1.678397418515136152e+01 -1.097974634131737304e+01
1.200000000000000000e+02 3.761683583836160416e+00 1.584002707597269755e+01 1.628056267923349765e+01 -1.198236418033190631e+01
1.300000000000000000e+02 1.997680374920423718e+00 1.563359734454878236e+01 1.576071358828098745e+01 -1.298629617053806662e+01
1.400000000000000000e+02 3.420916217302769069e-01 1.522536604992450826e+01 1.522920871325401215e+01 -1.399166842521436926e+01
1.500000000000000000e+02 -1.182790719785526523e+00 1.464279961109971318e+01 1.469049265129092419e+01 -1.499860240280185231e+01
1.600000000000000000e+02 -2.560723477694806682e+00 1.391496382288513445e+01 1.414862265103637107e+01 -1.600721325870702572e+01
1.700000000000000000e+02 -3.781299413738843374e+00 1.307129667792436756e+01 1.360724153157642569e+01 -1.701760807400774311e+01
1.800000000000000000e+02 -4.839511996552717576e+00 1.214054293435073006e+01 1.306956996636045076e+01 -1.802988405061614330e+01
1.900000000000000000e+02 -5.735155893815038652e+00 1.114987858118666431e+01 1.253841319711415991e+01 -1.904412677055594827e+01
2.000000000000000000e+02 -6.472120282616685039e+00 1.012423738249037619e+01 1.201617757565499112e+01 -2.006040859770726925e+01
2.100000000000000000e+02 -7.057627978870638863e+00 9.085838633888124960e+00 1.150489358356658975e+01 -2.107878728556433146e+01
2.200000000000000000e+02 -7.501466892227008465e+00 8.053904413201973256e+00 1.100624285722299334e+01 -2.209930485144638013e+01
2.300000000000000000e+02 -7.815251926764615220e+00 7.044546270213309036e+00 1.052158708712589075e+01 -2.312198679093164699e+01
2.400000000000000000e+02 -8.011746579638314714e+00 6.070795787744004635e+00 1.005199705296597124e+01 -2.414684169218018539e+01
2.500000000000000000e+02 -8.104264965017188516e+00 5.142750558765751379e+00 9.598280780061109851e+00 -2.517386126702248106e+01
2.600000000000000000e+02 -8.106166800825773677e+00 4.267806661845533256e+00 9.161010528631821970e+00 -2.620302080779264386e+01
2.700000000000000000e+02 -8.030450487761164879e+00 3.450949758214319374e+00 8.740548568030670040e+00 -2.723428006621443487e+01
2.800000000000000000e+02 -7.889443160002634237e+00 2.695079063071333270e+00 8.337071700010611153e+00 -2.826758449851887178e+01
2.900000000000000000e+02 -7.694581530996465801e+00 2.001341924637663805e+00 7.950594596410025972e+00 -2.930286679059147659e+01
3.000000000000000000e+02 -7.456273681349000704e+00 1.369461066459212839e+00 7.580992073846627655e+00 -3.034004857511763831e+01
3.100000000000000000e+02 -7.183829720461169188e+00 7.980409522216667106e-01 7.228020393856402492e+00 -3.137904224375724738e+01
3.200000000000000000e+02 -6.885448247137378353e+00 2.848440070547758052e-01 6.891337582237733628e+00 -3.241975275634519704e+01
3.300000000000000000e+02 -6.568245571063610733e+00 -1.729685494360586884e-01 6.570522658121707771e+00 -3.346207937486316553e+01
3.400000000000000000e+02 -6.238315648303543348e+00 -5.786332857683530451e-01 6.265093663088201481e+00 -3.450591725457359615e+01
3.500000000000000000e+02 -5.900810073216082863e+00 -9.356180480451359305e-01 5.974524303406604453e+00 -3.555115883497978047e+01
3.600000000000000000e+02 -5.560028999268570971e+00 -1.247489825293490284e+00 5.698258798696164362e+00 -3.659769500493408145e+01
3.700000000000000000e+02 -5.219515935245031990e+00 -1.517813249194032155e+00 5.435724759193181654e+00 -3.764541602676617060e+01
3.800000000000000000e+02 -4.882151298978063103e+00 -1.750075291294719726e+00 5.186344071821062940e+00 -3.869421223915886543e+01
3.900000000000000000e+02 -4.550241114160908040e+00 -1.947631554663221021e+00 4.949541682794496467e+00 -3.974397457724361260e+01
4.000000000000000000e+02 -4.225598667718537094e+00 -2.113669853261085585e+00 4.724752305593322710e+00 -4.079459494226746585e+01
4.100000000000000000e+02 -3.909618164806351270e+00 -2.251187271489021313e+00 4.511425309799328431e+00 -4.184596645716179353e+01
4.200000000000000000e+02 -3.603340222226053324e+00 -2.362977479439352990e+00 4.309028118433396948e+00 -4.289798365225890819e+01
4.300000000000000000e+02 -3.307509425615748011e+00 -2.451625598001618389e+00 4.117048296208560387e+00 -4.395054263004331574e+01
4.400000000000000000e+02 -3.022624359981631148e+00 -2.519508429423865437e+00 3.934994377059804371e+00 -4.500354123564616771e+01
4.500000000000000000e+02 -2.748980789575516948e+00 -2.568798479088530762e+00 3.762395647406420629e+00 -4.605687922455081917e+01
4.600000000000000000e+02 -2.486708890626009083e+00 -2.601470748027948865e+00 3.598801350389255749e+00 -4.711045840624770875e+01
4.700000000000000000e+02 -2.235805371062672631e+00 -2.619311443553225871e+00 3.443779623553397506e+00 -4.816418277373464463e+01
4.800000000000000000e+02 -1.996161144565888890e+00 -2.623927845661306435e+00 3.296916234045291105e+00 -4.921795864284784017e+01
4.900000000000000000e+02 -1.767585097373521874e+00 -2.616758890212498301e+00 3.157813193645739869e+00 -5.027169477737968606e+01
5.000000000000000000e+02 -1.549824382673405276e+00 -2.599086221446287759e+00 3.026087375414157510e+00 -5.132530244435440636e+01
5.100000000000000000e+02 -1.342581710263556882e+00 -2.572045493966002017e+00 2.901369275318988361e+00 -5.237869537430418632e+01
5.200000000000000000e+02 -1.145530084465371523e+00 -2.536637726800381465e+00 2.783302019444215514e+00 -5.343178963047275687e+01
5.300000000000000000e+02 -9.583253739378324587e-01 -2.493740502197923536e+00 2.671540606959856401e+00 -5.448450340817140614e+01
5.400000000000000000e+02 -7.806170381923041024e-01 -2.444118851006814808e+00 2.565751335995559490e+00 -5.553675678501572577e+01
5.500000000000000000e+02 -6.120572982278904561e-01 -2.388435797765978919e+00 2.465611424447095246e+00 -5.658847143358802612e+01
5.600000000000000000e+02 -4.523090564963656024e-01 -2.327262616799309125e+00 2.370808885199353178e+00 -5.763957033651072948e+01
5.700000000000000000e+02 -3.010528095680112814e-01 -2.261088829606444417e+00 2.281042632113620794e+00 -5.868997756336736416e+01
5.800000000000000000e+02 -1.579927253135204046e-01 -2.190331919301172992e+00 2.196022681568101209e+00 -5.973961817241732319e+01
5.900000000000000000e+02 -2.286201565692218621e-02 -2.115346808709546611e+00 2.115470347907897786e+00 -6.078841829031129151e+01
6.000000000000000000e+02 1.045723407863393684e-01 -2.036435288984226322e+00 2.039118451850652658e+00 -6.183630540182370083e+01
6.100000000000000000e+02 2.245055727697442272e-01 -1.953855608781069897e+00 1.966711593541339953e+00 -6.288320886819768418e+01
6.200000000000000000e+02 3.370919444037381307e-01 -1.867832340542827652e+00 1.898006488755923815e+00 -6.392906066941737464e+01
6.300000000000000000e+02 4.424426011969795902e-01 -1.778566554253062648e+00 1.832772338088274777e+00 -6.497379637454234569e+01
6.400000000000000000e+02 5.406245353828750266e-01 -1.686246241089274456e+00 1.770791143485209718e+00 -6.601735637934284284e+01
6.500000000000000000e+02 6.316608319598321364e-01 -1.591056808882116869e+00 1.711857814107915932e+00 -6.705968739804940526e+01
6.600000000000000000e+02 7.155324205980391206e-01 -1.493191471706317275e+00 1.655780002326204814e+00 -6.810074412892593898e+01
6.700000000000000000e+02 7.921815826027674978e-01 -1.392861360263600634e+00 1.602377742210117306e+00 -6.914049097717628456e+01
6.800000000000000000e+02 8.615174507901762757e-01 -1.290305006316836645e+00 1.551482944586338508e+00 -7.017890366555332093e+01
6.900000000000000000e+02 9.234234397786146298e-01 -1.185796732102422535e+00 1.502938701011239830e+00 -7.121597064303531965e+01
7.000000000000000000e+02 9.777663097606026366e-01 -1.079653497672497409e+00 1.456598308230283578e+00 -7.225169426012031693e+01
7.100000000000000000e+02 1.024406627632670430e+00 -9.722399143174502711e-01 1.412324109306976272e+00 -7.328609163400209070e+01
7.200000000000000000e+02 1.063210406072368386e+00 -8.639711522937879584e-01 1.369986320945003611e+00 -7.431919509212747244e+01
7.300000000000000000e+02 1.094061483955081071e+00 -7.553134640791768772e-01 1.329461906070753097e+00 -7.535105214920204730e+01
7.400000000000000000e+02 1.116874037178816392e+00 -6.467822175706218202e-01 1.290633507967958948e+00 -7.638172508245763481e+01
7.500000000000000000e+02 1.131604681840151949e+00 -5.389374262565336249e-01 1.253388489408837847e+00 -7.741129012777221874e+01
7.600000000000000000e+02 1.138263698609576879e+00 -4.323768490178052648e-01 1.217618161468906335e+00 -7.843983629158591953e+01
7.700000000000000000e+02 1.136924828990905745e+00 -3.277268848941577994e-01 1.183217214994114475e+00 -7.946746386067223966e+01
7.800000000000000000e+02 1.127733108748636637e+00 -2.256316170057817705e-01 1.150083297487842104e+00 -8.049428272107833493e+01
7.900000000000000000e+02 1.110910405935362055e+00 -1.267404275395522251e-01 1.118116749712828151e+00 -8.152041053621519495e+01
8.000000000000000000e+02 1.086758455807683932e+00 -3.169464233022193517e-02 1.087220534952289430e+00 -8.254597081363507982e+01
8.100000000000000000e+02 1.055659247055600769e+00 5.888628175726548508e-02 1.057300354711561585e+00 -8.357109091711640758e+01
8.200000000000000000e+02 1.018072778855090732e+00 1.444185049262587672e-01 1.028264989003740304e+00 -8.459590007706248116e+01
8.300000000000000000e+02 9.745322800567782773e-01 2.243669575277967287e-01 1.000026847891066772e+00 -8.562052749078793568e+01
8.400000000000000000e+02 9.256370062316854330e-01 2.982574144484354539e-01 9.725026234304064987e-01 -8.664510057291975897e+01
8.500000000000000000e+02 8.720428552065536687e-01 3.656870785231247645e-01 9.456139702413328685e-01 -8.766974335409670971e+01
8.600000000000000000e+02 8.144511846379839382e-01 4.263332726380968385e-01 9.192881982906803140e-01 -8.869457507590165335e+01
8.700000000000000000e+02 7.535962497162317364e-01 4.799599692078968527e-01 8.934589412101792139e-01 -8.971970897875644368e+01
8.800000000000000000e+02 6.902316914142127002e-01 5.264220317548937711e-01 8.680667850744407943e-01 -9.074525120161955272e+01
8.900000000000000000e+02 6.251165365127494544e-01 5.656670117213660198e-01 8.430598154173141179e-01 -9.177129982385258700e+01
9.000000000000000000e+02 5.590012012982906731e-01 5.977343899405487271e-01 8.183940028925749122e-01 -9.279794412460053366e+01
9.100000000000000000e+02 4.926140404793660221e-01 6.227523649694164387e-01 7.940334381828058063e-01 -9.382526407253730838e+01
9.200000000000000000e+02 4.266489065132700875e-01 6.409324109466569830e-01 7.699504171249363926e-01 -9.485333003427851395e+01
9.300000000000000000e+02 3.617540735925851569e-01 6.525618818254944609e-01 7.461253375757053163e-01 -9.588220266803351421e+01
9.400000000000000000e+02 2.985228138723652891e-01 6.579950633745037525e-01 7.225464509825594295e-01 -9.691193291938812138e+01
9.500000000000000000e+02 2.374858399162637079e-01 6.576431018755461988e-01 6.992095348357481033e-01 -9.794256208474290304e+01
9.600000000000000000e+02 1.791057368358320578e-01 6.519631681348595498e-01 6.761174732041389523e-01 -9.897412198442086151e+01
9.700000000000000000e+02 1.237734331289625928e-01 6.414472012744202312e-01 6.532797063825849238e-01 -1.000066352930949165e+02
9.800000000000000000e+02 7.180670804753616632e-02 6.266106144148653190e-01 6.307115548473796185e-01 -1.010401160775926002e+02
9.900000000000000000e+02 2.345062420223718164e-02 6.079813818748698306e-01 6.084334741629119359e-01 -1.020745705417356533e+02
1.000000000000000000e+03 -2.112036737789918170e-02 5.860898484422478738e-01 5.864702723627468473e-01 -1.031099978953318441e+02
1.010000000000000000e+03 -6.179894307833386918e-02 5.614594097552320084e-01 5.648502263151645719e-01 -1.041463912501407236e+02
1.020000000000000000e+03 -9.854027963705989934e-02 5.345981637874979153e-01 5.436040686344376649e-01 -1.051837384852546222e+02
1.030000000000000000e+03 -1.313564637707690941e-01 5.059917091536587641e-01 5.227639336321914243e-01 -1.062220231348193096e+02
1.040000000000000000e+03 -1.603101800144212108e-01 4.760972354695812148e-01 5.023623507370292840e-01 -1.072612253315075037e+02
1.050000000000000000e+03 -1.855079851842155458e-01 4.453389262676413218e-01 4.824313130553641860e-01 -1.083013227257015956e+02
1.060000000000000000e+03 -2.070933950258256329e-01 4.141045892631418091e-01 4.630013878079827228e-01 -1.093422913591844718e+02
1.070000000000000000e+03 -2.252399639049661173e-01 3.827434137900759259e-01 4.441008468125136610e-01 -1.103841064643805936e+02
1.080000000000000000e+03 -2.401445828707205188e-01 3.515647744262804242e-01 4.257548723145206382e-01 -1.114267430244307491e+02
1.090000000000000000e+03 -2.520211394821295081e-01 3.208380496287257522e-01 4.079849370202724423e-01 -1.124701761382248009e+02
1.100000000000000000e+03 -2.610945796815341557e-01 2.907934036842050873e-01 3.908083714115168084e-01 -1.135143814853295936e+02
1.110000000000000000e+03 -2.675954495370520547e-01 2.616233885897693567e-01 3.742380553473022009e-01 -1.145593360097106341e+02
1.120000000000000000e+03 -2.717550769822544843e-01 2.334851704334736933e-01 3.582822165248776836e-01 -1.156050186108860487e+02
1.130000000000000000e+03 -2.738014817988885796e-01 2.065032289824507705e-01 3.429443613991132733e-01 -1.166514107420477870e+02
1.140000000000000000e+03 -2.739560338308063003e-01 1.807724391970610134e-01 3.282233740085568896e-01 -1.176984970383965390e+02
1.150000000000000000e+03 -2.724308895391273633e-01 1.563613498137892133e-01 3.141137712528223047e-01 -1.187462658662485637e+02
1.160000000000000000e+03 -2.694271820602842649e-01 1.333154609760797138e-01 3.006060853812014821e-01 -1.197947096221886198e+02
1.170000000000000000e+03 -2.651338617785444218e-01 1.116604140690954788e-01 2.876873524013284777e-01 -1.208438249075950353e+02
1.180000000000000000e+03 -2.597270594948588029e-01 9.140501242454097952e-02 2.753416454700894356e-01 -1.218936126927918053e+02
1.190000000000000000e+03 -2.533698906568178644e-01 7.254398227403438537e-02 2.635506229467561856e-01 -1.229440783809829725e+02
1.200000000000000000e+03 -2.462126424674505876e-01 5.506044977030581655e-02 2.522941109889666467e-01 -1.239952317910492781e+02
1.210000000000000000e+03 -2.383932493931574526e-01 3.892811272277588164e-02 2.415506971970590444e-01 -1.250470871146553549e+02
1.220000000000000000e+03 -2.300379329175250565e-01 2.411304952313636160e-02 2.312982700719419249e-01 -1.260996626919294386e+02
1.230000000000000000e+03 -2.212618566503703199e-01 1.057513944127245163e-02 2.215144301903859969e-01 -1.271529803751934935e+02
1.240000000000000000e+03 -2.121697379281846096e-01 -1.730840153601307004e-03 2.121767977422410190e-01 -1.282070644113977380e+02
1.250000000000000000e+03 -2.028564332832088757e-01 -1.285432586265568278e-02 2.032632928439572217e-01 -1.292619400313229505e+02
1.260000000000000000e+03 -1.934074682065647921e-01 -2.284820846251448337e-02 1.947523796722902545e-01 -1.303176319543488830e+02
1.270000000000000000e+03 -1.838994724589952112e-01 -3.176816686440880888e-02 1.866232364863005533e-01 -1.313741628108510611e+02
1.280000000000000000e+03 -1.744005206741258140e-01 -3.967203289374805070e-02 1.788558408476748907e-01 -1.324315516123111252e+02
1.290000000000000000e+03 -1.649704040814222727e-01 -4.661915570479611276e-02 1.714309770765359009e-01 -1.334898122986522822e+02
1.300000000000000000e+03 -1.556608651905471430e-01 -5.266978057988939282e-02 1.643301881524006081e-01 -1.345489521933452011e+02
1.310000000000000000e+03 -1.465158064244387048e-01 -5.788444353747140142e-02 1.575356795644920205e-01 -1.356089702530723571e+02
1.320000000000000000e+03 -1.375715117990984060e-01 -6.232334430927703034e-02 1.510301960025946799e-01 -1.366698553089670156e+02
1.330000000000000000e+03 -1.288569569216154731e-01 -6.604567519441954804e-02 1.447969148807592421e-01 -1.377315846539166557e+02
1.340000000000000000e+03 -1.203942351311731024e-01 -6.910894989817234491e-02 1.388193747603276573e-01 -1.387941229988954888e+02
1.350000000000000000e+03 -1.121990915203457395e-01 -7.156835999972248341e-02 1.330814272956252764e-01 -1.398574218487062524e+02
1.360000000000000000e+03 -1.042815219979503910e-01 -7.347617261486293072e-02 1.275671735688227171e-01 -1.409214192602248659e+02
1.370000000000000000e+03 -9.664641976417853719e-02 -7.488124478557679764e-02 1.222609147433114524e-01 -1.419860395285010100e+02
1.380000000000000000e+03 -8.929427982943889675e-02 -7.582869912875883633e-02 1.171471724875080694e-01 -1.430511926210840272e+02
1.390000000000000000e+03 -8.222194449688306761e-02 -7.635973000365092744e-02 1.122107683026855873e-01 -1.441167735827425815e+02
1.400000000000000000e+03 -7.542335405835474960e-02 -7.651152952228010284e-02 1.074369419112936180e-01 -1.451826618809539866e+02
1.410000000000000000e+03 -6.889025706792918646e-02 -7.631734349351212976e-02 1.028114995357624628e-01 -1.462487203535729918e+02
1.420000000000000000e+03 -6.261283822529714604e-02 -7.580662132115234542e-02 9.832096087180912380e-02 -1.473147935774350117e+02
1.430000000000000000e+03 -5.658026313238023047e-02 -7.500520522706181914e-02 9.395268483275530380e-02 -1.483807057487941847e+02
1.440000000000000000e+03 -5.078113516839658642e-02 -7.393553946549698275e-02 8.969497023270048275e-02 -1.494462578512494986e+02
1.450000000000000000e+03 -4.520386186467460765e-02 -7.261690218889475801e-02 8.553714755000947634e-02 -1.505112236692064300e+02
1.460000000000000000e+03 -3.983695350078125114e-02 -7.106568951229151609e-02 8.146971885357667809e-02 -1.515753442098452410e+02
1.470000000000000000e+03 -3.466931277009146356e-02 -6.929575876513076327e-02 7.748460124944583916e-02 -1.526383207332381744e+02
1.480000000000000000e+03 -2.969053634379037812e-02 -6.731877504638009158e-02 7.357544034613087980e-02 -1.536998068470696808e+02
1.490000000000000000e+03 -2.489120077724103069e-02 -6.514448747291502750e-02 6.973791023712788695e-02 -1.547593996612883984e+02
1.500000000000000000e+03 -2.026311490273632193e-02 -6.278092833907146508e-02 6.596998399785407308e-02 -1.558166294461251766e+02
1.510000000000000000e+03 -1.579957320392162690e-02 -6.023460444194842639e-02 6.227225775338542796e-02 -1.568709474928494387e+02
1.520000000000000000e+03 -1.149565235549084019e-02 -5.751072398226197979e-02 5.864838783839011055e-02 -1.579217127209273883e+02
1.530000000000000000e+03 -7.348534677529436517e-03 -5.461343527146308996e-02 5.510561018677809231e-02 -1.589681778093345201e+02
1.540000000000000000e+03 -3.357803952865627464e-03 -5.154606588589746158e-02 5.165531681927004043e-02 -1.600094756127118387e+02
1.550000000000000000e+03 4.743140847415667225e-04 -4.831138352237446948e-02 4.831371183936233188e-02 -1.610446081743879461e+02
1.560000000000000000e+03 4.142767774254626015e-03 -4.491191604958570671e-02 4.510258006008566189e-02 -1.620724439391280498e+02
1.570000000000000000e+03 7.639588724073193005e-03 -4.135035691852804313e-02 4.205015259380929377e-02 -1.630917331048855488e+02
1.580000000000000000e+03 1.095392021440374543e-02 -3.763004882935951784e-02 3.919194997653861062e-02 -1.641011585039649390e+02
1.590000000000000000e+03 1.407215363748593774e-02 -3.375549994551622912e-02 3.657129044166687604e-02 -1.650994487724850615e+02
1.600000000000000000e+03 1.697816921678914348e-02 -2.973287095919341025e-02 3.423889375301096549e-02 -1.660855849831682463e+02
1.610000000000000000e+03 1.965370426785116933e-02 -2.557041753256454608e-02 3.225080377661672382e-02 -1.670591195726690898e+02
1.620000000000000000e+03 2.207886059144821903e-02 -2.127889120420884891e-02 3.066377823910748646e-02 -1.680205792070961479e+02
1.630000000000000000e+03 2.423271630827594780e-02 -1.687188544857262662e-02 2.952769984721363011e-02 -1.689718301528337463e+02
1.640000000000000000e+03 2.609398544860010508e-02 -1.236610707509011413e-02 2.887588406931202237e-02 -1.699161850760739014e+02
1.650000000000000000e+03 2.764174754278278870e-02 -7.781527915424859068e-03 2.871616938098594390e-02 -1.708580410990816176e+02
1.660000000000000000e+03 2.885626100381358944e-02 -3.141388088318069170e-03 2.902674832360041535e-02 -1.718020656736785838e+02
1.670000000000000000e+03 2.971977199857817054e-02 1.527931450021414181e-03 2.975902253373648165e-02 -1.727522633316728502e+02
1.680000000000000000e+03 3.021725146361915401e-02 6.197148777996320558e-03 3.084618191919731231e-02 -1.737113478284055361e+02
1.690000000000000000e+03 3.033705196079618596e-02 1.083443490793141971e-02 3.221368810686305734e-02 -1.746806120669641018e+02
1.700000000000000000e+03 3.007149677431621149e-02 1.540586861414758660e-02 3.378810006502419583e-02 -1.756601839220404031e+02
1.710000000000000000e+03 2.941739700721885536e-02 1.987599027127164020e-02 3.550265111148762781e-02 -1.766494303695999974e+02
1.720000000000000000e+03 2.837648070660885383e-02 2.420845410350972587e-02 3.729978428053279393e-02 -1.776473286047085764e+02
1.730000000000000000e+03 2.695569378430312871e-02 2.836674448772168525e-02 3.913159363257273649e-02 -1.786527308126599110e+02
1.740000000000000000e+03 2.516735798452827619e-02 3.231490047265626192e-02 4.095911010360307053e-02 -1.796645227263757363e+02
1.750000000000000000e+03 2.302918443384016980e-02 3.601824511776267890e-02 4.275110895697398911e-02 -1.806817031096091455e+02
1.760000000000000000e+03 2.056412466820299254e-02 3.944413046582251337e-02 4.448283547138404126e-02 -1.817034129707785155e+02
1.770000000000000000e+03 1.780009095031708649e-02 4.256268700318874970e-02 4.613486276961244886e-02 -1.827289374797390167e+02
1.780000000000000000e+03 1.476957660790696215e-02 4.534756328933624292e-02 4.769215752571054345e-02 -1.837576954664084781e+02
1.790000000000000000e+03 1.150917206648085361e-02 4.777661723228696783e-02 4.914332300339816634e-02 -1.847892245951800305e+02
1.800000000000000000e+03 8.058971171360816005e-03 4.983249175292232824e-02 5.047993909114685540e-02 -1.858231661218353850e+02
1.810000000000000000e+03 4.461849943183101436e-03 5.150304923514903432e-02 5.169595908225001896e-02 -1.868592500303279564e+02
1.820000000000000000e+03 7.626167711579268267e-04 5.278168121469325319e-02 5.278719026609726694e-02 -1.878972805658677032e+02
1.830000000000000000e+03 -2.992906830386677427e-03 5.366748775039947850e-02 5.375087657643039252e-02 -1.889371231670483837e+02
1.840000000000000000e+03 -6.758801550500232250e-03 5.416530935820370457e-02 5.458536558702299646e-02 -1.899786936993598374e+02
1.850000000000000000e+03 -1.048994357262218215e-02 5.428561066881001235e-02 5.528984031304862157e-02 -1.910219495587942333e+02
1.860000000000000000e+03 -1.414289089743521119e-02 5.404424274845766318e-02 5.586413462312805195e-02 -1.920668817449424637e+02
1.870000000000000000e+03 -1.767675571943472246e-02 5.346209829675278163e-02 5.630864629038976471e-02 -1.931135076582944237e+02
1.880000000000000000e+03 -2.105404024563595905e-02 5.256465033451401120e-02 5.662433289191655394e-02 -1.941618646086887168e+02
1.890000000000000000e+03 -2.424139226966735838e-02 5.138137202101320661e-02 5.681276696248517555e-02 -1.952120042685991166e+02
1.900000000000000000e+03 -2.721022913952184097e-02 4.994504096047874819e-02 5.687621371337216181e-02 -1.962639882971349437e+02
1.910000000000000000e+03 -2.993722622900451061e-02 4.829091931504410351e-02 5.681769444969318045e-02 -1.973178843569716605e+02
1.920000000000000000e+03 -3.240469102031240389e-02 4.645583433704510851e-02 5.664104999091113674e-02 -1.983737616268612669e+02
1.930000000000000000e+03 -3.460077254933463520e-02 4.447722665164508676e-02 5.635101730787649837e-02 -1.994316865960870473e+02
1.940000000000000000e+03 -3.651948906918696391e-02 4.239221239902467298e-02 5.595330869536212920e-02 -2.004917194056044423e+02
1.950000000000000000e+03 -3.816060321330164845e-02 4.023667742076882103e-02 5.545468282720635717e-02 -2.015539101647470090e+02
1.960000000000000000e+03 -3.952934767700066326e-02 3.804441419727478541e-02 5.486298186740309890e-02 -2.026182950199054744e+02
1.970000000000000000e+03 -4.063598146757280843e-02 3.584634500861687972e-02 5.418711507646179620e-02 -2.036848924745299882e+02
1.980000000000000000e+03 -4.149518187507848094e-02 3.366987328338974517e-02 5.343697676483358250e-02 -2.047537002628478717e+02
1.990000000000000000e+03 -4.212531809675298250e-02 3.153836276560451762e-02 5.262329095265226575e-02 -2.058246921953123660e+02
2.000000000000000000e+03 -4.254764909381086174e-02 2.947073998217409480e-02 5.175738554551397724e-02 -2.068978145190126554e+02
2.010000000000000000e+03 -4.278545616393794604e-02 2.748125906858198478e-02 5.085090814479890226e-02 -2.079729825450500300e+02
2.020000000000000000e+03 -4.286313475452784016e-02 2.557945864139119646e-02 4.991549884926980291e-02 -2.090500782899675869e+02
2.030000000000000000e+03 -4.280529876420866714e-02 2.377028655983407651e-02 4.896243586086983929e-02 -2.101289489342313459e+02
2.040000000000000000e+03 -4.263595364161058832e-02 2.205439870683238018e-02 4.800230249945826311e-02 -2.112094065251206132e+02
2.050000000000000000e+03 -4.237777164336095637e-02 2.042860561849824466e-02 4.704469637454349734e-02 -2.122912291734934911e+02
2.060000000000000000e+03 -4.205148169974397970e-02 1.888643049213317021e-02 4.609798661414704624e-02 -2.133741639322995809e+02
2.070000000000000000e+03 -4.167537082855193170e-02 1.741875219975901751e-02 4.516912066770756295e-02 -2.144579316902486426e+02
2.080000000000000000e+03 -4.126489228926004393e-02 1.601452865817518806e-02 4.426348906025989044e-02 -2.155422346636891007e+02
2.090000000000000000e+03 -4.083240361534577756e-02 1.466155524707928905e-02 4.338486357325168491e-02 -2.166267658198972299e+02
2.100000000000000000e+03 -4.038706451309793943e-02 1.334718822539981281e-02 4.253542539471524137e-02 -2.177112186801457767e+02
2.110000000000000000e+03 -3.993489184447066714e-02 1.205900495298489750e-02 4.171588650724905589e-02 -2.187952968017993101e+02
2.120000000000000000e+03 -3.947893963710767673e-02 1.078540641314342310e-02 4.092568467804866272e-02 -2.198787230738645064e+02
2.130000000000000000e+03 -3.901955216098556417e-02 9.516165063268812105e-03 4.016320266556504259e-02 -2.209612490076930271e+02
2.140000000000000000e+03 -3.855470376440918445e-02 8.242886907657070647e-03 3.942601129880846100e-02 -2.220426629312971443e+02
2.150000000000000000e+03 -3.808041859487521635e-02 6.959384867079230347e-03 3.871112654120323349e-02 -2.231227968704326088e+02
2.160000000000000000e+03 -3.759124835363648887e-02 5.661921153710806551e-03 3.801525093874320166e-02 -2.242015310910432788e+02
2.170000000000000000e+03 -3.708077094010188424e-02 4.349308783016952139e-03 3.733497101113556621e-02 -2.252787960752102094e+02
2.180000000000000000e+03 -3.654208456482105349e-02 3.022896281847708110e-03 3.666690396356558912e-02 -2.263545725001776248e+02
2.190000000000000000e+03 -3.596830262526615196e-02 1.686426279993489099e-03 3.600781619788376992e-02 -2.274288888769970924e+02
2.200000000000000000e+03 -3.535304703857355263e-02 3.457992755255558624e-04 3.535473818387781936e-02 -2.285018177347399444e+02
2.210000000000000000e+03 -3.469088299258335506e-02 -9.912360716724929674e-04 3.470504158987414156e-02 -2.295734711160403663e+02
2.220000000000000000e+03 -3.397766183674619245e-02 -2.315441355391460732e-03 3.405646447537582361e-02 -2.306439959376923241e+02
2.230000000000000000e+03 -3.321077870359687850e-02 -3.616501427430309293e-03 3.340710859493663948e-02 -2.317135687182260995e+02
2.240000000000000000e+03 -3.238934501717425501e-02 -4.883485742613739508e-03 3.275542861328274713e-02 -2.327823894604483996e+02
2.250000000000000000e+03 -3.151426080068147478e-02 -6.105317883138069480e-03 3.210021090690113460e-02 -2.338506753839656369e+02
2.260000000000000000e+03 -3.058819626295933639e-02 -7.271206048424774283e-03 3.144055005911901290e-02 -2.349186554950994434e+02
2.270000000000000000e+03 -2.961551766821559836e-02 -8.371041322014870570e-03 3.077585448970135071e-02 -2.359865656487847048e+02
2.280000000000000000e+03 -2.860213174336881381e-02 -9.395788016396591086e-03 3.010585944154538923e-02 -2.370546428536869143e+02
2.290000000000000000e+03 -2.755523804488583042e-02 -1.033778845411791741e-02 2.943061354835160848e-02 -2.381231205349117204e+02
2.300000000000000000e+03 -2.648303021587335507e-02 -1.119096188887238469e-02 2.875045247318823091e-02 -2.391922252245556137e+02
2.310000000000000000e+03 -2.539436310697744739e-02 -1.195093579599739927e-02 2.806596771909120047e-02 -2.402621732817351585e+02
2.320000000000000000e+03 -2.429841521005817254e-02 -1.261509778175380105e-02 2.737797789763874931e-02 -2.413331680963398185e+02
2.330000000000000000e+03 -2.320436048987255945e-02 -1.318258747611938779e-02 2.668750565919375192e-02 -2.424053972468617815e+02
2.340000000000000000e+03 -2.212106349616338799e-02 -1.365422246158106562e-02 2.599575429241546970e-02 -2.434790300019813856e+02
2.350000000000000000e+03 -2.105679836180363029e-02 -1.403234883884168019e-02 2.530406234549301484e-02 -2.445542155302689764e+02
2.360000000000000000e+03 -2.001900454530265369e-02 -1.432063221399291174e-02 2.461383858713020456e-02 -2.456310816380915583e+02
2.370000000000000000e+03 -1.901411485891518413e-02 -1.452379873210696108e-02 2.392649772697147056e-02 -2.467097348037216875e+02
2.380000000000000000e+03 -1.804746696698592348e-02 -1.464733472667675666e-02 2.324339644973941882e-02 -2.477902621816934925e+02
2.390000000000000000e+03 -1.712325922125148073e-02 -1.469717066667238121e-02 2.256574465785405811e-02 -2.488727344583327863e+02
2.400000000000000000e+03 -1.624455481059055434e-02 -1.467938398287336327e-02 2.189451701022243971e-02 -2.499572089818228449e+02
2.410000000000000000e+03 -1.541333697635191222e-02 -1.459994101446752263e-02 2.123038469676204534e-02 -2.510437331402665961e+02
2.420000000000000000e+03 -1.463063092700023042e-02 -1.446447594598258661e-02 2.057368284274851272e-02 -2.521323492599916278e+02
2.430000000000000000e+03 -1.389669197060133636e-02 -1.427812093968351161e-02 1.992442684982442466e-02 -2.532231014541173693e+02
2.440000000000000000e+03 -1.321122752843110516e-02 -1.404541067807297747e-02 1.928237780782500466e-02 -2.543160433483932650e+02
2.450000000000000000e+03 -1.257361846574059014e-02 -1.377025709509545857e-02 1.864714084751438808e-02 -2.554112459829035231e+02
2.460000000000000000e+03 -1.198312216902882102e-02 -1.345596722323473722e-02 1.801827602271198481e-02 -2.565088062049193240e+02
2.470000000000000000e+03 -1.143905808988648215e-02 -1.310528065185146904e-02 1.739541407807212309e-02 -2.576088563392682431e+02
2.480000000000000000e+03 -1.094093248363908928e-02 -1.272046695995248181e-02 1.677838738648001690e-02 -2.587115715536371567e+02
2.490000000000000000e+03 -1.048848592966273273e-02 -1.230349051324359025e-02 1.616738123216645423e-02 -2.598171727747314321e+02
2.500000000000000000e+03 -1.008169736245068636e-02 -1.185621516751773387e-02 1.556311215041910299e-02 -2.609259261142437367e+02
2.510000000000000000e+03 -9.720768161206582228e-03 -1.138059107145582977e-02 1.496700326650688556e-02 -2.620381406738518422e+02
2.520000000000000000e+03 -9.406076677657365312e-03 -1.087881377549222706e-02 1.438133747701545589e-02 -2.631541630685595692e+02
2.530000000000000000e+03 -9.138090398172744530e-03 -1.035345113024361587e-02 1.380936806778353988e-02 -2.642743659507212328e+02
2.540000000000000000e+03 -8.917232183025383674e-03 -9.807527557537016466e-03 1.325536218282366216e-02 -2.653991279244810357e+02
2.550000000000000000e+03 -8.743692716083472857e-03 -9.244575039032632696e-03 1.272455617951354610e-02 -2.665288008169351883e+02
2.560000000000000000e+03 -8.617215942602278467e-03 -8.668633438448425377e-03 1.222299538949537037e-02 -2.676636640347983302e+02
2.570000000000000000e+03 -8.536890108089842735e-03 -8.084192527539875092e-03 1.175723868686579660e-02 -2.688038681842230062e+02
2.580000000000000000e+03 -8.500997331525759690e-03 -7.496093696517625374e-03 1.133394795901142976e-02 -2.699493740335711323e+02
2.590000000000000000e+03 -8.506911260853186954e-03 -6.909396420448973321e-03 1.095934752140581905e-02 -2.710998950241888110e+02
2.600000000000000000e+03 -8.551012621927962451e-03 -6.329219575436880948e-03 1.063855428591990379e-02 -2.722548553128063418e+02
2.610000000000000000e+03 -8.628668785142483075e-03 -5.760597163357999116e-03 1.037489299617979158e-02 -2.734133804063360458e+02
2.620000000000000000e+03 -8.734284474439789683e-03 -5.208326486738593109e-03 1.016928660589830856e-02 -2.745743361251260239e+02
2.630000000000000000e+03 -8.861379689830075831e-03 -4.676798864006341538e-03 1.001980526865187994e-02 -2.757364182060829876e+02
2.640000000000000000e+03 -9.002686067000222406e-03 -4.169848021159555315e-03 9.921491265960384956e-03 -2.768982780072156515e+02
2.650000000000000000e+03 -9.150289802338186160e-03 -3.690607913115535703e-03 9.866528783474217204e-03 -2.780586609422536526e+02
2.660000000000000000e+03 -9.295831204804727924e-03 -3.241363731043649804e-03 9.844740556517806926e-03 -2.792165293934816646e+02
2.670000000000000000e+03 -9.430714597705221885e-03 -2.823420670153996195e-03 9.844291853862480526e-03 -2.803711436517840525e+02
2.680000000000000000e+03 -9.546315336602089613e-03 -2.437002902562640256e-03 9.852467693575199179e-03 -2.815220929440120585e+02
2.690000000000000000e+03 -9.634192702774872774e-03 -2.081207470802105483e-03 9.856423974785333622e-03 -2.826692829508769478e+02
2.700000000000000000e+03 -9.686316899439863237e-03 -1.754012866415287060e-03 9.843845600776389079e-03 -2.838128964253322692e+02
2.710000000000000000e+03 -9.695287188618763319e-03 -1.452311891170274911e-03 9.803458751840072108e-03 -2.849533466392101673e+02
2.720000000000000000e+03 -9.654529722795474750e-03 -1.171967314537319471e-03 9.725402385232452887e-03 -2.860912373606853407e+02
2.730000000000000000e+03 -9.558480764024775145e-03 -9.078792001115244641e-04 9.601499838995301503e-03 -2.872273392833590151e+02
2.740000000000000000e+03 -9.402788693611078760e-03 -6.541030190826366839e-04 9.425512504700916949e-03 -2.883625838315795136e+02
2.750000000000000000e+03 -9.184490504565276728e-03 -4.040190641684668002e-04 9.193372462413414853e-03 -2.894980757996233365e+02
2.760000000000000000e+03 -8.902151651850633007e-03 -1.504991475705257694e-04 8.903423724947972032e-03 -2.906351324129788054e+02
2.770000000000000000e+03 -8.555973034967688171e-03 1.139511136024478499e-04 8.556731819531650587e-03 -2.917753542561248423e+02
2.780000000000000000e+03 -8.147833497777234521e-03 3.970216665535995933e-04 8.157500653460825202e-03 -2.929207254897672215e+02
2.790000000000000000e+03 -7.681295220989480498e-03 7.063682342202367084e-04 7.713705487916377827e-03 -2.940737383408712162e+02
2.800000000000000000e+03 -7.161590465958185027e-03 1.049374828669543628e-03 7.238063659097535539e-03 -2.952375295411414982e+02
2.810000000000000000e+03 -6.595590512463389565e-03 1.432925513481692319e-03 6.749451069182134041e-03 -2.964159673304163789e+02
2.820000000000000000e+03 -5.991720680221046882e-03 1.863146292111507712e-03 6.274713604268917361e-03 -2.976135120355786512e+02
2.830000000000000000e+03 -5.359819559304292158e-03 2.345114316948284598e-03 5.850403991850193670e-03 -2.988344774375994461e+02
2.840000000000000000e+03 -4.710941207249014565e-03 2.882590192286961506e-03 5.522888128038244172e-03 -3.000811549506682923e+02
2.850000000000000000e+03 -4.057110686447623626e-03 3.477778920380284085e-03 5.343696598903137363e-03 -3.013506993032024184e+02
2.860000000000000000e+03 -3.411023517995417833e-03 4.131113752297738487e-03 5.357348436936068548e-03 -3.026326219865195526e+02
2.870000000000000000e+03 -2.785674882399357278e-03 4.841065020279293300e-03 5.585328556226789101e-03 -3.039106786563084484e+02
2.880000000000000000e+03 -2.193942887355786447e-03 5.604062150108353631e-03 6.018213852569224975e-03 -3.051696830171182455e+02
2.890000000000000000e+03 -1.648168168289920179e-03 6.414520171103703199e-03 6.622879082125871994e-03 -3.064013302489806279e+02
2.900000000000000000e+03 -1.159738452962078654e-03 7.264925909510997100e-03 7.356911155502902921e-03 -3.076045334369676993e+02
2.910000000000000000e+03 -7.386735783918456149e-04 8.146006717680316991e-03 8.179429326053686000e-03 -3.087824011578379668e+02
2.920000000000000000e+03 -3.932749697776278196e-04 9.046984627414855415e-03 9.055528479914040987e-03 -3.099393901276281440e+02
2.930000000000000000e+03 -1.298365066292688733e-04 9.955876807496599756e-03 9.956723382945936035e-03 -3.110797926055195148e+02
2.940000000000000000e+03 4.758867656703481727e-05 1.085983715304736710e-02 1.085994142124373230e-02 -3.122072151109238121e+02
2.950000000000000000e+03 1.373301104600747771e-04 1.174556127045387963e-02 1.174636408073686210e-02 -3.133245246119282115e+02
2.960000000000000000e+03 1.401481526068366868e-04 1.259973990371761159e-02 1.260051932048885867e-02 -3.144339556990148026e+02
2.970000000000000000e+03 5.920986650519322210e-05 1.340949731961218680e-02 1.340962804006800083e-02 -3.155372485473834558e+02
2.980000000000000000e+03 -1.000252268002878385e-04 1.416278890472815258e-02 1.416314211627798733e-02 -3.166357706388342308e+02
2.990000000000000000e+03 -3.299935002167442158e-04 1.484879493059255637e-02 1.485246129774376797e-02 -3.177306131284571507e+02
3.000000000000000000e+03 -6.212544996090632252e-04 1.545826438509224909e-02 1.547074319328893728e-02 -3.188226655257279845e+02
3.010000000000000000e+03 -9.627975268480177314e-04 1.598378843480509001e-02 1.601275965617150049e-02 -3.199126698753632354e+02
3.020000000000000000e+03 -1.342412743389512133e-03 1.642001450688147443e-02 1.647479736991665222e-02 -3.210012598140286855e+02
3.030000000000000000e+03 -1.747105920837084417e-03 1.676381533343997490e-02 1.685461015960621964e-02 -3.220889890739312023e+02
3.040000000000000000e+03 -2.163522238314327228e-03 1.701439291817401916e-02 1.715139629446217617e-02 -3.231763534809799125e+02
3.050000000000000000e+03 -2.578364636775903364e-03 1.717329253325811794e-02 1.736576922088496275e-02 -3.242638081026717032e+02
3.060000000000000000e+03 -2.978816687032662114e-03 1.724431868597879960e-02 1.749971073471049895e-02 -3.253517792122713104e+02
3.070000000000000000e+03 -3.352954202143038857e-03 1.723334590924446505e-02 1.755649489816636308e-02 -3.264406717737344934e+02
3.080000000000000000e+03 -3.690125062814578888e-03 1.714806693957916794e-02 1.754061637296421700e-02 -3.275308734871228467e+02
3.090000000000000000e+03 -3.981264901592688511e-03 1.699771103118910553e-02 1.745773898637683480e-02 -3.286227570021675888e+02
3.100000000000000000e+03 -4.219142798713528854e-03 1.679269570793024899e-02 1.731461218436830193e-02 -3.297166795037775273e+02
3.110000000000000000e+03 -4.398540075089273603e-03 1.654425497255946828e-02 1.711898149392144727e-02 -3.308129791628656449e+02
3.120000000000000000e+03 -4.516297031469470105e-03 1.626405285878757337e-02 1.687946546161625885e-02 -3.319119715709807679e+02
3.130000000000000000e+03 -4.571294451643025114e-03 1.596379773667841798e-02 1.660540788843204926e-02 -3.330139422329231706e+02
3.140000000000000000e+03 -4.564446462533736787e-03 1.565484397146441747e-02 1.630669528997928316e-02 -3.341191301825915048e+02
3.150000000000000000e+03 -4.498614780704887628e-03 1.534783857836263289e-02 1.599355132460120177e-02 -3.352277087013782761e+02
3.160000000000000000e+03 -4.378427349554113793e-03 1.505240281216697895e-02 1.567627048998121442e-02 -3.363397650491803574e+02
3.170000000000000000e+03 -4.210045445266792988e-03 1.477682629439333248e-02 1.536486504938737972e-02 -3.374552784028773544e+02
3.180000000000000000e+03 -4.000883671384065747e-03 1.452782803749978063e-02 1.506867139594969020e-02 -3.385741001385235336e+02
3.190000000000000000e+03 -3.759283564154582407e-03 1.431042849987660195e-02 1.479596488120336374e-02 -3.396959419449283359e+02
3.200000000000000000e+03 -3.494139204405483264e-03 1.412787484376247342e-02 1.455355133226182360e-02 -3.408203761204931652e+02
3.210000000000000000e+03 -3.214480375341562980e-03 1.398157996982928031e-02 1.434633969123090894e-02 -3.419468518269908941e+02
3.220000000000000000e+03 -2.929091310533768824e-03 1.387116002746870483e-02 1.417704681564852659e-02 -3.430747261747186485e+02
3.230000000000000000e+03 -2.646159263062550834e-03 1.379459038513822407e-02 1.404609848816530497e-02 -3.442033094540475986e+02
3.240000000000000000e+03 -2.372926816249123008e-03 1.374842046414668714e-02 1.395169691952350202e-02 -3.453319205924383368e+02
3.250000000000000000e+03 -2.115380559592681693e-03 1.372804776918282871e-02 1.389007309069568291e-02 -3.464599437039377676e+02
3.260000000000000000e+03 -1.878036070165959226e-03 1.372808990973049294e-02 1.385595438973759655e-02 -3.475868745861814091e+02
3.270000000000000000e+03 -1.663822514650917066e-03 1.374279589640480491e-02 1.384314792272697131e-02 -3.487123507313948494e+02
3.280000000000000000e+03 -1.473997406208551282e-03 1.376645564616266540e-02 1.384514244821169991e-02 -3.498361677652134745e+02
3.290000000000000000e+03 -1.308166007428587839e-03 1.379380319371520912e-02 1.385569575481287660e-02 -3.509582786351175514e+02
3.300000000000000000e+03 -1.164419746259868658e-03 1.382035495267239233e-02 1.386932169802605058e-02 -3.520787776112373422e+02
3.310000000000000000e+03 -1.039562256174571741e-03 1.384269726918022775e-02 1.388167703739834509e-02 -3.531978755174519620e+02
3.320000000000000000e+03 -9.294070097653269347e-04 1.385870003652081225e-02 1.388982951990638641e-02 -3.543158702533280007e+02
3.330000000000000000e+03 -8.291603354695735711e-04 1.386766124654001918e-02 1.389242726490601092e-02 -3.554331132283411989e+02
3.340000000000000000e+03 -7.338359316802333526e-04 1.387035961185174165e-02 1.388975849094263408e-02 -3.565499755699266302e+02
3.350000000000000000e+03 -6.386171652201795123e-04 1.386897959742903509e-02 1.388367483621021428e-02 -3.576668191191691335e+02
3.360000000000000000e+03 -5.391898629928729408e-04 1.386698963608908562e-02 1.387746833092248083e-02 -3.587839696579090401e+02
3.370000000000000000e+03 -4.320577277249801709e-04 1.386896726290597417e-02 1.387569554363472270e-02 -3.599016902902266679e+02
3.380000000000000000e+03 -3.147898146510850321e-04 1.388031230891888061e-02 1.388388138888160643e-02 -3.610201580746269769e+02
3.390000000000000000e+03 -1.861501119862837969e-04 1.390690091870444567e-02 1.390814671431298520e-02 -3.621394484092572839e+02
3.400000000000000000e+03 -4.617540116905818903e-05 1.395473923451458209e-02 1.395481563013190561e-02 -3.632595241304691172e+02
3.410000000000000000e+03 1.038188689921808677e-04 1.402962976976574599e-02 1.403001389287466399e-02 -3.643802328958859675e+02
3.420000000000000000e+03 2.613202622139882054e-04 1.413688592527100572e-02 1.413930097082486889e-02 -3.655013159486245513e+02
3.430000000000000000e+03 4.227400395389144683e-04 1.428106056378927388e-02 1.428731605192684780e-02 -3.666224258630938380e+02
3.440000000000000000e+03 5.836031720077062852e-04 1.446567977943503079e-02 1.447744743190362837e-02 -3.677431551770151827e+02
3.450000000000000000e+03 7.388468893265343236e-04 1.469305191419329089e-02 1.471161681390072834e-02 -3.688630761996553247e+02
3.460000000000000000e+03 8.830936472082272747e-04 1.496419151944827601e-02 1.499022622312509365e-02 -3.699817784833865630e+02
3.470000000000000000e+03 1.010854772596601761e-03 1.527881780963060050e-02 1.531222064336739373e-02 -3.710988973143820431e+02
3.480000000000000000e+03 1.116747507378583124e-03 1.563536061943906000e-02 1.567519144046228621e-02 -3.722141364533216006e+02
3.490000000000000000e+03 1.195715477896360478e-03 1.603098205655785480e-02 1.607551309295478931e-02 -3.733272829868833469e+02
3.500000000000000000e+03 1.243218933799835127e-03 1.646164998931766779e-02 1.650852851371559238e-02 -3.744382120995623495e+02
3.510000000000000000e+03 1.255437693979182803e-03 1.692227702014794874e-02 1.696878261249436595e-02 -3.755468858585661565e+02
3.520000000000000000e+03 1.229423067139311142e-03 1.740691076876810933e-02 1.745027288009758787e-02 -3.766533444152179300e+02
3.530000000000000000e+03 1.163156667290352140e-03 1.790892547182344058e-02 1.794665832370997277e-02 -3.777576903994997224e+02
3.540000000000000000e+03 1.055575480644207814e-03 1.842120771588980424e-02 1.845142632175884867e-02 -3.788600726506309115e+02
3.550000000000000000e+03 9.066167653824527915e-04 1.893635969201785257e-02 1.895805033078958382e-02 -3.799606735631689389e+02
3.560000000000000000e+03 7.172604429063055443e-04 1.944691145514346881e-02 1.946013431832237933e-02 -3.810596993482130301e+02
3.570000000000000000e+03 4.895206663764866675e-04 1.994549340686246203e-02 1.995149963601743071e-02 -3.821573710536449653e+02
3.580000000000000000e+03 2.263724780474537753e-04 2.042500380512863103e-02 2.042625822166987959e-02 -3.832539157108762993e+02
3.590000000000000000e+03 -6.833841081639845929e-05 2.087878979036915036e-02 2.087890162936776803e-02 -3.843495599684291619e+02
3.600000000000000000e+03 -3.899713912778792618e-04 2.130080807436723206e-02 2.130437753859622599e-02 -3.854445272824195285e+02
3.610000000000000000e+03 -7.331951673313319125e-04 2.168576537776816318e-02 2.169815649249969003e-02 -3.865390359587336775e+02
3.620000000000000000e+03 -1.092149229101098927e-03 2.202922921835686124e-02 2.205628549628277368e-02 -3.876332963394567628e+02
3.630000000000000000e+03 -1.460614186221469287e-03 2.232771115714910978e-02 2.237543472914151413e-02 -3.887275090319812421e+02
3.640000000000000000e+03 -1.832155574028220598e-03 2.257871133143890541e-02 2.265292474352683522e-02 -3.898218651926739540e+02
3.650000000000000000e+03 -2.200318197878951658e-03 2.278075082730071643e-02 2.288676491834264540e-02 -3.909165450125640859e+02
3.660000000000000000e+03 -2.558843857445938352e-03 2.293339903971352428e-02 2.307571176370345339e-02 -3.920117154819556049e+02
3.670000000000000000e+03 -2.901837793910901856e-03 2.303726312870951753e-02 2.321930565377803429e-02 -3.931075302051985432e+02
3.680000000000000000e+03 -3.223893897410307335e-03 2.309393346233402575e-02 2.331787414462284727e-02 -3.942041302656886046e+02
3.690000000000000000e+03 -3.520220056764372836e-03 2.310589742012945230e-02 2.337251473071716781e-02 -3.953016440713802808e+02
3.700000000000000000e+03 -3.786768221075986329e-03 2.307641267401903257e-02 2.338504726233789702e-02 -3.964001857136013314e+02
3.710000000000000000e+03 -4.020340424679085152e-03 2.300938000507280617e-02 2.335796877616187414e-02 -3.974998531155039245e+02
3.720000000000000000e+03 -4.218620582096248989e-03 2.290923138630443501e-02 2.329441225545135496e-02 -3.986007281177541017e+02
3.730000000000000000e+03 -4.380173817380560164e-03 2.278078056457448139e-02 2.319805780236269474e-02 -3.997028763299214802e+02
3.740000000000000000e+03 -4.504429488941272784e-03 2.262904302998029402e-02 2.307300313079213225e-02 -4.008063460912504752e+02
3.750000000000000000e+03 -4.591655656324508672e-03 2.245908726307183773e-02 2.292365377413758953e-02 -4.019111668137111906e+02
3.760000000000000000e+03 -4.642892876072433374e-03 2.227590955633733036e-02 2.275461713193181745e-02 -4.030173482505121001e+02
3.770000000000000000e+03 -4.659869204127988461e-03 2.208431076656507813e-02 2.257058180539001091e-02 -4.041248798427088786e+02
3.780000000000000000e+03 -4.644927323636281920e-03 2.188876698418205577e-02 2.237618086112286644e-02 -4.052337289962232489e+02
3.790000000000000000e+03 -4.600906520317658843e-03 2.169330338132225214e-02 2.217583712969566773e-02 -4.063438411399041570e+02
3.800000000000000000e+03 -4.531019990408555360e-03 2.150141156661077718e-02 2.197363969646962470e-02 -4.074551405746498745e+02
3.810000000000000000e+03 -4.438749317875060989e-03 2.131598847387422557e-02 2.177323724495912327e-02 -4.085675312643525672e+02
3.820000000000000000e+03 -4.327702359382646149e-03 2.113929685592058627e-02 2.157774036534270898e-02 -4.096809002101465467e+02
3.830000000000000000e+03 -4.201491670774932900e-03 2.097290320303068015e-02 2.138960497585885162e-02 -4.107951206711372265e+02
3.840000000000000000e+03 -4.063623273572614797e-03 2.081763709923445740e-02 2.121054097624442553e-02 -4.119100561658968900e+02
3.850000000000000000e+03 -3.917350817791374548e-03 2.067365019172767715e-02 2.104151728558500273e-02 -4.130255680188676592e+02
3.860000000000000000e+03 -3.765532806674200782e-03 2.054051390903229024e-02 2.088281468014521747e-02 -4.141415240271383595e+02
3.870000000000000000e+03 -3.610495465107548419e-03 2.041730167499435783e-02 2.073407546024875342e-02 -4.152578073845028257e+02
3.880000000000000000e+03 -3.453935722527856546e-03 2.030272038316878469e-02 2.059441980082204679e-02 -4.163743245067503267e+02
3.890000000000000000e+03 -3.296879489063227371e-03 2.019528075437783052e-02 2.046261906779162434e-02 -4.174910105409039716e+02
3.900000000000000000e+03 -3.139670021893034482e-03 2.009351214555270618e-02 2.033732426328124093e-02 -4.186078334628165294e+02
3.910000000000000000e+03 -2.981999438443865350e-03 1.999620538312089219e-02 2.021733291942417673e-02 -4.197247957715089797e+02
3.920000000000000000e+03 -2.822993207107041356e-03 1.990266700693023305e-02 2.010187664463499238e-02 -4.208419329991268683e+02
3.930000000000000000e+03 -2.661371713738141555e-03 1.981291684739530309e-02 1.999086224754915639e-02 -4.219593072262325109e+02
3.940000000000000000e+03 -2.495710649858907514e-03 1.972779376210395327e-02 1.988503000671426948e-02 -4.230769941936669056e+02
3.950000000000000000e+03 -2.324715075206130587e-03 1.964904908033878253e-02 1.978609183094157814e-02 -4.241950686630872838e+02
3.960000000000000000e+03 -2.147468979911223378e-03 1.957937600610478932e-02 1.969679130742144069e-02 -4.253135895649608074e+02
3.970000000000000000e+03 -1.963710488102621277e-03 1.952234016024367858e-02 1.962085431915102512e-02 -4.264325823971828413e+02
3.980000000000000000e+03 -1.774144500492155817e-03 1.948220601350436273e-02 1.956282034526852370e-02 -4.275520186745275169e+02
3.990000000000000000e+03 -1.580723011432663000e-03 1.946372280466257890e-02 1.952780557706407585e-02 -4.286717971028552938e+02
4.000000000000000000e+03 -1.386854051923152491e-03 1.947179215732379801e-02 1.952111815392120961e-02 -4.297917293789922724e+02
4.010000000000000000e+03 -1.197488427839535526e-03 1.951104190709182853e-02 1.954775523775308457e-02 -4.309115350397785846e+02
4.020000000000000000e+03 -1.019108194306854800e-03 1.958542562091617617e-02 1.961192184014975970e-02 -4.320308459360105076e+02
4.030000000000000000e+03 -8.595739962913587435e-04 1.969782248025808355e-02 1.971656861421025933e-02 -4.331492227055993567e+02
4.040000000000000000e+03 -7.278458220450737979e-04 1.984960767321890251e-02 1.986294752350162285e-02 -4.342661814589713458e+02
4.050000000000000000e+03 -6.336705218593165255e-04 2.004029590329262089e-02 2.005031167393166516e-02 -4.353812237718614142e+02
4.060000000000000000e+03 -5.871774352071869449e-04 2.026731380164064830e-02 2.027581776586557388e-02 -4.364938695148877628e+02
4.070000000000000000e+03 -5.983420054327989301e-04 2.052589555685037023e-02 2.053461471677019493e-02 -4.376036907196790935e+02
4.080000000000000000e+03 -6.764415524640958032e-04 2.080904833322404224e-02 2.082004000256373888e-02 -4.387103374144076042e+02
4.090000000000000000e+03 -8.295518173008033019e-04 2.110762426218533092e-02 2.112391910160569403e-02 -4.398135522235717190e+02
4.100000000000000000e+03 -1.064079684509384614e-03 2.141054341704227981e-02 2.143696888527009403e-02 -4.409131750527077998e+02
4.110000000000000000e+03 -1.384298496883553135e-03 2.170512212450621467e-02 2.174922087726829933e-02 -4.420091418183149585e+02
4.120000000000000000e+03 -1.791995591128059482e-03 2.197756133781606988e-02 2.205049773941826496e-02 -4.431014755301420109e+02
4.130000000000000000e+03 -2.286233269811467367e-03 2.221351317278047466e-02 2.233085376874974215e-02 -4.441902733370590113e+02
4.140000000000000000e+03 -2.863249902188528314e-03 2.239865109521916794e-02 2.258091607724862712e-02 -4.452756912477266837e+02
4.150000000000000000e+03 -3.516488951095437122e-03 2.251924177623800677e-02 2.279214655796683517e-02 -4.463579291950239281e+02
4.160000000000000000e+03 -4.236728165305983680e-03 2.256274367673610434e-02 2.295707446014827111e-02 -4.474372190776333582e+02
4.170000000000000000e+03 -5.012353162772087249e-03 2.251836033658696085e-02 2.306946545710854279e-02 -4.485138140363042680e+02
4.180000000000000000e+03 -5.829724669795476565e-03 2.237745646995292076e-02 2.312436480836305500e-02 -4.495879800927027077e+02
4.190000000000000000e+03 -6.673613069823411924e-03 2.213387867841221796e-02 2.311808159766698401e-02 -4.506599903886340144e+02
4.200000000000000000e+03 -7.527746772809641891e-03 2.178422897991638685e-02 2.304820174601426505e-02 -4.642964902404622194e+02
