0.000000000000000000e+00 2.501975451384550464e-01 6.415751882402367379e-01
1.000000000000000000e+01 2.499913402917932070e-01 6.417717524320180056e-01
2.000000000000000000e+01 2.494953258763253634e-01 6.422601003429797561e-01
3.000000000000000000e+01 2.487302108148675417e-01 6.430189570003285171e-01
4.000000000000000000e+01 2.477267706449717000e-01 6.440178963917351229e-01
5.000000000000000000e+01 2.465298383827755901e-01 6.452119853781153047e-01
6.000000000000000000e+01 2.451949424196555871e-01 6.465451440365705960e-01
7.000000000000000000e+01 2.437862010816073677e-01 6.479530774713930796e-01
8.000000000000000000e+01 2.423727254784464880e-01 6.493667977074417674e-01
9.000000000000000000e+01 2.410240249993251538e-01 6.507168940790691858e-01
1.000000000000000000e+02 2.398052560557386026e-01 6.519381420811761751e-01
1.100000000000000000e+02 2.387729185617615546e-01 6.529739286786300223e-01
1.200000000000000000e+02 2.379713211758777702e-01 6.537799417958750636e-01
1.300000000000000000e+02 2.374300410507237113e-01 6.543266636418777482e-01
1.400000000000000000e+02 2.371626598836412692e-01 6.546005563365054902e-01
1.500000000000000000e+02 2.371667822479162357e-01 6.546040125245272678e-01
1.600000000000000000e+02 2.374251800616816732e-01 6.543542023514460348e-01
1.700000000000000000e+02 2.379078543417766090e-01 6.538810205418628119e-01
1.800000000000000000e+02 2.385747564257321152e-01 6.532243881362534976e-01
1.900000000000000000e+02 2.393788813655879366e-01 6.524311790253604082e-01
2.000000000000000000e+02 2.402694620022696459e-01 6.515520294154790726e-01
2.100000000000000000e+02 2.411950410237615472e-01 6.506382597266555656e-01
2.200000000000000000e+02 2.421062470662121990e-01 6.497391006768561406e-01
2.300000000000000000e+02 2.429581412977930566e-01 6.488993609011596275e-01
2.400000000000000000e+02 2.437120410036953122e-01 6.481576156728922067e-01
2.500000000000000000e+02 2.443367777101176364e-01 6.475449521009030152e-01
2.600000000000000000e+02 2.448094013528281931e-01 6.470842656991058206e-01
2.700000000000000000e+02 2.451153745729630351e-01 6.467900665915227165e-01
2.800000000000000000e+02 2.452483201161256843e-01 6.466687290398078769e-01
2.900000000000000000e+02 2.452094047405413701e-01 6.467191020280590452e-01
3.000000000000000000e+02 2.450064543872577383e-01 6.469333891574950979e-01
3.100000000000000000e+02 2.446528911211248158e-01 6.472982048476061401e-01
3.200000000000000000e+02 2.441665748403296365e-01 6.477957235793131430e-01
3.300000000000000000e+02 2.435686252080139502e-01 6.484048569944547147e-01
3.400000000000000000e+02 2.428822854007645637e-01 6.491023985592139223e-01
3.500000000000000000e+02 2.421318715635596697e-01 6.498640703402391861e-01
3.600000000000000000e+02 2.413418341743798490e-01 6.506654400633345992e-01
3.700000000000000000e+02 2.405359536162733625e-01 6.514827121035065005e-01
3.800000000000000000e+02 2.397366831308457569e-01 6.522933907921510954e-01
3.900000000000000000e+02 2.389646385211738888e-01 6.530768002446827314e-01
4.000000000000000000e+02 2.382382329211430172e-01 6.538144540488487477e-01
4.100000000000000000e+02 2.375734517282392932e-01 6.544902876597826769e-01
4.200000000000000000e+02 2.369837518451167468e-01 6.550907702515629261e-01
4.300000000000000000e+02 2.364800607304133329e-01 6.556049117210958066e-01
4.400000000000000000e+02 2.360708445656493903e-01 6.560241943590408020e-01
4.500000000000000000e+02 2.357622191812936974e-01 6.563424625038422056e-01
4.600000000000000000e+02 2.355580948572807976e-01 6.565557826766446059e-01
4.700000000000000000e+02 2.354603500409901407e-01 6.566622725601501953e-01
4.800000000000000000e+02 2.354690199018924790e-01 6.566619055659772553e-01
4.900000000000000000e+02 2.355824825270345646e-01 6.565563118468502601e-01
5.000000000000000000e+02 2.357976310628080163e-01 6.563485970410919412e-01
5.100000000000000000e+02 2.361100340701690892e-01 6.560431816529547211e-01
5.200000000000000000e+02 2.365140918048777852e-01 6.556456466715639975e-01
5.300000000000000000e+02 2.370031910274269793e-01 6.551625793222345395e-01
5.400000000000000000e+02 2.375698591471130661e-01 6.546014189485620527e-01
5.500000000000000000e+02 2.382059200659490117e-01 6.539702995494038884e-01
5.600000000000000000e+02 2.389026525389221500e-01 6.532778927732025842e-01
5.700000000000000000e+02 2.396509481802802377e-01 6.525332574530950946e-01
5.800000000000000000e+02 2.404414651143093884e-01 6.517456933096392735e-01
5.900000000000000000e+02 2.412647752725472217e-01 6.509245949916047103e-01
6.000000000000000000e+02 2.421115039002831315e-01 6.500793108797054964e-01
6.100000000000000000e+02 2.429724566315917822e-01 6.492190157213513224e-01
6.200000000000000000e+02 2.438387271242669629e-01 6.483526002451767134e-01
6.300000000000000000e+02 2.447017813986886725e-01 6.474885768854999890e-01
6.400000000000000000e+02 2.455535205228596141e-01 6.466350066703785426e-01
6.500000000000000000e+02 2.463863284633812656e-01 6.457994563932151211e-01
6.600000000000000000e+02 2.471931083945383967e-01 6.449889858285116073e-01
6.700000000000000000e+02 2.479672976448656918e-01 6.442101513509898014e-01
6.800000000000000000e+02 2.487028551947771671e-01 6.434690116144977656e-01
6.900000000000000000e+02 2.493942383516637995e-01 6.427711322354316970e-01
7.000000000000000000e+02 2.500363868820310032e-01 6.421215944054255997e-01
7.100000000000000000e+02 2.506247178365667572e-01 6.415250020093000716e-01
7.200000000000000000e+02 2.511551304252228611e-01 6.409854740637971338e-01
7.300000000000000000e+02 2.516240233734345355e-01 6.405066202583222790e-01
7.400000000000000000e+02 2.520283271821169846e-01 6.400915068590881107e-01
7.500000000000000000e+02 2.523655508904535383e-01 6.397426152969868385e-01
7.600000000000000000e+02 2.526338447857569003e-01 6.394617884847222378e-01
7.700000000000000000e+02 2.528320738887650521e-01 6.392501665216946405e-01
7.800000000000000000e+02 2.529598870070163819e-01 6.391081213082704382e-01
7.900000000000000000e+02 2.530177725747643214e-01 6.390351973528310969e-01
8.000000000000000000e+02 2.530071008515029640e-01 6.390300660412054912e-01
8.100000000000000000e+02 2.529301493202370521e-01 6.390904993247411570e-01
8.200000000000000000e+02 2.527901068527899642e-01 6.392133664596462150e-01
8.300000000000000000e+02 2.525910528997789006e-01 6.393946538491803722e-01
8.400000000000000000e+02 2.523379103816286717e-01 6.396295070262736360e-01
8.500000000000000000e+02 2.520363727848625723e-01 6.399123001635477204e-01
8.600000000000000000e+02 2.516928023964920547e-01 6.402367367192349779e-01
8.700000000000000000e+02 2.513141010450870017e-01 6.405959803206859871e-01
8.800000000000000000e+02 2.509075612675350508e-01 6.409828096293338495e-01
8.900000000000000000e+02 2.504807056826310885e-01 6.413897799968908409e-01
9.000000000000000000e+02 2.500411226005907483e-01 6.418093831485758294e-01
9.100000000000000000e+02 2.495963015596434353e-01 6.422342088984781538e-01
9.200000000000000000e+02 2.491534649028314674e-01 6.426571115775240317e-01
9.300000000000000000e+02 2.487193949991174657e-01 6.430713778843565320e-01
9.400000000000000000e+02 2.483002680636711978e-01 6.434708889917594155e-01
9.500000000000000000e+02 2.479015051799697000e-01 6.438502712109680504e-01
9.600000000000000000e+02 2.475276428277889684e-01 6.442050287766059036e-01
9.700000000000000000e+02 2.471822233215788811e-01 6.445316519964285895e-01
9.800000000000000000e+02 2.468677081415981134e-01 6.448277001425509747e-01
9.900000000000000000e+02 2.465854220862233881e-01 6.450918567852260699e-01
1.000000000000000000e+03 2.463355393881478950e-01 6.453239527840674006e-01
1.010000000000000000e+03 2.461171108661059093e-01 6.455249512537690748e-01
1.020000000000000000e+03 2.459281225315294861e-01 6.456968889153060775e-01
1.030000000000000000e+03 2.457655826650796682e-01 6.458427768564599658e-01
1.040000000000000000e+03 2.456256443208499063e-01 6.459664657716308600e-01
1.050000000000000000e+03 2.455037725669908522e-01 6.460724757805353935e-01
1.060000000000000000e+03 2.453949520183884014e-01 6.461658012986831734e-01
1.070000000000000000e+03 2.452939107817226627e-01 6.462517053857390614e-01
1.080000000000000000e+03 2.451953347303338637e-01 6.463355093824078024e-01
1.090000000000000000e+03 2.450940611853521245e-01 6.464223899679009122e-01
1.100000000000000000e+03 2.449852519187656064e-01 6.465171959053026551e-01
1.110000000000000000e+03 2.448645446386921165e-01 6.466242890497203577e-01
1.120000000000000000e+03 2.447281803124284338e-01 6.467474137724786853e-01
1.130000000000000000e+03 2.445731048423918919e-01 6.468896004719363324e-01
1.140000000000000000e+03 2.443970428122010652e-01 6.470531019857947985e-01
1.150000000000000000e+03 2.441985413304667007e-01 6.472393578251983692e-01
1.160000000000000000e+03 2.439769853216390838e-01 6.474489755968202420e-01
1.170000000000000000e+03 2.437325938488839883e-01 6.476817221775453826e-01
1.180000000000000000e+03 2.434664074295869451e-01 6.479365336103236617e-01
1.190000000000000000e+03 2.431802631707100093e-01 6.482115461993571692e-01
1.200000000000000000e+03 2.428767537660275477e-01 6.485041408463363410e-01
1.210000000000000000e+03 2.425591734325037163e-01 6.488110009772245501e-01
1.220000000000000000e+03 2.422314441966622323e-01 6.491281926295922045e-01
1.230000000000000000e+03 2.418980093524771002e-01 6.494512701463960314e-01
1.240000000000000000e+03 2.415636933191954716e-01 6.497754067404415412e-01
1.250000000000000000e+03 2.412335368829020832e-01 6.500955505959103986e-01
1.260000000000000000e+03 2.409126130311812775e-01 6.504066079059991345e-01
1.270000000000000000e+03 2.406058231918576096e-01 6.507036568317913217e-01
1.280000000000000000e+03 2.403176784179750225e-01 6.509821755407644295e-01
1.290000000000000000e+03 2.400520787045217486e-01 6.512382612866719489e-01
1.300000000000000000e+03 2.398121066813851399e-01 6.514688311524856612e-01
1.310000000000000000e+03 2.395998506718900467e-01 6.516717928240221003e-01
1.320000000000000000e+03 2.394162782328420613e-01 6.518461750981802139e-01
1.330000000000000000e+03 2.392611739031577645e-01 6.519921992351996876e-01
1.340000000000000000e+03 2.391331445898757235e-01 6.521112752729851803e-01
1.350000000000000000e+03 2.390296991746158894e-01 6.522059192439847441e-01
1.360000000000000000e+03 2.389474066068102698e-01 6.522795878799185765e-01
1.370000000000000000e+03 2.388821255644529018e-01 6.523364381329310735e-01
1.380000000000000000e+03 2.388292947579183922e-01 6.523810377546790384e-01
1.390000000000000000e+03 2.387842595807670443e-01 6.524180482440075091e-01
1.400000000000000000e+03 2.387425992005060282e-01 6.524518956282995275e-01
1.410000000000000000e+03 2.387004325670836757e-01 6.524864578154782047e-01
1.420000000000000000e+03 2.386546885596454726e-01 6.525247948428469780e-01
1.430000000000000000e+03 2.386033140386406848e-01 6.525689468863205001e-01
1.440000000000000000e+03 2.385453942150720930e-01 6.526198172056663083e-01
1.450000000000000000e+03 2.384811751993012874e-01 6.526771434069938982e-01
1.460000000000000000e+03 2.384119918093028367e-01 6.527395641971519558e-01
1.470000000000000000e+03 2.383401145886740458e-01 6.528047834600356758e-01
1.480000000000000000e+03 2.382685302785506609e-01 6.528698021713530419e-01
1.490000000000000000e+03 2.382006751037757386e-01 6.529311753209349201e-01
1.500000000000000000e+03 2.381401511543858318e-01 6.529852850166645295e-01
1.510000000000000000e+03 2.380904510239481575e-01 6.530286260660295161e-01
1.520000000000000000e+03 2.380547038622138345e-01 6.530580614039545040e-01
1.530000000000000000e+03 2.380354630827567208e-01 6.530710242178369151e-01
1.540000000000000000e+03 2.380345606555131222e-01 6.530656643663252936e-01
1.550000000000000000e+03 2.380530334226609868e-01 6.530409292093204421e-01
1.560000000000000000e+03 2.380911152347753301e-01 6.529965739213861031e-01
1.570000000000000000e+03 2.381482873924385402e-01 6.529331119763128743e-01
1.580000000000000000e+03 2.382233772255416826e-01 6.528517145662554588e-01
1.590000000000000000e+03 2.383146949519387714e-01 6.527540700753517999e-01
1.600000000000000000e+03 2.384201918904871598e-01 6.526422236385306386e-01
1.610000000000000000e+03 2.385376194088524027e-01 6.525184203713561004e-01
1.620000000000000000e+03 2.386646774789825676e-01 6.523849611634457979e-01
1.630000000000000000e+03 2.387991444558452969e-01 6.522440734934258355e-01
1.640000000000000000e+03 2.389389800206688785e-01 6.520978070033079943e-01
1.650000000000000000e+03 2.390823978736045796e-01 6.519479591767418647e-01
1.660000000000000000e+03 2.392279063496080826e-01 6.517960278528606155e-01
1.670000000000000000e+03 2.393743204746490993e-01 6.516431933478576966e-01
1.680000000000000000e+03 2.395207505802031400e-01 6.514903298416941935e-01
1.690000000000000000e+03 2.396665694629938614e-01 6.513380424434715987e-01
1.700000000000000000e+03 2.398113696270291473e-01 6.511867315867111428e-01
1.710000000000000000e+03 2.399549149095304423e-01 6.510366503983585629e-01
1.720000000000000000e+03 2.400970851920771476e-01 6.508879297417725640e-01
1.730000000000000000e+03 2.402378323524753112e-01 6.507406102753778843e-01
1.740000000000000000e+03 2.403771566021501993e-01 6.505946918115448341e-01
1.750000000000000000e+03 2.405150896911616987e-01 6.504501552838790612e-01
1.760000000000000000e+03 2.406516852841674159e-01 6.503069662705364129e-01
1.770000000000000000e+03 2.407870116364004831e-01 6.501650873755109306e-01
1.780000000000000000e+03 2.409211392466259205e-01 6.500244779718916677e-01
1.790000000000000000e+03 2.410541349314218595e-01 6.498850725202274248e-01
1.800000000000000000e+03 2.411860698600435393e-01 6.497467768993566706e-01
1.810000000000000000e+03 2.413170321788918049e-01 6.496094851934308689e-01
1.820000000000000000e+03 2.414471339183698606e-01 6.494730867735120095e-01
1.830000000000000000e+03 2.415765091638807649e-01 6.493374624745620327e-01
1.840000000000000000e+03 2.417053040284912468e-01 6.492024660515250956e-01
1.850000000000000000e+03 2.418336713078433065e-01 6.490679193996412577e-01
1.860000000000000000e+03 2.419617780588986522e-01 6.489336345899345826e-01
1.870000000000000000e+03 2.420898203614706146e-01 6.487994239052853329e-01
1.880000000000000000e+03 2.422180385236076539e-01 6.486650758146627060e-01
1.890000000000000000e+03 2.423467368033915270e-01 6.485303304413838621e-01
1.900000000000000000e+03 2.424763088263640898e-01 6.483948511559606276e-01
1.910000000000000000e+03 2.426072651559769422e-01 6.482581742961790461e-01
1.920000000000000000e+03 2.427402669237873345e-01 6.481196581231499776e-01
1.930000000000000000e+03 2.428761545768666485e-01 6.479784560754923151e-01
1.940000000000000000e+03 2.430159682585655567e-01 6.478335323878112728e-01
1.950000000000000000e+03 2.431609634169172862e-01 6.476836619186963073e-01
1.960000000000000000e+03 2.433126173240366674e-01 6.475274127046313222e-01
1.970000000000000000e+03 2.434726237535085602e-01 6.473631304787085261e-01
1.980000000000000000e+03 2.436428790546406042e-01 6.471889396442475073e-01
1.990000000000000000e+03 2.438254582345346644e-01 6.470027794036531388e-01
2.000000000000000000e+03 2.440225800764277975e-01 6.468024526540133712e-01
2.010000000000000000e+03 2.442365629272764405e-01 6.465856528067301934e-01
2.020000000000000000e+03 2.444697819019169271e-01 6.463500052740287494e-01
2.030000000000000000e+03 2.447246254520849262e-01 6.460931180053213208e-01
2.040000000000000000e+03 2.450034485486363434e-01 6.458126237748257337e-01
2.050000000000000000e+03 2.453085218816115076e-01 6.455062035288401390e-01
2.060000000000000000e+03 2.456419848521035898e-01 6.451716414353425577e-01
2.070000000000000000e+03 2.460057986547013464e-01 6.448069032571646098e-01
2.080000000000000000e+03 2.464016920215642281e-01 6.444102075409796626e-01
2.090000000000000000e+03 2.468311024204009330e-01 6.439800820463089659e-01
2.100000000000000000e+03 2.472951161632800932e-01 6.435154076750528862e-01
2.110000000000000000e+03 2.477944106608983010e-01 6.430154703973919306e-01
2.120000000000000000e+03 2.483292102035283555e-01 6.424800267418137034e-01
2.130000000000000000e+03 2.488992572167802453e-01 6.419093646281539556e-01
2.140000000000000000e+03 2.495037789988916177e-01 6.413043315278681433e-01
2.150000000000000000e+03 2.501414527382594399e-01 6.406663393565142917e-01
2.160000000000000000e+03 2.508103890783597301e-01 6.399973404552977696e-01
2.170000000000000000e+03 2.515081453086959185e-01 6.392997903739185972e-01
2.180000000000000000e+03 2.522317720737328184e-01 6.385766294023763612e-01
2.190000000000000000e+03 2.529778744640890364e-01 6.378312388912128483e-01
2.200000000000000000e+03 2.537426785897448078e-01 6.370673617491617868e-01
2.210000000000000000e+03 2.545221115492435349e-01 6.362890197824511151e-01
2.220000000000000000e+03 2.553118944083682673e-01 6.355004411646733020e-01
2.230000000000000000e+03 2.561076477235046944e-01 6.347059961722144594e-01
2.240000000000000000e+03 2.569049798859270317e-01 6.339101005042809822e-01
2.250000000000000000e+03 2.576995561628132592e-01 6.331170730113844236e-01
2.260000000000000000e+03 2.584871898925064637e-01 6.323310619001072386e-01
2.270000000000000000e+03 2.592639390463876148e-01 6.315559999812900838e-01
2.280000000000000000e+03 2.600261836459438758e-01 6.307955221827574732e-01
2.290000000000000000e+03 2.607706717266530250e-01 6.300528769592039779e-01
2.300000000000000000e+03 2.614945758020678079e-01 6.293309061749352562e-01
2.310000000000000000e+03 2.621955339903191406e-01 6.286320068053100618e-01
2.320000000000000000e+03 2.628716528421350951e-01 6.279580878871540150e-01
2.330000000000000000e+03 2.635215070427149864e-01 6.273105747562922607e-01
2.340000000000000000e+03 2.641441189923260380e-01 6.266904314636680962e-01
2.350000000000000000e+03 2.647389104321604680e-01 6.260981855205484115e-01
2.360000000000000000e+03 2.653056562237585125e-01 6.255340136077643942e-01
2.370000000000000000e+03 2.658444130932837157e-01 6.249978243851523896e-01
2.380000000000000000e+03 2.663554430686867480e-01 6.244893462141903884e-01
2.390000000000000000e+03 2.668391558892216908e-01 6.240082276303886566e-01
2.400000000000000000e+03 2.672960413468521979e-01 6.235540851114325100e-01
2.410000000000000000e+03 2.677265817874364684e-01 6.231264632406511295e-01
2.420000000000000000e+03 2.681312084142151719e-01 6.227248838267757103e-01
2.430000000000000000e+03 2.685102922679432069e-01 6.223489530504852096e-01
2.440000000000000000e+03 2.688641262540633625e-01 6.219983960589650085e-01
2.450000000000000000e+03 2.691928989830598140e-01 6.216730366534650720e-01
2.460000000000000000e+03 2.694966847667072951e-01 6.213727897979106629e-01
2.470000000000000000e+03 2.697754454430437154e-01 6.210977195211164759e-01
2.480000000000000000e+03 2.700290168042115968e-01 6.208480336857434834e-01
2.490000000000000000e+03 2.702570944588835733e-01 6.206240460703947859e-01
2.500000000000000000e+03 2.704592435486224966e-01 6.204262209201372169e-01
2.510000000000000000e+03 2.706348966510303544e-01 6.202552049879622720e-01
2.520000000000000000e+03 2.707833178984032640e-01 6.201117713301687040e-01
2.530000000000000000e+03 2.709035861979219306e-01 6.199967665849723808e-01
2.540000000000000000e+03 2.709946362546411525e-01 6.199111409916691073e-01
2.550000000000000000e+03 2.710553167527243734e-01 6.198559598951033367e-01
2.560000000000000000e+03 2.710844097443798617e-01 6.198322973264169811e-01
2.570000000000000000e+03 2.710806998909990884e-01 6.198412223687096434e-01
2.580000000000000000e+03 2.710430663239826732e-01 6.198838391778574985e-01
2.590000000000000000e+03 2.709705216189275956e-01 6.199612640535447916e-01
2.600000000000000000e+03 2.708622114532496239e-01 6.200745015127465676e-01
2.610000000000000000e+03 2.707174293572333634e-01 6.202243720542531813e-01
2.620000000000000000e+03 2.705356465358960127e-01 6.204115179631967125e-01
2.630000000000000000e+03 2.703164938973456888e-01 6.206363525553949545e-01
2.640000000000000000e+03 2.700597536247081876e-01 6.208990482567404712e-01
2.650000000000000000e+03 2.697653711967264445e-01 6.211995359455060317e-01
2.660000000000000000e+03 2.694334628151690558e-01 6.215375403826544076e-01
2.670000000000000000e+03 2.690643126858583423e-01 6.219126767131493150e-01
2.680000000000000000e+03 2.686583339243110435e-01 6.223244458796970413e-01
2.690000000000000000e+03 2.682160482212674335e-01 6.227722558393230523e-01
2.700000000000000000e+03 2.677380842410803652e-01 6.232554828748394504e-01
2.710000000000000000e+03 2.672251464474582061e-01 6.237734054397274797e-01
2.720000000000000000e+03 2.666780140014639033e-01 6.243251881463559583e-01
2.730000000000000000e+03 2.660975506594419060e-01 6.249099657703931499e-01
2.740000000000000000e+03 2.654847178170479660e-01 6.255269505006811892e-01
2.750000000000000000e+03 2.648405340171050004e-01 6.261753743382264537e-01
2.760000000000000000e+03 2.641659897444825211e-01 6.268543257012866299e-01
2.770000000000000000e+03 2.634620487485789808e-01 6.275628310226927242e-01
2.780000000000000000e+03 2.627296758348096062e-01 6.282999669835849232e-01
2.790000000000000000e+03 2.619698545016584945e-01 6.290649343942491534e-01
2.800000000000000000e+03 2.611834963900446782e-01 6.298568896800059713e-01
2.810000000000000000e+03 2.603713766246320005e-01 6.306748431883739681e-01
2.820000000000000000e+03 2.595342217951012720e-01 6.315178402644779920e-01
2.830000000000000000e+03 2.586727701522957279e-01 6.323850112858649952e-01
2.840000000000000000e+03 2.577877977204942050e-01 6.332755476799095673e-01
2.850000000000000000e+03 2.568801078120023229e-01 6.341886075884110019e-01
2.860000000000000000e+03 2.559505554925752269e-01 6.351232832413334917e-01
2.870000000000000000e+03 2.550001289309867802e-01 6.360785789790639466e-01
2.880000000000000000e+03 2.540299955159697753e-01 6.370533124170483230e-01
2.890000000000000000e+03 2.530415313851047121e-01 6.380460663796472254e-01
2.900000000000000000e+03 2.520363666805486291e-01 6.390551723838976406e-01
2.910000000000000000e+03 2.510164198650640111e-01 6.400786571656997825e-01
2.920000000000000000e+03 2.499839354028350058e-01 6.411142942367643593e-01
2.930000000000000000e+03 2.489414853610931178e-01 6.421596036709116273e-01
2.940000000000000000e+03 2.478919728971957503e-01 6.432118854246563489e-01
2.950000000000000000e+03 2.468385573324561044e-01 6.442681592893628739e-01
2.960000000000000000e+03 2.457845617982369335e-01 6.453251427335426893e-01
2.970000000000000000e+03 2.447334178006785044e-01 6.463793810542866058e-01
2.980000000000000000e+03 2.436886103673953363e-01 6.474274531428793056e-01
2.990000000000000000e+03 2.426535887776904155e-01 6.484661805555842484e-01
3.000000000000000000e+03 2.416315275044295940e-01 6.494924496856777640e-01
3.010000000000000000e+03 2.406252183067202899e-01 6.505032916491140238e-01
3.020000000000000000e+03 2.396370081818280928e-01 6.514960347422800169e-01
3.030000000000000000e+03 2.386687313325004112e-01 6.524684547315894312e-01
3.040000000000000000e+03 2.377217207407919808e-01 6.534191352830299726e-01
3.050000000000000000e+03 2.367967503044144384e-01 6.543475229165174323e-01
3.060000000000000000e+03 2.358939468848629539e-01 6.552537163247851293e-01
3.070000000000000000e+03 2.350128718267126549e-01 6.561384712276682185e-01
3.080000000000000000e+03 2.341525214431189328e-01 6.570029198353923849e-01
3.090000000000000000e+03 2.333113314999324950e-01 6.578482826534506334e-01
3.100000000000000000e+03 2.324874278274477457e-01 6.586760973993510682e-01
3.110000000000000000e+03 2.316788145921860886e-01 6.594882264888819456e-01
3.120000000000000000e+03 2.308834549518859469e-01 6.602865928890342406e-01
3.130000000000000000e+03 2.300994516073344154e-01 6.610731916186822765e-01
3.140000000000000000e+03 2.293251924810136844e-01 6.618499819616684432e-01
3.150000000000000000e+03 2.285593314146813770e-01 6.626184408412925109e-01
3.160000000000000000e+03 2.278008577939837076e-01 6.633795333550510653e-01
3.170000000000000000e+03 2.270492264172012942e-01 6.641339549506174444e-01
3.180000000000000000e+03 2.263043533615482772e-01 6.648820271506316049e-01
3.190000000000000000e+03 2.255666062377722214e-01 6.656236005976858827e-01
3.200000000000000000e+03 2.248367514108244314e-01 6.663579249481970113e-01
3.210000000000000000e+03 2.241159003954803497e-01 6.670836603444608714e-01
3.220000000000000000e+03 2.234054766144354665e-01 6.677989552395978690e-01
3.230000000000000000e+03 2.227072209940756109e-01 6.685016137627010080e-01
3.240000000000000000e+03 2.220231909704087070e-01 6.691893413831609960e-01
3.250000000000000000e+03 2.213557653210741216e-01 6.698600296405965437e-01
3.260000000000000000e+03 2.207075183488829417e-01 6.705116893254760013e-01
3.270000000000000000e+03 2.200809791437575713e-01 6.711421269436717019e-01
3.280000000000000000e+03 2.194785393262866924e-01 6.717490518567218460e-01
3.290000000000000000e+03 2.189024148863404351e-01 6.723302927410842456e-01
3.300000000000000000e+03 2.183545351179844163e-01 6.728838741238976073e-01
3.310000000000000000e+03 2.178364581186460758e-01 6.734080504607987683e-01
3.320000000000000000e+03 2.173493882145408063e-01 6.739014597529819905e-01
3.330000000000000000e+03 2.168941597177747316e-01 6.743631493706598867e-01
3.340000000000000000e+03 2.164711958665061498e-01 6.747925471742574066e-01
3.350000000000000000e+03 2.160805716254615150e-01 6.751895161344025897e-01
3.360000000000000000e+03 2.157220686984298863e-01 6.755542606481907963e-01
3.370000000000000000e+03 2.153951849093185544e-01 6.758872012913742511e-01
3.380000000000000000e+03 2.150991946275639666e-01 6.761889488101427981e-01
3.390000000000000000e+03 2.148332653626120192e-01 6.764603742643261475e-01
3.400000000000000000e+03 2.145964355045454075e-01 6.767023080576963778e-01
3.410000000000000000e+03 2.143876427826525155e-01 6.769154525695767477e-01
3.420000000000000000e+03 2.142059798592598208e-01 6.771010639015845323e-01
3.430000000000000000e+03 2.140505409957514926e-01 6.772605040960139045e-01
3.440000000000000000e+03 2.139202246777938687e-01 6.773946499785447051e-01
3.450000000000000000e+03 2.138139665109385634e-01 6.775047119559854947e-01
3.460000000000000000e+03 2.137307008886801807e-01 6.775922972895676022e-01
3.470000000000000000e+03 2.136690335180446987e-01 6.776584861239159929e-01
3.480000000000000000e+03 2.136273123590182732e-01 6.777041094197397975e-01
3.490000000000000000e+03 2.136039609029137809e-01 6.777307034941630892e-01
3.500000000000000000e+03 2.135974478299354773e-01 6.777403807733083374e-01
3.510000000000000000e+03 2.136061128546868360e-01 6.777352645257571639e-01
3.520000000000000000e+03 2.136280972665047517e-01 6.777170630421627262e-01
3.530000000000000000e+03 2.136614942685702567e-01 6.776874205838535614e-01
3.540000000000000000e+03 2.137044109224084387e-01 6.776479469561758062e-01
3.550000000000000000e+03 2.137549715647869553e-01 6.776000238875419246e-01
3.560000000000000000e+03 2.138114709920496959e-01 6.775451802844826288e-01
3.570000000000000000e+03 2.138724183096918641e-01 6.774851450392408436e-01
3.580000000000000000e+03 2.139365126777653670e-01 6.774216547926332765e-01
3.590000000000000000e+03 2.140024762104654754e-01 6.773558896983110644e-01
3.600000000000000000e+03 2.140692540116965747e-01 6.772890504715833870e-01
3.610000000000000000e+03 2.141361285209945065e-01 6.772226989388465679e-01
3.620000000000000000e+03 2.142024147222396924e-01 6.771578397636955904e-01
3.630000000000000000e+03 2.142674513843010886e-01 6.770949475527657802e-01
3.640000000000000000e+03 2.143307329380118031e-01 6.770343299869094889e-01
3.650000000000000000e+03 2.143919270889517448e-01 6.769761544797814334e-01
3.660000000000000000e+03 2.144506775610207638e-01 6.769199989001356554e-01
3.670000000000000000e+03 2.145068777108336544e-01 6.768658204635672471e-01
3.680000000000000000e+03 2.145606454103039518e-01 6.768140288462647369e-01
3.690000000000000000e+03 2.146119670286900649e-01 6.767645420990842098e-01
3.700000000000000000e+03 2.146608354629961912e-01 6.767172974373669714e-01
3.710000000000000000e+03 2.147073172304637123e-01 6.766725534503378325e-01
3.720000000000000000e+03 2.147514332576842266e-01 6.766306253808773707e-01
3.730000000000000000e+03 2.147930955221567795e-01 6.765916123312770702e-01
3.740000000000000000e+03 2.148320847807820844e-01 6.765552430000090212e-01
3.750000000000000000e+03 2.148682970885854027e-01 6.765214375646364520e-01
3.760000000000000000e+03 2.149018845929665522e-01 6.764904044817093842e-01
3.770000000000000000e+03 2.149330825558829761e-01 6.764619682286643343e-01
3.780000000000000000e+03 2.149622128151559008e-01 6.764353909764437844e-01
3.790000000000000000e+03 2.149899129043158774e-01 6.764097021543178379e-01
3.800000000000000000e+03 2.150173920926791993e-01 6.763840844683632891e-01
3.810000000000000000e+03 2.150462165354021238e-01 6.763572765718159907e-01
3.820000000000000000e+03 2.150781146960848156e-01 6.763271738758344087e-01
3.830000000000000000e+03 2.151151424666957468e-01 6.762912673311719525e-01
3.840000000000000000e+03 2.151598368143931017e-01 6.762472574346884979e-01
3.850000000000000000e+03 2.152151075214083220e-01 6.761929683541513247e-01
3.860000000000000000e+03 2.152837847811615024e-01 6.761253498954774566e-01
3.870000000000000000e+03 2.153686374334401743e-01 6.760409959529642965e-01
3.880000000000000000e+03 2.154725356577155693e-01 6.759369047172456568e-01
3.890000000000000000e+03 2.155984048661736263e-01 6.758107544343805451e-01
3.900000000000000000e+03 2.157489463951032804e-01 6.756605727446823861e-01
3.910000000000000000e+03 2.159264654878795542e-01 6.754845246849300322e-01
3.920000000000000000e+03 2.161326275192574919e-01 6.752805937605602660e-01
3.930000000000000000e+03 2.163684880784564057e-01 6.750469456049014161e-01
3.940000000000000000e+03 2.166347689019553768e-01 6.747827096768642674e-01
3.950000000000000000e+03 2.169317154632239564e-01 6.744875094124671566e-01
3.960000000000000000e+03 2.172590763010177894e-01 6.741614928152380726e-01
3.970000000000000000e+03 2.176160931470844939e-01 6.738052609244525870e-01
3.980000000000000000e+03 2.180017520864303560e-01 6.734200496603053310e-01
3.990000000000000000e+03 2.184148201996003735e-01 6.730073432915539833e-01
4.000000000000000000e+03 2.188539035451566861e-01 6.725684996343578304e-01
4.010000000000000000e+03 2.193177366521039673e-01 6.721051099178290134e-01
4.020000000000000000e+03 2.198051437332303459e-01 6.716185569418541279e-01
4.030000000000000000e+03 2.203149175363415535e-01 6.711095107047275743e-01
4.040000000000000000e+03 2.208463274778784957e-01 6.705789541704766377e-01
4.050000000000000000e+03 2.213990404585340355e-01 6.700280999734948839e-01
4.060000000000000000e+03 2.219726352628879906e-01 6.694572478749523103e-01
4.070000000000000000e+03 2.225666853821122448e-01 6.688658387528410021e-01
4.080000000000000000e+03 2.231810021584723913e-01 6.682534076419552882e-01
4.090000000000000000e+03 2.238156255206014966e-01 6.676201347751204995e-01
4.100000000000000000e+03 2.244703962127855834e-01 6.669660958041052634e-01
4.110000000000000000e+03 2.251449806046044166e-01 6.662916654655147708e-01
4.120000000000000000e+03 2.258387145474125834e-01 6.655977884700270408e-01
4.130000000000000000e+03 2.265504951296032077e-01 6.648860093095370072e-01
4.140000000000000000e+03 2.272786344626468447e-01 6.641584309378906203e-01
4.150000000000000000e+03 2.280206210325353422e-01 6.634173377687356821e-01
4.160000000000000000e+03 2.287733235888304573e-01 6.626655656402935524e-01
4.170000000000000000e+03 2.295331806422916399e-01 6.619071221345520506e-01
4.180000000000000000e+03 2.302959267849822023e-01 6.611466368104552682e-01
4.190000000000000000e+03 2.310565032862907098e-01 6.603887198518525459e-01
4.200000000000000000e+03 2.318094791599082383e-01 6.596383330972764858e-01
