0.000000000000000000e+00 1.998953196229030027e+01 -4.210092999223812165e-17 1.998953196229030027e+01 -2.106148861897335185e-18
1.000000000000000000e+01 1.985923696370502967e+01 2.397029382076139026e+00 2.000337578108066339e+01 -9.898801012912112895e-01
2.000000000000000000e+01 1.938661993425818508e+01 4.739849156064451563e+00 1.995763519301878119e+01 -1.980213201391505251e+00
3.000000000000000000e+01 1.858768278948942054e+01 6.971178400817323428e+00 1.985193390525726898e+01 -2.971191721981524481e+00
4.000000000000000000e+01 1.749032330860575613e+01 9.038666482295131033e+00 1.968778558441053406e+01 -3.963017906145260394e+00
5.000000000000000000e+01 1.613193982280940375e+01 1.089742402507648755e+01 1.946775109839495954e+01 -4.955894204593944252e+00
6.000000000000000000e+01 1.455717203417031591e+01 1.251189967199590392e+01 1.919528304127140572e+01 -5.950016078688811660e+00
7.000000000000000000e+01 1.281538243302563096e+01 1.385693958398703707e+01 1.887455434014188427e+01 -6.945571556195212715e+00
8.000000000000000000e+01 1.095804407910892664e+01 1.491813032026600183e+01 1.851024965504609199e+01 -7.942740249664857366e+00
9.000000000000000000e+01 9.036278028752590785e+00 1.569148966273586332e+01 1.810737883981729723e+01 -8.941692486554654096e+00
1.000000000000000000e+02 7.098681863933410163e+00 1.618263291604321807e+01 1.767113160781568482e+01 -9.942587759507459211e+00
1.100000000000000000e+02 5.189543498621570272e+00 1.640550360769519145e+01 1.720674025915964478e+01 -1.094557345557710804e+01
1.200000000000000000e+02 3.347519823635711322e+00 1.638080408962609624e+01 1.671934901819879826e+01 -1.195078441192962337e+01
1.300000000000000000e+02 1.604792285190207002e+00 1.613430039368264346e+01 1.621391400841246266e+01 -1.295834223240447081e+01
1.400000000000000000e+02 -1.333150528355876024e-02 1.569512698970082631e+01 1.569513265161745785e+01 -1.396835426930501889e+01
1.500000000000000000e+02 -1.488415205730179602e+00 1.509418072755646811e+01 1.516738842585584734e+01 -1.498091288747763983e+01
1.600000000000000000e+02 -2.808556389023105559e+00 1.436268944918433199e+01 1.463471343088184362e+01 -1.599609512695279889e+01
1.700000000000000000e+02 -3.967801029374783628e+00 1.353101156721256970e+01 1.410077015771649123e+01 -1.701396242626782040e+01
1.800000000000000000e+02 -4.965390683236967639e+00 1.262768661111304525e+01 1.356884570572088755e+01 -1.803456043421791932e+01
1.900000000000000000e+02 -5.804912503393378387e+00 1.167873691614319753e+01 1.304185205898835065e+01 -1.905791910062719197e+01
2.000000000000000000e+02 -6.493416855045100355e+00 1.070720780979477560e+01 1.252233051534394015e+01 -2.008405292364779626e+01
2.100000000000000000e+02 -7.040557782024709610e+00 9.732923368780241447e+00 1.201246232812312265e+01 -2.111296114818495795e+01
2.200000000000000000e+02 -7.457798233861668180e+00 8.772425551065559546e+00 1.151408722157245457e+01 -2.214462778313285796e+01
2.300000000000000000e+02 -7.757699608974045091e+00 7.839060900511954699e+00 1.102872517678318864e+01 -2.317902201316349320e+01
2.400000000000000000e+02 -7.953311230762475148e+00 6.943181310304772147e+00 1.055760040166031288e+01 -2.421609924133506198e+01
2.500000000000000000e+02 -8.057668091073674432e+00 6.092418017658216556e+00 1.010166186168361691e+01 -2.525580223618863585e+01
2.600000000000000000e+02 -8.083397691709221178e+00 5.292000785181296685e+00 9.661603932716834819e+00 -2.629806222507960101e+01
2.700000000000000000e+02 -8.042432379752282756e+00 4.545099930963514723e+00 9.237892181949977299e+00 -2.734279997556804176e+01
2.800000000000000000e+02 -7.945813544002757745e+00 3.853169277415811056e+00 8.830790811500335735e+00 -2.838992703859407030e+01
2.900000000000000000e+02 -7.803573422294308948e+00 3.216272190543323362e+00 8.440388910518310084e+00 -2.943934700423078255e+01
3.000000000000000000e+02 -7.624680224122781347e+00 2.633380700440128841e+00 8.066625219605754182e+00 -3.049095676461138282e+01
3.100000000000000000e+02 -7.417031923744188404e+00 2.102644046131116440e+00 7.709310899332770362e+00 -3.154464809464572284e+01
3.200000000000000000e+02 -7.187488329099826601e+00 1.621621707281700742e+00 7.368150747811382573e+00 -3.260030926561435649e+01
3.300000000000000000e+02 -6.941932597184971243e+00 1.187477834034803337e+00 7.042764499128397304e+00 -3.365782626779827069e+01
3.400000000000000000e+02 -6.685350515279153250e+00 7.971383078948526268e-01 6.732706810344313730e+00 -3.471708361830351208e+01
3.500000000000000000e+02 -6.421916226176932696e+00 4.474154986320947325e-01 6.437483098575931706e+00 -3.577796504185081972e+01
3.600000000000000000e+02 -6.155080106608754598e+00 1.351064158335577858e-01 6.156562747375375011e+00 -3.684035421319153158e+01
3.700000000000000000e+02 -5.887656731110435970e+00 -1.429328328400281678e-01 5.889391443782090896e+00 -3.790413542130234958e+01
3.800000000000000000e+02 -5.621909020419567860e+00 -3.897335926135540585e-01 5.635401787546862273e+00 -3.896919401430739072e+01
3.900000000000000000e+02 -5.359625165506622935e+00 -6.081783649927928748e-01 5.394021026875702063e+00 -4.003541661376291216e+01
4.000000000000000000e+02 -5.102187597511170125e+00 -8.009771121229848356e-01 5.164676428813491427e+00 -4.110269125216402841e+01
4.100000000000000000e+02 -4.850633733444784212e+00 -9.706528066233350849e-01 4.946798407762160288e+00 -4.217090750816360867e+01
4.200000000000000000e+02 -4.605709996524309346e+00 -1.119535308407372476e+00 4.739823190674388620e+00 -4.323995639288994397e+01
4.300000000000000000e+02 -4.367920776825577889e+00 -1.249761152903968053e+00 4.543196545597869118e+00 -4.430973016576455592e+01
4.400000000000000000e+02 -4.137571054699211714e+00 -1.363275956655667587e+00 4.356376426191861384e+00 -4.538012245920945276e+01
4.500000000000000000e+02 -3.914802224131075814e+00 -1.461839718263614918e+00 4.178833786591022559e+00 -4.645102836844174021e+01
4.600000000000000000e+02 -3.699622637946551773e+00 -1.547034641468985949e+00 4.010052848169419981e+00 -4.752234437457205019e+01
4.700000000000000000e+02 -3.491933755532592443e+00 -1.620273078608067241e+00 3.849530647012700424e+00 -4.859396847721870927e+01
4.800000000000000000e+02 -3.291553547398254231e+00 -1.682806099314303916e+00 3.696777126535958136e+00 -4.966580045270025323e+01
4.900000000000000000e+02 -3.098237819888117528e+00 -1.735733678699849403e+00 3.551316515316254918e+00 -5.073774200839155668e+01
5.000000000000000000e+02 -2.911698037214987878e+00 -1.780014983359049729e+00 3.412687914372530162e+00 -5.180969693307563517e+01
5.100000000000000000e+02 -2.731616280098601468e+00 -1.816478332709071442e+00 3.280445249489960524e+00 -5.288157127843043526e+01
5.200000000000000000e+02 -2.557658561041032286e+00 -1.845831387661174938e+00 3.154157704767100334e+00 -5.395327351320299414e+01
5.300000000000000000e+02 -2.389486298271131570e+00 -1.868671126712103447e+00 3.033410052965631820e+00 -5.502471467659063364e+01
5.400000000000000000e+02 -2.226766239822699056e+00 -1.885493533496809926e+00 2.917802898016315538e+00 -5.609580853832294878e+01
5.500000000000000000e+02 -2.069179466429060366e+00 -1.896702873595967676e+00 2.806953055360714711e+00 -5.716647188846521743e+01
5.600000000000000000e+02 -1.916428620394298843e+00 -1.902620904633989252e+00 2.700493466723564495e+00 -5.823662465212535722e+01
5.700000000000000000e+02 -1.768242816996073108e+00 -1.903496689470430381e+00 2.598072806270658841e+00 -5.930618937442805816e+01
5.800000000000000000e+02 -1.624383197425860903e+00 -1.899514702946935696e+00 2.499355292628691050e+00 -6.037509134996786742e+01
5.900000000000000000e+02 -1.484649495578935552e+00 -1.890801198893558688e+00 2.404020236699372592e+00 -6.144325970810744053e+01
6.000000000000000000e+02 -1.348885492383076645e+00 -1.877431574061060982e+00 2.311761533299429239e+00 -6.251062824142018570e+01
6.100000000000000000e+02 -1.216983611884973726e+00 -1.859439523524081483e+00 2.222288112113292247e+00 -6.357713581973398931e+01
6.200000000000000000e+02 -1.088889235795596377e+00 -1.836826860280618368e+00 2.135324959456961214e+00 -6.464272694324246515e+01
6.300000000000000000e+02 -9.646045247330637951e-01 -1.809573554408894225e+00 2.050614136777453300e+00 -6.570735261238250757e+01
6.400000000000000000e+02 -8.441910630454054765e-01 -1.777648595992890268e+00 1.967915923448261939e+00 -6.677097121843181071e+01
6.500000000000000000e+02 -7.277708587835663989e-01 -1.741021324842607632e+00 1.887009718165563177e+00 -6.783354940369169128e+01
6.600000000000000000e+02 -6.155257324423200060e-01 -1.699673314339873453e+00 1.807695024825190178e+00 -6.889506292345572547e+01
6.700000000000000000e+02 -5.076952910516590034e-01 -1.653611035171318688e+00 1.729793040856734576e+00 -6.995549767970284449e+01
6.800000000000000000e+02 -4.045729252086857075e-01 -1.602878881498534414e+00 1.653148499247997227e+00 -7.101485091998652877e+01
6.900000000000000000e+02 -3.064989944810800893e-01 -1.547571842367273742e+00 1.577631211945919709e+00 -7.207313236502548648e+01
7.000000000000000000e+02 -2.138512478027001784e-01 -1.487847037964749264e+00 1.503137107707493758e+00 -7.313036534043270365e+01
7.100000000000000000e+02 -1.270326315653184102e-01 -1.423933380194791543e+00 1.429588598414024414e+00 -7.418658794903815590e+01
7.200000000000000000e+02 -4.645671073632975934e-02 -1.356138966919398836e+00 1.356934458096504148e+00 -7.524185422927887146e+01
7.300000000000000000e+02 2.746876498451954890e-02 -1.284856046642132155e+00 1.285149638619029977e+00 -7.629623541004163201e+01
7.400000000000000000e+02 9.435962409963973008e-02 -1.210562929902413876e+00 1.214234880867018251e+00 -7.734982141069599493e+01
7.500000000000000000e+02 1.538740439259977111e-01 -1.133821915938825864e+00 1.144215608378652549e+00 -7.840272240537896664e+01
7.600000000000000000e+02 2.057312825682327539e-01 -1.055272689686054477e+00 1.075139902628681199e+00 -7.945507055056893364e+01
7.700000000000000000e+02 2.497286660302168726e-01 -9.756217652589771472e-01 1.007076082271977313e+00 -8.050702266372188376e+01
7.800000000000000000e+02 2.857563804066414193e-01 -8.956286932427305336e-01 9.401103473012017986e-01 -8.155876394202830681e+01
7.900000000000000000e+02 3.138095703825352079e-01 -8.160894425745636171e-01 8.743445686600525013e-01 -8.261051296030353797e+01
8.000000000000000000e+02 3.339970489779898188e-01 -7.378171305854759332e-01 8.098939108990701463e-01 -8.366252840108494127e+01
8.100000000000000000e+02 3.465459978983962408e-01 -6.616213248731236396e-01 7.468848011482511762e-01 -8.471511854333326141e+01
8.200000000000000000e+02 3.518022214997905683e-01 -5.882861868246389569e-01 6.854527267878228747e-01 -8.576865453820867913e+01
8.300000000000000000e+02 3.502254607944043641e-01 -5.185487951430675091e-01 6.257401428172719715e-01 -8.682358978021584051e+01
8.400000000000000000e+02 3.423812962585029429e-01 -4.530777342853038459e-01 5.678946956371023758e-01 -8.788048529351428328e+01
8.500000000000000000e+02 3.289275173522341333e-01 -3.924543610455558107e-01 5.120680981814623722e-01 -8.894004897704807888e+01
8.600000000000000000e+02 3.105974702286509737e-01 -3.371577832535705421e-01 4.584170146503065979e-01 -9.000319352386995320e+01
8.700000000000000000e+02 2.881816031532744571e-01 -2.875531210749470712e-01 4.071061702258202408e-01 -9.107112123918967939e+01
8.800000000000000000e+02 2.625060620132733669e-01 -2.438837324641110194e-01 3.583136999255577271e-01 -9.214545472691273176e+01
8.900000000000000000e+02 2.344099497197289217e-01 -2.062675486620099974e-01 3.122408143703198080e-01 -9.322843779017460975e+01
9.000000000000000000e+02 2.047223232739097953e-01 -1.746980075661925258e-01 2.691293805853695598e-01 -9.432324534160397889e+01
9.100000000000000000e+02 1.742408739996224032e-01 -1.490500570392223612e-01 2.292941379005310198e-01 -9.543445002007834432e+01
9.200000000000000000e+02 1.437130503683832217e-01 -1.290900947466680493e-01 1.931778802241322646e-01 -9.656866151378901009e+01
9.300000000000000000e+02 1.138199162530851294e-01 -1.144891837512229948e-01 1.614396064535608688e-01 -9.773514425746772361e+01
9.400000000000000000e+02 8.516295147354756290e-02 -1.048388584782426747e-01 1.350700357248298678e-01 -9.894540146145385506e+01
9.500000000000000000e+02 5.825429267766187719e-02 -9.966845475915191155e-02 1.154442007614579213e-01 -1.002086808989140820e+02
9.600000000000000000e+02 3.351104755527138657e-02 -9.846328761342310054e-02 1.040096597239666965e-01 -1.015195673001282017e+02
9.700000000000000000e+02 1.125374851647265376e-02 -1.006829615262435085e-01 1.013099481658491507e-01 -1.028462989316737008e+02
9.800000000000000000e+02 -8.291454549633699850e-03 -1.057787205215405674e-01 1.061031853137446024e-01 -1.041458359726695591e+02
9.900000000000000000e+02 -2.498741073380241970e-02 -1.132090111564900275e-01 1.159338212180122535e-01 -1.053948472890829180e+02
1.000000000000000000e+03 -3.877835688654312357e-02 -1.224528500557085231e-01 1.284463368476732592e-01 -1.065942993705135251e+02
1.010000000000000000e+03 -4.968074048426432410e-02 -1.330206517749757122e-01 1.419953160273400294e-01 -1.077550496584067332e+02
1.020000000000000000e+03 -5.777276228329387975e-02 -1.444624264652648038e-01 1.555862613538676886e-01 -1.088880445424505155e+02
1.030000000000000000e+03 -6.318331920106767807e-02 -1.563735783993633888e-01 1.686559451863048342e-01 -1.100016070530169117e+02
1.040000000000000000e+03 -6.608106736035296302e-02 -1.683984302758113338e-01 1.808998031586568633e-01 -1.111015563908077155e+02
1.050000000000000000e+03 -6.666425331225130091e-02 -1.802314807048265299e-01 1.921653176479415359e-01 -1.121918865227546576e+02
1.060000000000000000e+03 -6.515135624952753113e-02 -1.916168744445136685e-01 2.023900338283418643e-01 -1.132753570997270032e+02
1.070000000000000000e+03 -6.177248912035040312e-02 -2.023463540094664892e-01 2.115653265378051873e-01 -1.143539056616536413e+02
1.080000000000000000e+03 -5.676188103584089983e-02 -2.122560389363073730e-01 2.197146722539443653e-01 -1.154289182305528527e+02
1.090000000000000000e+03 -5.035164679065838589e-02 -2.212225999645420771e-01 2.268804246064499708e-01 -1.165014047410502371e+02
1.100000000000000000e+03 -4.276697235433669919e-02 -2.291590125355635332e-01 2.331155656549582789e-01 -1.175721142765930978e+02
1.110000000000000000e+03 -3.422264150831985652e-02 -2.360100815213291292e-01 2.384784010586941949e-01 -1.186416123368554025e+02
1.120000000000000000e+03 -2.492058815475554218e-02 -2.417479912500310746e-01 2.430290661369624017e-01 -1.197103331709559768e+02
1.130000000000000000e+03 -1.504817709266360014e-02 -2.463679436157998892e-01 2.468270878070114027e-01 -1.207786153241894453e+02
1.140000000000000000e+03 -4.777129748519322663e-03 -2.498839364504583382e-01 2.499295954156107724e-01 -1.218467260854754670e+02
1.150000000000000000e+03 5.736779080195038988e-03 -2.523251815191443481e-01 2.523903878179280524e-01 -1.229148792776398693e+02
1.160000000000000000e+03 1.635356740970024883e-02 -2.537331824222632259e-01 2.542596449088079802e-01 -1.239832482150387420e+02
1.170000000000000000e+03 2.694872581678756790e-02 -2.541590803232432472e-01 2.555837865239209417e-01 -1.250519747751465474e+02
1.180000000000000000e+03 3.741274547109030985e-02 -2.536611891315828093e-01 2.564053673294169333e-01 -1.261211757486307476e+02
1.190000000000000000e+03 4.765054108785288234e-02 -2.523029031488130958e-01 2.567631768834552353e-01 -1.271909472297900265e+02
1.200000000000000000e+03 5.758085915723185066e-02 -2.501510215637269829e-01 2.566925961742199669e-01 -1.282613675171971011e+02
1.210000000000000000e+03 6.713559124132797984e-02 -2.472744095829441935e-01 2.562261135128820477e-01 -1.293324994150527232e+02
1.220000000000000000e+03 7.625893911756954913e-02 -2.437428723482771009e-01 2.553938402074836245e-01 -1.304043924432746167e+02
1.230000000000000000e+03 8.490649116894327664e-02 -2.396261386395973358e-01 2.542239142211947245e-01 -1.314770848436499477e+02
1.240000000000000000e+03 9.304437196687875833e-02 -2.349929819707035072e-01 2.527428668235649489e-01 -1.325506049340874029e+02
1.250000000000000000e+03 1.006485643839033911e-01 -2.299104811342677079e-01 2.509760204639702175e-01 -1.336249715938666327e+02
1.260000000000000000e+03 1.077043039496136945e-01 -2.244433700711022106e-01 2.489478729737302221e-01 -1.347001943019946850e+02
1.270000000000000000e+03 1.142053973615526768e-01 -2.186534502264678714e-01 2.466823951611638865e-01 -1.357762732762509472e+02
1.280000000000000000e+03 1.201534196375414060e-01 -2.125990771280633351e-01 2.442032183373088750e-01 -1.368531999049625369e+02
1.290000000000000000e+03 1.255568563878665944e-01 -2.063347174168282394e-01 2.415337239341242004e-01 -1.379309572364109329e+02
1.300000000000000000e+03 1.304303132850387070e-01 -1.999105245623751803e-01 2.386970558143467203e-01 -1.390095199978066489e+02
1.310000000000000000e+03 1.347937187646034429e-01 -1.933720131775638063e-01 2.357161048777425272e-01 -1.400888545906297793e+02
1.320000000000000000e+03 1.386713722920870362e-01 -1.867598604252789507e-01 2.326134023641808213e-01 -1.411689197056315948e+02
1.330000000000000000e+03 1.420908892482228847e-01 -1.801097780494963774e-01 2.294108823844012435e-01 -1.422496672913470661e+02
1.340000000000000000e+03 1.450821996959281157e-01 -1.734524433535857835e-01 2.261295972975188584e-01 -1.433310433278345783e+02
1.350000000000000000e+03 1.476766270205560894e-01 -1.668135047963595075e-01 2.227894332113026787e-01 -1.444129884045897256e+02
1.360000000000000000e+03 1.499061298832209399e-01 -1.602136924409748586e-01 2.194089219292059412e-01 -1.454954379797574688e+02
1.370000000000000000e+03 1.518026994878090841e-01 -1.536690385702564887e-01 2.160051688892954402e-01 -1.465783224749746125e+02
1.380000000000000000e+03 1.533976935942849285e-01 -1.471911606974376230e-01 2.125937209503258873e-01 -1.476615678755067051e+02
1.390000000000000000e+03 1.547210644564723514e-01 -1.407876075117717729e-01 2.091883319294663146e-01 -1.487450969965970273e+02
1.400000000000000000e+03 1.558006952711181170e-01 -1.344621940959798978e-01 2.058007247024868647e-01 -1.498288304647260816e+02
1.410000000000000000e+03 1.566619209737338259e-01 -1.282153852777117298e-01 2.024404665700325900e-01 -1.509126873798988129e+02
1.420000000000000000e+03 1.573272055380852130e-01 -1.220447602435774520e-01 1.991149745883900313e-01 -1.519965859380399422e+02
1.430000000000000000e+03 1.578160046328132282e-01 -1.159454325066761188e-01 1.958296061310043912e-01 -1.530804435038740223e+02
1.440000000000000000e+03 1.581446374376163089e-01 -1.099105908785400765e-01 1.925878094209104718e-01 -1.541641773534482240e+02
1.450000000000000000e+03 1.583261274449708489e-01 -1.039320425178626855e-01 1.893912144046179524e-01 -1.552477057798703015e+02
1.460000000000000000e+03 1.583701207182483528e-01 -9.800067813512221282e-02 1.862397058933899230e-01 -1.563309488485018619e+02
1.470000000000000000e+03 1.582829062183203073e-01 -9.210698859565275010e-02 1.831315804253250135e-01 -1.574138292642947761e+02
1.480000000000000000e+03 1.580675226686160395e-01 -8.624160615109499606e-02 1.800637563590019863e-01 -1.584962733427433932e+02
1.490000000000000000e+03 1.577239433998812168e-01 -8.039577121462299081e-02 1.770319811525672971e-01 -1.595782116684238474e+02
1.500000000000000000e+03 1.572493405893307661e-01 -7.456168296509618765e-02 1.740310308030348363e-01 -1.606595791841478160e+02
1.510000000000000000e+03 1.566384478429216354e-01 -6.873284478101319983e-02 1.710549832490434463e-01 -1.617403151927204021e+02
1.520000000000000000e+03 1.558839759092303934e-01 -6.290444960482623193e-02 1.680975422942157238e-01 -1.628203637126003969e+02
1.530000000000000000e+03 1.549770104408767502e-01 -5.707380134602340477e-02 1.651523313952212024e-01 -1.638996744475481648e+02
1.540000000000000000e+03 1.539074949947145943e-01 -5.124071520309767674e-02 1.622132174333308363e-01 -1.649782039164680043e+02
1.550000000000000000e+03 1.526647324865122168e-01 -4.540778636016946923e-02 1.592745667308786972e-01 -1.660559163272400554e+02
1.560000000000000000e+03 1.512378347049005423e-01 -3.958053790833838959e-02 1.563313840127446286e-01 -1.671327843277155694e+02
1.570000000000000000e+03 1.496161842411863063e-01 -3.376737741555815853e-02 1.533793935456042590e-01 -1.682087889749348051e+02
1.580000000000000000e+03 1.477898017066449077e-01 -2.797965560648747740e-02 1.504150478387952794e-01 -1.692839208404419082e+02
1.590000000000000000e+03 1.457498634115894087e-01 -2.223146746423115480e-02 1.474356158806620909e-01 -1.703581796595788660e+02
1.600000000000000000e+03 1.434892054932015160e-01 -1.653933743771520554e-02 1.444392667384767071e-01 -1.714315736253803095e+02
1.610000000000000000e+03 1.410027682896191625e-01 -1.092186746026439781e-02 1.414251316214894250e-01 -1.725041188677312505e+02
1.620000000000000000e+03 1.382879935009195260e-01 -5.399257898870606608e-03 1.383933565326344595e-01 -1.735758384484217629e+02
1.630000000000000000e+03 1.353450422864733993e-01 7.153367418498909349e-06 1.353450424755112125e-01 -1.746467618399985327e+02
1.640000000000000000e+03 1.321767959344658239e-01 5.275363189470690800e-03 1.322820276541081808e-01 -1.757169244477359769e+02
1.650000000000000000e+03 1.287887635564783362e-01 1.038324091840421744e-02 1.292066457670661139e-01 -1.767863664369297965e+02
1.660000000000000000e+03 1.251889754867328008e-01 1.530909069583214453e-02 1.261215597800431631e-01 -1.778551310079148777e+02
1.670000000000000000e+03 1.213878465564403736e-01 2.003208662916839550e-02 1.230296459652242547e-01 -1.789232632775484433e+02
1.680000000000000000e+03 1.173980554931433468e-01 2.453258775598317343e-02 1.199339455516084396e-01 -1.799908098829992582e+02
1.690000000000000000e+03 1.132343825153186850e-01 2.879245273485996418e-02 1.168376254385318086e-01 -1.810578183889410582e+02
1.700000000000000000e+03 1.089134850618012351e-01 3.279530329246134468e-02 1.137439191620885082e-01 -1.821243367984526458e+02
1.710000000000000000e+03 1.044535814533052026e-01 3.652676417734262299e-02 1.106560218862465000e-01 -1.831904127315893902e+02
1.720000000000000000e+03 9.987406150815232586e-02 3.997468614629704625e-02 1.075769663758424921e-01 -1.842560920142123848e+02
1.730000000000000000e+03 9.519510087961829958e-02 4.312924771750754199e-02 1.045095174620897099e-01 -1.853214176305902186e+02
1.740000000000000000e+03 9.043731887322528640e-02 4.598293488535853263e-02 1.014560936841575473e-01 -1.863864292537861900e+02
1.750000000000000000e+03 8.562149865216901745e-02 4.853048237747366322e-02 9.841874186979664152e-02 -1.874511628483326433e+02
1.760000000000000000e+03 8.076836202985769597e-02 5.076876425943398913e-02 9.539913903917655869e-02 -1.885156505745075606e+02
1.770000000000000000e+03 7.589839699649125748e-02 5.269661635812625949e-02 9.239859329141614230e-02 -1.895799212902204545e+02
1.780000000000000000e+03 7.103168549768920648e-02 5.431466174507743050e-02 8.941802293231945753e-02 -1.906440008067267797e+02
1.790000000000000000e+03 6.618773164141615595e-02 5.562516501375755484e-02 8.645793660875719655e-02 -1.917079115793191590e+02
1.800000000000000000e+03 6.138536681431694397e-02 5.663187676864846198e-02 8.351845739276815561e-02 -1.927716726975345409e+02
1.810000000000000000e+03 5.664278608921516356e-02 5.733981732058893166e-02 8.059937882085133065e-02 -1.938353013634068702e+02
1.820000000000000000e+03 5.197760592470510033e-02 5.775520491200157591e-02 7.770029093955330146e-02 -1.948988135845662555e+02
1.830000000000000000e+03 4.740693848722556808e-02 5.788543416732015723e-02 7.482072777961161492e-02 -1.959622250395749461e+02
1.840000000000000000e+03 4.294740054613645219e-02 5.773903837568782754e-02 7.196023739690853016e-02 -1.970255519595929457e+02
1.850000000000000000e+03 3.861502141242633551e-02 5.732572176384321400e-02 6.911843642927487097e-02 -1.980888106046367625e+02
1.860000000000000000e+03 3.442523340305378432e-02 5.665646510938249919e-02 6.629518635274665728e-02 -1.991520172338521775e+02
1.870000000000000000e+03 3.039293568793188446e-02 5.574368004689771172e-02 6.349085292309172845e-02 -2.002151893730369920e+02
1.880000000000000000e+03 2.653246169851143990e-02 5.460131006404430470e-02 6.070646246070415114e-02 -2.012783474489868638e+02
1.890000000000000000e+03 2.285741186829043023e-02 5.324485134303173078e-02 5.794372676880744227e-02 -2.023415159474142229e+02
1.900000000000000000e+03 1.938039659978620793e-02 5.169126248816516972e-02 5.520494896280039865e-02 -2.034047241295128572e+02
1.910000000000000000e+03 1.611268071139878091e-02 4.995890367268592674e-02 5.249295701219539034e-02 -2.044680043806107506e+02
1.920000000000000000e+03 1.306390962658028621e-02 4.806747818116503118e-02 4.981112519737165151e-02 -2.055313910374104296e+02
1.930000000000000000e+03 1.024194946900170398e-02 4.603792461733911129e-02 4.716341836632903517e-02 -2.065949211897420525e+02
1.940000000000000000e+03 7.652749107170643376e-03 4.389219429077071549e-02 4.455434084975409131e-02 -2.076586364844900174e+02
1.950000000000000000e+03 5.300172306164124998e-03 4.165290192904060051e-02 4.198876118183654527e-02 -2.087225843608391074e+02
1.960000000000000000e+03 3.185813233553427045e-03 3.934295750337264697e-02 3.947173306394425457e-02 -2.097868175116254861e+02
1.970000000000000000e+03 1.308843979305189097e-03 3.698525236886257561e-02 3.700840398275259679e-02 -2.108513918713482838e+02
1.980000000000000000e+03 -3.339864513126475560e-04 3.460232797645228925e-02 3.460393978060349179e-02 -2.119163665275623032e+02
1.990000000000000000e+03 -1.748270293580760732e-03 3.221604423493693026e-02 3.226344611424560721e-02 -2.129818044737841944e+02
2.000000000000000000e+03 -2.941857700929715290e-03 2.984722008538722229e-02 2.999185011895834710e-02 -2.140477718196868864e+02
2.010000000000000000e+03 -3.924708156679312596e-03 2.751523584703218298e-02 2.779373198821831481e-02 -2.151143364361211638e+02
2.020000000000000000e+03 -4.708687917546885288e-03 2.523769864400713867e-02 2.567319954253017775e-02 -2.161815655176731639e+02
2.030000000000000000e+03 -5.307343471363482924e-03 2.303018437430247659e-02 2.363381659904702226e-02 -2.172495210835965338e+02
2.040000000000000000e+03 -5.735603114295374089e-03 2.090605840470644017e-02 2.167857055033176397e-02 -2.183182553991112513e+02
2.050000000000000000e+03 -6.009367151792617372e-03 1.887634173529784826e-02 1.980981501359342645e-02 -2.193878088429843842e+02
2.060000000000000000e+03 -6.145072334444958394e-03 1.694961221200470131e-02 1.802917824341696701e-02 -2.204582076852648527e+02
2.070000000000000000e+03 -6.159267353407441720e-03 1.513204592354484498e-02 1.633754535305169051e-02 -2.215294623651091115e+02
2.080000000000000000e+03 -6.068251262139583678e-03 1.342744509932769330e-02 1.473499084750031114e-02 -2.226015614759291168e+02
2.090000000000000000e+03 -5.887746844938956600e-03 1.183743275531380298e-02 1.322083118214073538e-02 -2.236744659363700976e+02
2.100000000000000000e+03 -5.632586683642202066e-03 1.036172815398297802e-02 1.179370353560691212e-02 -2.247481056888918829e+02
2.110000000000000000e+03 -5.316455148698513884e-03 8.998460564726262073e-03 1.045165000768092170e-02 -2.258223774728239164e+02
2.120000000000000000e+03 -4.951723712508781898e-03 7.744405545942064338e-03 9.192137128276534758e-03 -2.268971354523657737e+02
2.130000000000000000e+03 -4.549305915189768602e-03 6.595298962529902442e-03 8.012125355679891939e-03 -2.279721843831762840e+02
2.140000000000000000e+03 -4.118596145254398329e-03 5.546191231934286675e-03 6.908188719837432719e-03 -2.290472707386372804e+02
2.150000000000000000e+03 -3.667504945230015603e-03 4.591774352335074166e-03 5.876647362744237893e-03 -2.301220633272896805e+02
2.160000000000000000e+03 -3.202590170396192766e-03 3.726653252864808863e-03 4.913708199171596888e-03 -2.311961071286131642e+02
2.170000000000000000e+03 -2.729206821040303967e-03 2.945564891993212708e-03 4.015584939327757064e-03 -2.322687280489774651e+02
2.180000000000000000e+03 -2.251623178985410600e-03 2.243567078134645586e-03 3.178584618070438503e-03 -2.333388280443955978e+02
2.190000000000000000e+03 -1.773184668406490010e-03 1.616161549776976838e-03 2.399200288273022411e-03 -2.344043248665551573e+02
2.200000000000000000e+03 -1.296518365818237224e-03 1.059358236573939085e-03 1.674275887152723271e-03 -2.354602907358588482e+02
2.210000000000000000e+03 -8.236964686683743552e-04 5.697023623228656677e-04 1.001517176154759561e-03 -2.364903159710294176e+02
2.220000000000000000e+03 -3.563966272299087801e-04 1.442580830636757024e-04 3.844853058701475719e-04 -2.373798323120295208e+02
2.230000000000000000e+03 1.038840536120999721e-04 -2.194565437373922499e-04 2.428025353740022622e-04 -2.392339011400825939e+02
2.240000000000000000e+03 5.556084120451666199e-04 -5.235402197009612728e-04 7.634101578967118296e-04 -2.399709127488982858e+02
2.250000000000000000e+03 9.970652494649060848e-04 -7.697500133121917701e-04 1.259624624515031689e-03 -2.409826649442835276e+02
2.260000000000000000e+03 1.426298560052896526e-03 -9.595464550845844145e-04 1.719027917712321208e-03 -2.420274263433001920e+02
2.270000000000000000e+03 1.841086708577998384e-03 -1.094174963085428522e-03 2.141686045699874724e-03 -2.430814466982610043e+02
2.280000000000000000e+03 2.238998552789381834e-03 -1.174809564264613516e-03 2.528496001911127375e-03 -2.441384362926752658e+02
2.290000000000000000e+03 2.617465618532965107e-03 -1.202720705419215233e-03 2.880566499743800798e-03 -2.451959465269676457e+02
2.300000000000000000e+03 2.973817854221192172e-03 -1.179411320869299014e-03 3.199156716054935706e-03 -2.462527925434971223e+02
2.310000000000000000e+03 3.305286744601797048e-03 -1.106692531415717686e-03 3.485640374899807731e-03 -2.473083144643429705e+02
2.320000000000000000e+03 3.609046228071555434e-03 -9.867198168135471893e-04 3.741501125651318285e-03 -2.483621018311300759e+02
2.330000000000000000e+03 3.882328419690364921e-03 -8.220066802426891257e-04 3.968396268103665039e-03 -2.494138709015365976e+02
2.340000000000000000e+03 4.122589609015798150e-03 -6.154470537088633977e-04 4.168275441988443172e-03 -2.504634141333884827e+02
2.350000000000000000e+03 4.327621433679386051e-03 -3.703551931568733091e-04 4.343439908913151494e-03 -2.515105934173699325e+02
2.360000000000000000e+03 4.495606600469145842e-03 -9.043413487124661229e-05 4.496516100152612647e-03 -2.525553354405060986e+02
2.370000000000000000e+03 4.625132881473749576e-03 2.203342406591162600e-04 4.630378099993185705e-03 -2.535976195604148415e+02
2.380000000000000000e+03 4.715237854398431072e-03 5.577951456207255829e-04 4.748115778709483849e-03 -2.546374729748345658e+02
2.390000000000000000e+03 4.765430738905656466e-03 9.176662482652373940e-04 4.852982739564618356e-03 -2.556749833903713807e+02
2.400000000000000000e+03 4.775751761046261555e-03 1.295564817358887521e-03 4.948362666490264440e-03 -2.567103177797802118e+02
2.410000000000000000e+03 4.746832967445898874e-03 1.687043476865470988e-03 5.037711674328491755e-03 -2.577437410913753411e+02
2.420000000000000000e+03 4.679907542207462599e-03 2.087643227353018927e-03 5.124430587716378299e-03 -2.587756274067138520e+02
2.430000000000000000e+03 4.576778077942383546e-03 2.493011308584380976e-03 5.211717851098962399e-03 -2.598064502418832831e+02
2.440000000000000000e+03 4.439754240995651136e-03 2.899007807714795108e-03 5.302420578342519238e-03 -2.608367647021892708e+02
2.450000000000000000e+03 4.271565885058744780e-03 3.301782709738962113e-03 5.398892865461294398e-03 -2.618671828754067974e+02
2.460000000000000000e+03 4.075307470028275217e-03 3.697830459639510521e-03 5.502915689296539702e-03 -2.628983474843989256e+02
2.470000000000000000e+03 3.854420188146780602e-03 4.084017764513791365e-03 5.615670582188532316e-03 -2.639309096750036474e+02
2.480000000000000000e+03 3.612662278239670444e-03 4.457625183240313330e-03 5.737747904088683765e-03 -2.649655034892934395e+02
2.490000000000000000e+03 3.354019380086942139e-03 4.816404977791300876e-03 5.869173954833134532e-03 -2.660027139971718384e+02
2.500000000000000000e+03 3.082606741223833935e-03 5.158629801801230090e-03 6.009486313577095361e-03 -2.670430514372130801e+02
2.510000000000000000e+03 2.802574291252362456e-03 5.483133477308225340e-03 6.157854771587819610e-03 -2.680869347723925671e+02
2.520000000000000000e+03 2.517984832492436119e-03 5.789326636800736295e-03 6.313204457661139232e-03 -2.691346817981155937e+02
2.530000000000000000e+03 2.232668044574098471e-03 6.077167790043399263e-03 6.474316562047557726e-03 -2.701865046866009834e+02
2.540000000000000000e+03 1.950053222379600614e-03 6.347090048216131285e-03 6.639899069283908793e-03 -2.712425075550438578e+02
2.550000000000000000e+03 1.673011049610167176e-03 6.599891120836027039e-03 6.808636337696994355e-03 -2.723026870364814727e+02
2.560000000000000000e+03 1.403765845233222133e-03 6.836615299015281165e-03 6.979245467453709661e-03 -2.733669414887145308e+02
2.570000000000000000e+03 1.143883513986705680e-03 7.058460065175911451e-03 7.150547390602604234e-03 -2.744350874541256644e+02
2.580000000000000000e+03 8.942766257021826128e-04 7.266687702255475098e-03 7.321508099113750202e-03 -2.755068752556193772e+02
2.590000000000000000e+03 6.551978017083014659e-04 7.462519936385747510e-03 7.491227400120632415e-03 -2.765819996157726450e+02
2.600000000000000000e+03 4.262502298709748821e-04 7.647020735102124170e-03 7.658891263201670664e-03 -2.776601087828881305e+02
2.610000000000000000e+03 2.064535672324957526e-04 7.820984011534639138e-03 7.823708454697394718e-03 -2.787408169738366723e+02
2.620000000000000000e+03 -5.636301485028115484e-06 7.984836656705854990e-03 7.984838645969494220e-03 -2.798237198369380394e+02
2.630000000000000000e+03 -2.117958504296107666e-04 8.138549785762424008e-03 8.141305183912024221e-03 -2.809084078021926985e+02
2.640000000000000000e+03 -4.140183289751995588e-04 8.281568719152724786e-03 8.291911216768805062e-03 -2.819944745565391599e+02
2.650000000000000000e+03 -6.143903958518992514e-04 8.412783812084489998e-03 8.435188618364494739e-03 -2.830815245639835211e+02
2.660000000000000000e+03 -8.149568801077243648e-04 8.530544054159192036e-03 8.569383675410132198e-03 -2.841691807827714342e+02
2.670000000000000000e+03 -1.017595267619951635e-03 8.632698229394455969e-03 8.692466787309151288e-03 -2.852570903205818809e+02
2.680000000000000000e+03 -1.223886668122045086e-03 8.716643563566587108e-03 8.802145965085656290e-03 -2.863449296163681765e+02
2.690000000000000000e+03 -1.434970857995776679e-03 8.779377771827842625e-03 8.895876315673569359e-03 -2.874324104334947378e+02
2.700000000000000000e+03 -1.651408288973911249e-03 8.817577361037763975e-03 8.970887350467479995e-03 -2.885192845578207539e+02
2.710000000000000000e+03 -1.873066882868997798e-03 8.827716162933353650e-03 9.024242472419242642e-03 -2.896053462896034603e+02
2.720000000000000000e+03 -2.099033176938765004e-03 8.806213907087865125e-03 9.052919068194378513e-03 -2.906904337045715465e+02
2.730000000000000000e+03 -2.327549228740356455e-03 8.749600744256213689e-03 9.053894112264551652e-03 -2.917744292401885104e+02
2.740000000000000000e+03 -2.555983364288651714e-03 8.654697285853120078e-03 9.024236037929952298e-03 -2.928572597003636133e+02
2.750000000000000000e+03 -2.780847573972091129e-03 8.518811291309248690e-03 8.961208570645168292e-03 -2.939388954546582795e+02
2.760000000000000000e+03 -2.997872307071817143e-03 8.339933985875274541e-03 8.862377630086947303e-03 -2.950193482980245676e+02
2.770000000000000000e+03 -3.202140849791879681e-03 8.116926778765288369e-03 8.725720964696436627e-03 -2.960986682772436325e+02
2.780000000000000000e+03 -3.388260217836488140e-03 7.849698035297161466e-03 8.549740729935702277e-03 -2.971769426171268265e+02
2.790000000000000000e+03 -3.550536582607301348e-03 7.539347769333016626e-03 8.333551152502723797e-03 -2.982542999410082984e+02
2.800000000000000000e+03 -3.683167777788281042e-03 7.188257170565671809e-03 8.076928006954541689e-03 -2.993309178737459888e+02
2.810000000000000000e+03 -3.780484528658439695e-03 6.800124772866770854e-03 7.780344478105206268e-03 -3.004070308804249407e+02
2.820000000000000000e+03 -3.837234345580607664e-03 6.379949303693655503e-03 7.445006416424675665e-03 -3.014829391250322601e+02
2.830000000000000000e+03 -3.848872698708427197e-03 5.933942984629077266e-03 7.072870732290512281e-03 -3.025590213927521290e+02
2.840000000000000000e+03 -3.811827804477430689e-03 5.469372971763304496e-03 6.666638726917950217e-03 -3.036357560231585921e+02
2.850000000000000000e+03 -3.723727834267043929e-03 4.994357143320102797e-03 6.229747367167280843e-03 -3.047137549017396054e+02
2.860000000000000000e+03 -3.583586198997974065e-03 4.517623668818924847e-03 5.766369192023843362e-03 -3.057938167483917482e+02
2.870000000000000000e+03 -3.391933264457719800e-03 4.048214819002395048e-03 5.281406487984559653e-03 -3.068770079689265913e+02
2.880000000000000000e+03 -3.150891436690102763e-03 3.595154128464120996e-03 4.780507300822751937e-03 -3.079647878689200979e+02
2.890000000000000000e+03 -2.864186669831197355e-03 3.167114811802589514e-03 4.270150057173409570e-03 -3.090592113775915095e+02
2.900000000000000000e+03 -2.537072388939186005e-03 2.772089602724917869e-03 3.757820787671118257e-03 -3.101632650178174799e+02
2.910000000000000000e+03 -2.176163367248402751e-03 2.417072829653541324e-03 3.252372682335664435e-03 -3.112814282774994012e+02
2.920000000000000000e+03 -1.789212726746750980e-03 2.107786413822088523e-03 2.764786745455338930e-03 -3.124205946348068892e+02
2.930000000000000000e+03 -1.384856196186606738e-03 1.848459921119426606e-03 2.309681961678116974e-03 -3.135914402572237236e+02
2.940000000000000000e+03 -9.723163040526234440e-04 1.641669584669525365e-03 1.908003674093832966e-03 -3.148097073226610974e+02
2.950000000000000000e+03 -5.610540878347901805e-04 1.488252950997221531e-03 1.590496317389030259e-03 -3.160939129344361618e+02
2.960000000000000000e+03 -1.603838455640242884e-04 1.387297485713728361e-03 1.396537608439363774e-03 -3.174493278394043045e+02
2.970000000000000000e+03 2.209072661183559530e-04 1.336190547820637065e-03 1.354328320721788666e-03 -3.188382698403158884e+02
2.980000000000000000e+03 5.748917577096194489e-04 1.330758275350843716e-03 1.449626890098692968e-03 -3.201922130999178648e+02
2.990000000000000000e+03 8.947725194332222963e-04 1.365494841411580467e-03 1.632542196531076850e-03 -3.214744991770098181e+02
3.000000000000000000e+03 1.175107627796514748e-03 1.433832589285020638e-03 1.853848384038279213e-03 -3.226909784544273521e+02
3.010000000000000000e+03 1.411972284235977256e-03 1.528435058291860785e-03 2.080812211341092656e-03 -3.238602368674171430e+02
3.020000000000000000e+03 1.603033400939208502e-03 1.641516516115782472e-03 2.294404619331041634e-03 -3.249979635834307032e+02
3.030000000000000000e+03 1.747546528867811736e-03 1.765177982729352474e-03 2.483902611067995321e-03 -3.261148046078149036e+02
3.040000000000000000e+03 1.846273550788674273e-03 1.891740009845733431e-03 2.643370252006508898e-03 -3.272176612080581890e+02
3.050000000000000000e+03 1.901318041722309350e-03 2.014040701327411437e-03 2.769723856701632788e-03 -3.283110419585570980e+02
3.060000000000000000e+03 1.915906743386502735e-03 2.125676095630516047e-03 2.861677394971150375e-03 -3.293979676356563004e+02
3.070000000000000000e+03 1.894162763888273399e-03 2.221170285859633449e-03 2.919152276755467446e-03 -3.304805297165600564e+02
3.080000000000000000e+03 1.840872377701028564e-03 2.296071102839516206e-03 2.942915836424363305e-03 -3.315602321203072052e+02
3.090000000000000000e+03 1.761224373130382314e-03 2.346986835940898224e-03 2.934324198276049098e-03 -3.326381951613632282e+02
3.100000000000000000e+03 1.660538206974512647e-03 2.371587336823985457e-03 2.895136202841934198e-03 -3.337152725244583280e+02
3.110000000000000000e+03 1.544012550893583561e-03 2.368565150663393647e-03 2.827379640277197237e-03 -3.347921191334812079e+02
3.120000000000000000e+03 1.416527727277880387e-03 2.337538878458320524e-03 2.733246935505685444e-03 -3.358692387830719213e+02
3.130000000000000000e+03 1.282502850273723859e-03 2.278897945594820975e-03 2.614993194522028178e-03 -3.369470227368780684e+02
3.140000000000000000e+03 1.145791406715797279e-03 2.193619701490917388e-03 2.474834407081182540e-03 -3.380257766166103011e+02
3.150000000000000000e+03 1.009622693644924001e-03 2.083094536638916208e-03 2.314869506494423006e-03 -3.391057378823406907e+02
3.160000000000000000e+03 8.765956222444566768e-04 1.948968893689734770e-03 2.137030564476871328e-03 -3.401870917180377774e+02
3.170000000000000000e+03 7.487198266096419669e-04 1.793007955883323774e-03 1.943054015877908628e-03 -3.412699926980465648e+02
3.180000000000000000e+03 6.274925645046181824e-04 1.616994889717272800e-03 1.734479573785854042e-03 -3.423545976207867056e+02
3.190000000000000000e+03 5.140015160807570550e-04 1.422662827429797524e-03 1.512668859692650183e-03 -3.434411275849451499e+02
3.200000000000000000e+03 4.090478702403827957e-04 1.211630710039202996e-03 1.278815521354935772e-03 -3.445300123337838158e+02
3.210000000000000000e+03 3.132776045461704373e-04 9.853482908592273680e-04 1.033950729875165358e-03 -3.456222551754594292e+02
3.220000000000000000e+03 2.273049021878550263e-04 7.450841833505408287e-04 7.789852109236559789e-04 -3.467205299102296294e+02
3.230000000000000000e+03 1.518113326129380742e-04 4.919672688890831466e-04 5.148577224514550715e-04 -3.478337354955515366e+02
3.240000000000000000e+03 8.761100398871475255e-05 2.270589113457657327e-04 2.433750957707770171e-04 -3.490126758549611736e+02
3.250000000000000000e+03 3.569166098287023160e-05 -4.856732409313535591e-05 6.027171503519529840e-05 -3.522622577292346477e+02
3.260000000000000000e+03 -2.761788952654626998e-06 -3.337480886290343182e-04 3.337595154325233098e-04 -3.540142932476199462e+02
3.270000000000000000e+03 -2.637656996880042784e-05 -6.271623874728014672e-04 6.277168021519763039e-04 -3.551580505979140980e+02
3.280000000000000000e+03 -3.363505587382057711e-05 -9.272826399777949098e-04 9.278924568007997000e-04 -3.562622751821637053e+02
3.290000000000000000e+03 -2.292762134921131600e-05 -1.232344314112030458e-03 1.232557578511034009e-03 -3.573546211024802233e+02
3.300000000000000000e+03 7.393675182996144636e-06 -1.540323776640004387e-03 1.540341521648766693e-03 -3.584412183243001095e+02
3.310000000000000000e+03 5.894694904567543555e-05 -1.848920908355986773e-03 1.849860337473540478e-03 -3.595241473493999820e+02
3.320000000000000000e+03 1.332332049811448134e-04 -2.155551904109240940e-03 2.159665506095451420e-03 -3.606042875745393417e+02
3.330000000000000000e+03 2.315445207517330536e-04 -2.457359529176817922e-03 2.468244056151308076e-03 -3.616820708170796479e+02
3.340000000000000000e+03 3.548831364727564460e-04 -2.751250428695561044e-03 2.774044152848013142e-03 -3.627577369392319042e+02
3.350000000000000000e+03 5.038978378303362541e-04 -3.033958703187553552e-03 3.075519215289930497e-03 -3.638314347876504939e+02
3.360000000000000000e+03 6.788297192720967868e-04 -3.302123927901431596e-03 3.371176682255946650e-03 -3.649032693019769340e+02
3.370000000000000000e+03 8.794579558595428228e-04 -3.552375521603025506e-03 3.659619945104821033e-03 -3.659733290348154924e+02
3.380000000000000000e+03 1.105056330873678810e-03 -3.781417429278933172e-03 3.939577041873720299e-03 -3.670417020694066537e+02
3.390000000000000000e+03 1.354378124689104576e-03 -3.986106484305048867e-03 4.209915083330676398e-03 -3.681084818295060472e+02
3.400000000000000000e+03 1.625667484679457504e-03 -4.163512988856291411e-03 4.469634792588661476e-03 -3.691737667924982702e+02
3.410000000000000000e+03 1.916681981594330498e-03 -4.310966319330051394e-03 4.717849131221393648e-03 -3.702376590423723428e+02
3.420000000000000000e+03 2.224723315824673336e-03 -4.426109212249036175e-03 4.953769937202343737e-03 -3.713002639133292746e+02
3.430000000000000000e+03 2.546680493926178120e-03 -4.506971075327556933e-03 5.176714190679577825e-03 -3.723616911515896390e+02
3.440000000000000000e+03 2.879088364525833697e-03 -4.552036729796747096e-03 5.386110674704586848e-03 -3.734220557098988138e+02
3.450000000000000000e+03 3.218202094785430241e-03 -4.560281740671554701e-03 5.581486744334677313e-03 -3.744814754837662463e+02
3.460000000000000000e+03 3.560079474803723529e-03 -4.531176799326353845e-03 5.762441240799959057e-03 -3.755400669862747804e+02
3.470000000000000000e+03 3.900660158392791742e-03 -4.464682683180226132e-03 5.928620508411907956e-03 -3.765979420309002990e+02
3.480000000000000000e+03 4.235833530117708023e-03 -4.361250490101853741e-03 6.079703243767996777e-03 -3.776552074817324751e+02
3.490000000000000000e+03 4.561504839218871558e-03 -4.221818379659248062e-03 6.215390319927287244e-03 -3.787119654419169024e+02
3.500000000000000000e+03 4.873663742243257609e-03 -4.047793762095295775e-03 6.335395221524395791e-03 -3.797683120838814830e+02
3.510000000000000000e+03 5.168441789031347385e-03 -3.841033719559665098e-03 6.439435577859282424e-03 -3.808243379518475535e+02
3.520000000000000000e+03 5.442156772721827573e-03 -3.603825663420337066e-03 6.527222207892810664e-03 -3.818801297185773365e+02
3.530000000000000000e+03 5.691352757192708924e-03 -3.338856199757352441e-03 6.598443523245702685e-03 -3.829357706779258592e+02
3.540000000000000000e+03 5.912839988124752623e-03 -3.049163042232154539e-03 6.652749204898797050e-03 -3.839913387870935253e+02
3.550000000000000000e+03 6.103728648234658764e-03 -2.738076131706976800e-03 6.689735743234103207e-03 -3.850469034030945181e+02
3.560000000000000000e+03 6.261454067377899765e-03 -2.409167127542118612e-03 6.708941293998091880e-03 -3.861025232458820824e+02
3.570000000000000000e+03 6.383805665745568257e-03 -2.066211324317359516e-03 6.709858717942019171e-03 -3.871582455583054525e+02
3.580000000000000000e+03 6.468965507896872261e-03 -1.713150999390502952e-03 6.691965413021208620e-03 -3.882141052869476425e+02
3.590000000000000000e+03 6.515553871753742426e-03 -1.354059270352106275e-03 6.654766619750963549e-03 -3.892701249367191849e+02
3.600000000000000000e+03 6.522674373253855781e-03 -9.931060439891602979e-04 6.597843632135455029e-03 -3.903263160721283498e+02
3.610000000000000000e+03 6.489953859139649742e-03 -6.345158737733503241e-04 6.520898058383675297e-03 -3.913826812315110146e+02
3.620000000000000000e+03 6.417574702869562574e-03 -2.825133399619590528e-04 6.423790069279024760e-03 -3.924392154586712422e+02
3.630000000000000000e+03 6.306291425138769134e-03 5.873586214581246357e-05 6.306564947757279521e-03 -3.934959084569884453e+02
3.640000000000000000e+03 6.157435655003869884e-03 3.851899291403987628e-04 6.169472029843730415e-03 -3.945527465762970110e+02
3.650000000000000000e+03 5.972920715700204448e-03 6.930067104303071646e-04 6.012989287928432666e-03 -3.956097137430309658e+02
3.660000000000000000e+03 5.755233165068781784e-03 9.786194115600948314e-04 5.837842472779635958e-03 -3.966667930794693007e+02
3.670000000000000000e+03 5.507392997628185634e-03 1.238801510080479252e-03 5.644998388990173435e-03 -3.977239701455642944e+02
3.680000000000000000e+03 5.232888403663252773e-03 1.470726597169896323e-03 5.435637751802109389e-03 -3.987812358084892139e+02
3.690000000000000000e+03 4.935595410643467233e-03 1.672026849913399492e-03 5.211120402024518351e-03 -3.998385873649210680e+02
3.700000000000000000e+03 4.619691149145242585e-03 1.840838982129156670e-03 4.972950278417953909e-03 -4.008960295975816166e+02
3.710000000000000000e+03 4.289570562303678808e-03 1.975826061856005098e-03 4.722743295553094751e-03 -4.019535786090956435e+02
3.720000000000000000e+03 3.949768693150944830e-03 2.076180566705509295e-03 4.462196597524691055e-03 -4.030112686641822393e+02
3.730000000000000000e+03 3.604880567722045567e-03 2.141622678098230922e-03 4.193055163348636052e-03 -4.040691596275255506e+02
3.740000000000000000e+03 3.259471540047464543e-03 2.172399446897710015e-03 3.917074683646057723e-03 -4.051273429726805375e+02
3.750000000000000000e+03 2.917977063737696528e-03 2.169274733917428248e-03 3.635978962495767328e-03 -4.061859471641451478e+02
3.760000000000000000e+03 2.584604439500168792e-03 2.133495053634569018e-03 3.351414813562647414e-03 -4.072451466289731457e+02
3.770000000000000000e+03 2.263254913462665451e-03 2.066740436220701992e-03 3.064920689679038763e-03 -4.083051772086666347e+02
3.780000000000000000e+03 1.957466590317361553e-03 1.971079354884067159e-03 2.777918154924451186e-03 -4.093663587998801745e+02
3.790000000000000000e+03 1.670367896765445831e-03 1.848928840671276849e-03 2.491719640812475444e-03 -4.104291296691229718e+02
3.800000000000000000e+03 1.404642069750257653e-03 1.703008660725515528e-03 2.207545660369996093e-03 -4.114941069260884206e+02
3.810000000000000000e+03 1.162505162562612335e-03 1.536282411037094694e-03 1.926546625297886287e-03 -4.125622011576994055e+02
3.820000000000000000e+03 9.456971436132234274e-04 1.351888955912229021e-03 1.649832366198356092e-03 -4.136348412678382829e+02
3.830000000000000000e+03 7.554838318345178695e-04 1.153071169067198046e-03 1.378524189522026874e-03 -4.147144426918047770e+02
3.840000000000000000e+03 5.926627958270867238e-04 9.431094616042580989e-04 1.113869223080094081e-03 -4.158054759739296742e+02
3.850000000000000000e+03 4.575748410130303016e-04 7.252650868479572138e-04 8.575454398040227664e-04 -4.169172615062005889e+02
3.860000000000000000e+03 3.501331475900025330e-04 5.027355963680765890e-04 6.126469626929102004e-04 -4.180727690907345391e+02
3.870000000000000000e+03 2.698674733073357849e-04 2.786229378445463970e-04 3.878906993502313728e-04 -4.193438623917190853e+02
3.880000000000000000e+03 2.159615547961906247e-04 5.590970316914822331e-05 2.230813485221261176e-04 -4.210018965099395700e+02
3.890000000000000000e+03 1.872742539464663093e-04 -1.625592644585969213e-04 2.479862106096336898e-04 -4.230800895290508379e+02
3.900000000000000000e+03 1.823580210272786101e-04 -3.740954070677558209e-04 4.161752292270352676e-04 -4.245924498061285703e+02
3.910000000000000000e+03 1.994760685555848462e-04 -5.761915109415824323e-04 6.097436832042920155e-04 -4.258227350702977105e+02
3.920000000000000000e+03 2.366124113585196527e-04 -7.665490148699620823e-04 8.022361406761743851e-04 -4.269666244880197041e+02
3.930000000000000000e+03 2.914904030257010718e-04 -9.431023849085734632e-04 9.871214532550312559e-04 -4.280762558175083541e+02
3.940000000000000000e+03 3.616063961091071509e-04 -1.104046757496009515e-03 1.161756613256179895e-03 -4.291695015403921616e+02
3.950000000000000000e+03 4.442580895934475165e-04 -1.247877450874263156e-03 1.324599329068857972e-03 -4.302539986110829773e+02
3.960000000000000000e+03 5.365647189472465793e-04 -1.373440730160841372e-03 1.474530819238337480e-03 -4.313335792167273439e+02
3.970000000000000000e+03 6.354950246114607912e-04 -1.479978403861488805e-03 1.610648938224069297e-03 -4.324104311837574528e+02
3.980000000000000000e+03 7.379115106533834598e-04 -1.567159788529890515e-03 1.732196062903910896e-03 -4.334859540173205232e+02
3.990000000000000000e+03 8.406269172685284109e-04 -1.635105248557775035e-03 1.838538220407063715e-03 -4.345611451494777953e+02
4.000000000000000000e+03 9.404665448132297316e-04 -1.684400584561158770e-03 1.929166309881786201e-03 -4.356367954004117564e+02
4.010000000000000000e+03 1.034342888350610465e-03 -1.716099031558178823e-03 2.003711829779023738e-03 -4.367135945632794574e+02
4.020000000000000000e+03 1.119342984740930675e-03 -1.731710199847406222e-03 2.061976947917769538e-03 -4.377921921124409437e+02
4.030000000000000000e+03 1.192812334052365322e-03 -1.733173941052996341e-03 2.103970811159847337e-03 -4.388732393883934719e+02
4.040000000000000000e+03 1.252425673617405064e-03 -1.722815960446024515e-03 2.129944811844562431e-03 -4.399574238468463250e+02
4.050000000000000000e+03 1.296250216616959706e-03 -1.703284219287243750e-03 2.140430273508686643e-03 -4.410454954142797988e+02
4.060000000000000000e+03 1.322806774156596405e-03 -1.677462501240420054e-03 2.136281396450932703e-03 -4.421382821604069022e+02
4.070000000000000000e+03 1.331115492387457098e-03 -1.648365614765275522e-03 2.118720758857666961e-03 -4.432366988272492563e+02
4.080000000000000000e+03 1.320712400974625392e-03 -1.619038459059453155e-03 2.089393878138290968e-03 -4.443417540333228430e+02
4.090000000000000000e+03 1.291636469457639082e-03 -1.592478132471241477e-03 2.050441750363098548e-03 -4.454545542221812866e+02
4.100000000000000000e+03 1.244398392510777428e-03 -1.571550814272037935e-03 2.004569609946861564e-03 -4.465762800743468688e+02
4.110000000000000000e+03 1.179944263240471566e-03 -1.558880454727603129e-03 1.955089956110930144e-03 -4.477081045877658312e+02
4.120000000000000000e+03 1.099603215781235974e-03 -1.556749437172681369e-03 1.905937050978834344e-03 -4.488510462505051350e+02
4.130000000000000000e+03 1.005004404845812136e-03 -1.567047180810384908e-03 1.861631198880503522e-03 -4.500057576764515943e+02
4.140000000000000000e+03 8.979750134036502268e-04 -1.591253327726136965e-03 1.827141559293310675e-03 -4.511722479364076435e+02
4.150000000000000000e+03 7.804524277855094368e-04 -1.630428461313645225e-03 1.807595906030403862e-03 -4.523495722980097753e+02
4.160000000000000000e+03 6.544231339541613538e-04 -1.685209355899711841e-03 1.807816420842090844e-03 -4.535356096551577139e+02
4.170000000000000000e+03 5.218647473600735972e-04 -1.755822164317177034e-03 1.831735321285433288e-03 -4.547271143525197203e+02
4.180000000000000000e+03 3.846817594548999539e-04 -1.842117638717137009e-03 1.881854790075503797e-03 -4.559201510055747235e+02
4.190000000000000000e+03 2.446454184985131738e-04 -1.943615223735108881e-03 1.958951637669288908e-03 -4.571108055462166817e+02
4.200000000000000000e+03 1.033432457075115368e-04 -2.059542293437783330e-03 2.062133430428867310e-03 -4.677206606029598674e+02
