0.000000000000000000e+00 2.138131996054567219e-01 6.779721761614799780e-01
1.000000000000000000e+01 2.132815130059325659e-01 6.784965909899733916e-01
2.000000000000000000e+01 2.125395720500980468e-01 6.792315322604691730e-01
3.000000000000000000e+01 2.116082404502568903e-01 6.801562987809771643e-01
4.000000000000000000e+01 2.105219058345395300e-01 6.812367731206449006e-01
5.000000000000000000e+01 2.093278913950764319e-01 6.824254775049702904e-01
6.000000000000000000e+01 2.080829852847706218e-01 6.836653198220810079e-01
7.000000000000000000e+01 2.068493670820854835e-01 6.848941591431373377e-01
8.000000000000000000e+01 2.056892472657985416e-01 6.860500097559435462e-01
9.000000000000000000e+01 2.046595000457837321e-01 6.870762158446865886e-01
1.000000000000000000e+02 2.038072291319414919e-01 6.879257470806197095e-01
1.100000000000000000e+02 2.031667941045839920e-01 6.885641847900296764e-01
1.200000000000000000e+02 2.027582781027349179e-01 6.889713785209448105e-01
1.300000000000000000e+02 2.025871140251060687e-01 6.891418652644335507e-01
1.400000000000000000e+02 2.026447774197941976e-01 6.890841596639627475e-01
1.500000000000000000e+02 2.029104448735836452e-01 6.888190600176343770e-01
1.600000000000000000e+02 2.033533816049113707e-01 6.883772299023404040e-01
1.700000000000000000e+02 2.039357679822829950e-01 6.877963794421820820e-01
1.800000000000000000e+02 2.046156831588218650e-01 6.871183041828937688e-01
1.900000000000000000e+02 2.053499960871182639e-01 6.863860089884655791e-01
2.000000000000000000e+02 2.060969615212086270e-01 6.856411216618101268e-01
2.100000000000000000e+02 2.068183901705639705e-01 6.849217305829155000e-01
2.200000000000000000e+02 2.074813158352321052e-01 6.842607176029884553e-01
2.300000000000000000e+02 2.080591293331155445e-01 6.836846275599557377e-01
2.400000000000000000e+02 2.085321827173626519e-01 6.832130670886252810e-01
2.500000000000000000e+02 2.088879008662752057e-01 6.828585931382982199e-01
2.600000000000000000e+02 2.091204792609373253e-01 6.826270181632833056e-01
2.700000000000000000e+02 2.092302688867795357e-01 6.825180251159983502e-01
2.800000000000000000e+02 2.092229494817766655e-01 6.825259922515252153e-01
2.900000000000000000e+02 2.091085726592619987e-01 6.826409469716075984e-01
3.000000000000000000e+02 2.089005458183908481e-01 6.828495494232589280e-01
3.100000000000000000e+02 2.086146319068459265e-01 6.831360601260578758e-01
3.200000000000000000e+02 2.082680319722441387e-01 6.834832755261712744e-01
3.300000000000000000e+02 2.078785775515546719e-01 6.838733662274812941e-01
3.400000000000000000e+02 2.074640396523790842e-01 6.842885678849360831e-01
3.500000000000000000e+02 2.070415672537585239e-01 6.847117467666506974e-01
3.600000000000000000e+02 2.066272461407352157e-01 6.851268201070442876e-01
3.700000000000000000e+02 2.062357714802192932e-01 6.855190753379583057e-01
3.800000000000000000e+02 2.058802192835584577e-01 6.858753992867042681e-01
3.900000000000000000e+02 2.055719122536668886e-01 6.861844205527861673e-01
4.000000000000000000e+02 2.053203660676708453e-01 6.864365715182842997e-01
4.100000000000000000e+02 2.051332999202025720e-01 6.866240827002669800e-01
4.200000000000000000e+02 2.050166937894487840e-01 6.867409272492259742e-01
4.300000000000000000e+02 2.049748684065750282e-01 6.867827516768639784e-01
4.400000000000000000e+02 2.050105780333842387e-01 6.867467847603438980e-01
4.500000000000000000e+02 2.051251289099131347e-01 6.866317064292098982e-01
4.600000000000000000e+02 2.053185270572555898e-01 6.864374950560996336e-01
4.700000000000000000e+02 2.055896366495775784e-01 6.861652757922387380e-01
4.800000000000000000e+02 2.059363379284044060e-01 6.858171715781601341e-01
4.900000000000000000e+02 2.063556753921919618e-01 6.853961465356774863e-01
5.000000000000000000e+02 2.068439997375201844e-01 6.849058452940828268e-01
5.100000000000000000e+02 2.073971181896744620e-01 6.843504364302060994e-01
5.200000000000000000e+02 2.080104436650624944e-01 6.837344653393351290e-01
5.300000000000000000e+02 2.086791279903535135e-01 6.830627458222547910e-01
5.400000000000000000e+02 2.093981665971932082e-01 6.823402625258100374e-01
5.500000000000000000e+02 2.101624795609415841e-01 6.815720626335283194e-01
5.600000000000000000e+02 2.109669912783475598e-01 6.807631869170173156e-01
5.700000000000000000e+02 2.118066932949868864e-01 6.799186285863682011e-01
5.800000000000000000e+02 2.126766724747605752e-01 6.790432917444499950e-01
5.900000000000000000e+02 2.135721276111298417e-01 6.781419661092409346e-01
6.000000000000000000e+02 2.144883773521995829e-01 6.772193024566944830e-01
6.100000000000000000e+02 2.154208774085376032e-01 6.762798167786316927e-01
6.200000000000000000e+02 2.163652393513445238e-01 6.753278795835173653e-01
6.300000000000000000e+02 2.173172285408009330e-01 6.743676945817874691e-01
6.400000000000000000e+02 2.182727581855181120e-01 6.734033188566321826e-01
6.500000000000000000e+02 2.192278826699256555e-01 6.724387065630854643e-01
6.600000000000000000e+02 2.201787672237493498e-01 6.714777210732978396e-01
6.700000000000000000e+02 2.211216589543529010e-01 6.705241242489264897e-01
6.800000000000000000e+02 2.220528855473124785e-01 6.695816106077435714e-01
6.900000000000000000e+02 2.229688566371413883e-01 6.686537918228883104e-01
7.000000000000000000e+02 2.238660642261190714e-01 6.677441682471415563e-01
7.100000000000000000e+02 2.247411164736682065e-01 6.668561714582257327e-01
7.200000000000000000e+02 2.255907489522782639e-01 6.659930970254634985e-01
7.300000000000000000e+02 2.264118412704816397e-01 6.651580539777348644e-01
7.400000000000000000e+02 2.272014802019817759e-01 6.643539683394436013e-01
7.500000000000000000e+02 2.279570179637662730e-01 6.635835292702170207e-01
7.600000000000000000e+02 2.286761058078498332e-01 6.628491314117140876e-01
7.700000000000000000e+02 2.293567192639069108e-01 6.621528351243254340e-01
7.800000000000000000e+02 2.299971883701085740e-01 6.614963288008939291e-01
7.900000000000000000e+02 2.305962263062601159e-01 6.608809185918735896e-01
8.000000000000000000e+02 2.311529518448365850e-01 6.603075204361962269e-01
8.100000000000000000e+02 2.316669130130800114e-01 6.597766375254622284e-01
8.200000000000000000e+02 2.321380827844865546e-01 6.592883198907509845e-01
8.300000000000000000e+02 2.325668648640871750e-01 6.588421818795835438e-01
8.400000000000000000e+02 2.329541172553940553e-01 6.584374343964845000e-01
8.500000000000000000e+02 2.333011324466630620e-01 6.580728239492027454e-01
8.600000000000000000e+02 2.336096281758052728e-01 6.577466652133839853e-01
8.700000000000000000e+02 2.338817524969515893e-01 6.574568590205971397e-01
8.800000000000000000e+02 2.341200452757267458e-01 6.572008968124040118e-01
8.900000000000000000e+02 2.343273923503995659e-01 6.569758916362296031e-01
9.000000000000000000e+02 2.345069905194967774e-01 6.567786465216022274e-01
9.100000000000000000e+02 2.346622872276060423e-01 6.566056740100281175e-01
9.200000000000000000e+02 2.347969365431952782e-01 6.564532968321937778e-01
9.300000000000000000e+02 2.349147434091590769e-01 6.563177332774403627e-01
9.400000000000000000e+02 2.350195806649018893e-01 6.561951344855784241e-01
9.500000000000000000e+02 2.351153153180198241e-01 6.560816533038349441e-01
9.600000000000000000e+02 2.352057363179445304e-01 6.559735047297932109e-01
9.700000000000000000e+02 2.352944941890972030e-01 6.558670399298486275e-01
9.800000000000000000e+02 2.353850494418770478e-01 6.557588136219082431e-01
9.900000000000000000e+02 2.354806189303246533e-01 6.556456335152864856e-01
1.000000000000000000e+03 2.355841254992126488e-01 6.555246022389495941e-01
1.010000000000000000e+03 2.356981531263112328e-01 6.553931627661446768e-01
1.020000000000000000e+03 2.358249055903751112e-01 6.552491248014311598e-01
1.030000000000000000e+03 2.359661737805874571e-01 6.550906804669628380e-01
1.040000000000000000e+03 2.361233247272790381e-01 6.549164694542112253e-01
1.050000000000000000e+03 2.362972808193045116e-01 6.547255756821183104e-01
1.060000000000000000e+03 2.364885201014473859e-01 6.545175088161490073e-01
1.070000000000000000e+03 2.366970768562974836e-01 6.542922681812141095e-01
1.080000000000000000e+03 2.369225531128890949e-01 6.540503001615370904e-01
1.090000000000000000e+03 2.371641226525766921e-01 6.537924282751413907e-01
1.100000000000000000e+03 2.374205652535904543e-01 6.535198573319952464e-01
1.110000000000000000e+03 2.376903298823002386e-01 6.532341457462171874e-01
1.120000000000000000e+03 2.379715981609584752e-01 6.529371121815616963e-01
1.130000000000000000e+03 2.382623720255155897e-01 6.526307582899101289e-01
1.140000000000000000e+03 2.385605616190879241e-01 6.523171771141280662e-01
1.150000000000000000e+03 2.388640663207807768e-01 6.519984557780635903e-01
1.160000000000000000e+03 2.391708667051467008e-01 6.516765832299646899e-01
1.170000000000000000e+03 2.394791278554789238e-01 6.513533873575773070e-01
1.180000000000000000e+03 2.397872773174200556e-01 6.510304369695794069e-01
1.190000000000000000e+03 2.400940673302996431e-01 6.507089836535850935e-01
1.200000000000000000e+03 2.403986145084547610e-01 6.503899510411685903e-01
1.210000000000000000e+03 2.407003949674275944e-01 6.500738879096583656e-01
1.220000000000000000e+03 2.409992334724389562e-01 6.497609479276206246e-01
1.230000000000000000e+03 2.412953033805685654e-01 6.494509482974658576e-01
1.240000000000000000e+03 2.415890980338296912e-01 6.491433842021488987e-01
1.250000000000000000e+03 2.418814046474152268e-01 6.488374819687520167e-01
1.260000000000000000e+03 2.421732579166082644e-01 6.485322321902149412e-01
1.270000000000000000e+03 2.424658683032760997e-01 6.482264048683725743e-01
1.280000000000000000e+03 2.427605815566252490e-01 6.479186372183030063e-01
1.290000000000000000e+03 2.430588252741948119e-01 6.476074910079141489e-01
1.300000000000000000e+03 2.433620422736563482e-01 6.472915179248902584e-01
1.310000000000000000e+03 2.436716239316048249e-01 6.469693215388812035e-01
1.320000000000000000e+03 2.439888425153319551e-01 6.466396148992078485e-01
1.330000000000000000e+03 2.443147932876952033e-01 6.463012848413364209e-01
1.340000000000000000e+03 2.446503424904804269e-01 6.459534328352225518e-01
1.350000000000000000e+03 2.449960870058689733e-01 6.455954346302152924e-01
1.360000000000000000e+03 2.453523096124400060e-01 6.452269832438644048e-01
1.370000000000000000e+03 2.457189470589263292e-01 6.448481042717724154e-01
1.380000000000000000e+03 2.460955925272703404e-01 6.444591776071648681e-01
1.390000000000000000e+03 2.464815163629927308e-01 6.440609571164128688e-01
1.400000000000000000e+03 2.468756645382334247e-01 6.436545517980618580e-01
1.410000000000000000e+03 2.472766481795448112e-01 6.432413819502956764e-01
1.420000000000000000e+03 2.476827643631827891e-01 6.428231183418059436e-01
1.430000000000000000e+03 2.480920444725732976e-01 6.424017238824912823e-01
1.440000000000000000e+03 2.485022949883562426e-01 6.419794064828017177e-01
1.450000000000000000e+03 2.489111326790099388e-01 6.415585559008256666e-01
1.460000000000000000e+03 2.493160214667176633e-01 6.411417175703397753e-01
1.470000000000000000e+03 2.497143058234455593e-01 6.407315667375201862e-01
1.480000000000000000e+03 2.501032321190096996e-01 6.403308714047664107e-01
1.490000000000000000e+03 2.504799671022324148e-01 6.399424517721306049e-01
1.500000000000000000e+03 2.508416251579966838e-01 6.395691843443395141e-01
1.510000000000000000e+03 2.511852862905988304e-01 6.392139907433186385e-01
1.520000000000000000e+03 2.515080073873351973e-01 6.388798172416471077e-01
1.530000000000000000e+03 2.518068297184834492e-01 6.385696245242084013e-01
1.540000000000000000e+03 2.520787847409259319e-01 6.382863829415228452e-01
1.550000000000000000e+03 2.523208998859738372e-01 6.380330674882033204e-01
1.560000000000000000e+03 2.525302082911578538e-01 6.378126476418369828e-01
1.570000000000000000e+03 2.527037686005485506e-01 6.376280688732162139e-01
1.580000000000000000e+03 2.528386936474297797e-01 6.374822244436990637e-01
1.590000000000000000e+03 2.529321845272496927e-01 6.373779114817645919e-01
1.600000000000000000e+03 2.529815774048365662e-01 6.373177777926405385e-01
1.610000000000000000e+03 2.529844043713754820e-01 6.373042696826172193e-01
1.620000000000000000e+03 2.529384585434722443e-01 6.373395689508659645e-01
1.630000000000000000e+03 2.528418600303791730e-01 6.374255245852334939e-01
1.640000000000000000e+03 2.526931197368850746e-01 6.375635936080217281e-01
1.650000000000000000e+03 2.524911949485679763e-01 6.377547956948157459e-01
1.660000000000000000e+03 2.522355312315772147e-01 6.379996789887797393e-01
1.670000000000000000e+03 2.519260863032042885e-01 6.382982906385054056e-01
1.680000000000000000e+03 2.515633401812800152e-01 6.386501538498601249e-01
1.690000000000000000e+03 2.511482972324491358e-01 6.390542638245748641e-01
1.700000000000000000e+03 2.506824781154845527e-01 6.395091016277054674e-01
1.710000000000000000e+03 2.501678990881912590e-01 6.400126561294340322e-01
1.720000000000000000e+03 2.496070382017720468e-01 6.405624546304953260e-01
1.730000000000000000e+03 2.490027844848158312e-01 6.411556103882041224e-01
1.740000000000000000e+03 2.483583674623136006e-01 6.417888905310454861e-01
1.750000000000000000e+03 2.476772737518519729e-01 6.424588014692016458e-01
1.760000000000000000e+03 2.469631549715688434e-01 6.431616879926227437e-01
1.770000000000000000e+03 2.462197234919317745e-01 6.438938409368146765e-01
1.780000000000000000e+03 2.454506397084798841e-01 6.446516060925776559e-01
1.790000000000000000e+03 2.446594018699405626e-01 6.454314887419907443e-01
1.800000000000000000e+03 2.438492505892849160e-01 6.462302490730571503e-01
1.810000000000000000e+03 2.430230932512042474e-01 6.470449834928667654e-01
1.820000000000000000e+03 2.421834446127313634e-01 6.478731841875791098e-01
1.830000000000000000e+03 2.413323866999535217e-01 6.487127709267220821e-01
1.840000000000000000e+03 2.404715594681371971e-01 6.495620959581646092e-01
1.850000000000000000e+03 2.396021902723204644e-01 6.504199220106771095e-01
1.860000000000000000e+03 2.387251581331042150e-01 6.512853732254509920e-01
1.870000000000000000e+03 2.378410775157519808e-01 6.521578602046772533e-01
1.880000000000000000e+03 2.369503880135077345e-01 6.530369815121811472e-01
1.890000000000000000e+03 2.360534489958031612e-01 6.539224129037212174e-01
1.900000000000000000e+03 2.351506427196845550e-01 6.548137970092109406e-01
1.910000000000000000e+03 2.342424816687921629e-01 6.557106404568484592e-01
1.920000000000000000e+03 2.333297051482348117e-01 6.566122229882783712e-01
1.930000000000000000e+03 2.324133519254883706e-01 6.575175220857222280e-01
1.940000000000000000e+03 2.314948102479039427e-01 6.584251535713676606e-01
1.950000000000000000e+03 2.305758579894621740e-01 6.593333282057610711e-01
1.960000000000000000e+03 2.296586958353753205e-01 6.602398275968286434e-01
1.970000000000000000e+03 2.287459550685106702e-01 6.611420044050584366e-01
1.980000000000000000e+03 2.278406751209774983e-01 6.620368040656822162e-01
1.990000000000000000e+03 2.269462630905989542e-01 6.629208039983223166e-01
2.000000000000000000e+03 2.260664379849014194e-01 6.637902708912818417e-01
2.010000000000000000e+03 2.252051623054338036e-01 6.646412374848603699e-01
2.020000000000000000e+03 2.243665598111854176e-01 6.654695957005444251e-01
2.030000000000000000e+03 2.235547943082124012e-01 6.662712047075343147e-01
2.040000000000000000e+03 2.227739372744630686e-01 6.670420050895133901e-01
2.050000000000000000e+03 2.220278661587612723e-01 6.677781264331785760e-01
2.060000000000000000e+03 2.213201659847914837e-01 6.684759918149474345e-01
2.070000000000000000e+03 2.206540253523868733e-01 6.691324189420196911e-01
2.080000000000000000e+03 2.200321404996608554e-01 6.697447146297510479e-01
2.090000000000000000e+03 2.194566414285471778e-01 6.703107553087196413e-01
2.100000000000000000e+03 2.189290410739306580e-01 6.708290421017809591e-01
2.110000000000000000e+03 2.184502024568819867e-01 6.712987273793651344e-01
2.120000000000000000e+03 2.180203250953103855e-01 6.717196176123257922e-01
2.130000000000000000e+03 2.176389584172007119e-01 6.720921550219431939e-01
2.140000000000000000e+03 2.173050457388299717e-01 6.724173813343838901e-01
2.150000000000000000e+03 2.170169884975236552e-01 6.726968881897847918e-01
2.160000000000000000e+03 2.167727164261384065e-01 6.729327548657164648e-01
2.170000000000000000e+03 2.165697572426178441e-01 6.731274695796217733e-01
2.180000000000000000e+03 2.164053111757525127e-01 6.732838384540804633e-01
2.190000000000000000e+03 2.162763392939064666e-01 6.734048930814130474e-01
2.200000000000000000e+03 2.161796615947886580e-01 6.734937993906252585e-01
2.210000000000000000e+03 2.161120520976659576e-01 6.735537702290503859e-01
2.220000000000000000e+03 2.160703199324621460e-01 6.735879882622650694e-01
2.230000000000000000e+03 2.160513730897475615e-01 6.735995395021571186e-01
2.240000000000000000e+03 2.160522682023166274e-01 6.735913558762413045e-01
2.250000000000000000e+03 2.160702476613063638e-01 6.735661767844703940e-01
2.260000000000000000e+03 2.161027613970184780e-01 6.735265360702502591e-01
2.270000000000000000e+03 2.161474717624599917e-01 6.734747651307355643e-01
2.280000000000000000e+03 2.162022445606268661e-01 6.734130050654659749e-01
2.290000000000000000e+03 2.162651283513872535e-01 6.733432271454664608e-01
2.300000000000000000e+03 2.163343226733158708e-01 6.732672569595257173e-01
2.310000000000000000e+03 2.164081444560669865e-01 6.731867964946814942e-01
2.320000000000000000e+03 2.164850007197158810e-01 6.731034454670137279e-01
2.330000000000000000e+03 2.165633708514013434e-01 6.730187183933161732e-01
2.340000000000000000e+03 2.166418051216785490e-01 6.729340461218107361e-01
2.350000000000000000e+03 2.167189337204147304e-01 6.728507656160305217e-01
2.360000000000000000e+03 2.167934811719176846e-01 6.727701110005059881e-01
2.370000000000000000e+03 2.168642912146462876e-01 6.726932029572351146e-01
2.380000000000000000e+03 2.169303551492522131e-01 6.726210312024296645e-01
2.390000000000000000e+03 2.169908319400398744e-01 6.725544330817470051e-01
2.400000000000000000e+03 2.170450618976880186e-01 6.724940753199045718e-01
2.410000000000000000e+03 2.170925800025148289e-01 6.724404461987549819e-01
2.420000000000000000e+03 2.171331127343843759e-01 6.723938591360605344e-01
2.430000000000000000e+03 2.171665440150813697e-01 6.723544658749320835e-01
2.440000000000000000e+03 2.171928665065989694e-01 6.723222796103333065e-01
2.450000000000000000e+03 2.172121432573566602e-01 6.722972127420555610e-01
2.460000000000000000e+03 2.172244854064042385e-01 6.722791279143797150e-01
2.470000000000000000e+03 2.172300273171331730e-01 6.722678875706137314e-01
2.480000000000000000e+03 2.172288867895098008e-01 6.722633925009156020e-01
2.490000000000000000e+03 2.172211175838467123e-01 6.722656157896034212e-01
2.500000000000000000e+03 2.172066605080281154e-01 6.722746393008722787e-01
2.510000000000000000e+03 2.171853034502868041e-01 6.722906840708817722e-01
2.520000000000000000e+03 2.171566674378068718e-01 6.723141225019572120e-01
2.530000000000000000e+03 2.171202275934812076e-01 6.723454688550867253e-01
2.540000000000000000e+03 2.170753615057174346e-01 6.723853453340306041e-01
2.550000000000000000e+03 2.170214053014230260e-01 6.724344323175257543e-01
2.560000000000000000e+03 2.169577031397760536e-01 6.724934132681240628e-01
2.570000000000000000e+03 2.168836553629953923e-01 6.725629144209379628e-01
2.580000000000000000e+03 2.167987742679677032e-01 6.726434445898562542e-01
2.590000000000000000e+03 2.167027414049658429e-01 6.727353441669511325e-01
2.600000000000000000e+03 2.165954555442124452e-01 6.728387386940778425e-01
2.610000000000000000e+03 2.164770687353133327e-01 6.729534928320571874e-01
2.620000000000000000e+03 2.163480038525796845e-01 6.730791855404613111e-01
2.630000000000000000e+03 2.162089491428433041e-01 6.732151214864882105e-01
2.640000000000000000e+03 2.160608365491229754e-01 6.733603613799238330e-01
2.650000000000000000e+03 2.159048088546795807e-01 6.735137518040724691e-01
2.660000000000000000e+03 2.157421800932988465e-01 6.736739623155783008e-01
2.670000000000000000e+03 2.155743934992932209e-01 6.738395392467058098e-01
2.680000000000000000e+03 2.154029726113367571e-01 6.740089679000325074e-01
2.690000000000000000e+03 2.152294606792532206e-01 6.741807335041877236e-01
2.700000000000000000e+03 2.150553545888760354e-01 6.743533771641299079e-01
2.710000000000000000e+03 2.148820454682828229e-01 6.745255404062269200e-01
2.720000000000000000e+03 2.147107764652738671e-01 6.746959966530354791e-01
2.730000000000000000e+03 2.145426248276879055e-01 6.748636713323421521e-01
2.740000000000000000e+03 2.143785070415679672e-01 6.750276417397487183e-01
2.750000000000000000e+03 2.142192032981664052e-01 6.751871131991400432e-01
2.760000000000000000e+03 2.140653979923001216e-01 6.753413851579624927e-01
2.770000000000000000e+03 2.139177286607244488e-01 6.754898117742051955e-01
2.780000000000000000e+03 2.137768359586347255e-01 6.756317488028087404e-01
2.790000000000000000e+03 2.136434121110157847e-01 6.757664991267783305e-01
2.800000000000000000e+03 2.135182449884426847e-01 6.758932680096935153e-01
2.810000000000000000e+03 2.134022523545496541e-01 6.760111267208603891e-01
2.820000000000000000e+03 2.132965022360291951e-01 6.761189932088085275e-01
2.830000000000000000e+03 2.132022167365291432e-01 6.762156295570621589e-01
2.840000000000000000e+03 2.131207629271603954e-01 6.762996477057269251e-01
2.850000000000000000e+03 2.130536297395966283e-01 6.763695271891045913e-01
2.860000000000000000e+03 2.130023885064744604e-01 6.764236521327374740e-01
2.870000000000000000e+03 2.129686417691033229e-01 6.764603705350593632e-01
2.880000000000000000e+03 2.129539667158074912e-01 6.764780682181720239e-01
2.890000000000000000e+03 2.129598557708294870e-01 6.764752377874607703e-01
2.900000000000000000e+03 2.129876633932527019e-01 6.764505230968175242e-01
2.910000000000000000e+03 2.130385629863058849e-01 6.764027460342290077e-01
2.920000000000000000e+03 2.131135054629357539e-01 6.763309362426868088e-01
2.930000000000000000e+03 2.132131824974086431e-01 6.762343700830031334e-01
2.940000000000000000e+03 2.133380057520337658e-01 6.761126140001093576e-01
2.950000000000000000e+03 2.134880931746339916e-01 6.759655620132636322e-01
2.960000000000000000e+03 2.136632470557090491e-01 6.757934563679689477e-01
2.970000000000000000e+03 2.138629338196763041e-01 6.755968801316725170e-01
2.980000000000000000e+03 2.140862862449947890e-01 6.753767302459812161e-01
2.990000000000000000e+03 2.143321338790711017e-01 6.751341847475506031e-01
3.000000000000000000e+03 2.145990430458691867e-01 6.748706706828957458e-01
3.010000000000000000e+03 2.148853615483680701e-01 6.745878379116264645e-01
3.020000000000000000e+03 2.151892739371074337e-01 6.742875188797327057e-01
3.030000000000000000e+03 2.155088579147794448e-01 6.739716484359667970e-01
3.040000000000000000e+03 2.158421470180257873e-01 6.736421721119165706e-01
3.050000000000000000e+03 2.161872150556010119e-01 6.733009867696537754e-01
3.060000000000000000e+03 2.165422680837354452e-01 6.729499074942183467e-01
3.070000000000000000e+03 2.169057035453079429e-01 6.725905956937191510e-01
3.080000000000000000e+03 2.172761316748755556e-01 6.722244595559149216e-01
3.090000000000000000e+03 2.176523892110336089e-01 6.718526242890876521e-01
3.100000000000000000e+03 2.180335512554005262e-01 6.714759879136669163e-01
3.110000000000000000e+03 2.184189183665231071e-01 6.710952779626586651e-01
3.120000000000000000e+03 2.188079766351206656e-01 6.707110825683360034e-01
3.130000000000000000e+03 2.192003368383141915e-01 6.703238713359985779e-01
3.140000000000000000e+03 2.195956550616601499e-01 6.699340239056561508e-01
3.150000000000000000e+03 2.199935628137945076e-01 6.695419095010799460e-01
3.160000000000000000e+03 2.203936130285998607e-01 6.691479698004295651e-01
3.170000000000000000e+03 2.207952344610601692e-01 6.687527567857439736e-01
3.180000000000000000e+03 2.211977019175629666e-01 6.683569568250268267e-01
3.190000000000000000e+03 2.216001211542955041e-01 6.679614006518570513e-01
3.200000000000000000e+03 2.220014359920756686e-01 6.675670646941567199e-01
3.210000000000000000e+03 2.224004703401561700e-01 6.671750880913405179e-01
3.220000000000000000e+03 2.227959755595953217e-01 6.667867171621285616e-01
3.230000000000000000e+03 2.231866845255390253e-01 6.664032082906448107e-01
3.240000000000000000e+03 2.235713908016658258e-01 6.660257735511868615e-01
3.250000000000000000e+03 2.239490292780407787e-01 6.656555072521710414e-01
3.260000000000000000e+03 2.243187494689667938e-01 6.652932929898367487e-01
3.270000000000000000e+03 2.246799802115583833e-01 6.649397229927196395e-01
3.280000000000000000e+03 2.250324853947911485e-01 6.645950514144808308e-01
3.290000000000000000e+03 2.253764056752499134e-01 6.642591746671059338e-01
3.300000000000000000e+03 2.257122743301032963e-01 6.639316005612135863e-01
3.310000000000000000e+03 2.260410146482199067e-01 6.636114417176308677e-01
3.320000000000000000e+03 2.263639128399484723e-01 6.632974341367260385e-01
3.330000000000000000e+03 2.266825601852568428e-01 6.629879710224364509e-01
3.340000000000000000e+03 2.269987791159492618e-01 6.626811836611050666e-01
3.350000000000000000e+03 2.273145423929980036e-01 6.623750676110237157e-01
3.360000000000000000e+03 2.276318710595902073e-01 6.620675818983274841e-01
3.370000000000000000e+03 2.279527280865928929e-01 6.617567353039056632e-01
3.380000000000000000e+03 2.282789108641012643e-01 6.614406597387403330e-01
3.390000000000000000e+03 2.286119439918614105e-01 6.611176680487077517e-01
3.400000000000000000e+03 2.289530106757889372e-01 6.607863808442000497e-01
3.410000000000000000e+03 2.293029245013627482e-01 6.604459008861591762e-01
3.420000000000000000e+03 2.296620974485220068e-01 6.600958554966341874e-01
3.430000000000000000e+03 2.300305291386670059e-01 6.597363625792131980e-01
3.440000000000000000e+03 2.304078058729916445e-01 6.593679615700011043e-01
3.450000000000000000e+03 2.307931046009905895e-01 6.589915166172798378e-01
3.460000000000000000e+03 2.311852358388007400e-01 6.586081719169767368e-01
3.470000000000000000e+03 2.315827217954827821e-01 6.582193371247669900e-01
3.480000000000000000e+03 2.319838963877569327e-01 6.578266565777260988e-01
3.490000000000000000e+03 2.323870179959503512e-01 6.574319712825177353e-01
3.500000000000000000e+03 2.327903384765025174e-01 6.570371771994646393e-01
3.510000000000000000e+03 2.331921579750752815e-01 6.566440600983071141e-01
3.520000000000000000e+03 2.335909222951212116e-01 6.562542162971956028e-01
3.530000000000000000e+03 2.339852962011041704e-01 6.558689139246106636e-01
3.540000000000000000e+03 2.343742401221861060e-01 6.554890165352593723e-01
3.550000000000000000e+03 2.347571151599384953e-01 6.551150120258080189e-01
3.560000000000000000e+03 2.351337604909927159e-01 6.547470095441410010e-01
3.570000000000000000e+03 2.355045409875748119e-01 6.543847149830070986e-01
3.580000000000000000e+03 2.358703326192148619e-01 6.540273325528432879e-01
3.590000000000000000e+03 2.362324661347622590e-01 6.536734736853161420e-01
3.600000000000000000e+03 2.365926970396132478e-01 6.533212276043721678e-01
3.610000000000000000e+03 2.369531783272218473e-01 6.529683147096263518e-01
3.620000000000000000e+03 2.373163899626512530e-01 6.526122009932898704e-01
3.630000000000000000e+03 2.376850430740573561e-01 6.522502502832666638e-01
3.640000000000000000e+03 2.380619527413461445e-01 6.518798695633848395e-01
3.650000000000000000e+03 2.384498696874143009e-01 6.514985820196127486e-01
3.660000000000000000e+03 2.388513098490513409e-01 6.511040665000485950e-01
3.670000000000000000e+03 2.392684254317187786e-01 6.506942358733461829e-01
3.680000000000000000e+03 2.397029160116012914e-01 6.502673278487586250e-01
3.690000000000000000e+03 2.401559733317366885e-01 6.498219784142703626e-01
3.700000000000000000e+03 2.406283169093239027e-01 6.493573729179270559e-01
3.710000000000000000e+03 2.411202533428315753e-01 6.488732561920684816e-01
3.720000000000000000e+03 2.416317189459901704e-01 6.483697929118028558e-01
3.730000000000000000e+03 2.421623225525338374e-01 6.478474200503107072e-01
3.740000000000000000e+03 2.427114017505968835e-01 6.473066974756794822e-01
3.750000000000000000e+03 2.432781546500776826e-01 6.467482910497724946e-01
3.760000000000000000e+03 2.438618030712518814e-01 6.461730336073088221e-01
3.770000000000000000e+03 2.444616296642597719e-01 6.455817776230873273e-01
3.780000000000000000e+03 2.450769390780923318e-01 6.449751843810687113e-01
3.790000000000000000e+03 2.457070862933568300e-01 6.443537587387385690e-01
3.800000000000000000e+03 2.463514970473529020e-01 6.437179020473562385e-01
3.810000000000000000e+03 2.470097000254138919e-01 6.430680648180940873e-01
3.820000000000000000e+03 2.476812715676859344e-01 6.424047756679612808e-01
3.830000000000000000e+03 2.483657463646918861e-01 6.417286240478290438e-01
3.840000000000000000e+03 2.490625842676846557e-01 6.410403466795061567e-01
3.850000000000000000e+03 2.497711014054270762e-01 6.403408393505087837e-01
3.860000000000000000e+03 2.504903605608301831e-01 6.396310675727937545e-01
3.870000000000000000e+03 2.512191449468375581e-01 6.389121141423931283e-01
3.880000000000000000e+03 2.519559821381207043e-01 6.381852676091416265e-01
3.890000000000000000e+03 2.526991477338644820e-01 6.374520283527566056e-01
3.900000000000000000e+03 2.534466767590926040e-01 6.367141413895397450e-01
3.910000000000000000e+03 2.541963982412426271e-01 6.359736467596052156e-01
3.920000000000000000e+03 2.549460456910985773e-01 6.352330067501328337e-01
3.930000000000000000e+03 2.556932024758724054e-01 6.344948448245353312e-01
3.940000000000000000e+03 2.564352974116290151e-01 6.337617736678764491e-01
3.950000000000000000e+03 2.571697021505993108e-01 6.330364929763903081e-01
3.960000000000000000e+03 2.578937660061608739e-01 6.323217480894761655e-01
3.970000000000000000e+03 2.586048325086138799e-01 6.316202170021840701e-01
3.980000000000000000e+03 2.593002736627255667e-01 6.309344217099371877e-01
3.990000000000000000e+03 2.599775831441784035e-01 6.302667567916528935e-01
4.000000000000000000e+03 2.606344343314141443e-01 6.296194721338147504e-01
4.010000000000000000e+03 2.612687526277508998e-01 6.289946705521953785e-01
4.020000000000000000e+03 2.618787871423486902e-01 6.283942963326865083e-01
4.030000000000000000e+03 2.624630700483651657e-01 6.278199814378945254e-01
4.040000000000000000e+03 2.630203829948482008e-01 6.272729790897075830e-01
4.050000000000000000e+03 2.635497267109703778e-01 6.267541255098731945e-01
4.060000000000000000e+03 2.640503159177025605e-01 6.262638970490682633e-01
4.070000000000000000e+03 2.645216420966316484e-01 6.258026511928042046e-01
4.080000000000000000e+03 2.649634895520581179e-01 6.253707957715982646e-01
4.090000000000000000e+03 2.653757998495018811e-01 6.249686794983357885e-01
4.100000000000000000e+03 2.657585193067056317e-01 6.245964323118481376e-01
4.110000000000000000e+03 2.661115653800283920e-01 6.242540250513981537e-01
4.120000000000000000e+03 2.664348607542319503e-01 6.239414621225878310e-01
4.130000000000000000e+03 2.667282785100593689e-01 6.236587658031756964e-01
4.140000000000000000e+03 2.669915873329197775e-01 6.234059646070391203e-01
4.150000000000000000e+03 2.672245311900490750e-01 6.231833389578758098e-01
4.160000000000000000e+03 2.674267650492255233e-01 6.229913458365013978e-01
4.170000000000000000e+03 2.675977704107165844e-01 6.228304299207793049e-01
4.180000000000000000e+03 2.677369360819071842e-01 6.227011515743205994e-01
4.190000000000000000e+03 2.678435570697239032e-01 6.226042268545721736e-01
4.200000000000000000e+03 2.679168790355493379e-01 6.225405651453209677e-01
