0.000000000000000000e+00 8.846401218627520935e-01 9.028584691340442447e-03
1.000000000000000000e+01 8.838789357924146106e-01 9.792235936175215302e-03
2.000000000000000000e+01 8.815945785340504326e-01 1.207665751403491465e-02
3.000000000000000000e+01 8.778724931174030077e-01 1.579884726456182165e-02
4.000000000000000000e+01 8.728522172059428597e-01 2.081912490021685380e-02
5.000000000000000000e+01 8.667179803224266399e-01 2.695336203105786615e-02
6.000000000000000000e+01 8.596876304421082748e-01 3.398371018818040906e-02
7.000000000000000000e+01 8.520008900803696106e-01 4.167044699688310372e-02
8.000000000000000000e+01 8.439070319105728135e-01 4.976429296139722042e-02
9.000000000000000000e+01 8.356530948199106801e-01 5.801822065919389620e-02
1.000000000000000000e+02 8.274732673612804623e-01 6.619802797783071180e-02
1.100000000000000000e+02 8.195801436181716637e-01 7.409113054830035461e-02
1.200000000000000000e+02 8.121579563651175615e-01 8.151329993631310777e-02
1.300000000000000000e+02 8.053579910908978956e-01 8.831324880201286975e-02
1.400000000000000000e+02 7.992960802126589659e-01 9.437514363964520647e-02
1.500000000000000000e+02 7.940519392845852842e-01 9.961926611009022658e-02
1.600000000000000000e+02 7.896701046541905189e-01 1.040010876089072639e-01
1.700000000000000000e+02 7.861620875618745563e-01 1.075090933737084115e-01
1.800000000000000000e+02 7.835095166416692347e-01 1.101616460046110080e-01
1.900000000000000000e+02 7.816679889438915563e-01 1.120031416550883868e-01
2.000000000000000000e+02 7.805713507122098438e-01 1.130997309905432263e-01
2.100000000000000000e+02 7.801362038664736431e-01 1.135348232765734655e-01
2.200000000000000000e+02 7.802664979987040672e-01 1.134044601395323010e-01
2.300000000000000000e+02 7.808580440948087453e-01 1.128128373385239441e-01
2.400000000000000000e+02 7.818028233454167308e-01 1.118679722744273103e-01
2.500000000000000000e+02 7.829929836352214068e-01 1.106777208790226119e-01
2.600000000000000000e+02 7.843244451776583137e-01 1.093461707373157843e-01
2.700000000000000000e+02 7.856999875704965275e-01 1.079705491304642079e-01
2.800000000000000000e+02 7.870318257375127358e-01 1.066386375358711197e-01
2.900000000000000000e+02 7.882436135842479930e-01 1.054267781898725748e-01
3.000000000000000000e+02 7.892718658759944050e-01 1.043984583476100791e-01
3.100000000000000000e+02 7.900668128884584807e-01 1.036034322710596423e-01
3.200000000000000000e+02 7.905927122001908947e-01 1.030774413073142076e-01
3.300000000000000000e+02 7.908276992228205904e-01 1.028423623898746114e-01
3.400000000000000000e+02 7.907631962989681851e-01 1.029067872094551611e-01
3.500000000000000000e+02 7.904029388694857605e-01 1.032669795681818714e-01
3.600000000000000000e+02 7.897617604558546667e-01 1.039081092353295738e-01
3.700000000000000000e+02 7.888641313944388944e-01 1.048057065473360361e-01
3.800000000000000000e+02 7.877425455601709814e-01 1.059272708972622545e-01
3.900000000000000000e+02 7.864358139886944432e-01 1.072339795273918178e-01
4.000000000000000000e+02 7.849873241280922453e-01 1.086824399249808060e-01
4.100000000000000000e+02 7.834432850374496438e-01 1.102264487985531172e-01
4.200000000000000000e+02 7.818510238482497821e-01 1.118186787962383022e-01
4.300000000000000000e+02 7.802573651615624106e-01 1.134123056147497838e-01
4.400000000000000000e+02 7.787071545000741057e-01 1.149624797031846973e-01
4.500000000000000000e+02 7.772419463186187594e-01 1.164276454736122568e-01
4.600000000000000000e+02 7.758988801893819121e-01 1.177706624737888258e-01
4.700000000000000000e+02 7.747097641898016418e-01 1.189597181457525965e-01
4.800000000000000000e+02 7.737004160644587181e-01 1.199689989834727133e-01
4.900000000000000000e+02 7.728902373609299881e-01 1.207791179004495674e-01
5.000000000000000000e+02 7.722920118140993440e-01 1.213772889684508471e-01
5.100000000000000000e+02 7.719119520304184023e-01 1.217572975786989364e-01
5.200000000000000000e+02 7.717499599519724862e-01 1.219192353270663887e-01
5.300000000000000000e+02 7.718000599385573812e-01 1.218690818698359851e-01
5.400000000000000000e+02 7.720509955298610061e-01 1.216181006518874258e-01
5.500000000000000000e+02 7.724869484457885793e-01 1.211820990503718332e-01
5.600000000000000000e+02 7.730883550877976074e-01 1.205806368026294123e-01
5.700000000000000000e+02 7.738327862858200845e-01 1.198361445144713461e-01
5.800000000000000000e+02 7.746958431300930981e-01 1.189730182466270242e-01
5.900000000000000000e+02 7.756520718780957058e-01 1.180167208326033113e-01
6.000000000000000000e+02 7.766758522833774325e-01 1.169928752988467768e-01
6.100000000000000000e+02 7.777422396875974808e-01 1.159264243868628197e-01
6.200000000000000000e+02 7.788277507926837373e-01 1.148408519754178098e-01
6.300000000000000000e+02 7.799110605131734930e-01 1.137574771952679226e-01
6.400000000000000000e+02 7.809736154233576366e-01 1.126948515198288175e-01
6.500000000000000000e+02 7.820001197215220579e-01 1.116682785703572017e-01
6.600000000000000000e+02 7.829788876726123670e-01 1.106894480014500026e-01
6.700000000000000000e+02 7.839020585723588397e-01 1.097662207532791312e-01
6.800000000000000000e+02 7.847656839464030032e-01 1.089025413763582695e-01
6.900000000000000000e+02 7.855696574002507537e-01 1.080985172388359838e-01
7.000000000000000000e+02 7.863174938623507249e-01 1.073506381406429816e-01
7.100000000000000000e+02 7.870159845984515679e-01 1.066521122905135510e-01
7.200000000000000000e+02 7.876747475458648617e-01 1.059933177499316620e-01
7.300000000000000000e+02 7.883056554833711704e-01 1.053623822801307008e-01
7.400000000000000000e+02 7.889222056181511844e-01 1.047458093193011086e-01
7.500000000000000000e+02 7.895388423990731264e-01 1.041291498562712525e-01
7.600000000000000000e+02 7.901702486265249625e-01 1.034977189357092903e-01
7.700000000000000000e+02 7.908306629642130048e-01 1.028372798914875680e-01
7.800000000000000000e+02 7.915332362945478595e-01 1.021346784734976643e-01
7.900000000000000000e+02 7.922894327788362334e-01 1.013784530245198240e-01
8.000000000000000000e+02 7.931085378732486424e-01 1.005593188928648185e-01
8.100000000000000000e+02 7.939972613267577417e-01 9.967055948953444655e-02
8.200000000000000000e+02 7.949594550906545765e-01 9.870832500557102929e-02
8.300000000000000000e+02 7.959959621473724489e-01 9.767177295670895210e-02
8.400000000000000000e+02 7.971045756105566982e-01 9.656311211657604698e-02
8.500000000000000000e+02 7.982801330022308850e-01 9.538751047419007090e-02
8.600000000000000000e+02 7.995147034308346390e-01 9.415289848166336073e-02
8.700000000000000000e+02 8.007978772973610715e-01 9.286967776436200195e-02
8.800000000000000000e+02 8.021171514659312107e-01 9.155035471793358803e-02
8.900000000000000000e+02 8.034583402634615235e-01 9.020911842881798592e-02
9.000000000000000000e+02 8.048060273265802422e-01 8.886138683132713267e-02
9.100000000000000000e+02 8.061440245037697627e-01 8.752334803572925370e-02
9.200000000000000000e+02 8.074558239656238756e-01 8.621150653595099911e-02
9.300000000000000000e+02 8.087250328056919679e-01 8.494225552385631373e-02
9.400000000000000000e+02 8.099357515443644795e-01 8.373149441719086872e-02
9.500000000000000000e+02 8.110729128669701415e-01 8.259428228257781335e-02
9.600000000000000000e+02 8.121225862952504704e-01 8.154455258686410524e-02
9.700000000000000000e+02 8.130722068015758808e-01 8.059487888760392960e-02
9.800000000000000000e+02 8.139107401721734636e-01 7.975629229205837001e-02
9.900000000000000000e+02 8.146288183966911012e-01 7.903815605034400504e-02
1.000000000000000000e+03 8.152188291563640110e-01 7.844807878069930129e-02
1.010000000000000000e+03 8.156749635112520158e-01 7.799187240630466034e-02
1.020000000000000000e+03 8.159932096214784769e-01 7.767355464769919171e-02
1.030000000000000000e+03 8.161713104304185729e-01 7.749538297097102735e-02
1.040000000000000000e+03 8.162087037439120785e-01 7.745791469820935415e-02
1.050000000000000000e+03 8.161064331899686719e-01 7.756009988643189357e-02
1.060000000000000000e+03 8.158670296048639026e-01 7.779940265206729266e-02
1.070000000000000000e+03 8.154943799802006899e-01 7.817193480124508265e-02
1.080000000000000000e+03 8.149935783484743013e-01 7.867261164306633969e-02
1.090000000000000000e+03 8.143707426337225552e-01 7.929532431275186644e-02
1.100000000000000000e+03 8.136328293250660870e-01 8.003311541878525837e-02
1.110000000000000000e+03 8.127874519314259860e-01 8.087836606858389565e-02
1.120000000000000000e+03 8.118427087627381189e-01 8.182297964600898643e-02
1.130000000000000000e+03 8.108070143976801036e-01 8.285855380160232764e-02
1.140000000000000000e+03 8.096889130020800129e-01 8.397655502034134800e-02
1.150000000000000000e+03 8.084969210934187522e-01 8.516847057868116855e-02
1.160000000000000000e+03 8.072394108470491991e-01 8.642592271094932943e-02
1.170000000000000000e+03 8.059244990876371917e-01 8.774078059451034806e-02
1.180000000000000000e+03 8.045599783955212914e-01 8.910523996865342411e-02
1.190000000000000000e+03 8.031532819551732150e-01 9.051186548256703879e-02
1.200000000000000000e+03 8.017114566271510423e-01 9.195361394884266071e-02
1.210000000000000000e+03 8.002411728634565291e-01 9.342381886051397133e-02
1.220000000000000000e+03 7.987487578056809978e-01 9.491615281986741370e-02
1.230000000000000000e+03 7.972402491938752611e-01 9.642457502132920077e-02
1.240000000000000000e+03 7.957214725169690084e-01 9.794326254380386620e-02
1.250000000000000000e+03 7.941981083484852544e-01 9.946654088399570215e-02
1.260000000000000000e+03 7.926757581494523475e-01 1.009888073927168173e-01
1.270000000000000000e+03 7.911600209845351950e-01 1.025044543015096871e-01
1.280000000000000000e+03 7.896565585346388971e-01 1.040078171895113257e-01
1.290000000000000000e+03 7.881711314616119957e-01 1.054931397386435488e-01
1.300000000000000000e+03 7.867096043728238897e-01 1.069545634586381716e-01
1.310000000000000000e+03 7.852779237155348424e-01 1.083861461907221213e-01
1.320000000000000000e+03 7.838820695991406406e-01 1.097819059590791207e-01
1.330000000000000000e+03 7.825280037728333804e-01 1.111358761145201518e-01
1.340000000000000000e+03 7.812215969238252011e-01 1.124421874780587582e-01
1.350000000000000000e+03 7.799685118344398260e-01 1.136951822342371771e-01
1.360000000000000000e+03 7.787740609365318978e-01 1.148895485072431721e-01
1.370000000000000000e+03 7.776430700211482971e-01 1.160204576440535956e-01
1.380000000000000000e+03 7.765797605152635619e-01 1.170836891638105531e-01
1.390000000000000000e+03 7.755876181600003250e-01 1.180757611474857333e-01
1.400000000000000000e+03 7.746692708028806162e-01 1.189940433622942162e-01
1.410000000000000000e+03 7.738264021384519964e-01 1.198368455280949263e-01
1.420000000000000000e+03 7.730596981115941402e-01 1.206034788940787139e-01
1.430000000000000000e+03 7.723688125857698372e-01 1.212942928614386823e-01
1.440000000000000000e+03 7.717523558270197315e-01 1.219106845064347605e-01
1.450000000000000000e+03 7.712079316887645586e-01 1.224550573405419063e-01
1.460000000000000000e+03 7.707322041978994509e-01 1.229307496396904037e-01
1.470000000000000000e+03 7.703209889975899394e-01 1.233419420705353375e-01
1.480000000000000000e+03 7.699693895910901809e-01 1.236935238889405042e-01
1.490000000000000000e+03 7.696719584215341303e-01 1.239909370681160916e-01
1.500000000000000000e+03 7.694228555741170483e-01 1.242400192756357158e-01
1.510000000000000000e+03 7.692160293283734074e-01 1.244468257392397081e-01
1.520000000000000000e+03 7.690453894853127581e-01 1.246174455891026212e-01
1.530000000000000000e+03 7.689049751466056071e-01 1.247578331254717982e-01
1.540000000000000000e+03 7.687891239915083386e-01 1.248736497817498764e-01
1.550000000000000000e+03 7.686926113293721663e-01 1.249701199732428936e-01
1.560000000000000000e+03 7.686107592644058073e-01 1.250519223496376897e-01
1.570000000000000000e+03 7.685395199157964985e-01 1.251231099414726045e-01
1.580000000000000000e+03 7.684755266681203567e-01 1.251870485899971019e-01
1.590000000000000000e+03 7.684161221971259614e-01 1.252463919191315056e-01
1.600000000000000000e+03 7.683593529198541328e-01 1.253030965081605719e-01
1.610000000000000000e+03 7.683039269127676096e-01 1.253584558925092129e-01
1.620000000000000000e+03 7.682491635208785752e-01 1.254131467539233991e-01
1.630000000000000000e+03 7.681949148854143594e-01 1.254673115142537210e-01
1.640000000000000000e+03 7.681414761387509449e-01 1.255206561153271727e-01
1.650000000000000000e+03 7.680894799723840816e-01 1.255725539155012338e-01
1.660000000000000000e+03 7.680397637533969979e-01 1.256221726634201841e-01
1.670000000000000000e+03 7.679932450406825595e-01 1.256685961067065815e-01
1.680000000000000000e+03 7.679508040606498609e-01 1.257109391291227896e-01
1.690000000000000000e+03 7.679131773302284580e-01 1.257484599140761550e-01
1.700000000000000000e+03 7.678808500388666358e-01 1.257806715194346725e-01
1.710000000000000000e+03 7.678539598490791152e-01 1.258074383951179598e-01
1.720000000000000000e+03 7.678322361467093682e-01 1.258290387084142758e-01
1.730000000000000000e+03 7.678149453405980207e-01 1.258462114031367873e-01
1.740000000000000000e+03 7.678008469275527936e-01 1.258602012875538190e-01
1.750000000000000000e+03 7.677881734256785107e-01 1.258727750966150694e-01
1.760000000000000000e+03 7.677746471112213422e-01 1.258862024274718383e-01
1.770000000000000000e+03 7.677575450894250642e-01 1.259032023877166562e-01
1.780000000000000000e+03 7.677337651155087261e-01 1.259268803907637180e-01
1.790000000000000000e+03 7.676998903083207537e-01 1.259606501748445906e-01
1.800000000000000000e+03 7.676522986224909584e-01 1.260081329729271227e-01
1.810000000000000000e+03 7.675872768439692129e-01 1.260730460408839848e-01
1.820000000000000000e+03 7.675011160197615645e-01 1.261590980765533165e-01
1.830000000000000000e+03 7.673902194353617867e-01 1.262698865062890363e-01
1.840000000000000000e+03 7.672512155864049666e-01 1.264087873662437800e-01
1.850000000000000000e+03 7.670810666322386284e-01 1.265788411423700577e-01
1.860000000000000000e+03 7.668771544801425977e-01 1.267826575588700821e-01
1.870000000000000000e+03 7.666373685960801154e-01 1.270223484317506979e-01
1.880000000000000000e+03 7.663601747350861082e-01 1.272994506242541568e-01
1.890000000000000000e+03 7.660446537021050606e-01 1.276148894693249769e-01
1.900000000000000000e+03 7.656905297171718860e-01 1.279689403478984910e-01
1.910000000000000000e+03 7.652982063502226096e-01 1.283611892333118842e-01
1.920000000000000000e+03 7.648687843680073151e-01 1.287905297299326290e-01
1.930000000000000000e+03 7.644040487046407373e-01 1.292551756545809172e-01
1.940000000000000000e+03 7.639064264658581571e-01 1.297527013221943526e-01
1.950000000000000000e+03 7.633789255232870108e-01 1.302801048601371359e-01
1.960000000000000000e+03 7.628250787777933750e-01 1.308338572289542145e-01
1.970000000000000000e+03 7.622488680311784170e-01 1.314099734649488982e-01
1.980000000000000000e+03 7.616546462080245883e-01 1.320041021479542165e-01
1.990000000000000000e+03 7.610470697753122238e-01 1.326115880380721312e-01
2.000000000000000000e+03 7.604309878934923939e-01 1.332275867461217012e-01
2.010000000000000000e+03 7.598113461512360223e-01 1.338471530691624778e-01
2.020000000000000000e+03 7.591930963002925248e-01 1.344653276245398599e-01
2.030000000000000000e+03 7.585810769222421923e-01 1.350772746235423261e-01
2.040000000000000000e+03 7.579799391560438915e-01 1.356783404436609497e-01
2.050000000000000000e+03 7.573940949463583427e-01 1.362641079880117234e-01
2.060000000000000000e+03 7.568276626238436000e-01 1.368304563299893584e-01
2.070000000000000000e+03 7.562844235502350632e-01 1.373736035835445290e-01
2.080000000000000000e+03 7.557677901453362379e-01 1.378901438461159479e-01
2.090000000000000000e+03 7.552807817731048701e-01 1.383770612008888012e-01
2.100000000000000000e+03 7.548260335531098431e-01 1.388317201265272804e-01
2.110000000000000000e+03 7.544058116114942258e-01 1.392518510176614932e-01
2.120000000000000000e+03 7.540220361441180019e-01 1.396355303332235120e-01
2.130000000000000000e+03 7.536763242036522703e-01 1.399811441548534374e-01
2.140000000000000000e+03 7.533700339199691509e-01 1.402873338190857577e-01
2.150000000000000000e+03 7.531043119143069342e-01 1.405529493252644091e-01
2.160000000000000000e+03 7.528801478981097528e-01 1.407769997674157558e-01
2.170000000000000000e+03 7.526984331834780662e-01 1.409585937824013591e-01
2.180000000000000000e+03 7.525600121518433161e-01 1.410968868732512815e-01
2.190000000000000000e+03 7.524657208640423978e-01 1.411910450842606690e-01
2.200000000000000000e+03 7.524164209101751322e-01 1.412402145420444399e-01
2.210000000000000000e+03 7.524130280496441614e-01 1.412434877785121168e-01
2.220000000000000000e+03 7.524565224640148431e-01 1.411998856245637035e-01
2.230000000000000000e+03 7.525479395359955248e-01 1.411083704869802447e-01
2.240000000000000000e+03 7.526883705680784686e-01 1.409678493610456440e-01
2.250000000000000000e+03 7.528789489380300903e-01 1.407771853454168609e-01
2.260000000000000000e+03 7.531207975926293985e-01 1.405352509948732120e-01
2.270000000000000000e+03 7.534149895100792360e-01 1.402409689901953915e-01
2.280000000000000000e+03 7.537625051659436748e-01 1.398933592618473998e-01
2.290000000000000000e+03 7.541641696710895681e-01 1.394916015253743480e-01
2.300000000000000000e+03 7.546205732235347075e-01 1.390351091824990892e-01
2.310000000000000000e+03 7.551320062620254792e-01 1.385235931468748460e-01
2.320000000000000000e+03 7.556984129561010732e-01 1.379571086001564750e-01
2.330000000000000000e+03 7.563193220435057151e-01 1.373361239306190307e-01
2.340000000000000000e+03 7.569938066263242060e-01 1.366615646882716473e-01
2.350000000000000000e+03 7.577204505703325488e-01 1.359348480049082653e-01
2.360000000000000000e+03 7.584973186746393203e-01 1.351579101889921475e-01
2.370000000000000000e+03 7.593219772136098333e-01 1.343331846959870957e-01
2.380000000000000000e+03 7.601915023058672949e-01 1.334635950989192521e-01
2.390000000000000000e+03 7.611024653945822616e-01 1.325525706440367768e-01
2.400000000000000000e+03 7.620509764460479118e-01 1.316040005976763516e-01
2.410000000000000000e+03 7.630327313075953022e-01 1.306221854144240802e-01
2.420000000000000000e+03 7.640430726185906130e-01 1.296117798017580314e-01
2.430000000000000000e+03 7.650771045518048874e-01 1.285776816982063808e-01
2.440000000000000000e+03 7.661297480027305928e-01 1.275249766291236819e-01
2.450000000000000000e+03 7.671957739641094287e-01 1.264588973704641461e-01
2.460000000000000000e+03 7.682698807325372137e-01 1.253847426235177587e-01
2.470000000000000000e+03 7.693467805245997049e-01 1.243077940791384589e-01
2.480000000000000000e+03 7.704212852754671603e-01 1.232332344279590680e-01
2.490000000000000000e+03 7.714883815320799920e-01 1.221660771390335742e-01
2.500000000000000000e+03 7.725432811711866465e-01 1.211111178841669245e-01
2.510000000000000000e+03 7.735814609943357789e-01 1.200728868587773307e-01
2.520000000000000000e+03 7.745987142472195996e-01 1.190555905639492928e-01
2.530000000000000000e+03 7.755911806109991868e-01 1.180630851429592121e-01
2.540000000000000000e+03 7.765553655594882310e-01 1.170988614713260600e-01
2.550000000000000000e+03 7.774881575434267056e-01 1.161660301719829036e-01
2.560000000000000000e+03 7.783868466875837333e-01 1.152673022517939350e-01
2.570000000000000000e+03 7.792491284355050896e-01 1.144049821501422204e-01
2.580000000000000000e+03 7.800730796039593296e-01 1.135809931998239680e-01
2.590000000000000000e+03 7.808571479104644553e-01 1.127968912589579209e-01
2.600000000000000000e+03 7.816001293179414278e-01 1.120538851680563108e-01
2.610000000000000000e+03 7.823011155165244812e-01 1.113528836399032135e-01
2.620000000000000000e+03 7.829594615116310941e-01 1.106945277044657228e-01
2.630000000000000000e+03 7.835748054810670604e-01 1.100791761065531837e-01
2.640000000000000000e+03 7.841470695161371074e-01 1.095069059728646099e-01
2.650000000000000000e+03 7.846764182590121317e-01 1.089775517984677977e-01
2.660000000000000000e+03 7.851632219939008728e-01 1.084907442526509835e-01
2.670000000000000000e+03 7.856080430261506153e-01 1.080459237318095872e-01
2.680000000000000000e+03 7.860116464544554260e-01 1.076423259708132185e-01
2.690000000000000000e+03 7.863750009607183289e-01 1.072789787418550744e-01
2.700000000000000000e+03 7.866992483393712154e-01 1.069547376612675071e-01
2.710000000000000000e+03 7.869856819596345865e-01 1.066683131217700253e-01
2.720000000000000000e+03 7.872357372314437995e-01 1.064182750029001451e-01
2.730000000000000000e+03 7.874509755202162564e-01 1.062030621422678789e-01
2.740000000000000000e+03 7.876330911444707761e-01 1.060209741747109857e-01
2.750000000000000000e+03 7.877839282451609693e-01 1.058701620087073858e-01
2.760000000000000000e+03 7.879054694640656997e-01 1.057486441011182832e-01
2.770000000000000000e+03 7.879998026598797889e-01 1.056543364009371877e-01
2.780000000000000000e+03 7.880690676306382203e-01 1.055851000477388973e-01
2.790000000000000000e+03 7.881154194969640647e-01 1.055387786559139202e-01
2.800000000000000000e+03 7.881410401290616097e-01 1.055131909889213820e-01
2.810000000000000000e+03 7.881481493453775800e-01 1.055061195696383736e-01
2.820000000000000000e+03 7.881389852492788339e-01 1.055153261770463424e-01
2.830000000000000000e+03 7.881157598736331371e-01 1.055385954098198298e-01
2.840000000000000000e+03 7.880806134148884423e-01 1.055737846514721717e-01
2.850000000000000000e+03 7.880355834667581716e-01 1.056188577321374583e-01
2.860000000000000000e+03 7.879826043878763731e-01 1.056718836201342299e-01
2.870000000000000000e+03 7.879235147737053691e-01 1.057310241404309514e-01
2.880000000000000000e+03 7.878600325105720170e-01 1.057945590972332872e-01
2.890000000000000000e+03 7.877937288519273329e-01 1.058609155535706059e-01
2.900000000000000000e+03 7.877260211239621723e-01 1.059286760595730403e-01
2.910000000000000000e+03 7.876581691470987412e-01 1.059965804382170806e-01
2.920000000000000000e+03 7.875912826252141619e-01 1.060635185628285848e-01
2.930000000000000000e+03 7.875263287689213687e-01 1.061285240222919757e-01
2.940000000000000000e+03 7.874641509089748137e-01 1.061907542939279636e-01
2.950000000000000000e+03 7.874054890862420830e-01 1.062494693676844654e-01
2.960000000000000000e+03 7.873509982749914426e-01 1.063040151006632295e-01
2.970000000000000000e+03 7.873012704820319119e-01 1.063538017591281193e-01
2.980000000000000000e+03 7.872568490964333421e-01 1.063982867366860263e-01
2.990000000000000000e+03 7.872182488440643278e-01 1.064369525464845256e-01
3.000000000000000000e+03 7.871859770802253076e-01 1.064692876906361968e-01
3.010000000000000000e+03 7.871605397114572744e-01 1.064947841808261825e-01
3.020000000000000000e+03 7.871424378369518138e-01 1.065129429430934499e-01
3.030000000000000000e+03 7.871321679134084537e-01 1.065232722143530236e-01
3.040000000000000000e+03 7.871302139892482064e-01 1.065252897834583212e-01
3.050000000000000000e+03 7.871370302813121000e-01 1.065185374085048653e-01
3.060000000000000000e+03 7.871530233635353202e-01 1.065026036864797354e-01
3.070000000000000000e+03 7.871785336262205890e-01 1.064771490863755804e-01
3.080000000000000000e+03 7.872138259957105477e-01 1.064419137619575101e-01
3.090000000000000000e+03 7.872590661425756808e-01 1.063967350797008077e-01
3.100000000000000000e+03 7.873142879478379763e-01 1.063415776764346787e-01
3.110000000000000000e+03 7.873793924791815391e-01 1.062765388001358779e-01
3.120000000000000000e+03 7.874541494812417053e-01 1.062018487934759808e-01
3.130000000000000000e+03 7.875381787781727816e-01 1.061178882759118564e-01
3.140000000000000000e+03 7.876309415606559394e-01 1.060251966654264522e-01
3.150000000000000000e+03 7.877317558570322564e-01 1.059244566335865861e-01
3.160000000000000000e+03 7.878397747661197714e-01 1.058165161004906013e-01
3.170000000000000000e+03 7.879539695655065623e-01 1.057024040321649233e-01
3.180000000000000000e+03 7.880731505438959283e-01 1.055833088693717281e-01
3.190000000000000000e+03 7.881959924526471539e-01 1.054605540157556726e-01
3.200000000000000000e+03 7.883210517471548329e-01 1.053355819110122077e-01
3.210000000000000000e+03 7.884467719869268088e-01 1.052099478428405038e-01
3.220000000000000000e+03 7.885715000675971309e-01 1.050853038134629686e-01
3.230000000000000000e+03 7.886935102111328755e-01 1.049633747981450482e-01
3.240000000000000000e+03 7.888110181906193841e-01 1.048459461462922793e-01
3.250000000000000000e+03 7.889221931875810556e-01 1.047348520974742681e-01
3.260000000000000000e+03 7.890251841771882546e-01 1.046319448954507875e-01
3.270000000000000000e+03 7.891181529116276794e-01 1.045390604431389592e-01
3.280000000000000000e+03 7.891993152576767256e-01 1.044579799077244020e-01
3.290000000000000000e+03 7.892669728441473742e-01 1.043904001643799206e-01
3.300000000000000000e+03 7.893195212434247487e-01 1.043379257003401867e-01
3.310000000000000000e+03 7.893554610650340697e-01 1.043020575541609291e-01
3.320000000000000000e+03 7.893734165284084225e-01 1.042841741658888516e-01
3.330000000000000000e+03 7.893721615013696846e-01 1.042855034165093425e-01
3.340000000000000000e+03 7.893506438091597577e-01 1.043070982338535069e-01
3.350000000000000000e+03 7.893079966634252154e-01 1.043498248296781394e-01
3.360000000000000000e+03 7.892435454600565947e-01 1.044143556847255960e-01
3.370000000000000000e+03 7.891568168436742248e-01 1.045011628406995741e-01
3.380000000000000000e+03 7.890475360424240581e-01 1.046105223838895981e-01
3.390000000000000000e+03 7.889156038612811228e-01 1.047425353341877863e-01
3.400000000000000000e+03 7.887610837441509926e-01 1.048971375527441852e-01
3.410000000000000000e+03 7.885841997217116761e-01 1.050741032097256694e-01
3.420000000000000000e+03 7.883853387057707662e-01 1.052730454353844047e-01
3.430000000000000000e+03 7.881650464020938385e-01 1.054934190863294485e-01
3.440000000000000000e+03 7.879240377218941216e-01 1.057345100596148446e-01
3.450000000000000000e+03 7.876632014315027019e-01 1.059954308976484710e-01
3.460000000000000000e+03 7.873835572356234769e-01 1.062751625491874519e-01
3.470000000000000000e+03 7.870862255553583431e-01 1.065725840412753839e-01
3.480000000000000000e+03 7.867724221572358623e-01 1.068864785276048973e-01
3.490000000000000000e+03 7.864434383563779773e-01 1.072155535743564425e-01
3.500000000000000000e+03 7.861006139012669536e-01 1.075584684192410351e-01
3.510000000000000000e+03 7.857453117574532131e-01 1.079138600956340843e-01
3.520000000000000000e+03 7.853788846106410926e-01 1.082803772630900746e-01
3.530000000000000000e+03 7.850026431428445139e-01 1.086567101153220749e-01
3.540000000000000000e+03 7.846178433936941143e-01 1.090416021487521508e-01
3.550000000000000000e+03 7.842256853780638082e-01 1.094338518738025567e-01
3.560000000000000000e+03 7.838272998028501526e-01 1.098323267257613062e-01
3.570000000000000000e+03 7.834237251679477820e-01 1.102359877842973984e-01
3.580000000000000000e+03 7.830158822232387017e-01 1.106439160147149603e-01
3.590000000000000000e+03 7.826045531672771727e-01 1.110553313597884006e-01
3.600000000000000000e+03 7.821903856858406501e-01 1.114695873405315840e-01
3.610000000000000000e+03 7.817739219962401842e-01 1.118861419918501660e-01
3.620000000000000000e+03 7.813556175547602400e-01 1.123045396725582956e-01
3.630000000000000000e+03 7.809358444113937425e-01 1.127244087410183837e-01
3.640000000000000000e+03 7.805149138858676894e-01 1.131454384208946951e-01
3.650000000000000000e+03 7.800931126534024207e-01 1.135673417268529134e-01
3.660000000000000000e+03 7.796707486664505860e-01 1.139898102622364934e-01
3.670000000000000000e+03 7.792481686720250655e-01 1.144124967408164384e-01
3.680000000000000000e+03 7.788257764829789043e-01 1.148349971026993571e-01
3.690000000000000000e+03 7.784041131371881583e-01 1.152567705650024837e-01
3.700000000000000000e+03 7.779839222360140916e-01 1.156770729541728854e-01
3.710000000000000000e+03 7.775661562632131263e-01 1.160949507791070590e-01
3.720000000000000000e+03 7.771519712795326162e-01 1.165092479294492500e-01
3.730000000000000000e+03 7.767427599184185683e-01 1.169185719046308830e-01
3.740000000000000000e+03 7.763402095066664899e-01 1.173212350177337132e-01
3.750000000000000000e+03 7.759463277079997612e-01 1.177152291353876085e-01
3.760000000000000000e+03 7.755634207368069521e-01 1.180982483199122662e-01
3.770000000000000000e+03 7.751940655858525764e-01 1.184677154199768462e-01
3.780000000000000000e+03 7.748411049728824995e-01 1.188207869172016318e-01
3.790000000000000000e+03 7.745076267439751083e-01 1.191543744967708679e-01
3.800000000000000000e+03 7.741969146216109987e-01 1.194651946068772536e-01
3.810000000000000000e+03 7.739123980242929024e-01 1.197498186030344219e-01
3.820000000000000000e+03 7.736575965862694249e-01 1.200047273753202526e-01
3.830000000000000000e+03 7.734360474852436385e-01 1.202263837843213778e-01
3.840000000000000000e+03 7.732512199228867011e-01 1.204113190229332830e-01
3.850000000000000000e+03 7.731064283144449822e-01 1.205562191636205122e-01
3.860000000000000000e+03 7.730047609962903410e-01 1.206579948613586001e-01
3.870000000000000000e+03 7.729490238324436824e-01 1.207138385703321881e-01
3.880000000000000000e+03 7.729416925856539278e-01 1.207212739985332739e-01
3.890000000000000000e+03 7.729848681662657706e-01 1.206782014058249280e-01
3.900000000000000000e+03 7.730802231939792879e-01 1.205829493683559100e-01
3.910000000000000000e+03 7.732289525413538200e-01 1.204343230019199323e-01
3.920000000000000000e+03 7.734317481115988713e-01 1.202316304620486831e-01
3.930000000000000000e+03 7.736887945590539273e-01 1.199746869453965220e-01
3.940000000000000000e+03 7.739997802738093347e-01 1.196638038424216871e-01
3.950000000000000000e+03 7.743639184491152294e-01 1.192997682738187182e-01
3.960000000000000000e+03 7.747799687794278967e-01 1.188838209260290185e-01
3.970000000000000000e+03 7.752462531666562962e-01 1.184176380542311391e-01
3.980000000000000000e+03 7.757606793939529899e-01 1.179033094345108695e-01
3.990000000000000000e+03 7.763207768613381576e-01 1.173433057889704950e-01
4.000000000000000000e+03 7.769237341797198271e-01 1.167404407840033354e-01
4.010000000000000000e+03 7.775664390007868132e-01 1.160978291514029592e-01
4.020000000000000000e+03 7.782455174850837487e-01 1.154188452543372934e-01
4.030000000000000000e+03 7.789573670944006656e-01 1.147070902244871071e-01
4.040000000000000000e+03 7.796981920877537053e-01 1.139663581763246947e-01
4.050000000000000000e+03 7.804640488570728785e-01 1.132005929176541359e-01
4.060000000000000000e+03 7.812508903709328711e-01 1.124138423074010906e-01
4.070000000000000000e+03 7.820546112964583685e-01 1.116102120578772033e-01
4.080000000000000000e+03 7.828710983480540175e-01 1.107938159302555015e-01
4.090000000000000000e+03 7.836962776062715852e-01 1.099687274186178093e-01
4.100000000000000000e+03 7.845261523025374162e-01 1.091389428794219130e-01
4.110000000000000000e+03 7.853568307391743941e-01 1.083083549825852310e-01
4.120000000000000000e+03 7.861845491321960422e-01 1.074807273248269135e-01
4.130000000000000000e+03 7.870057029434435192e-01 1.066596631050199390e-01
4.140000000000000000e+03 7.878168853361042778e-01 1.058485691504576637e-01
4.150000000000000000e+03 7.886149162257919398e-01 1.050506271195125602e-01
4.160000000000000000e+03 7.893968539044143862e-01 1.042687805103893056e-01
4.170000000000000000e+03 7.901599946099607807e-01 1.035057333977447563e-01
4.180000000000000000e+03 7.909018761626324112e-01 1.027639460873739918e-01
4.190000000000000000e+03 7.916202965453595919e-01 1.020456186134010290e-01
4.200000000000000000e+03 7.923133335511454156e-01 1.013526733407836555e-01
