0.000000000000000000e+00 7.923133335511454156e-01 1.013526733407836555e-01
1.000000000000000000e+01 7.929236634156089369e-01 1.007389113822832333e-01
2.000000000000000000e+01 7.934019831581999860e-01 1.002535211094101042e-01
3.000000000000000000e+01 7.937662034413039969e-01 9.988549341627875333e-02
4.000000000000000000e+01 7.940414535934429141e-01 9.960989672087448843e-02
5.000000000000000000e+01 7.942599682416850992e-01 9.939294989429614535e-02
6.000000000000000000e+01 7.944570257290777260e-01 9.919827844507025927e-02
7.000000000000000000e+01 7.946656819057407173e-01 9.899264524278295063e-02
8.000000000000000000e+01 7.949131133876234934e-01 9.874900607001657615e-02
9.000000000000000000e+01 7.952191337518405012e-01 9.844734839532147397e-02
1.000000000000000000e+02 7.955966868903580069e-01 9.807478792210262697e-02
1.100000000000000000e+02 7.960521165837673996e-01 9.762519949053441448e-02
1.200000000000000000e+02 7.965854370109387572e-01 9.709850788537319199e-02
1.300000000000000000e+02 7.971913181096987877e-01 9.649976087304476535e-02
1.400000000000000000e+02 7.978602604053138814e-01 9.583808333906224108e-02
1.500000000000000000e+02 7.985797768668662089e-01 9.512560435016201299e-02
1.600000000000000000e+02 7.993356655510934772e-01 9.437639313500975624e-02
1.700000000000000000e+02 8.001129815144769619e-01 9.360552461246257616e-02
1.800000000000000000e+02 8.008965114694935883e-01 9.282833517409927460e-02
1.900000000000000000e+02 8.016712575487774384e-01 9.205977486065189397e-02
2.000000000000000000e+02 8.024230246110781728e-01 9.131391485771139793e-02
2.100000000000000000e+02 8.031387695665482829e-01 9.060368295628434820e-02
2.200000000000000000e+02 8.038067368325200190e-01 8.994071331765446375e-02
2.300000000000000000e+02 8.044165981473646587e-01 8.933522851647453245e-02
2.400000000000000000e+02 8.049595525441949340e-01 8.879596023035696284e-02
2.500000000000000000e+02 8.054283386596593486e-01 8.833012704200243759e-02
2.600000000000000000e+02 8.058172330483895918e-01 8.794345958610809422e-02
2.700000000000000000e+02 8.061220785396964184e-01 8.764021862492972492e-02
2.800000000000000000e+02 8.063402857999363293e-01 8.742315753365258180e-02
2.900000000000000000e+02 8.064707822151899741e-01 8.729350989825819529e-02
3.000000000000000000e+02 8.065139050859304604e-01 8.725105478200678721e-02
3.100000000000000000e+02 8.064713146795924326e-01 8.729421907474320397e-02
3.200000000000000000e+02 8.063459108231481043e-01 8.742019961281038976e-02
3.300000000000000000e+02 8.061416738119661085e-01 8.762508613142830360e-02
3.400000000000000000e+02 8.058634463115217361e-01 8.790397325639362491e-02
3.500000000000000000e+02 8.055168747246507222e-01 8.825108244275335634e-02
3.600000000000000000e+02 8.051084180238222698e-01 8.865992773858651088e-02
3.700000000000000000e+02 8.046451276149364507e-01 8.912351405596002918e-02
3.800000000000000000e+02 8.041344114653721231e-01 8.963447992042025692e-02
3.900000000000000000e+02 8.035839704607592449e-01 9.018516001015861039e-02
4.000000000000000000e+02 8.030018295946692586e-01 9.076762617395461863e-02
4.100000000000000000e+02 8.023963393281913214e-01 9.137378928184911042e-02
4.200000000000000000e+02 8.017759665765381571e-01 9.199552234492036629e-02
4.300000000000000000e+02 8.011488800435132562e-01 9.262475830583379033e-02
4.400000000000000000e+02 8.005228362470503400e-01 9.325358477397484303e-02
4.500000000000000000e+02 7.999053286962868325e-01 9.387435975119202969e-02
4.600000000000000000e+02 7.993035505409563646e-01 9.447985973763407819e-02
4.700000000000000000e+02 7.987242036094929221e-01 9.506343828425369014e-02
4.800000000000000000e+02 7.981733876888977841e-01 9.561916855881553989e-02
4.900000000000000000e+02 7.976563307441070227e-01 9.614195182651251448e-02
5.000000000000000000e+02 7.971771046020655893e-01 9.662759609582012577e-02
5.100000000000000000e+02 7.967387095901991012e-01 9.707286969886468053e-02
5.200000000000000000e+02 7.963431937165544872e-01 9.747550456179671086e-02
5.300000000000000000e+02 7.959916763444444543e-01 9.783413533655530014e-02
5.400000000000000000e+02 7.956845493293333016e-01 9.814818215968693083e-02
5.500000000000000000e+02 7.954217090938596746e-01 9.841771261617690558e-02
5.600000000000000000e+02 7.952025954266250807e-01 9.864332054628584256e-02
5.700000000000000000e+02 7.950262737682846081e-01 9.882601820418503158e-02
5.800000000000000000e+02 7.948914685628856169e-01 9.896712299729854001e-02
5.900000000000000000e+02 7.947966688330877494e-01 9.906813798633405665e-02
6.000000000000000000e+02 7.947403091983885615e-01 9.913067295674886370e-02
6.100000000000000000e+02 7.947207693832484265e-01 9.915643626887041262e-02
6.200000000000000000e+02 7.947363178923634308e-01 9.914724257023291298e-02
6.300000000000000000e+02 7.947851459520554052e-01 9.910498111654950093e-02
6.400000000000000000e+02 7.948653886918869427e-01 9.903153269292531979e-02
6.500000000000000000e+02 7.949750001588639092e-01 9.892877435638894323e-02
6.600000000000000000e+02 7.951117873957460613e-01 9.879866056360596394e-02
6.700000000000000000e+02 7.952735657169890393e-01 9.864321474266830869e-02
6.800000000000000000e+02 7.954582578613897947e-01 9.846443483595425372e-02
6.900000000000000000e+02 7.956639902253581642e-01 9.826417503678859522e-02
7.000000000000000000e+02 7.958891024795897717e-01 9.804406968439455250e-02
7.100000000000000000e+02 7.961320674791103613e-01 9.780549427964145559e-02
7.200000000000000000e+02 7.963914836167282907e-01 9.754954460667195071e-02
7.300000000000000000e+02 7.966662227396523743e-01 9.727704436655254527e-02
7.400000000000000000e+02 7.969555714549780845e-01 9.698857678472919130e-02
7.500000000000000000e+02 7.972592363514635627e-01 9.668452288032178266e-02
7.600000000000000000e+02 7.975772289697942163e-01 9.636512319040617391e-02
7.700000000000000000e+02 7.979096361951136807e-01 9.603058321299673405e-02
7.800000000000000000e+02 7.982563321101000531e-01 9.568120652217347588e-02
7.900000000000000000e+02 7.986167752199645475e-01 9.531751967704191197e-02
8.000000000000000000e+02 7.989900204796576144e-01 9.494033836307987084e-02
8.100000000000000000e+02 7.993748977129366828e-01 9.455080185533237813e-02
8.200000000000000000e+02 7.997700369920528463e-01 9.415045995628693043e-02
8.300000000000000000e+02 8.001735988351256212e-01 9.374133216938837498e-02
8.400000000000000000e+02 8.005830673880763859e-01 9.332590525677093851e-02
8.500000000000000000e+02 8.009954127693535986e-01 9.290710247304270752e-02
8.600000000000000000e+02 8.014073438136413152e-01 9.248817287267209475e-02
8.700000000000000000e+02 8.018153946553252531e-01 9.207261834106535148e-02
8.800000000000000000e+02 8.022159475304678766e-01 9.166417480792134198e-02
8.900000000000000000e+02 8.026052744332742295e-01 9.126675430898355257e-02
9.000000000000000000e+02 8.029795288629840710e-01 9.088438602988035964e-02
9.100000000000000000e+02 8.033346236853241562e-01 9.052122123153984179e-02
9.200000000000000000e+02 8.036662273155941172e-01 9.018149725400079197e-02
9.300000000000000000e+02 8.039700124341994103e-01 8.986940322678090010e-02
9.400000000000000000e+02 8.042419400896727577e-01 8.958895888427211018e-02
9.500000000000000000e+02 8.044783694980748301e-01 8.934394493494587919e-02
9.600000000000000000e+02 8.046759679849824209e-01 8.913786227503861515e-02
9.700000000000000000e+02 8.048316386105049958e-01 8.897389634425370564e-02
9.800000000000000000e+02 8.049425864317588664e-01 8.885486117393120997e-02
9.900000000000000000e+02 8.050063995177549891e-01 8.878313776732722762e-02
1.000000000000000000e+03 8.050210557979972092e-01 8.876061794932657567e-02
1.010000000000000000e+03 8.049849776433466442e-01 8.878863668439800072e-02
1.020000000000000000e+03 8.048972424568222594e-01 8.886790455701691627e-02
1.030000000000000000e+03 8.047577597320627607e-01 8.899848835833655547e-02
1.040000000000000000e+03 8.045672092245829132e-01 8.917983029063994427e-02
1.050000000000000000e+03 8.043268592428391983e-01 8.941077440239464380e-02
1.060000000000000000e+03 8.040384828000348705e-01 8.968959963434308680e-02
1.070000000000000000e+03 8.037043480411648622e-01 9.001405200830747688e-02
1.080000000000000000e+03 8.033271740441055853e-01 9.038137215416447434e-02
1.090000000000000000e+03 8.029100955194301559e-01 9.078832878364036241e-02
1.100000000000000000e+03 8.024566735810805262e-01 9.123126702524382570e-02
1.110000000000000000e+03 8.019708738218299660e-01 9.170618542920083716e-02
1.120000000000000000e+03 8.014569868181067314e-01 9.220880807919674960e-02
1.130000000000000000e+03 8.009195284425235650e-01 9.273463348813533458e-02
1.140000000000000000e+03 8.003631734539831122e-01 9.327899010658821655e-02
1.150000000000000000e+03 7.997927196478124001e-01 9.383710745161530364e-02
1.160000000000000000e+03 7.992130176345256798e-01 9.440419716618295154e-02
1.170000000000000000e+03 7.986288502757810104e-01 9.497554911214435569e-02
1.180000000000000000e+03 7.980447973563015163e-01 9.554664360002786128e-02
1.190000000000000000e+03 7.974651254905070763e-01 9.611327123455629118e-02
1.200000000000000000e+03 7.968936635150677406e-01 9.667166222228650019e-02
1.210000000000000000e+03 7.963336455645306788e-01 9.721863007856235139e-02
1.220000000000000000e+03 7.957875605276731878e-01 9.775170296376997636e-02
1.230000000000000000e+03 7.952570346787232181e-01 9.826921379524188038e-02
1.240000000000000000e+03 7.947427758692797717e-01 9.877035593183733364e-02
1.250000000000000000e+03 7.942446425485999439e-01 9.925520265789894436e-02
1.260000000000000000e+03 7.937618162587567472e-01 9.972468159258472686e-02
1.270000000000000000e+03 7.932928911289631735e-01 1.001804919297802493e-01
1.280000000000000000e+03 7.928358466901164192e-01 1.006249502520695088e-01
1.290000000000000000e+03 7.923881092251134906e-01 1.010608016919409546e-01
1.300000000000000000e+03 7.919467238129688225e-01 1.014910311016920114e-01
1.310000000000000000e+03 7.915086002037017288e-01 1.019186629956543716e-01
1.320000000000000000e+03 7.910708261433260224e-01 1.023465406682974865e-01
1.330000000000000000e+03 7.906309250897795016e-01 1.027770946332703522e-01
1.340000000000000000e+03 7.901869996208980007e-01 1.032121396829951687e-01
1.350000000000000000e+03 7.897378234671067476e-01 1.036527415798016577e-01
1.360000000000000000e+03 7.892829464350760160e-01 1.040991479096665812e-01
1.370000000000000000e+03 7.888228071278927667e-01 1.045507657149951641e-01
1.380000000000000000e+03 7.883587617852405582e-01 1.050061872196956930e-01
1.390000000000000000e+03 7.878929898040564206e-01 1.054632503447344438e-01
1.400000000000000000e+03 7.874283057360692561e-01 1.059191245864265357e-01
1.410000000000000000e+03 7.869679780244451806e-01 1.063704366350394365e-01
1.420000000000000000e+03 7.865156254104734845e-01 1.068134371059445142e-01
1.430000000000000000e+03 7.860751098757013944e-01 1.072441838947752746e-01
1.440000000000000000e+03 7.856503869590560907e-01 1.076587157988622007e-01
1.450000000000000000e+03 7.852453388977493898e-01 1.080532074742248383e-01
1.460000000000000000e+03 7.848636056397451100e-01 1.084241098176466911e-01
1.470000000000000000e+03 7.845084562644439874e-01 1.087682621733344068e-01
1.480000000000000000e+03 7.841826563090049662e-01 1.090829688560874394e-01
1.490000000000000000e+03 7.838883743675364446e-01 1.093660521814052572e-01
1.500000000000000000e+03 7.836272329922815416e-01 1.096158849276716446e-01
1.510000000000000000e+03 7.834003926275370233e-01 1.098313940322979965e-01
1.520000000000000000e+03 7.832085167704615492e-01 1.100120414966507115e-01
1.530000000000000000e+03 7.830516966259161160e-01 1.101577842465530088e-01
1.540000000000000000e+03 7.829294641617434714e-01 1.102690243887061577e-01
1.550000000000000000e+03 7.828409076663894739e-01 1.103465577546455523e-01
1.560000000000000000e+03 7.827848531541311550e-01 1.103914941344047440e-01
1.570000000000000000e+03 7.827599802001002915e-01 1.104051799921538651e-01
1.580000000000000000e+03 7.827648340285050521e-01 1.103891545976473237e-01
1.590000000000000000e+03 7.827978148405629888e-01 1.103451214392530411e-01
1.600000000000000000e+03 7.828571522938220228e-01 1.102749172191801602e-01
1.610000000000000000e+03 7.829408711128563736e-01 1.101804953050198876e-01
1.620000000000000000e+03 7.830467791550387302e-01 1.100639372152974887e-01
1.630000000000000000e+03 7.831724963167331355e-01 1.099274668017606732e-01
1.640000000000000000e+03 7.833155462464767016e-01 1.097734397378074683e-01
1.650000000000000000e+03 7.834734721679990077e-01 1.096043072091001935e-01
1.660000000000000000e+03 7.836438858447479783e-01 1.094225891705717796e-01
1.670000000000000000e+03 7.838243960801372090e-01 1.092308738455659012e-01
1.680000000000000000e+03 7.840124881640067045e-01 1.090318107558368582e-01
1.690000000000000000e+03 7.842054776291665918e-01 1.088280789361211753e-01
1.700000000000000000e+03 7.844006339411555562e-01 1.086223268215305293e-01
1.710000000000000000e+03 7.845953591930038273e-01 1.084170922311469554e-01
1.720000000000000000e+03 7.847872646597597868e-01 1.082147439867903044e-01
1.730000000000000000e+03 7.849741768620306370e-01 1.080174409089093290e-01
1.740000000000000000e+03 7.851541809964359686e-01 1.078270702293548516e-01
1.750000000000000000e+03 7.853257628305411187e-01 1.076451674599698677e-01
1.760000000000000000e+03 7.854879376799286383e-01 1.074728529871031291e-01
1.770000000000000000e+03 7.856401885415551511e-01 1.073107933676131914e-01
1.780000000000000000e+03 7.857823303801014792e-01 1.071591815573711415e-01
1.790000000000000000e+03 7.859145323601617328e-01 1.070177497781364534e-01
1.800000000000000000e+03 7.860374488308954355e-01 1.068858095290658589e-01
1.810000000000000000e+03 7.861522046065194669e-01 1.067622936423672647e-01
1.820000000000000000e+03 7.862602398819091842e-01 1.066458065345174955e-01
1.830000000000000000e+03 7.863631933722098344e-01 1.065347025782356211e-01
1.840000000000000000e+03 7.864628321765659846e-01 1.064271923884834992e-01
1.850000000000000000e+03 7.865609401444610960e-01 1.063214653857359748e-01
1.860000000000000000e+03 7.866591957436278593e-01 1.062158135976166567e-01
1.870000000000000000e+03 7.867591165924039398e-01 1.061087435455188299e-01
1.880000000000000000e+03 7.868620044396499313e-01 1.059990648815178765e-01
1.890000000000000000e+03 7.869688240696656178e-01 1.058859433988203619e-01
1.900000000000000000e+03 7.870801118465715618e-01 1.057689255427415320e-01
1.910000000000000000e+03 7.871959558584892269e-01 1.056479380213592861e-01
1.920000000000000000e+03 7.873159850011066663e-01 1.055232568201743826e-01
1.930000000000000000e+03 7.874393812554268957e-01 1.053954572585870247e-01
1.940000000000000000e+03 7.875650051729031764e-01 1.052653499189729197e-01
1.950000000000000000e+03 7.876915985160856115e-01 1.051339067870750432e-01
1.960000000000000000e+03 7.878179627298225185e-01 1.050021932975640365e-01
1.970000000000000000e+03 7.879430317235170955e-01 1.048713115993775424e-01
1.980000000000000000e+03 7.880659377324906734e-01 1.047423402324070690e-01
1.990000000000000000e+03 7.881860326498897340e-01 1.046162806541453272e-01
2.000000000000000000e+03 7.883026925160532272e-01 1.044940324501559131e-01
2.010000000000000000e+03 7.884151485099004653e-01 1.043763758629675104e-01
2.020000000000000000e+03 7.885225785343062954e-01 1.042639545653619298e-01
2.030000000000000000e+03 7.886243083698293299e-01 1.041572727019586808e-01
2.040000000000000000e+03 7.887199096013380872e-01 1.040567037448510701e-01
2.050000000000000000e+03 7.888091746429841677e-01 1.039624997248613791e-01
2.060000000000000000e+03 7.888920268437447092e-01 1.038748051296874975e-01
2.070000000000000000e+03 7.889684183712666332e-01 1.037936704903283103e-01
2.080000000000000000e+03 7.890383310577612219e-01 1.037190526676559366e-01
2.090000000000000000e+03 7.891018779113088133e-01 1.036508091600509412e-01
2.100000000000000000e+03 7.891593573741844114e-01 1.035886863125667495e-01
2.110000000000000000e+03 7.892111960227213840e-01 1.035322975076760355e-01
2.120000000000000000e+03 7.892578869193936919e-01 1.034811115881782151e-01
2.130000000000000000e+03 7.893000093754981572e-01 1.034344747774174761e-01
2.140000000000000000e+03 7.893382667531257946e-01 1.033916590898353999e-01
2.150000000000000000e+03 7.893734008007841085e-01 1.033519179279774464e-01
2.160000000000000000e+03 7.894060099248951801e-01 1.033145381582498412e-01
2.170000000000000000e+03 7.894365071169415771e-01 1.032788801232078085e-01
2.180000000000000000e+03 7.894653061451093468e-01 1.032444115960489406e-01
2.190000000000000000e+03 7.894929528683023445e-01 1.032107521364097197e-01
2.200000000000000000e+03 7.895199748383997518e-01 1.031777263829277702e-01
2.210000000000000000e+03 7.895465928028616576e-01 1.031453897702124256e-01
2.220000000000000000e+03 7.895726189225467095e-01 1.031139844515305409e-01
2.230000000000000000e+03 7.895976064539248496e-01 1.030838542336511982e-01
2.240000000000000000e+03 7.896210671755476973e-01 1.030553667775996884e-01
2.250000000000000000e+03 7.896426032862581268e-01 1.030288455639612882e-01
2.260000000000000000e+03 7.896619602508441194e-01 1.030045055960074757e-01
2.270000000000000000e+03 7.896790831414446377e-01 1.029823935723544470e-01
2.280000000000000000e+03 7.896941945658803030e-01 1.029623294467428979e-01
2.290000000000000000e+03 7.897078382336464308e-01 1.029438583857198442e-01
2.300000000000000000e+03 7.897208418745057523e-01 1.029262414993639269e-01
2.310000000000000000e+03 7.897342527414973334e-01 1.029084856293564915e-01
2.320000000000000000e+03 7.897493122004737298e-01 1.028893740788366234e-01
2.330000000000000000e+03 7.897674157614316126e-01 1.028674820459338224e-01
2.340000000000000000e+03 7.897900694605667349e-01 1.028411954781962290e-01
2.350000000000000000e+03 7.898189433596310982e-01 1.028087495896621711e-01
2.360000000000000000e+03 7.898559197923826769e-01 1.027682822510892907e-01
2.370000000000000000e+03 7.899030084208286118e-01 1.027178939964855098e-01
2.380000000000000000e+03 7.899621647765189270e-01 1.026557060812828687e-01
2.390000000000000000e+03 7.900351621175257799e-01 1.025799075818672745e-01
2.400000000000000000e+03 7.901236050984966619e-01 1.024887962962720833e-01
2.410000000000000000e+03 7.902289853491412108e-01 1.023808197128228542e-01
2.420000000000000000e+03 7.903526336104508276e-01 1.022546224865776010e-01
2.430000000000000000e+03 7.904956037147858883e-01 1.021091013655278795e-01
2.440000000000000000e+03 7.906586468062233308e-01 1.019434499014278128e-01
2.450000000000000000e+03 7.908422668964549818e-01 1.017571841109985858e-01
2.460000000000000000e+03 7.910466840001517674e-01 1.015501578102862568e-01
2.470000000000000000e+03 7.912717410528024020e-01 1.013225782804811348e-01
2.480000000000000000e+03 7.915169020906910324e-01 1.010750114141300421e-01
2.490000000000000000e+03 7.917812787489618698e-01 1.008083683028369870e-01
2.500000000000000000e+03 7.920636012148069005e-01 1.005238735702031622e-01
2.510000000000000000e+03 7.923622648444144101e-01 1.002230201541550597e-01
2.520000000000000000e+03 7.926754855945452594e-01 9.990752615224504640e-02
2.530000000000000000e+03 7.930013928315566840e-01 9.957929446360076764e-02
2.540000000000000000e+03 7.933380217742647122e-01 9.924036202198595336e-02
2.550000000000000000e+03 7.936833032592248705e-01 9.889283915953640813e-02
2.560000000000000000e+03 7.940351184217927516e-01 9.853884648740944552e-02
2.570000000000000000e+03 7.943913935811041105e-01 9.818045071877373742e-02
2.580000000000000000e+03 7.947501841717475868e-01 9.781959779546868516e-02
2.590000000000000000e+03 7.951097312104394854e-01 9.745805831540503561e-02
2.600000000000000000e+03 7.954684713511962491e-01 9.709739660543270645e-02
2.610000000000000000e+03 7.958249920806097499e-01 9.673894982333414161e-02
2.620000000000000000e+03 7.961780388373242978e-01 9.638381886504482354e-02
2.630000000000000000e+03 7.965266722700125035e-01 9.603288821539497644e-02
2.640000000000000000e+03 7.968703106470137465e-01 9.568685898424335312e-02
2.650000000000000000e+03 7.972085342037440459e-01 9.534627967504068213e-02
2.660000000000000000e+03 7.975409764755788666e-01 9.501157330306096715e-02
2.670000000000000000e+03 7.978673062265956295e-01 9.468306549288120488e-02
2.680000000000000000e+03 7.981871598125716005e-01 9.436100851554375668e-02
2.690000000000000000e+03 7.985001847151819154e-01 9.404559135941914505e-02
2.700000000000000000e+03 7.988061886828565772e-01 9.373694305468546761e-02
2.710000000000000000e+03 7.991052286758235645e-01 9.343513270666052584e-02
2.720000000000000000e+03 7.993975027879208772e-01 9.314015033167821755e-02
2.730000000000000000e+03 7.996831987250784257e-01 9.285186355703373140e-02
2.740000000000000000e+03 7.999624959000826152e-01 9.256999875520392773e-02
2.750000000000000000e+03 8.002356495846342233e-01 9.229415934142030931e-02
2.760000000000000000e+03 8.005030698513818654e-01 9.202386019805772199e-02
2.770000000000000000e+03 8.007653869725762652e-01 9.175855856968180568e-02
2.780000000000000000e+03 8.010233739280998577e-01 9.149767523104736233e-02
2.790000000000000000e+03 8.012776499089209192e-01 9.124064077793263283e-02
2.800000000000000000e+03 8.015284727241620555e-01 9.098698765573079439e-02
2.810000000000000000e+03 8.017758363700741020e-01 9.073645327668478089e-02
2.820000000000000000e+03 8.020196763847430299e-01 9.048904655076225878e-02
2.830000000000000000e+03 8.022598897787824868e-01 9.024506606355664484e-02
2.840000000000000000e+03 8.024961623118868070e-01 9.000508857095465554e-02
2.850000000000000000e+03 8.027277766373179801e-01 8.976993859859984382e-02
2.860000000000000000e+03 8.029536180245387955e-01 8.954064179062357076e-02
2.870000000000000000e+03 8.031724208272111865e-01 8.931836226350417518e-02
2.880000000000000000e+03 8.033829833783308061e-01 8.910431967038796863e-02
2.890000000000000000e+03 8.035841855559924252e-01 8.889968551047704171e-02
2.900000000000000000e+03 8.037749692762564679e-01 8.870549129028310054e-02
2.910000000000000000e+03 8.039544235554929585e-01 8.852256258113798404e-02
2.920000000000000000e+03 8.041219211290553393e-01 8.835145404628155785e-02
2.930000000000000000e+03 8.042772079434205024e-01 8.819240005187088671e-02
2.940000000000000000e+03 8.044204074793487313e-01 8.804530525334587632e-02
2.950000000000000000e+03 8.045519555691660329e-01 8.790976132227072692e-02
2.960000000000000000e+03 8.046725412401178890e-01 8.778508500631239386e-02
2.970000000000000000e+03 8.047830389331728229e-01 8.767038784569830545e-02
2.980000000000000000e+03 8.048844359786758718e-01 8.756466194705046779e-02
2.990000000000000000e+03 8.049777914473303930e-01 8.746686153098542915e-02
3.000000000000000000e+03 8.050641874329931280e-01 8.737598276971936251e-02
3.010000000000000000e+03 8.051446432804837405e-01 8.729113936834344278e-02
3.020000000000000000e+03 8.052200152366094654e-01 8.721162416472515166e-02
3.030000000000000000e+03 8.052909134674663960e-01 8.713695850006823729e-02
3.040000000000000000e+03 8.053576053164853699e-01 8.706692151334323448e-02
3.050000000000000000e+03 8.054199742902866666e-01 8.700154743877915042e-02
3.060000000000000000e+03 8.054776093873572407e-01 8.694109867274621428e-02
3.070000000000000000e+03 8.055299332890103470e-01 8.688602491527155913e-02
3.080000000000000000e+03 8.055762949586579014e-01 8.683692058330406971e-02
3.090000000000000000e+03 8.056160224122177471e-01 8.679449013967835413e-02
3.100000000000000000e+03 8.056484279970915763e-01 8.675950945678112536e-02
3.110000000000000000e+03 8.056727556233421739e-01 8.673277590451843044e-02
3.120000000000000000e+03 8.056881909721623769e-01 8.671507381582654883e-02
3.130000000000000000e+03 8.056939166458121360e-01 8.670716843563275322e-02
3.140000000000000000e+03 8.056891400914819590e-01 8.670980603710705392e-02
3.150000000000000000e+03 8.056731471159833680e-01 8.672370276912448606e-02
3.160000000000000000e+03 8.056453327907159290e-01 8.674952742111244341e-02
3.170000000000000000e+03 8.056052109473289535e-01 8.678789110132503759e-02
3.180000000000000000e+03 8.055524112449718999e-01 8.683934409745210081e-02
3.190000000000000000e+03 8.054866168065680787e-01 8.690436268251992835e-02
3.200000000000000000e+03 8.054075016924286956e-01 8.698331830058300684e-02
3.210000000000000000e+03 8.053146854304872315e-01 8.707642853991903742e-02
3.220000000000000000e+03 8.052077995700270829e-01 8.718371196387424138e-02
3.230000000000000000e+03 8.050867585060240694e-01 8.730498386668870958e-02
3.240000000000000000e+03 8.049519944453437104e-01 8.743987188281804324e-02
3.250000000000000000e+03 8.048043807400140359e-01 8.758781268192893099e-02
3.260000000000000000e+03 8.046449379587952144e-01 8.774804667513604051e-02
3.270000000000000000e+03 8.044746959676422060e-01 8.791963686124018573e-02
3.280000000000000000e+03 8.042947038773669011e-01 8.810150296226494648e-02
3.290000000000000000e+03 8.041060452394418467e-01 8.829246613612475036e-02
3.300000000000000000e+03 8.039098286580603769e-01 8.849131116259917329e-02
3.310000000000000000e+03 8.037071479981271471e-01 8.869685409972299928e-02
3.320000000000000000e+03 8.034990413609761628e-01 8.890799527381941514e-02
3.330000000000000000e+03 8.032864315860820392e-01 8.912375011811754510e-02
3.340000000000000000e+03 8.030701190321234417e-01 8.934327120428708913e-02
3.350000000000000000e+03 8.028507759206543470e-01 8.956586310946906826e-02
3.360000000000000000e+03 8.026288897861089122e-01 8.979097885937481482e-02
3.370000000000000000e+03 8.024047820410135090e-01 9.001820919175781976e-02
3.380000000000000000e+03 8.021786477645798108e-01 9.024726027582648247e-02
3.390000000000000000e+03 8.019506130696757440e-01 9.047791659361271999e-02
3.400000000000000000e+03 8.017208845250057836e-01 9.071000992982851396e-02
3.410000000000000000e+03 8.014898153659804070e-01 9.094340072884256332e-02
3.420000000000000000e+03 8.012577830843770066e-01 9.117796431223545994e-02
3.430000000000000000e+03 8.010250439315755866e-01 9.141357155695545300e-02
3.440000000000000000e+03 8.007917275975331428e-01 9.165006622497322286e-02
3.450000000000000000e+03 8.005579190195281081e-01 9.188725282485629697e-02
3.460000000000000000e+03 8.003237129795229832e-01 9.212490348498454662e-02
3.470000000000000000e+03 8.000892291007550838e-01 9.236278311918375006e-02
3.480000000000000000e+03 7.998546328454505527e-01 9.260068473604590733e-02
3.490000000000000000e+03 7.996201675510308249e-01 9.283846082751989748e-02
3.500000000000000000e+03 7.993860595776972611e-01 9.307603379755390038e-02
3.510000000000000000e+03 7.991523691096754645e-01 9.331339479809197535e-02
3.520000000000000000e+03 7.989189900770511388e-01 9.355061418405365148e-02
3.530000000000000000e+03 7.986856989482914448e-01 9.378785425995604663e-02
3.540000000000000000e+03 7.984521854466343216e-01 9.402537390835012665e-02
3.550000000000000000e+03 7.982180867640816802e-01 9.426352485457836772e-02
3.560000000000000000e+03 7.979829699416357558e-01 9.450273500027993323e-02
3.570000000000000000e+03 7.977463119076287912e-01 9.474348530539232482e-02
3.580000000000000000e+03 7.975075389535122294e-01 9.498627968742427707e-02
3.590000000000000000e+03 7.972660998855591874e-01 9.523160887096650262e-02
3.600000000000000000e+03 7.970214947427972652e-01 9.547992468652490017e-02
3.610000000000000000e+03 7.967732792428325883e-01 9.573163038346674258e-02
3.620000000000000000e+03 7.965211161639018655e-01 9.598707591379074255e-02
3.630000000000000000e+03 7.962648238012284274e-01 9.624654487838767147e-02
3.640000000000000000e+03 7.960043752173634468e-01 9.651023702605923682e-02
3.650000000000000000e+03 7.957398537868737298e-01 9.677825756911345723e-02
3.660000000000000000e+03 7.954713408756161064e-01 9.705061488939561998e-02
3.670000000000000000e+03 7.951988380984439386e-01 9.732722062033723198e-02
3.680000000000000000e+03 7.949223539173064790e-01 9.760789739220473993e-02
3.690000000000000000e+03 7.946420271416878567e-01 9.789239381243228233e-02
3.700000000000000000e+03 7.943581705151486760e-01 9.818039451205341772e-02
3.710000000000000000e+03 7.940712523021975500e-01 9.847151534198592127e-02
3.720000000000000000e+03 7.937817793198929106e-01 9.876528237706169722e-02
3.730000000000000000e+03 7.934902188717785076e-01 9.906113496695252707e-02
3.740000000000000000e+03 7.931970720420965515e-01 9.935847766949633397e-02
3.750000000000000000e+03 7.929029307479731337e-01 9.965674270561820924e-02
3.760000000000000000e+03 7.926083647801269727e-01 9.995542999919927729e-02
3.770000000000000000e+03 7.923138005288480334e-01 1.002541465258268705e-01
3.780000000000000000e+03 7.920195048002873772e-01 1.005526575871326933e-01
3.790000000000000000e+03 7.917255886424612310e-01 1.008509214758021161e-01
3.800000000000000000e+03 7.914319889623228077e-01 1.011490922992100278e-01
3.810000000000000000e+03 7.911384373446843643e-01 1.014475022646946778e-01
3.820000000000000000e+03 7.908444348880859787e-01 1.017466277431772897e-01
3.830000000000000000e+03 7.905492648175066472e-01 1.020470382123160047e-01
3.840000000000000000e+03 7.902521032403295731e-01 1.023493430762771050e-01
3.850000000000000000e+03 7.899521870395446177e-01 1.026541374581169536e-01
3.860000000000000000e+03 7.896489154612800210e-01 1.029619330747979788e-01
3.870000000000000000e+03 7.893419403438045601e-01 1.032730929503562628e-01
3.880000000000000000e+03 7.890312901222535924e-01 1.035877833169510237e-01
3.890000000000000000e+03 7.887173241920086841e-01 1.039059251288507735e-01
3.900000000000000000e+03 7.884005320321413324e-01 1.042271564499166747e-01
3.910000000000000000e+03 7.880815172276924852e-01 1.045508495086268641e-01
3.920000000000000000e+03 7.877611058813771550e-01 1.048761582848789092e-01
3.930000000000000000e+03 7.874402799928428287e-01 1.052020417892115256e-01
3.940000000000000000e+03 7.871201188529582948e-01 1.055272919700535189e-01
3.950000000000000000e+03 7.868018795250099062e-01 1.058505920234195929e-01
3.960000000000000000e+03 7.864869545306923948e-01 1.061705659691340453e-01
3.970000000000000000e+03 7.861767047084979865e-01 1.064858087010237958e-01
3.980000000000000000e+03 7.858724481083900759e-01 1.067949307093323252e-01
3.990000000000000000e+03 7.855755511516111511e-01 1.070966022104493931e-01
4.000000000000000000e+03 7.852873947899988716e-01 1.073895697359776441e-01
4.010000000000000000e+03 7.850093029102752640e-01 1.076726738296474445e-01
4.020000000000000000e+03 7.847424706102891223e-01 1.079448623305691857e-01
4.030000000000000000e+03 7.844878213249845134e-01 1.082051757007672782e-01
4.040000000000000000e+03 7.842460368669494919e-01 1.084527314905568557e-01
4.050000000000000000e+03 7.840178007851987818e-01 1.086867110116196272e-01
4.060000000000000000e+03 7.838039031971911763e-01 1.089063200962980399e-01
4.070000000000000000e+03 7.836051765340051878e-01 1.091107399383318688e-01
4.080000000000000000e+03 7.834224486598083681e-01 1.092990921857091707e-01
4.090000000000000000e+03 7.832565988673050317e-01 1.094704240717592064e-01
4.100000000000000000e+03 7.831086466248212696e-01 1.096237072097502319e-01
4.110000000000000000e+03 7.829797630379967677e-01 1.097578403697597044e-01
4.120000000000000000e+03 7.828712057895883536e-01 1.098716642887026251e-01
4.130000000000000000e+03 7.827842120389533198e-01 1.099639931916529256e-01
4.140000000000000000e+03 7.827199293658965162e-01 1.100336578738007609e-01
4.150000000000000000e+03 7.826793666563537366e-01 1.100795415308046393e-01
4.160000000000000000e+03 7.826634154000451371e-01 1.101006166717025253e-01
4.170000000000000000e+03 7.826729365878016820e-01 1.100959892490893099e-01
4.180000000000000000e+03 7.827087735445543704e-01 1.100649334802007162e-01
4.190000000000000000e+03 7.827716704179974450e-01 1.100069145615419075e-01
4.200000000000000000e+03 7.828621569199197827e-01 1.099216016145508346e-01
