0.000000000000000000e+00 1.632514229615654600e+01 1.976361831232334306e-14 1.632514229615654600e+01 1.210624566315500012e-15
1.000000000000000000e+01 1.616420166965679783e+01 1.994016969126674699e+00 1.628672831757504014e+01 -9.872600352252144384e-01
2.000000000000000000e+01 1.571318956601604278e+01 3.930056369157767016e+00 1.619721177864613182e+01 -1.974915981766022899e+00
3.000000000000000000e+01 1.498754302124090110e+01 5.758084136120493746e+00 1.605559026420982605e+01 -2.963195624190415600e+00
4.000000000000000000e+01 1.401407092560351586e+01 7.433967263994597729e+00 1.586373389810826140e+01 -3.952278846892106401e+00
5.000000000000000000e+01 1.282739881053103481e+01 8.920622214317498688e+00 1.562432913551771740e+01 -4.942344362667088653e+00
6.000000000000000000e+01 1.146801506830025552e+01 1.018945265844557113e+01 1.534080555529810574e+01 -5.933569033182545915e+00
7.000000000000000000e+01 9.980041553857628145e+00 1.122123235807100805e+01 1.501723293588218944e+01 -6.926125363116161004e+00
8.000000000000000000e+01 8.408921369555866221e+00 1.200632720318481361e+01 1.465816671720269859e+01 -7.920180709781780237e+00
9.000000000000000000e+01 6.799227099212591163e+00 1.254431940191001615e+01 1.426847708775547474e+01 -8.915896800664446786e+00
1.000000000000000000e+02 5.192736474703891325e+00 1.284313466316951668e+01 1.385318086476988775e+01 -9.913428649593482689e+00
1.100000000000000000e+02 3.626888017999589042e+00 1.291779062674363487e+01 1.341728852531295502e+01 -1.091292337994060624e+01
1.200000000000000000e+02 2.133679602689415145e+00 1.278890403124682074e+01 1.296567217568661334e+01 -1.191451938584904724e+01
1.300000000000000000e+02 7.390157397616544666e-01 1.248109701004855943e+01 1.250295672382571155e+01 -1.291834542238613182e+01
1.400000000000000000e+02 -5.375260567018764757e-01 1.202142603892317574e+01 1.203343750849829519e+01 -1.392451943596900854e+01
1.500000000000000000e+02 -1.682564510970850247e+00 1.143793222843475910e+01 1.156102577610849735e+01 -1.493314728732947927e+01
1.600000000000000000e+02 -2.688493132616749826e+00 1.075838253676900003e+01 1.108921954564808843e+01 -1.594432146264031047e+01
1.700000000000000000e+02 -3.552848580967396863e+00 1.000924209990135338e+01 1.062109506848138984e+01 -1.695811983623982044e+01
1.800000000000000000e+02 -4.277547067438474571e+00 9.214892777549577474e+00 1.015931384572239971e+01 -1.797460452449519863e+01
1.900000000000000000e+02 -4.868058638842334140e+00 8.397093202762217601e+00 9.706140796788542247e+00 -1.899382088720387074e+01
2.000000000000000000e+02 -5.332577794553129635e+00 7.574660162770210370e+00 9.263469248419792024e+00 -2.001579668269729240e+01
2.100000000000000000e+02 -5.681235089471540434e+00 6.763341829951520445e+00 8.832849192113192416e+00 -2.104054142534462457e+01
2.200000000000000000e+02 -5.925381907152752703e+00 5.975850003011703215e+00 8.415517453140250126e+00 -2.206804606185546547e+01
2.300000000000000000e+02 -6.076970166311964405e+00 5.222015348383864719e+00 8.012428514564252424e+00 -2.309828291174702741e+01
2.400000000000000000e+02 -6.148036700874332183e+00 4.509030673173104020e+00 7.624284418023348664e+00 -2.413120593739567710e+01
2.500000000000000000e+02 -6.150293846153016553e+00 3.841750733983406274e+00 7.251562803705811966e+00 -2.516675139093682034e+01
2.600000000000000000e+02 -6.094822316936150841e+00 3.223021507928180096e+00 6.894543256488466554e+00 -2.620483880865439374e+01
2.700000000000000000e+02 -5.991857690910601164e+00 2.654016540980578487e+00 6.553332159132714274e+00 -2.724537232761507966e+01
2.800000000000000000e+02 -5.850659014359501420e+00 2.134562685128721604e+00 6.227886379747950230e+00 -2.828824224899783246e+01
2.900000000000000000e+02 -5.679445875975095426e+00 1.663442327816775146e+00 5.918035639982494267e+00 -2.933332679369384266e+01
3.000000000000000000e+02 -5.485389917901206225e+00 1.238664140286239723e+00 5.623503481268883775e+00 -3.038049405434994910e+01
3.100000000000000000e+02 -5.274647826648601878e+00 8.576974615706347560e-01 5.343926892347380608e+00 -3.142960401401743198e+01
3.200000000000000000e+02 -5.052424026400939461e+00 5.176683739848111365e-01 5.078874785617141008e+00 -3.248051045856959007e+01
3.300000000000000000e+02 -4.823052299892387929e+00 2.155190946331368707e-01 4.827865156324143037e+00 -3.353306284787662861e+01
3.400000000000000000e+02 -4.590087151734024040e+00 -5.186669768298250716e-02 4.590380181950325600e+00 -3.458710810771873412e+01
3.500000000000000000e+02 -4.356398039747483963e+00 -2.875695288867879951e-01 4.365879076962610128e+00 -3.564249212776386599e+01
3.600000000000000000e+02 -4.124261992358201567e+00 -4.945657759411349330e-01 4.153809370727392647e+00 -3.669906104356910959e+01
3.700000000000000000e+02 -3.895450678104227293e+00 -6.756809711118803019e-01 3.953616162485348973e+00 -3.775666226564352002e+01
3.800000000000000000e+02 -3.671309550931579846e+00 -8.335603248337516424e-01 3.764749212616743446e+00 -3.881514526534120790e+01
3.900000000000000000e+02 -3.452827896865538371e+00 -9.706523788971732625e-01 3.586667886218577461e+00 -3.987436214129809997e+01
4.000000000000000000e+02 -3.240699839109391966e+00 -1.089202450907048370e+00 3.418844457746733845e+00 -4.093416796521606926e+01
4.100000000000000000e+02 -3.035377137657792268e+00 -1.191252746454469769e+00 3.260766393618367065e+00 -4.199442106555078169e+01
4.200000000000000000e+02 -2.837114217724993726e+00 -1.278646995801933972e+00 3.111937535409509792e+00 -4.305498328267854902e+01
4.300000000000000000e+02 -2.646006253177841661e+00 -1.353038226356039653e+00 2.971878452063095200e+00 -4.411572014301892608e+01
4.400000000000000000e+02 -2.462021183773517752e+00 -1.415898451526774293e+00 2.840126182828057289e+00 -4.517650094842845476e+01
4.500000000000000000e+02 -2.285026835889318431e+00 -1.468528947416090746e+00 2.716233589022372996e+00 -4.623719896697163279e+01
4.600000000000000000e+02 -2.114813996381571304e+00 -1.512070904390092396e+00 2.599768578007370490e+00 -4.729769165028640288e+01
4.700000000000000000e+02 -1.951116182881566408e+00 -1.547516386258910304e+00 2.490313499309308121e+00 -4.835786080346539961e+01
4.800000000000000000e+02 -1.793626582496013810e+00 -1.575719215777980020e+00 2.387464631027715001e+00 -4.941759273395871332e+01
4.900000000000000000e+02 -1.642012572143236149e+00 -1.597405527917533208e+00 2.290831662889689202e+00 -5.047677839210500395e+01
5.000000000000000000e+02 -1.495927997771215878e+00 -1.613183844068087458e+00 2.200036974525221289e+00 -5.153531343322919156e+01
5.100000000000000000e+02 -1.355024171708453240e+00 -1.623555483920306131e+00 2.114715800121112821e+00 -5.259309810112554118e+01
5.200000000000000000e+02 -1.218959257370649585e+00 -1.628924215673736464e+00 2.034516102550654182e+00 -5.365003711901140093e+01
5.300000000000000000e+02 -1.087406350161856716e+00 -1.629605802140544846e+00 1.959098680705609219e+00 -5.470603938809922084e+01
5.400000000000000000e+02 -9.600605790572872555e-01 -1.625837355729316425e+00 1.888137553978711081e+00 -5.576101759211978504e+01
5.500000000000000000e+02 -8.366452846793979159e-01 -1.617785889581832892e+00 1.821319993001326853e+00 -5.681488787334515678e+01
5.600000000000000000e+02 -7.169174929661270568e-01 -1.605556570381801329e+00 1.758346550716612500e+00 -5.786756948024536484e+01
5.700000000000000000e+02 -6.006727998570845495e-01 -1.589201035935832174e+00 1.698931353853848636e+00 -5.891898434746038760e+01
5.800000000000000000e+02 -4.877497580671010247e-01 -1.568725416726307609e+00 1.642802258209320465e+00 -5.996905677056516026e+01
5.900000000000000000e+02 -3.780340327063640427e-01 -1.544098318966363736e+00 1.589701024884549341e+00 -6.101771329411337774e+01
6.000000000000000000e+02 -2.714622951636180836e-01 -1.515259046252198205e+00 1.539383563295587676e+00 -6.206488283733278877e+01
6.100000000000000000e+02 -1.680256860781656481e-01 -1.482126004906945793e+00 1.491619966882805626e+00 -6.311049706761490796e+01
6.200000000000000000e+02 -6.777272488588033383e-02 -1.444605679743404814e+00 1.446194562355066493e+00 -6.415449098818388052e+01
6.300000000000000000e+02 2.918839690798002637e-02 -1.402602373713607076e+00 1.402906048622324153e+00 -6.519680385068758710e+01
6.400000000000000000e+02 1.226885121584572191e-01 -1.356028615061167786e+00 1.361567506912662928e+00 -6.623738034842061495e+01
6.500000000000000000e+02 2.124974514403760728e-01 -1.304816295170142970e+00 1.322006327900964617e+00 -6.727617207774454755e+01
6.600000000000000000e+02 2.983257544181029397e-01 -1.248928488920314273e+00 1.284064105169952175e+00 -6.831313915798475023e+01
6.700000000000000000e+02 3.798284371769576895e-01 -1.188371542329710318e+00 1.247596314641632897e+00 -6.934825195676447152e+01
6.800000000000000000e+02 4.566110959838218797e-01 -1.123207133628935761e+00 1.212471838027785687e+00 -7.038149285188170268e+01
6.900000000000000000e+02 5.282386562657842566e-01 -1.053563823571227243e+00 1.178572360235681682e+00 -7.141285787634035387e+01
7.000000000000000000e+02 5.942467282039424203e-01 -9.796474571887878735e-01 1.145791566716018561e+00 -7.244235824185685146e+01
7.100000000000000000e+02 6.541557460046186767e-01 -9.017497894137828096e-01 1.114034300521604681e+00 -7.347002147189280663e+01
7.200000000000000000e+02 7.074872982309773350e-01 -8.202544850390832698e-01 1.083215443660631827e+00 -7.449589222814759637e+01
7.300000000000000000e+02 7.537822178285021879e-01 -7.356399372151857241e-01 1.053258633546584333e+00 -7.552003270744620522e+01
7.400000000000000000e+02 7.926198899504047768e-01 -6.484784662820467505e-01 1.024095020579881332e+00 -7.654252250137433577e+01
7.500000000000000000e+02 8.236377400093093382e-01 -5.594316070373134275e-01 9.956620158065656589e-01 -7.756345810441105471e+01
7.600000000000000000e+02 8.465500108875834151e-01 -4.692413996742175741e-01 9.679020674128071544e-01 -7.858295210303947442e+01
7.700000000000000000e+02 8.611652475228388504e-01 -3.787175696385781665e-01 9.407617026080641320e-01 -7.960113170645617231e+01
7.800000000000000000e+02 8.674012325556466063e-01 -2.887208722696456009e-01 9.141907023828234058e-01 -8.061813679754949646e+01
7.900000000000000000e+02 8.652964396922547818e-01 -2.001436284188559400e-01 8.881415430778796249e-01 -8.163411803123489108e+01
8.000000000000000000e+02 8.550176346632638591e-01 -1.138879158703833272e-01 8.625691931471133334e-01 -8.264923472079206590e+01
8.100000000000000000e+02 8.368629773332098010e-01 -3.084206538706646752e-02 8.374311170647676938e-01 -8.366365239970238576e+01
8.200000000000000000e+02 8.112604435648494983e-01 4.814323672361221773e-02 8.126876881897880933e-01 -8.467754045951166120e+01
8.300000000000000000e+02 7.787613065814826818e-01 1.222779791341821187e-01 7.883026555896139875e-01 -8.569107030161453054e+01
8.400000000000000000e+02 7.400289714770942329e-01 1.908550131716618969e-01 7.642437534440181812e-01 -8.670441271405618977e+01
8.500000000000000000e+02 6.958235037416448110e-01 2.532693361628313156e-01 7.404834265529918191e-01 -8.771773578097528912e+01
8.600000000000000000e+02 6.469823620258327024e-01 3.090337501206284476e-01 7.169993273958802371e-01 -8.873120311246447045e+01
8.700000000000000000e+02 5.943982639729292750e-01 3.577905964585050280e-01 6.937747524435902147e-01 -8.974497178843768097e+01
8.800000000000000000e+02 5.389950327914826422e-01 3.993184741437025287e-01 6.707986949647012365e-01 -9.075919055290462722e+01
8.900000000000000000e+02 4.817029967323132600e-01 4.335341039435547383e-01 6.480660431954693435e-01 -9.177399797741905729e+01
9.000000000000000000e+02 4.234349253864472806e-01 4.604895813799241289e-01 6.255779652421302739e-01 -9.278952044811711630e+01
9.100000000000000000e+02 3.650632462980592519e-01 4.803645242420451766e-01 6.033417356258092834e-01 -9.380587061552095918e+01
9.200000000000000000e+02 3.073999604029681310e-01 4.934540862338780975e-01 5.813705108419741086e-01 -9.482314616215020919e+01
9.300000000000000000e+02 2.511798479783968197e-01 5.001534592867425966e-01 5.596827662765272438e-01 -9.584142886572841746e+01
9.400000000000000000e+02 1.970475482047636673e-01 5.009401760959196759e-01 5.383017706459078955e-01 -9.686078359113929537e+01
9.500000000000000000e+02 1.455488793027501226e-01 4.963548183145137793e-01 5.172548520123523286e-01 -9.788125774976327875e+01
9.600000000000000000e+02 9.712648556763113505e-02 4.869814508426499322e-01 4.965727415631384645e-01 -9.890288114352907201e+01
9.700000000000000000e+02 5.211957804947568024e-02 4.734283818384737996e-01 4.762886552777119697e-01 -9.992566649767275067e+01
9.800000000000000000e+02 1.076714468640016173e-02 4.563103066195273172e-01 4.564373202663262741e-01 -1.009496100905635245e+02
9.900000000000000000e+02 -2.678584242216832875e-02 4.362324786247025465e-01 4.370540661763905876e-01 -1.019746926825273476e+02
1.000000000000000000e+03 -6.047967615523676399e-02 4.137771133379179456e-01 4.181737566491978142e-01 -1.030008812548957025e+02
1.010000000000000000e+03 -9.032960835612456607e-02 3.894925294314020014e-01 3.998297995755724088e-01 -1.040281308618774716e+02
1.020000000000000000e+03 -1.164146506285728133e-01 3.638849616715349455e-01 3.820531850563048115e-01 -1.050563865619164687e+02
1.030000000000000000e+03 -1.388659777267933215e-01 3.374130257205357197e-01 3.648716345455003673e-01 -1.060855856729772455e+02
1.040000000000000000e+03 -1.578555760081351567e-01 3.104845845976436092e-01 3.483088574090981160e-01 -1.071156600188351149e+02
1.050000000000000000e+03 -1.735856609916995585e-01 2.834558050840236265e-01 3.323840777440418282e-01 -1.081465379354925176e+02
1.060000000000000000e+03 -1.862789447186713743e-01 2.566318899604762005e-01 3.171116084128548507e-01 -1.091781463917123887e+02
1.070000000000000000e+03 -1.961699975399733564e-01 2.302692203961224648e-01 3.025005484237527353e-01 -1.102104131058690086e+02
1.080000000000000000e+03 -2.034980255473649857e-01 2.045786238485882980e-01 2.885547777068648290e-01 -1.112432682242119881e+02
1.090000000000000000e+03 -2.085009919406249357e-01 1.797294005304060083e-01 2.752731753281522642e-01 -1.122766458526859452e+02
1.100000000000000000e+03 -2.114109620273914303e-01 1.558538048515756280e-01 2.626499635485605166e-01 -1.133104857290122283e+02
1.110000000000000000e+03 -2.124507316772190901e-01 1.330517228972641075e-01 2.506752368226987659e-01 -1.143447347786712527e+02
1.120000000000000000e+03 -2.118314621160263533e-01 1.113951921897319702e-01 2.393354490776509191e-01 -1.153793485268498529e+02
1.130000000000000000e+03 -2.097511793898000354e-01 9.093268705890729386e-02 2.286138902848320886e-01 -1.164142924547926015e+02
1.140000000000000000e+03 -2.063940455608532787e-01 7.169312568603286584e-02 2.184912042019286627e-01 -1.174495434214793903e+02
1.150000000000000000e+03 -2.019303157287019590e-01 5.368940233559928166e-02 2.089459363889308030e-01 -1.184850906336494063e+02
1.160000000000000000e+03 -1.965168215679530817e-01 3.692143794713827198e-02 1.999551293146917263e-01 -1.195209363579325128e+02
1.170000000000000000e+03 -1.902976722081563821e-01 2.137877329551877287e-02 1.914947936510654203e-01 -1.205570968013538788e+02
1.180000000000000000e+03 -1.834051273493315926e-01 7.042706872203287165e-03 1.835402965512269169e-01 -1.215936029092267034e+02
1.190000000000000000e+03 -1.759605022113656936e-01 -6.111919255255801250e-03 1.760666177770754959e-01 -1.226305013890835340e+02
1.200000000000000000e+03 -1.680750761219265421e-01 -1.811537722181444030e-02 1.690485081427222647e-01 -1.236678550534614374e+02
1.210000000000000000e+03 -1.598509859095334773e-01 -2.900205660343259731e-02 1.624606321035301781e-01 -1.247057425552143002e+02
1.220000000000000000e+03 -1.513820266923719404e-01 -3.880982320593841933e-02 1.562777027690329390e-01 -1.257442570452123363e+02
1.230000000000000000e+03 -1.427542974187103741e-01 -4.757961196673550497e-02 1.504746121656897195e-01 -1.267835039777667419e+02
1.240000000000000000e+03 -1.340466685447478656e-01 -5.535509157722392354e-02 1.450265338187062270e-01 -1.278235986442583396e+02
1.250000000000000000e+03 -1.253311688137216662e-01 -6.218234945420221538e-02 1.399090649667065756e-01 -1.288646637166094706e+02
1.260000000000000000e+03 -1.166732833581643897e-01 -6.810968312102860800e-02 1.350984233232255249e-01 -1.299068261933404074e+02
1.270000000000000000e+03 -1.081320338871912118e-01 -7.318744452794444244e-02 1.305715849222625069e-01 -1.309502134563203413e+02
1.280000000000000000e+03 -9.975996912691097174e-02 -7.746781860935725295e-02 1.263064303996218052e-01 -1.319949492370566020e+02
1.290000000000000000e+03 -9.160314038509353995e-02 -8.100458298077384267e-02 1.222819602079563972e-01 -1.330411494493487226e+02
1.300000000000000000e+03 -8.370106346328060054e-02 -8.385284170770972156e-02 1.184785511700001820e-01 -1.340889180288297382e+02
1.310000000000000000e+03 -7.608669961408122406e-02 -8.606870045880460340e-02 1.148782270790721233e-01 -1.351383432172997345e+02
1.320000000000000000e+03 -6.878642012175834042e-02 -8.770882081710502931e-02 1.114648323117837792e-01 -1.361894944307619539e+02
1.330000000000000000e+03 -6.182000196256701163e-02 -8.882986916511646791e-02 1.082241114472348026e-01 -1.372424196936238445e+02
1.340000000000000000e+03 -5.520071394867040460e-02 -8.948795092605026091e-02 1.051437691039564803e-01 -1.382971434534718185e+02
1.350000000000000000e+03 -4.893546151300510322e-02 -8.973805258332641366e-02 1.022134896916187946e-01 -1.393536644966810059e+02
1.360000000000000000e+03 -4.302499763885179324e-02 -8.963345610288331322e-02 9.942488056201381763e-02 -1.404119541992272673e+02
1.370000000000000000e+03 -3.746424845478664445e-02 -8.922510950443129918e-02 9.677132880331724973e-02 -1.414719555948893230e+02
1.380000000000000000e+03 -3.224277251143243400e-02 -8.856099149310728280e-02 9.424778826829945111e-02 -1.425335833676324171e+02
1.390000000000000000e+03 -2.734530078397248362e-02 -8.768549577402652562e-02 9.185048526873851316e-02 -1.435967243175873591e+02
1.400000000000000000e+03 -2.275230315158536729e-02 -8.663884890555038909e-02 8.957654513532228857e-02 -1.446612377592718701e+02
1.410000000000000000e+03 -1.844060071591798952e-02 -8.545657017822985702e-02 8.742357314472247454e-02 -1.457269560341075589e+02
1.420000000000000000e+03 -1.438409211400794134e-02 -8.416901100907031585e-02 8.538925295486116118e-02 -1.467936859362771713e+02
1.430000000000000000e+03 -1.055459099823419580e-02 -8.280100389138790595e-02 8.347098679518316633e-02 -1.478612113336167511e+02
1.440000000000000000e+03 -6.922731193705644083e-03 -8.137160153521763584e-02 8.166554808232501239e-02 -1.489292968632970826e+02
1.450000000000000000e+03 -3.458928816203216561e-03 -7.989390538941991415e-02 7.996874581315591146e-02 -1.499976927190904235e+02
1.460000000000000000e+03 -1.343659013331240007e-04 -7.837504429270489292e-02 7.837515947083549539e-02 -1.510661401072524086e+02
1.470000000000000000e+03 3.078046236643305292e-03 -7.681637821272303823e-02 7.687802241443925100e-02 -1.521343769558667134e+02
1.480000000000000000e+03 6.202739127566555925e-03 -7.521392748966017339e-02 7.546925772196586002e-02 -1.532021439476062028e+02
1.490000000000000000e+03 9.260614033695154651e-03 -7.355894004700684607e-02 7.413957535028252444e-02 -1.542691907717450022e+02
1.500000000000000000e+03 1.226825272551514134e-02 -7.183853580536672667e-02 7.287856510384975450e-02 -1.553352820581357321e+02
1.510000000000000000e+03 1.523721573111490313e-02 -7.003646290994140766e-02 7.167481342962905844e-02 -1.564002028218459088e+02
1.520000000000000000e+03 1.817344878945392414e-02 -6.813404351055633856e-02 7.051611252757265802e-02 -1.574637634343878858e+02
1.530000000000000000e+03 2.107686985878337582e-02 -6.611134641289534430e-02 6.938980161068297736e-02 -1.585258038184913119e+02
1.540000000000000000e+03 2.394118323478839142e-02 -6.394850843442446975e-02 6.828317498234370841e-02 -1.595861967855667842e+02
1.550000000000000000e+03 2.675391974705190745e-02 -6.162706957849047734e-02 6.718383679623991800e-02 -1.606448506345682858e+02
1.560000000000000000e+03 2.949672014123326524e-02 -5.913125920162386889e-02 6.607996908186219986e-02 -1.617017108294055561e+02
1.570000000000000000e+03 3.214591159851070551e-02 -5.644920982317814390e-02 6.496054896751148056e-02 -1.627567602472397539e+02
1.580000000000000000e+03 3.467341512693205424e-02 -5.357405311848701529e-02 6.381555362219330785e-02 -1.638100175884075043e+02
1.590000000000000000e+03 3.704795549977484004e-02 -5.050484184537674948e-02 6.263617210957111991e-02 -1.648615343384440450e+02
1.600000000000000000e+03 3.923646831082037989e-02 -4.724723502715975215e-02 6.141499542634260705e-02 -1.659113914655069379e+02
1.610000000000000000e+03 4.120560051397727241e-02 -4.381390238501272488e-02 6.014615163018251914e-02 -1.669596967947874191e+02
1.620000000000000000e+03 4.292326086088685266e-02 -4.022461213394847718e-02 5.882538350285815287e-02 -1.680065829217856219e+02
1.630000000000000000e+03 4.436017932677017994e-02 -3.650594713507212402e-02 5.745006254245411254e-02 -1.690522048906279622e+02
1.640000000000000000e+03 4.549139380496444729e-02 -3.269065550497304157e-02 5.601915625625918105e-02 -1.700967376300191063e+02
1.650000000000000000e+03 4.629757657859723263e-02 -2.881669524574427543e-02 5.453317817564987124e-02 -1.711403737224677002e+02
1.660000000000000000e+03 4.676613629970425429e-02 -2.492598320850999624e-02 5.299411423274699717e-02 -1.721833210416889415e+02
1.670000000000000000e+03 4.689204803578159164e-02 -2.106288365401215099e-02 5.140534249290146240e-02 -1.732257996552231418e+02
1.680000000000000000e+03 4.667835648186913905e-02 -1.727257999850036543e-02 4.977158811664592064e-02 -1.742680392298408947e+02
1.690000000000000000e+03 4.613629138033981808e-02 -1.359944592907257228e-02 4.809888056815238289e-02 -1.753102781702653488e+02
1.700000000000000000e+03 4.528496160871992027e-02 -1.008542984912860242e-02 4.639443547608841645e-02 -1.763527634446600985e+02
1.710000000000000000e+03 4.415064858908428896e-02 -6.768483063364251831e-03 4.466645423375197044e-02 -1.773957493186969145e+02
1.720000000000000000e+03 4.276577251349311659e-02 -3.681137529887361544e-03 4.292391026211135607e-02 -1.784394944615380894e+02
1.730000000000000000e+03 4.116760204372174603e-02 -8.493774806499974602e-04 4.117636336704443012e-02 -1.794842586413247147e+02
1.740000000000000000e+03 3.939672887970212950e-02 1.708108023952213108e-03 3.943374036839829982e-02 -1.805302999270595876e+02
1.750000000000000000e+03 3.749537092479532374e-02 3.980343651149366099e-03 3.770604694699818821e-02 -1.815778698658155861e+02
1.760000000000000000e+03 3.550563737228152467e-02 5.964220650008246125e-03 3.600308616179923038e-02 -1.826272035900863671e+02
1.770000000000000000e+03 3.346789120073583035e-02 7.664301566118049240e-03 3.433425781811353522e-02 -1.836785065768861784e+02
1.780000000000000000e+03 3.141926968967746758e-02 9.092161303150323934e-03 3.270837667930326376e-02 -1.847319424037217175e+02
1.790000000000000000e+03 2.939237281770137183e-02 1.026532386126752412e-02 3.113339772385049012e-02 -1.857876217320597334e+02
1.800000000000000000e+03 2.741417657596079832e-02 1.120595224779555137e-02 2.961605043076864785e-02 -1.868455899989691886e+02
1.810000000000000000e+03 2.550528249239499348e-02 1.193939511107798210e-02 2.816147351676228164e-02 -1.879058138894265255e+02
1.820000000000000000e+03 2.367957012868839722e-02 1.249268128962291793e-02 2.677291779548068504e-02 -1.889681681493081840e+02
1.830000000000000000e+03 2.194422455386862286e-02 1.289304986982793555e-02 2.545151716924711621e-02 -1.900324240572297754e+02
1.840000000000000000e+03 2.030010257348266456e-02 1.316653575130687787e-02 2.419611184021845315e-02 -1.910982428186406707e+02
1.850000000000000000e+03 1.874244146818387913e-02 1.333665208123008435e-02 2.300316067248319232e-02 -1.921651771594069089e+02
1.860000000000000000e+03 1.726186793910552617e-02 1.342327547154101471e-02 2.186678781010127984e-02 -1.932326808596364174e+02
1.870000000000000000e+03 1.584560352982037137e-02 1.344181794950638324e-02 2.077897064370436489e-02 -1.943001233634603295e+02
1.880000000000000000e+03 1.447878234276528397e-02 1.340273135083631766e-02 1.972988458637968054e-02 -1.953668057856835105e+02
1.890000000000000000e+03 1.314581560496747882e-02 1.331136590045111853e-02 1.870841869468126140e-02 -1.964319740124621489e+02
1.900000000000000000e+03 1.183173253052289750e-02 1.316814696824299830e-02 1.770282432978085782e-02 -1.974948252199508545e+02
1.910000000000000000e+03 1.052338979047937571e-02 1.296901958189765162e-02 1.670141316170611553e-02 -1.985545018865714439e+02
1.920000000000000000e+03 9.210445613714661819e-03 1.270612752030889428e-02 1.569324647628866920e-02 -1.996100640296180302e+02
1.930000000000000000e+03 7.886075146038593747e-03 1.236868997810977935e-02 1.466883338863595246e-02 -2.006604301962341310e+02
1.940000000000000000e+03 6.547456288352679517e-03 1.194401324012984988e-02 1.362088969664926839e-02 -2.017042770533224996e+02
1.950000000000000000e+03 5.196046203164285913e-03 1.141858472728191944e-02 1.254523707705573407e-02 -2.027398800178567626e+02
1.960000000000000000e+03 3.837660567413725063e-03 1.077919424837983468e-02 1.144196955401416589e-02 -2.037648650757134021e+02
1.970000000000000000e+03 2.482328385587035616e-03 1.001400858641280853e-02 1.031708884243227875e-02 -2.047758206972433470e+02
1.980000000000000000e+03 1.143858215123844287e-03 9.113534534606126253e-03 9.185038014606405898e-03 -2.057676921736787392e+02
1.990000000000000000e+03 -1.608463293209906413e-04 8.071421782798737787e-03 8.073024286938196986e-03 -2.067329078155699733e+02
2.000000000000000000e+03 -1.412617541169459414e-03 6.885097443876440557e-03 7.028517278152878085e-03 -2.076604710310498945e+02
2.010000000000000000e+03 -2.590971785376871683e-03 5.556240066949725762e-03 6.130655631675661910e-03 -2.085364926902373384e+02
2.020000000000000000e+03 -3.675150678790713166e-03 4.091093913754347000e-03 5.499434691218152253e-03 -2.093509416077513379e+02
2.030000000000000000e+03 -4.645134495077874945e-03 2.500573075671096417e-03 5.275427962178385645e-03 -2.101158690831385911e+02
2.040000000000000000e+03 -5.482542365247791184e-03 8.000837329630766702e-04 5.540614114562479424e-03 -2.108769467982681363e+02
2.050000000000000000e+03 -6.171458548934274230e-03 -9.909356047974431092e-04 6.250508298856118777e-03 -2.116828281946595212e+02
2.060000000000000000e+03 -6.699200914389525675e-03 -2.849665370528289398e-03 7.280102033305961388e-03 -2.125498494115292942e+02
2.070000000000000000e+03 -7.056962514564711110e-03 -4.750648559447684903e-03 8.507019552543291716e-03 -2.134695342952128101e+02
2.080000000000000000e+03 -7.240279323993369098e-03 -6.666597989662109008e-03 9.842010640372867575e-03 -2.144278668216017536e+02
2.090000000000000000e+03 -7.249276695713386016e-03 -8.569266776614093209e-03 1.122427484070999057e-02 -2.154133857054059149e+02
2.100000000000000000e+03 -7.088684426813871182e-03 -1.043035120069172282e-02 1.261117254947868686e-02 -2.164181577702790946e+02
2.110000000000000000e+03 -6.767672712019326062e-03 -1.222241022345345318e-02 1.397099515451174015e-02 -2.174369276436869995e+02
2.120000000000000000e+03 -6.299494247538958182e-03 -1.391975440590340757e-02 1.527884781308602898e-02 -2.184662194114748388e+02
2.130000000000000000e+03 -5.700944371506280056e-03 -1.549924196796259417e-02 1.651445634310927391e-02 -2.195037022200588126e+02
2.140000000000000000e+03 -4.991739921363160491e-03 -1.694094727314405038e-02 1.766106344346165050e-02 -2.205477866222036312e+02
2.150000000000000000e+03 -4.193867054484359293e-03 -1.822867701323460654e-02 1.870489739409219795e-02 -2.215973750321803664e+02
2.160000000000000000e+03 -3.330871983314289807e-03 -1.935033842700448897e-02 1.963492565325457642e-02 -2.226517049334874798e+02
2.170000000000000000e+03 -2.427077457027443375e-03 -2.029817243258971032e-02 2.044276177735179778e-02 -2.237102466271072672e+02
2.180000000000000000e+03 -1.506747320305113500e-03 -2.106884140295559038e-02 2.112265053325795144e-02 -2.247726342903730199e+02
2.190000000000000000e+03 -5.932748375416528651e-04 -2.166335287963400830e-02 2.167147510024195617e-02 -2.258386196659408824e+02
2.200000000000000000e+03 2.915217762873207100e-04 -2.208683177406347772e-02 2.208875557295679123e-02 -2.269080422765119351e+02
2.210000000000000000e+03 1.127972788608133745e-03 -2.234817697362793260e-02 2.237662478249197867e-02 -2.279808105014223543e+02
2.220000000000000000e+03 1.899031222011499055e-03 -2.245959490861353797e-02 2.253973653442279193e-02 -2.290568878158525195e+02
2.230000000000000000e+03 2.590663833843351131e-03 -2.243600011167958680e-02 2.258507560561332991e-02 -2.301362804659218568e+02
2.240000000000000000e+03 3.192146975661690634e-03 -2.229436520347511178e-02 2.252173443898466618e-02 -2.312190252171235443e+02
2.250000000000000000e+03 3.696255003725254767e-03 -2.205309924204173697e-02 2.236071303048956307e-02 -2.323051768957832337e+02
2.260000000000000000e+03 4.099313138970075293e-03 -2.173140928235972602e-02 2.211466747678479325e-02 -2.333947958394740283e+02
2.270000000000000000e+03 4.401107846106548128e-03 -2.134860699193058889e-02 2.179754047522261887e-02 -2.344879342812318725e+02
2.280000000000000000e+03 4.604710929888657100e-03 -2.092342266988767019e-02 2.142412142820809828e-02 -2.355846190795877249e+02
2.290000000000000000e+03 4.716257306194811434e-03 -2.047339580231713127e-02 2.100959349098817375e-02 -2.366848298600496605e+02
2.300000000000000000e+03 4.744627293554702641e-03 -2.001435832250427274e-02 2.056905508807685412e-02 -2.377884760400860387e+02
2.310000000000000000e+03 4.700979080078949643e-03 -1.955998694223773024e-02 2.011696531517242689e-02 -2.388953772621651979e+02
2.320000000000000000e+03 4.598182528252360395e-03 -1.912141305252025233e-02 1.966651264683744529e-02 -2.400052482845900386e+02
2.330000000000000000e+03 4.450221276658587397e-03 -1.870693171169874117e-02 1.922898238278315103e-02 -2.411176899788779338e+02
2.340000000000000000e+03 4.271590195040687182e-03 -1.832185754824018631e-02 1.881321202805022463e-02 -2.422321901573200762e+02
2.350000000000000000e+03 4.076714439250764613e-03 -1.796853295901883196e-02 1.842519409174681391e-02 -2.433481365497693503e+02
2.360000000000000000e+03 3.879396855069958214e-03 -1.764646656117186546e-02 1.806785825862278205e-02 -2.444648428461431138e+02
2.370000000000000000e+03 3.692297144169715863e-03 -1.735257814928387043e-02 1.774105483413677617e-02 -2.455815862668695218e+02
2.380000000000000000e+03 3.526486884700619304e-03 -1.708151613483598064e-02 1.744174025757256469e-02 -2.466976502424047908e+02
2.390000000000000000e+03 3.391129400930279966e-03 -1.682604745184859349e-02 1.716437098951529433e-02 -2.478123640703335866e+02
2.400000000000000000e+03 3.293272980703307491e-03 -1.657755082000875180e-02 1.690150401932926510e-02 -2.489251349884756621e+02
2.410000000000000000e+03 3.237696277456322651e-03 -1.632659979514040210e-02 1.664453478039362722e-02 -2.500354722420655378e+02
2.420000000000000000e+03 3.226786124504004913e-03 -1.606354379948744804e-02 1.638443127152551526e-02 -2.511430023386935204e+02
2.430000000000000000e+03 3.260520868478570568e-03 -1.577897936557703593e-02 1.611233025211096515e-02 -2.522474713413656957e+02
2.440000000000000000e+03 3.336608740866153170e-03 -1.546412230334674905e-02 1.581998851145255403e-02 -2.533487336301186588e+02
2.450000000000000000e+03 3.450748219471370774e-03 -1.511119892976810208e-02 1.550019343005788058e-02 -2.544467330179253679e+02
2.460000000000000000e+03 3.596975518733617344e-03 -1.471389318297674359e-02 1.514717417482278929e-02 -2.555414815154854296e+02
2.470000000000000000e+03 3.768051594121428829e-03 -1.426771439871149516e-02 1.475689286330833169e-02 -2.566330391991328952e+02
2.480000000000000000e+03 3.955834347655140006e-03 -1.377015979407225990e-02 1.432710459724407560e-02 -2.577214976329372575e+02
2.490000000000000000e+03 4.151657722276949625e-03 -1.322071079595121303e-02 1.385725282273231850e-02 -2.588069651634711477e+02
2.500000000000000000e+03 4.346748969095396917e-03 -1.262077124878101773e-02 1.334833673213218878e-02 -2.598895521307934473e+02
2.510000000000000000e+03 4.532655341238163611e-03 -1.197359975954130455e-02 1.280281436419908672e-02 -2.609693574539443830e+02
2.520000000000000000e+03 4.701640305573680061e-03 -1.128418641106532921e-02 1.222449526658120865e-02 -2.620464571410856820e+02
2.530000000000000000e+03 4.847026504141032678e-03 -1.055900851669384390e-02 1.161836162233981923e-02 -2.631208927893845839e+02
2.540000000000000000e+03 4.963478587870225923e-03 -9.805687705705898663e-03 1.099034262769264282e-02 -2.641926581388328259e+02
2.550000000000000000e+03 5.047197829260411002e-03 -9.032612564987186135e-03 1.034709116983393608e-02 -2.652616851437554146e+02
2.560000000000000000e+03 5.096013984191560646e-03 -8.248556500569000083e-03 9.695774485318595093e-03 -2.663278304857657304e+02
2.570000000000000000e+03 5.109399133547628397e-03 -7.462278382563700477e-03 9.043868539777365212e-03 -2.673908589586792459e+02
2.580000000000000000e+03 5.088404784387810277e-03 -6.682097264348999845e-03 8.398945594537516116e-03 -2.684504209947940581e+02
2.590000000000000000e+03 5.035508281991057412e-03 -5.915482204277636158e-03 7.768479475877241268e-03 -2.695060256025797685e+02
2.600000000000000000e+03 4.954398598294315614e-03 -5.168727509667389586e-03 7.159735298177798829e-03 -2.705570112851470981e+02
2.610000000000000000e+03 4.849703762163735249e-03 -4.446758571327058020e-03 6.579763549886557053e-03 -2.716025254270029450e+02
2.620000000000000000e+03 4.726610993317620878e-03 -3.753034771441206199e-03 6.035405659754589265e-03 -2.726415294694510294e+02
2.630000000000000000e+03 4.590398445050189284e-03 -3.089460414706768094e-03 5.533219997285424192e-03 -2.736728368214253351e+02
2.640000000000000000e+03 4.446014564282192022e-03 -2.456337143147815059e-03 5.079432809538574241e-03 -2.746951898457973584e+02
2.650000000000000000e+03 4.297790750675658904e-03 -1.852497441743063177e-03 4.680037618252425556e-03 -2.757074151441365188e+02
2.660000000000000000e+03 4.149195243157950859e-03 -1.275628351418980075e-03 4.340858078397458186e-03 -2.767087124556614413e+02
2.670000000000000000e+03 4.002518509932434000e-03 -7.226454004923250169e-04 4.067231342965932708e-03 -2.776990674506371306e+02
2.680000000000000000e+03 3.858590912963438205e-03 -1.899999283383678971e-04 3.863265950769194119e-03 -2.786796450936515157e+02
2.690000000000000000e+03 3.716694580850559478e-03 3.260301816423996288e-04 3.730966937224945712e-03 -2.796529475785463319e+02
2.700000000000000000e+03 3.574643537284903378e-03 8.289878881639879899e-04 3.669509141203400153e-03 -2.806225644542691384e+02
2.710000000000000000e+03 3.428944095942710983e-03 1.321846933957495545e-03 3.674906383829825915e-03 -2.815925026513218654e+02
2.720000000000000000e+03 3.275043013462442150e-03 1.806643398743324304e-03 3.740303077325683994e-03 -2.825663429336360082e+02
2.730000000000000000e+03 3.107691693955566721e-03 2.284170202757596600e-03 3.856835643354030504e-03 -2.835466087781445026e+02
2.740000000000000000e+03 2.921330066091608509e-03 2.753767095957429349e-03 4.014648499411700364e-03 -2.845345633484806740e+02
2.750000000000000000e+03 2.710394096679425834e-03 3.213231812807943334e-03 4.203700137040664725e-03 -2.855303621181670906e+02
2.760000000000000000e+03 2.469607297643408583e-03 3.658847523891498987e-03 4.414309165391627418e-03 -2.865333758666320136e+02
2.770000000000000000e+03 2.194322578114184848e-03 4.085516793826077762e-03 4.637510005321454284e-03 -2.875425314029891410e+02
2.780000000000000000e+03 1.880893497541146105e-03 4.486983616656020461e-03 4.865262821804399243e-03 -2.885565860237958873e+02
2.790000000000000000e+03 1.527007881932887111e-03 4.856117088252380302e-03 5.090542824326491599e-03 -2.895743084941483403e+02
2.800000000000000000e+03 1.131930596398661969e-03 5.185247310484281981e-03 5.307358716531972512e-03 -2.905945743241377954e+02
2.810000000000000000e+03 6.966529670890430400e-04 5.466534162782260217e-03 5.510745966692668675e-03 -2.916164040954649295e+02
2.820000000000000000e+03 2.239620907433521717e-04 5.692324665568270978e-03 5.696728808388815818e-03 -2.926389720430598800e+02
2.830000000000000000e+03 -2.815944143568325652e-04 5.855491351805196081e-03 5.862258471379644918e-03 -2.936615941185879137e+02
2.840000000000000000e+03 -8.138702246593946697e-04 5.949787425158595613e-03 6.005194014114987981e-03 -2.946837016790003645e+02
2.850000000000000000e+03 -1.365369877313030340e-03 5.970195757116767907e-03 6.124334435689224657e-03 -2.957048166102135838e+02
2.860000000000000000e+03 -1.927523084251968463e-03 5.913206821122065152e-03 6.219434069888412145e-03 -2.967245395267354411e+02
2.870000000000000000e+03 -2.490963815297125503e-03 5.776991247603459854e-03 6.291146843303420215e-03 -2.977425483103608030e+02
2.880000000000000000e+03 -3.045835115113651025e-03 5.561493904091481186e-03 6.340924695476685309e-03 -2.987585990758749972e+02
2.890000000000000000e+03 -3.582130901604263680e-03 5.268490798741273448e-03 6.370922781877805773e-03 -2.997725285730657561e+02
2.900000000000000000e+03 -4.090051060503198735e-03 4.901596577894918802e-03 6.383899019404561462e-03 -3.007842611887441535e+02
2.910000000000000000e+03 -4.560336425262006936e-03 4.466190636378130838e-03 6.383065651553582187e-03 -3.017938200648599150e+02
2.920000000000000000e+03 -4.984572001854622840e-03 3.969262466723633143e-03 6.371891600726897233e-03 -3.028013380602037614e+02
2.930000000000000000e+03 -5.355449355230861193e-03 3.419191716478873870e-03 6.353873605170344725e-03 -3.038070649126070748e+02
2.940000000000000000e+03 -5.666982933491829071e-03 2.825482726246351071e-03 6.332301967278895251e-03 -3.048113678122670649e+02
2.950000000000000000e+03 -5.914679462687521053e-03 2.198471444717529314e-03 6.310048323077718617e-03 -3.058147235951998937e+02
2.960000000000000000e+03 -6.095651542932483367e-03 1.549031665867455334e-03 6.289393200835456665e-03 -3.068177046839020363e+02
2.970000000000000000e+03 -6.208661235658042427e-03 8.882980420555288033e-04 6.271885502038644644e-03 -3.078209610000322982e+02
2.980000000000000000e+03 -6.254100927313225623e-03 2.273957168388266337e-04 6.258233554371136868e-03 -3.088251948725401235e+02
2.990000000000000000e+03 -6.233950651654236903e-03 -4.228279472816507669e-04 6.248273697611421255e-03 -3.098311285065065590e+02
3.000000000000000000e+03 -6.151725383106428774e-03 -1.052066800552075524e-03 6.241039155619824627e-03 -3.108394702863917587e+02
3.010000000000000000e+03 -6.012380823241934152e-03 -1.650810125480195846e-03 6.234893522272477034e-03 -3.118508864603138591e+02
3.020000000000000000e+03 -5.822153102412763216e-03 -2.210563658583109513e-03 6.227684837608828475e-03 -3.128659827808390332e+02
3.030000000000000000e+03 -5.588348424097356985e-03 -2.724012528047356323e-03 6.216902955818947273e-03 -3.138852981641551878e+02
3.040000000000000000e+03 -5.319126164993541808e-03 -3.185133028070888210e-03 6.199852866449890622e-03 -3.149093091706038194e+02
3.050000000000000000e+03 -5.023297660922614732e-03 -3.589277843763748199e-03 6.173850891458584726e-03 -3.159384427092595615e+02
3.060000000000000000e+03 -4.710115617297535098e-03 -3.933236104666905028e-03 6.136410627016857834e-03 -3.169730941269797881e+02
3.070000000000000000e+03 -4.389032822692108191e-03 -4.215259983612351137e-03 6.085394469392453771e-03 -3.180136465792236891e+02
3.080000000000000000e+03 -4.069457959817341340e-03 -4.435068802121633347e-03 6.019163012103372241e-03 -3.190604895708316917e+02
3.090000000000000000e+03 -3.760531385239437689e-03 -4.593816365401033781e-03 5.936728484476716181e-03 -3.201140393941621483e+02
3.100000000000000000e+03 -3.470905016833414694e-03 -4.694009690860582139e-03 5.837885628699180512e-03 -3.211747588646211966e+02
3.110000000000000000e+03 -3.208515786246469298e-03 -4.739395707694178846e-03 5.723324665323713777e-03 -3.222431694977876191e+02
3.120000000000000000e+03 -2.980393033519043462e-03 -4.734824882631341603e-03 5.594757305141460392e-03 -3.233198567148679103e+02
3.130000000000000000e+03 -2.792528561195416811e-03 -4.686106076887504822e-03 5.455071578717747907e-03 -3.244054667139460548e+02
3.140000000000000000e+03 -2.649801162732670461e-03 -4.599858422003864217e-03 5.308497311339556261e-03 -3.255006867280596339e+02
3.150000000000000000e+03 -2.555935944552689600e-03 -4.483345258290069579e-03 5.160735728332589180e-03 -3.266061958707758208e+02
3.160000000000000000e+03 -2.513476190566676319e-03 -4.344279691737871346e-03 5.018996772323295989e-03 -3.277225692732694711e+02
3.170000000000000000e+03 -2.523761625273785239e-03 -4.190612849615316278e-03 4.891892148909824690e-03 -3.288501212453877542e+02
3.180000000000000000e+03 -2.586918329033096025e-03 -4.030328607790297814e-03 4.789122584342591499e-03 -3.299886887382339751e+02
3.190000000000000000e+03 -2.701866618310825533e-03 -3.871259950818183894e-03 4.720883056161334634e-03 -3.311373901298012470e+02
3.200000000000000000e+03 -2.866353729068051026e-03 -3.720925809586587800e-03 4.696942897309900819e-03 -3.322944431365575610e+02
3.210000000000000000e+03 -3.077028746567040274e-03 -3.586382733466514892e-03 4.725489077133358980e-03 -3.334571612034442296e+02
3.220000000000000000e+03 -3.329557027026080942e-03 -3.474079093562398423e-03 4.811982496284259586e-03 -3.346222145689742433e+02
3.230000000000000000e+03 -3.618752224577446736e-03 -3.389716346611250201e-03 4.958381245262181644e-03 -3.357861215103276891e+02
3.240000000000000000e+03 -3.938710634007466967e-03 -3.338130055623001781e-03 5.162998520888527863e-03 -3.369457997752855363e+02
3.250000000000000000e+03 -4.282959032262112498e-03 -3.323212265171337880e-03 5.421021843842802751e-03 -3.380989699423594175e+02
3.260000000000000000e+03 -4.644627211743570724e-03 -3.347879595526488585e-03 5.725457162726087582e-03 -3.392442971246491652e+02
3.270000000000000000e+03 -5.016629264455472158e-03 -3.414065408535604199e-03 6.068147311226914330e-03 -3.403812989919392749e+02
3.280000000000000000e+03 -5.391833912115165904e-03 -3.522736892480999530e-03 6.440617062788457636e-03 -3.415101271121471882e+02
3.290000000000000000e+03 -5.763214538907816820e-03 -3.673946071315169898e-03 6.834655920850047500e-03 -3.426313265320690107e+02
3.300000000000000000e+03 -6.123991399421429595e-03 -3.866897109528486757e-03 7.242662764195734876e-03 -3.437456387014522079e+02
3.310000000000000000e+03 -6.467768712019166324e-03 -4.100005325676486963e-03 7.657811422511632063e-03 -3.448538681271600126e+02
3.320000000000000000e+03 -6.788650754574318200e-03 -4.370948714354242794e-03 8.074092625868089720e-03 -3.459568038286290630e+02
3.330000000000000000e+03 -7.081331549738728234e-03 -4.676735599853187528e-03 8.486289671479477215e-03 -3.470551777900417960e+02
3.340000000000000000e+03 -7.341163103335195811e-03 -5.013795944012836361e-03 8.889928316807150024e-03 -3.481496464970332454e+02
3.350000000000000000e+03 -7.564213267373841136e-03 -5.378081206104861310e-03 9.281221892281896896e-03 -3.492407875330425213e+02
3.360000000000000000e+03 -7.747307589381075346e-03 -5.765160807182322794e-03 9.657010614944602778e-03 -3.503291046862970006e+02
3.370000000000000000e+03 -7.888051698453628358e-03 -6.170316415988824459e-03 1.001469741284769649e-02 -3.514150365615716396e+02
3.380000000000000000e+03 -7.984841377002869361e-03 -6.588629970340379588e-03 1.035218511725734952e-02 -3.524989667456158600e+02
3.390000000000000000e+03 -8.036858134435595491e-03 -7.015062518439804835e-03 1.066781096620401416e-02 -3.535812340033722876e+02
3.400000000000000000e+03 -8.044032968507228848e-03 -7.444529636390951298e-03 1.096026860553765865e-02 -3.546621401448439315e+02
3.410000000000000000e+03 -8.006977701498727354e-03 -7.871972267105094637e-03 1.122851901571928455e-02 -3.557419552204678439e+02
3.420000000000000000e+03 -7.926921887460467928e-03 -8.292431605011694670e-03 1.147172665877707436e-02 -3.568209216690445942e+02
3.430000000000000000e+03 -7.805673336781505413e-03 -8.701146257157310951e-03 1.168924644401786797e-02 -3.578992577195173226e+02
3.440000000000000000e+03 -7.645591406982834778e-03 -9.093658840661347081e-03 1.188064388292436012e-02 -3.589771607851437238e+02
3.450000000000000000e+03 -7.449544816498132778e-03 -9.465904801493445209e-03 1.204570760411985408e-02 -3.600548108157091747e+02
3.460000000000000000e+03 -7.220833110312793041e-03 -9.814274590222681061e-03 1.218443336964341976e-02 -3.611323723707837416e+02
3.470000000000000000e+03 -6.963088546840193876e-03 -1.013565323531620543e-02 1.229699429200944820e-02 -3.622099957894054683e+02
3.480000000000000000e+03 -6.680190534454834468e-03 -1.042744838750176394e-02 1.238372421570478610e-02 -3.632878187869989119e+02
3.490000000000000000e+03 -6.376185254669267805e-03 -1.068762042135483134e-02 1.244511826672702395e-02 -3.643659674605670489e+02
3.500000000000000000e+03 -6.055203354361150120e-03 -1.091470483221224259e-02 1.248183757453139552e-02 -3.654445568011203136e+02
3.510000000000000000e+03 -5.721374698950704163e-03 -1.110781846059320961e-02 1.249470925629278355e-02 -3.665236909217291554e+02
3.520000000000000000e+03 -5.378744007451227542e-03 -1.126666869949616116e-02 1.248473911148723255e-02 -3.676034624258724079e+02
3.530000000000000000e+03 -5.031193795302507654e-03 -1.139156299522803457e-02 1.245313689317431236e-02 -3.686839515841759294e+02
3.540000000000000000e+03 -4.682380578881372400e-03 -1.148340527916472467e-02 1.240134205201331129e-02 -3.697652262525502351e+02
3.550000000000000000e+03 -4.335679444800730371e-03 -1.154367048004810437e-02 1.233103582023836221e-02 -3.708473423398349382e+02
3.560000000000000000e+03 -3.994126635994354156e-03 -1.157435283452745538e-02 1.224412884293910563e-02 -3.719303439177780319e+02
3.570000000000000000e+03 -3.660367943784162241e-03 -1.157789514873164630e-02 1.214273237615432627e-02 -3.730142630564762953e+02
3.580000000000000000e+03 -3.336631155501655014e-03 -1.155711851393376698e-02 1.202913528949504061e-02 -3.740991202234821458e+02
3.590000000000000000e+03 -3.024724344300314723e-03 -1.151515886417611712e-02 1.190579023106894813e-02 -3.751849255146489668e+02
3.600000000000000000e+03 -2.726045044780619174e-03 -1.145540485153418060e-02 1.177529710447790777e-02 -3.762716799506237066e+02
3.610000000000000000e+03 -2.441598984676824138e-03 -1.138143371047644833e-02 1.164037967198426962e-02 -3.773593769416844452e+02
3.620000000000000000e+03 -2.172018244255978676e-03 -1.129695428514642351e-02 1.150386193302357744e-02 -3.784480030122391554e+02
3.630000000000000000e+03 -1.917577062553372591e-03 -1.120574185092399616e-02 1.136863018223305440e-02 -3.795375379744374413e+02
3.640000000000000000e+03 -1.678213433045586600e-03 -1.111153000024627489e-02 1.123754863274137837e-02 -3.806279556647392610e+02
3.650000000000000000e+03 -1.453564750749032457e-03 -1.101789115020312092e-02 1.111336024262438681e-02 -3.817192252704492148e+02
3.660000000000000000e+03 -1.243021283330611113e-03 -1.092814927159872426e-02 1.099861574986400747e-02 -3.828113132344039968e+02
3.670000000000000000e+03 -1.045777475275998149e-03 -1.084531795757781060e-02 1.089562169537628376e-02 -3.839041845242854265e+02
3.680000000000000000e+03 -8.608486640962561718e-04 -1.077206555310125831e-02 1.080640813141846117e-02 -3.849978005357049824e+02
3.690000000000000000e+03 -6.870700066546802992e-04 -1.071069616873132277e-02 1.073271063678324887e-02 -3.860921153507343888e+02
3.700000000000000000e+03 -5.231076201606396159e-04 -1.066310817388920439e-02 1.067593169284690099e-02 -3.871870735052274313e+02
3.710000000000000000e+03 -3.674876344134990025e-04 -1.063074195401607011e-02 1.063709178555512051e-02 -3.882826097285553146e+02
3.720000000000000000e+03 -2.186346424034673838e-04 -1.061454622311242858e-02 1.061679766358242412e-02 -3.893786498296979062e+02
3.730000000000000000e+03 -7.490864590532277936e-05 -1.061497042019472412e-02 1.061523472782586845e-02 -3.904751118678557305e+02
3.740000000000000000e+03 6.536016887173649772e-05 -1.063196982426859415e-02 1.063217072360263075e-02 -3.915719076628778907e+02
3.750000000000000000e+03 2.038499408102537372e-04 -1.066501606180357727e-02 1.066696406654192401e-02 -3.926689435355462479e+02
3.760000000000000000e+03 3.422318749676777619e-04 -1.071312361325712711e-02 1.071858853623793885e-02 -3.937661208514618352e+02
3.770000000000000000e+03 4.821463962974138046e-04 -1.077488163628473328e-02 1.078566360607489776e-02 -3.948633376714436736e+02
3.780000000000000000e+03 6.251694146999797232e-04 -1.084847173106351023e-02 1.086647025012080214e-02 -3.959604913453075028e+02
3.790000000000000000e+03 7.727724434704228394e-04 -1.093170230132914367e-02 1.095898227274194267e-02 -3.970574815467248868e+02
3.800000000000000000e+03 9.262696347558928853e-04 -1.102205730296021771e-02 1.106090966539413807e-02 -3.981542142819158698e+02
3.810000000000000000e+03 1.086763747723032934e-03 -1.111675311100357444e-02 1.116974731918196455e-02 -3.992506056499831857e+02
3.820000000000000000e+03 1.255127483230833799e-03 -1.121280282684536042e-02 1.128283174707806619e-02 -4.003465821363149075e+02
3.830000000000000000e+03 1.431997173764529632e-03 -1.130708371686907528e-02 1.139740137425875738e-02 -4.014420797345774190e+02
3.840000000000000000e+03 1.617759528902845646e-03 -1.139641575147536806e-02 1.151066626541799413e-02 -4.025370438607147321e+02
3.850000000000000000e+03 1.812539044924195821e-03 -1.147763667300701063e-02 1.161987269237189924e-02 -4.036314293663685930e+02
3.860000000000000000e+03 2.016190598113275657e-03 -1.154765847888293215e-02 1.172234792491833738e-02 -4.047252001411443985e+02
3.870000000000000000e+03 2.228295794978290591e-03 -1.160351713661163936e-02 1.181553689383423381e-02 -4.058183285953003860e+02
3.880000000000000000e+03 2.448161996445173683e-03 -1.164242719924429327e-02 1.189704199582996072e-02 -4.069107953701505949e+02
3.890000000000000000e+03 2.674825601793279304e-03 -1.166183839131314237e-02 1.196466324913133053e-02 -4.080025892349848391e+02
3.900000000000000000e+03 2.907060023261847682e-03 -1.165947275949738571e-02 1.201641806064971882e-02 -4.090937068253657003e+02
3.910000000000000000e+03 3.143387449854095038e-03 -1.163334570306056269e-02 1.205054425770130458e-02 -4.101841522606918033e+02
3.920000000000000000e+03 3.382094038489674541e-03 -1.158178140483163109e-02 1.206549711344257619e-02 -4.112739368013416765e+02
3.930000000000000000e+03 3.621255507829463684e-03 -1.150342313790379649e-02 1.205994342203335797e-02 -4.123630779778890769e+02
3.940000000000000000e+03 3.858778604880546033e-03 -1.139724784579240584e-02 1.203276488509201665e-02 -4.134515979946918378e+02
3.950000000000000000e+03 4.092430941522381092e-03 -1.126258265207897950e-02 1.198306133698898157e-02 -4.145395235832853587e+02
3.960000000000000000e+03 4.319868481215139062e-03 -1.109911871311749024e-02 1.191015112846477951e-02 -4.156268864387033659e+02
3.970000000000000000e+03 4.538664681983558581e-03 -1.090691045705768566e-02 1.181355885471263058e-02 -4.167137235292320270e+02
3.980000000000000000e+03 4.746355702969309344e-03 -1.068635741638887006e-02 1.169299479559957229e-02 -4.178000758856496759e+02
3.990000000000000000e+03 4.940501441421380271e-03 -1.043818982022262469e-02 1.154834885235486719e-02 -4.188859864105673410e+02
4.000000000000000000e+03 5.118724507317247950e-03 -1.016347172224884091e-02 1.137969674599292706e-02 -4.199715002325594924e+02
4.010000000000000000e+03 5.278729488404280794e-03 -9.863591525794144013e-03 1.118728844713798125e-02 -4.210566664718679135e+02
4.020000000000000000e+03 5.418330316441940207e-03 -9.540221948471622193e-03 1.097151485639852146e-02 -4.221415382910682297e+02
4.030000000000000000e+03 5.535485366205949824e-03 -9.195290512070896163e-03 1.073289177439432085e-02 -4.232261726547842500e+02
4.040000000000000000e+03 5.628328788967373354e-03 -8.830970416413229038e-03 1.047206395379079828e-02 -4.243106313993784511e+02
4.050000000000000000e+03 5.695194115336871775e-03 -8.449674406459854389e-03 1.018981028216671067e-02 -4.253949834983021674e+02
4.060000000000000000e+03 5.734639522155946662e-03 -8.054044780702091302e-03 9.887048486713696099e-03 -4.264793076095390347e+02
4.070000000000000000e+03 5.745479746983543981e-03 -7.646939757109762204e-03 9.564843185952605700e-03 -4.275636945978459948e+02
4.080000000000000000e+03 5.726827300080428694e-03 -7.231416861942180016e-03 9.224420890014082067e-03 -4.286482499312436403e+02
4.090000000000000000e+03 5.678125210104453813e-03 -6.810706149230892972e-03 8.867176785922069662e-03 -4.297330970464939810e+02
4.100000000000000000e+03 5.599156159604598733e-03 -6.388164153373400780e-03 8.494656611663771451e-03 -4.308183823444625773e+02
4.110000000000000000e+03 5.490066145116134430e-03 -5.967213671904068699e-03 8.108542734912925487e-03 -4.319042786782892449e+02
4.120000000000000000e+03 5.351402298923830896e-03 -5.551284058780611534e-03 7.710658938521337477e-03 -4.329909881389198745e+02
4.130000000000000000e+03 5.184134027722392055e-03 -5.143752067081597788e-03 7.302974116412805881e-03 -4.340787469617683882e+02
4.140000000000000000e+03 4.989648967097653869e-03 -4.747870987731410072e-03 6.887588527997322123e-03 -4.351678325119244732e+02
4.150000000000000000e+03 4.769714587746664257e-03 -4.366700858853320329e-03 6.466703459976625226e-03 -4.362585748055974477e+02
4.160000000000000000e+03 4.526448831291237859e-03 -4.003046636453492894e-03 6.042608823672059905e-03 -4.373513699901597533e+02
4.170000000000000000e+03 4.262303532508272992e-03 -3.659389176826770979e-03 5.617682845329506625e-03 -4.384466941000512747e+02
4.180000000000000000e+03 3.980030996689758356e-03 -3.337827266420713857e-03 5.194394824719512048e-03 -4.395451227640264733e+02
4.190000000000000000e+03 3.682622910755565995e-03 -3.040038888092929173e-03 4.775306057619667713e-03 -4.406473616897280294e+02
4.200000000000000000e+03 3.373231176687332272e-03 -2.767244574056054295e-03 4.363064416670704715e-03 -4.668870294417518494e+02
