0.000000000000000000e+00 2.891391974731558534e+01 5.465249602008663195e-16 2.891391974731558534e+01 1.890179418691948723e-17
1.000000000000000000e+01 2.876623849821438128e+01 2.248970224337158985e+00 2.885401782085306621e+01 -1.031977812128142435e+00
2.000000000000000000e+01 2.837157258587353326e+01 4.440662532722200240e+00 2.871699174225972584e+01 -2.064741630533491357e+00
3.000000000000000000e+01 2.774408614042674870e+01 6.541698231396746444e+00 2.850487908267773918e+01 -3.098442242081950848e+00
4.000000000000000000e+01 2.690307908356221134e+01 8.522523286379380281e+00 2.822072053196518482e+01 -4.133215075668188909e+00
5.000000000000000000e+01 2.587209703044727860e+01 1.035818375920470658e+01 2.786857325989852541e+01 -5.169182284178248210e+00
6.000000000000000000e+01 2.467773734868389468e+01 1.202883809103246548e+01 2.745329973738860829e+01 -6.206453344323962007e+00
7.000000000000000000e+01 2.334846094792572657e+01 1.352005971205340096e+01 2.698041221431396508e+01 -7.245123085784944017e+00
8.000000000000000000e+01 2.191343863268353687e+01 1.482281448940637780e+01 2.645589957071471332e+01 -8.285271494336434728e+00
9.000000000000000000e+01 2.040148713860133967e+01 1.593319293572283080e+01 2.588604478466116987e+01 -9.326963491579354226e+00
1.000000000000000000e+02 1.884015906433592491e+01 1.685196128869082699e+01 2.527726632460506551e+01 -1.037024843735039070e+01
1.100000000000000000e+02 1.725502091065557764e+01 1.758395335048204089e+01 2.463597292698402441e+01 -1.141516060954523404e+01
1.200000000000000000e+02 1.566913037036005996e+01 1.813736752954323350e+01 2.396843231137717112e+01 -1.246172042075527031e+01
1.300000000000000000e+02 1.410269801358279906e+01 1.852304755291211436e+01 2.328066540951430241e+01 -1.350993530324395842e+01
1.400000000000000000e+02 1.257291430296004009e+01 1.875378177898594956e+01 2.257836364937465135e+01 -1.455980038322974401e+01
1.500000000000000000e+02 1.109393065988061622e+01 1.884363811338388928e+01 2.186682406830980696e+01 -1.561129974854969227e+01
1.600000000000000000e+02 9.676959366472404511e+00 1.880737650258526727e+01 2.115090904643000158e+01 -1.666440759668022054e+01
1.700000000000000000e+02 8.330449976114630672e+00 1.865994910267891527e+01 2.043502134374016066e+01 -1.771908879399223835e+01
1.800000000000000000e+02 7.060336126982280192e+00 1.841608452872889146e+01 1.972309599417035741e+01 -1.877529981768477185e+01
1.900000000000000000e+02 5.870312951379005995e+00 1.808995363672953260e+01 1.901859607663384111e+01 -1.983298942433411582e+01
2.000000000000000000e+02 4.762133257637542805e+00 1.769491714838981977e+01 1.832451925841105478e+01 -2.089209918505567387e+01
2.100000000000000000e+02 3.735911467499660521e+00 1.724335000592403588e+01 1.764341673032170732e+01 -2.195256413377449078e+01
2.200000000000000000e+02 2.790421175902775275e+00 1.674652853314902856e+01 1.697741641859859385e+01 -2.301431360274014537e+01
2.300000000000000000e+02 1.923371882406261779e+00 1.621456863585703090e+01 1.632824532657901528e+01 -2.407727195269195164e+01
2.400000000000000000e+02 1.131663037776237557e+00 1.565641270540786678e+01 1.569725836039930300e+01 -2.514135930681987219e+01
2.500000000000000000e+02 4.116161259141150053e-01 1.507985602636559719e+01 1.508547266780286655e+01 -2.620649265692208374e+01
2.600000000000000000e+02 -2.408276940307614578e-01 1.449159870514844428e+01 1.449359965671993500e+01 -2.727258676760229861e+01
2.700000000000000000e+02 -8.299378802895835960e-01 1.389732005635913481e+01 1.392207964472339299e+01 -2.833955524063715359e+01
2.800000000000000000e+02 -1.360056753501737825e+00 1.330176557168998208e+01 1.337111520019712430e+01 -2.940731142674607668e+01
2.900000000000000000e+02 -1.835488310159817615e+00 1.270884267297058834e+01 1.284070478685074157e+01 -3.047576940048501015e+01
3.000000000000000000e+02 -2.260413446261696713e+00 1.212172488610725196e+01 1.233068056363932108e+01 -3.154484491566843829e+01
3.100000000000000000e+02 -2.638830168753066197e+00 1.154295036255076390e+01 1.184074016824253128e+01 -3.261445615451869884e+01
3.200000000000000000e+02 -2.974513488417251050e+00 1.097451365391279943e+01 1.137047406367450542e+01 -3.368452434391711847e+01
3.300000000000000000e+02 -3.270988811367897320e+00 1.041795095162547113e+01 1.091938962738156071e+01 -3.475497449116767257e+01
3.400000000000000000e+02 -3.531520217610902623e+00 9.874417933441380413e+00 1.048693303934297560e+01 -3.582573589944281167e+01
3.500000000000000000e+02 -3.759114169075517875e+00 9.344755734639081268e+00 1.007250708990638088e+01 -3.689674199895715390e+01
3.600000000000000000e+02 -3.956527135537791562e+00 8.829550868311047296e+00 9.675488386140477459e+00 -3.796793040306440048e+01
3.700000000000000000e+02 -4.126274520131254953e+00 8.329186377721626400e+00 9.295240025427419894e+00 -3.903924325644470628e+01
3.800000000000000000e+02 -4.270645665894875265e+00 7.843879802418014968e+00 8.931117777658514001e+00 -4.011062702683537395e+01
3.900000000000000000e+02 -4.391716840371879371e+00 7.373715651490201139e+00 8.582473962386226063e+00 -4.118203257557726005e+01
4.000000000000000000e+02 -4.491369684587155575e+00 6.918675226020355673e+00 8.248664651128470027e+00 -4.225341486989813689e+01
4.100000000000000000e+02 -4.571308480736554714e+00 6.478661514667820143e+00 7.929055192624899107e+00 -4.332473281436072909e+01
4.200000000000000000e+02 -4.633074483651243192e+00 6.053519047993137114e+00 7.623022499998014290e+00 -4.439594930225363356e+01
4.300000000000000000e+02 -4.678060015571495533e+00 5.643051106162952024e+00 7.329957114203035751e+00 -4.546703131299190659e+01
4.400000000000000000e+02 -4.707519690824340408e+00 5.247034484873871918e+00 7.049263261146834658e+00 -4.653795032199052173e+01
4.500000000000000000e+02 -4.722579971662226761e+00 4.865232065841191833e+00 6.780357265161958580e+00 -4.760868289463298453e+01
4.600000000000000000e+02 -4.724252923058774201e+00 4.497401785451781819e+00 6.522667284233824248e+00 -4.867921064027446221e+01
4.700000000000000000e+02 -4.713452796501410802e+00 4.143303331776609255e+00 6.275635407188511650e+00 -4.974951968919475576e+01
4.800000000000000000e+02 -4.691010783074048618e+00 3.802707859721791372e+00 6.038722483547897646e+00 -5.081960081652538008e+01
4.900000000000000000e+02 -4.657685891619030905e+00 3.475407397312493707e+00 5.811410710170239469e+00 -5.188945025146926326e+01
5.000000000000000000e+02 -4.614173510771044207e+00 3.161219845271335149e+00 5.593201953947176008e+00 -5.295907046949577790e+01
5.100000000000000000e+02 -4.561117481656641992e+00 2.859988108578271682e+00 5.383616318301569947e+00 -5.402846992313543240e+01
5.200000000000000000e+02 -4.499121090185611571e+00 2.571580109146877735e+00 5.182192088480784165e+00 -5.509766299595730743e+01
5.300000000000000000e+02 -4.428759409543078007e+00 2.295890655829397442e+00 4.988489131103834850e+00 -5.616667024365952443e+01
5.400000000000000000e+02 -4.350589035797819193e+00 2.032840812707337186e+00 4.802089829252762065e+00 -5.723551871249129874e+01
5.500000000000000000e+02 -4.265154766684236876e+00 1.782374256778069821e+00 4.622597016287969929e+00 -5.830424212285630858e+01
5.600000000000000000e+02 -4.172999367732329823e+00 1.544450917248247457e+00 4.449635081541336135e+00 -5.937288024818467846e+01
5.700000000000000000e+02 -4.074674507309676841e+00 1.319041106045534484e+00 4.282854396305947553e+00 -6.044147831162445783e+01
5.800000000000000000e+02 -3.970744254469285028e+00 1.106124948947543318e+00 4.121931869534605219e+00 -6.151008828566479281e+01
5.900000000000000000e+02 -3.861788563658123064e+00 9.056866618775045730e-01 3.966570211140032942e+00 -6.257876928981983866e+01
6.000000000000000000e+02 -3.748405631922151926e+00 7.177054160065339250e-01 3.816496540754467759e+00 -6.364758722570500993e+01
6.100000000000000000e+02 -3.631213769449053608e+00 5.421496451919008974e-01 3.671462879727658279e+00 -6.471661516738573994e+01
6.200000000000000000e+02 -3.510856651909437076e+00 3.789725012906645651e-01 3.531251136210967090e+00 -6.578593404228050190e+01
6.300000000000000000e+02 -3.388005334074256414e+00 2.281011338161398339e-01 3.395675230490074803e+00 -6.685563198153531062e+01
6.400000000000000000e+02 -3.263354364928451989e+00 8.942676982614602976e-02 3.264579430532992710e+00 -6.792580381799281497e+01
6.500000000000000000e+02 -3.137615305862128778e+00 -3.720472747080023901e-02 3.137835878328641304e+00 -6.899655025741638781e+01
6.600000000000000000e+02 -3.011513969752077191e+00 -1.520015242869869609e-01 3.015347551012566463e+00 -7.006797668443013549e+01
6.700000000000000000e+02 -2.885786266531978672e+00 -2.552325662614403079e-01 2.897051266198956476e+00 -7.114019216596632589e+01
6.800000000000000000e+02 -2.761167196984169792e+00 -3.472337071961191235e-01 2.782914935299779735e+00 -7.221330792183050562e+01
6.900000000000000000e+02 -2.638377994389148995e+00 -4.284114866297697999e-01 2.672933752107081062e+00 -7.328743543377571257e+01
7.000000000000000000e+02 -2.518114511297965930e+00 -4.992456443717495640e-01 2.567128143555275965e+00 -7.436268379366602232e+01
7.100000000000000000e+02 -2.401034376649588520e+00 -5.602910277213472012e-01 2.465540937319460113e+00 -7.543915579318733933e+01
7.200000000000000000e+02 -2.287741751666931389e+00 -6.121752947895022778e-01 2.368231600555716909e+00 -7.651694374003085386e+01
7.300000000000000000e+02 -2.178772409602159676e+00 -6.555930234844953297e-01 2.275269528052697332e+00 -7.759612489788922574e+01
7.400000000000000000e+02 -2.074580634311843141e+00 -6.912956467663579074e-01 2.186726887267782971e+00 -7.867675710875161599e+01
7.500000000000000000e+02 -1.975527010658617133e+00 -7.200777229393816592e-01 2.102669469249824008e+00 -7.975887461742709661e+01
7.600000000000000000e+02 -1.881871845288430212e+00 -7.427602177669404560e-01 2.023149619575001612e+00 -8.084248498063838895e+01
7.700000000000000000e+02 -1.793773243693076003e+00 -7.601748164821212628e-01 1.948201273329531080e+00 -8.192756597069391944e+01
7.800000000000000000e+02 -1.711284912507627931e+00 -7.731484562173237540e-01 1.877832417210724136e+00 -8.301406243312081301e+01
7.900000000000000000e+02 -1.634355284225385896e+00 -7.824852929283747649e-01 1.812015570773233275e+00 -8.410188503020252426e+01
8.000000000000000000e+02 -1.562830881341545464e+00 -7.889475490516891787e-01 1.750679467758007091e+00 -8.519091155200888466e+01
8.100000000000000000e+02 -1.496467353191221372e+00 -7.932380186952406875e-01 1.693706318542471223e+00 -8.628099121437060148e+01
8.200000000000000000e+02 -1.434943414749046298e+00 -7.959878984864415807e-01 1.640932459935056320e+00 -8.737194964408938347e+01
8.300000000000000000e+02 -1.377873456250341411e+00 -7.977481837121409569e-01 1.592148682144755245e+00 -8.846359419599292551e+01
8.400000000000000000e+02 -1.324824221576927918e+00 -7.989837590580348703e-01 1.547105124196614279e+00 -8.955572136443140607e+01
8.500000000000000000e+02 -1.275333493053444345e+00 -8.000697473933918724e-01 1.505518887027999186e+00 -9.064812595944169971e+01
8.600000000000000000e+02 -1.228925263643118271e+00 -8.012909552045091033e-01 1.467080263146111063e+00 -9.174060934445564897e+01
8.700000000000000000e+02 -1.185124110228781058e+00 -8.028436875920751392e-01 1.431459794528648688e+00 -9.283298724676687641e+01
8.800000000000000000e+02 -1.143470967535992866e+00 -8.048391041676211666e-01 1.398317502284455616e+00 -9.392509802933213336e+01
8.900000000000000000e+02 -1.103535658901464878e+00 -8.073123580031799085e-01 1.367312763727357661e+00 -9.501680687472952513e+01
9.000000000000000000e+02 -1.064924579801783455e+00 -8.102336376288641340e-01 1.338111694968438181e+00 -9.610800678706830524e+01
9.100000000000000000e+02 -1.027287986475548864e+00 -8.135188890449319699e-01 1.310394440613164235e+00 -9.719861927757311548e+01
9.200000000000000000e+02 -9.903294765713192005e-01 -8.170416236233541962e-01 1.283865057900988926e+00 -9.828859540214217816e+01
9.300000000000000000e+02 -9.538116779270803258e-01 -8.206437004328890339e-01 1.258257843214282357e+00 -9.937791600567214800e+01
9.400000000000000000e+02 -9.175537796082524622e-01 -8.241483604778869765e-01 1.233339149849618233e+00 -1.004665866719429630e+02
9.500000000000000000e+02 -8.814263371710786554e-01 -8.273723647414626958e-01 1.208907530705596978e+00 -1.015546313710725741e+02
9.600000000000000000e+02 -8.453487746681941362e-01 -8.301346579070666420e-01 1.184794539610771302e+00 -1.026420893674715700e+02
9.700000000000000000e+02 -8.092867170629109985e-01 -8.322650139906440092e-01 1.160866074931691250e+00 -1.037290121850086848e+02
9.800000000000000000e+02 -7.732446363096596720e-01 -8.336098531634801301e-01 1.137019197231470269e+00 -1.048154595209927038e+02
9.900000000000000000e+02 -7.372581660990551455e-01 -8.340343088244670522e-01 1.113176909469491438e+00 -1.059014967316168025e+02
1.000000000000000000e+03 -7.013868046514735166e-01 -8.334261923853178988e-01 1.089285393224885379e+00 -1.069871908575935038e+02
1.010000000000000000e+03 -6.657075852635498947e-01 -8.316997120954338074e-01 1.065312630253229420e+00 -1.080726069089207897e+02
1.020000000000000000e+03 -6.303105476085142378e-01 -8.287954563653434636e-01 1.041246029965244624e+00 -1.091578071996467827e+02
1.030000000000000000e+03 -5.952932436033354646e-01 -8.246787183157207046e-01 1.017088508598263497e+00 -1.102428505235666876e+02
1.040000000000000000e+03 -5.607554835635083501e-01 -8.193396887553607844e-01 9.928566049114421199e-01 -1.113277897800036556e+02
1.050000000000000000e+03 -5.267960512560492248e-01 -8.127918509389915336e-01 9.685786868250807480e-01 -1.124126716290791848e+02
1.060000000000000000e+03 -4.935088983898308634e-01 -8.050667893453887780e-01 9.442899809363842767e-01 -1.134975372165499294e+02
1.070000000000000000e+03 -4.609792331154067835e-01 -7.962107860880668353e-01 9.200290589142529063e-01 -1.145824209892651737e+02
1.080000000000000000e+03 -4.292822657718019519e-01 -7.862833221823146701e-01 8.958374442097347679e-01 -1.156673501746742971e+02
1.090000000000000000e+03 -3.984825790464361916e-01 -7.753546912795392654e-01 8.717587183921299276e-01 -1.167523450592286451e+02
1.100000000000000000e+03 -3.686343055390886025e-01 -7.635032504029052314e-01 8.478375225219083600e-01 -1.178374200551281632e+02
1.110000000000000000e+03 -3.397812822149018364e-01 -7.508125030203109951e-01 8.241181556277152875e-01 -1.189225847013533439e+02
1.120000000000000000e+03 -3.119565090467503188e-01 -7.373702938702457743e-01 8.006446239243275587e-01 -1.200078426514751868e+02
1.130000000000000000e+03 -2.851814934024377579e-01 -7.232680708273420134e-01 7.774607298491349461e-01 -1.210931902485565104e+02
1.140000000000000000e+03 -2.594671698973560203e-01 -7.085953272733941377e-01 7.546062218721973913e-01 -1.221786189563283074e+02
1.150000000000000000e+03 -2.348169964434599633e-01 -6.934369231397499167e-01 7.321159663552293528e-01 -1.232641189715343444e+02
1.160000000000000000e+03 -2.112281300914210236e-01 -6.778755836245838884e-01 7.100229783720302112e-01 -1.243496785705725358e+02
1.170000000000000000e+03 -1.886904965446938309e-01 -6.619924595154544900e-01 6.883590051285766176e-01 -1.254352818148400530e+02
1.180000000000000000e+03 -1.671857455785265012e-01 -6.458641394105827382e-01 6.671518268739287105e-01 -1.265209071274673676e+02
1.190000000000000000e+03 -1.466886755520740437e-01 -6.295597477568725120e-01 6.464232696391107869e-01 -1.276065286971377617e+02
1.200000000000000000e+03 -1.271704925300302935e-01 -6.131406716375978894e-01 6.261899211792977260e-01 -1.286921197348931116e+02
1.210000000000000000e+03 -1.086004582154481840e-01 -5.966628687089207128e-01 6.064656943476391948e-01 -1.297776531934520676e+02
1.220000000000000000e+03 -9.094626643060922666e-02 -5.801783072601204294e-01 5.872632217267534926e-01 -1.308631013878757869e+02
1.230000000000000000e+03 -7.417277300442429167e-02 -5.637338514053351624e-01 5.685925214733820177e-01 -1.319484336488353620e+02
1.240000000000000000e+03 -5.824349810456350834e-02 -5.473692586690226403e-01 5.504592722512099412e-01 -1.330336183665892236e+02
1.250000000000000000e+03 -4.312346278433399488e-02 -5.311184766739142082e-01 5.328662771342647098e-01 -1.341186269796726265e+02
1.260000000000000000e+03 -2.877716182412810506e-02 -5.150118064608378843e-01 5.158151663500285533e-01 -1.352034296785954552e+02
1.270000000000000000e+03 -1.516719497698750842e-02 -4.990748627016732830e-01 4.993052797479353710e-01 -1.362879922895882601e+02
1.280000000000000000e+03 -2.256643681077784031e-03 -4.833268117551993148e-01 4.833320798396783524e-01 -1.373722799666478238e+02
1.290000000000000000e+03 9.988667134853761523e-03 -4.677831373972166640e-01 4.678897702496969679e-01 -1.384562610635990438e+02
1.300000000000000000e+03 2.160105259336279893e-02 -4.524572139341408450e-01 4.529725553653180525e-01 -1.395399055950377942e+02
1.310000000000000000e+03 3.261191680438535467e-02 -4.373592276324987371e-01 4.385734044751824490e-01 -1.406231832388518797e+02
1.320000000000000000e+03 4.305124207929289515e-02 -4.224967773524245795e-01 4.246845138661805574e-01 -1.417060642981682577e+02
1.330000000000000000e+03 5.294762458367983926e-02 -4.078751020115141124e-01 4.112973982290155095e-01 -1.427885195891766728e+02
1.340000000000000000e+03 6.232797235266073627e-02 -3.934956835921067930e-01 3.984013417939420987e-01 -1.438705205314822138e+02
1.350000000000000000e+03 7.121759380726101762e-02 -3.793560056514093115e-01 3.859830627002798220e-01 -1.449520381125200004e+02
1.360000000000000000e+03 7.964084289968428876e-02 -3.654511961522966534e-01 3.740283954821032042e-01 -1.460330410654292450e+02
1.370000000000000000e+03 8.762038888332647490e-02 -3.517750283399846967e-01 3.625231070037638337e-01 -1.471134977172578147e+02
1.380000000000000000e+03 9.517607767119511120e-02 -3.383192594755309313e-01 3.514518560101013156e-01 -1.481933784171507682e+02
1.390000000000000000e+03 1.023244054290808891e-01 -3.250741825044760613e-01 3.407983393113416248e-01 -1.492726571939923019e+02
1.400000000000000000e+03 1.090790324925424160e-01 -3.120302425444164141e-01 3.305466798983714427e-01 -1.503513118410703555e+02
1.410000000000000000e+03 1.154523836558347394e-01 -2.991784264791753079e-01 3.206820602440513257e-01 -1.514293202570905805e+02
1.420000000000000000e+03 1.214566970598598417e-01 -2.865103012884939737e-01 3.111910699315039164e-01 -1.525066577159580277e+02
1.430000000000000000e+03 1.271027775612656174e-01 -2.740180642475609774e-01 3.020612778854135372e-01 -1.535833008173640053e+02
1.440000000000000000e+03 1.323981887828643289e-01 -2.616931840124707143e-01 2.932790530391965467e-01 -1.546592314138649726e+02
1.450000000000000000e+03 1.373475966324173569e-01 -2.495259846912679380e-01 2.848290352770379008e-01 -1.557344346312380026e+02
1.460000000000000000e+03 1.419534092505151945e-01 -2.375061201371332642e-01 2.766946466783168912e-01 -1.568088968169349755e+02
1.470000000000000000e+03 1.462158285832832194e-01 -2.256218670720757935e-01 2.688573886457009676e-01 -1.578826029224364902e+02
1.480000000000000000e+03 1.501344737815863972e-01 -2.138614502554304631e-01 2.612988329920932218e-01 -1.589555323328907832e+02
1.490000000000000000e+03 1.537094539991316067e-01 -2.022180037110729023e-01 2.540053489074642346e-01 -1.600276660610880981e+02
1.500000000000000000e+03 1.569388293112754518e-01 -1.906910711545013182e-01 2.469673678113056547e-01 -1.610990019341994923e+02
1.510000000000000000e+03 1.598180606096838707e-01 -1.792834855704037167e-01 2.401757287806445818e-01 -1.621695528689489834e+02
1.520000000000000000e+03 1.623416007759564128e-01 -1.679987504641205776e-01 2.336201521701539163e-01 -1.632393363978453351e+02
1.530000000000000000e+03 1.645037238848502947e-01 -1.568399359591960696e-01 2.272888925655360548e-01 -1.643083681803610716e+02
1.540000000000000000e+03 1.662988580190308263e-01 -1.458092390289967011e-01 2.211688141774261762e-01 -1.653766578140999286e+02
1.550000000000000000e+03 1.677215298421537437e-01 -1.349092611653433804e-01 2.152464176723303813e-01 -1.664442113157585084e+02
1.560000000000000000e+03 1.687661210625816255e-01 -1.241455966857533399e-01 2.095092666088344824e-01 -1.675110406837052892e+02
1.570000000000000000e+03 1.694264759220134309e-01 -1.135280289836763101e-01 2.039459342773742301e-01 -1.685771715033149292e+02
1.580000000000000000e+03 1.696969812368182007e-01 -1.030688039971092013e-01 1.985453192555380886e-01 -1.696426354735256723e+02
1.590000000000000000e+03 1.695755002070761241e-01 -9.278004020911771732e-02 1.932976619922899542e-01 -1.707074526719105450e+02
1.600000000000000000e+03 1.690611609435143659e-01 -8.267695620856470307e-02 1.881944612029849140e-01 -1.717716525133795358e+02
1.610000000000000000e+03 1.681532261977476683e-01 -7.277623714082033513e-02 1.832263304579552221e-01 -1.728352710166651605e+02
1.620000000000000000e+03 1.668525740426379245e-01 -6.309499739512255956e-02 1.783837441050739325e-01 -1.738983425515870351e+02
1.630000000000000000e+03 1.651630399562652451e-01 -5.365189205844933529e-02 1.736587322568213798e-01 -1.749609036787571483e+02
1.640000000000000000e+03 1.630913715606441827e-01 -4.446668310313500044e-02 1.690446135898057145e-01 -1.760229937938689773e+02
1.650000000000000000e+03 1.606455351377859553e-01 -3.555823450201459762e-02 1.645338141556497158e-01 -1.770846484237764287e+02
1.660000000000000000e+03 1.578348045099210173e-01 -2.694401663069631581e-02 1.601180987486431062e-01 -1.781458950549852602e+02
1.670000000000000000e+03 1.546719169142330708e-01 -1.864176696065174277e-02 1.557912621341089876e-01 -1.792067607144830674e+02
1.680000000000000000e+03 1.511736109051030064e-01 -1.066997661851123470e-02 1.515496916365290936e-01 -1.802672787852328611e+02
1.690000000000000000e+03 1.473597417882182015e-01 -3.046788920007375764e-03 1.473912359084264545e-01 -1.813274876041327559e+02
1.700000000000000000e+03 1.432523475594488505e-01 4.211294768285098709e-03 1.433142354580259903e-01 -1.823874254206913861e+02
1.710000000000000000e+03 1.388743788966696757e-01 1.108997207582117575e-02 1.393164763930608008e-01 -1.834471276522312451e+02
1.720000000000000000e+03 1.342489773648735951e-01 1.757667835562579800e-02 1.353947101829737765e-01 -1.845066292099654106e+02
1.730000000000000000e+03 1.294002659134932121e-01 2.366080637371635251e-02 1.315456672670645144e-01 -1.855659628158619228e+02
1.740000000000000000e+03 1.243543539960490218e-01 2.933432044909214248e-02 1.277673969132372134e-01 -1.866251566448446226e+02
1.750000000000000000e+03 1.191390429314812954e-01 3.459178291030208519e-02 1.240592721062912379e-01 -1.876842362965653876e+02
1.760000000000000000e+03 1.137825555973251551e-01 3.943004105896192463e-02 1.204209205087297674e-01 -1.887432268986094925e+02
1.770000000000000000e+03 1.083132076019644729e-01 4.384822459171189291e-02 1.168521191115996088e-01 -1.898021531455528361e+02
1.780000000000000000e+03 1.027600115007013259e-01 4.784753202864099747e-02 1.133534573132028156e-01 -1.908610440439624369e+02
1.790000000000000000e+03 9.715209610837052812e-02 5.143010570200145376e-02 1.099253635462221490e-01 -1.919199424504690796e+02
1.800000000000000000e+03 9.151780172352597109e-02 5.459929452816284640e-02 1.065673073474209809e-01 -1.929789007640242744e+02
1.810000000000000000e+03 8.588442804727047797e-02 5.736113134521012707e-02 1.032784312923527431e-01 -1.940379674101070009e+02
1.820000000000000000e+03 8.027851965152003888e-02 5.972500766012698442e-02 1.000585691354904105e-01 -1.950971823843890718e+02
1.830000000000000000e+03 7.472617044612830939e-02 6.170312591668139501e-02 9.690859764455193870e-02 -1.961565845377791959e+02
1.840000000000000000e+03 6.925213351773759629e-02 6.330942092074642868e-02 9.382931724188768585e-02 -1.972162163687477516e+02
1.850000000000000000e+03 6.387892123718565129e-02 6.455886286247064509e-02 9.082050072820486986e-02 -1.982761226411937798e+02
1.860000000000000000e+03 5.862681184238273391e-02 6.546774232047795905e-02 8.788133107402645861e-02 -1.993363455123081280e+02
1.870000000000000000e+03 5.351420660003555763e-02 6.605420769331185604e-02 8.501134431370009625e-02 -2.003969213293208043e+02
1.880000000000000000e+03 4.855782232044172919e-02 6.633772969498771821e-02 8.221044027122616227e-02 -2.014578858972514297e+02
1.890000000000000000e+03 4.377209430406138468e-02 6.633799368050437295e-02 7.947783115635631557e-02 -2.025192760542693406e+02
1.900000000000000000e+03 3.916945568410070549e-02 6.607444052637656551e-02 7.681196488479123674e-02 -2.035811328340409432e+02
1.910000000000000000e+03 3.476099480141096182e-02 6.556729566401447995e-02 7.421183881481452360e-02 -2.046434999128224490e+02
1.920000000000000000e+03 3.055620986437926345e-02 6.483829082021701218e-02 7.167765284775322321e-02 -2.057064173019331577e+02
1.930000000000000000e+03 2.656251561520997159e-02 6.390967640067038436e-02 6.920992684179545773e-02 -2.067699223356143818e+02
1.940000000000000000e+03 2.278440887209788254e-02 6.280308728860173328e-02 6.680836070905094015e-02 -2.078340427293784103e+02
1.950000000000000000e+03 1.922277690064444489e-02 6.153946766731024226e-02 6.447186388299838700e-02 -2.088987802563802916e+02
1.960000000000000000e+03 1.587574510761457364e-02 6.013948841754753610e-02 6.219965715216026897e-02 -2.099641126967236460e+02
1.970000000000000000e+03 1.274036547890412992e-02 5.862323292831039118e-02 5.999166901748097941e-02 -2.110300168991801968e+02
1.980000000000000000e+03 9.813678501189256054e-03 5.700931949304856305e-02 5.784782446026117547e-02 -2.120964892817226257e+02
1.990000000000000000e+03 7.092901913314141743e-03 5.531490448393389103e-02 5.576780357534825289e-02 -2.131635501120383367e+02
2.000000000000000000e+03 4.574682831123418406e-03 5.355697807897875223e-02 5.375200111584298862e-02 -2.142312286540166326e+02
2.010000000000000000e+03 2.253974500964216459e-03 5.175284966294841499e-02 5.180190970694745212e-02 -2.152995435244749558e+02
2.020000000000000000e+03 1.236543521416340005e-04 4.991826513810000004e-02 4.991841829221407845e-02 -2.163684954973696790e+02
2.030000000000000000e+03 -1.825039783310033678e-03 4.806553722938418372e-02 4.810017296600898468e-02 -2.174380667776592304e+02
2.040000000000000000e+03 -3.601706893334186664e-03 4.620481692210117591e-02 4.634498246143133049e-02 -2.185082247820147359e+02
2.050000000000000000e+03 -5.216290166443525791e-03 4.434601272216951579e-02 4.465174719375890333e-02 -2.195789293680537355e+02
2.060000000000000000e+03 -6.678413220117257118e-03 4.249806379184766641e-02 4.301960749698433006e-02 -2.206501468107554160e+02
2.070000000000000000e+03 -7.996895776708088863e-03 4.066830401258558769e-02 4.144709028778276877e-02 -2.217218584826609913e+02
2.080000000000000000e+03 -9.179632589895439856e-03 3.886331735215751287e-02 3.993273206405965198e-02 -2.227940666594824961e+02
2.090000000000000000e+03 -1.023404629588614556e-02 3.708927837811126088e-02 3.847532032609179281e-02 -2.238667877043488659e+02
2.100000000000000000e+03 -1.116797833058484624e-02 3.535170898994296346e-02 3.707380569218685779e-02 -2.249400293884819462e+02
2.110000000000000000e+03 -1.198983432581219970e-02 3.365474344796742096e-02 3.572671106761621251e-02 -2.260137777515118671e+02
2.120000000000000000e+03 -1.270756534160681801e-02 3.200105707724848481e-02 3.443181480800165672e-02 -2.270880159552290820e+02
2.130000000000000000e+03 -1.332818783982991223e-02 3.039301097951549457e-02 3.318698099397924400e-02 -2.281627453623646602e+02
2.140000000000000000e+03 -1.385854478849090146e-02 2.883315553854867708e-02 3.199078182796957770e-02 -2.292379733804884836e+02
2.150000000000000000e+03 -1.430568949514345219e-02 2.732334869901197408e-02 3.084182446061285027e-02 -2.303136929336076548e+02
2.160000000000000000e+03 -1.467663317491985434e-02 2.586414062928894461e-02 2.973814607272607172e-02 -2.313898758453389632e+02
2.170000000000000000e+03 -1.497784708372183922e-02 2.445545690006884973e-02 2.867760930507422951e-02 -2.324664916646593724e+02
2.180000000000000000e+03 -1.521447320447909951e-02 2.309721182938799522e-02 2.765793537452557529e-02 -2.335435411858900920e+02
2.190000000000000000e+03 -1.539070389604294334e-02 2.178975886984808874e-02 2.667709425746730284e-02 -2.346210584306251974e+02
2.200000000000000000e+03 -1.551139645606931967e-02 2.053415776514223162e-02 2.573431668300347336e-02 -2.356990735022637011e+02
2.210000000000000000e+03 -1.558263039380235367e-02 1.933123786349716031e-02 2.482972265904231229e-02 -2.367775777571565925e+02
2.220000000000000000e+03 -1.561078540912926201e-02 1.818034102128296067e-02 2.396291761743605045e-02 -2.378565164580564044e+02
2.230000000000000000e+03 -1.560138783043329112e-02 1.707955946113487097e-02 2.313254533383721223e-02 -2.389358197754809794e+02
2.240000000000000000e+03 -1.555870185415576118e-02 1.602709985473795354e-02 2.233699024354559790e-02 -2.400154485002977935e+02
2.250000000000000000e+03 -1.548621142287734224e-02 1.502197752510326702e-02 2.157504468126924396e-02 -2.410954046789289009e+02
2.260000000000000000e+03 -1.538720829715082596e-02 1.406351941298396996e-02 2.084583309583198582e-02 -2.421757045511764375e+02
2.270000000000000000e+03 -1.526520280798843859e-02 1.315044029985547140e-02 2.014846140153339279e-02 -2.432563346735076664e+02
2.280000000000000000e+03 -1.512402450362965861e-02 1.228059358831695355e-02 1.948201981489090448e-02 -2.443372327890474196e+02
2.290000000000000000e+03 -1.496751708551101456e-02 1.145161453670960269e-02 1.884584949537809750e-02 -2.454183159313454325e+02
2.300000000000000000e+03 -1.479903157171555059e-02 1.066128951945724199e-02 1.823936483757925345e-02 -2.464995114657359352e+02
2.310000000000000000e+03 -1.462079956846397757e-02 9.907262499301339870e-03 1.766130318666374668e-02 -2.475807655105068932e+02
2.320000000000000000e+03 -1.443391605345429110e-02 9.186887403158948417e-03 1.710955384562923287e-02 -2.486620335095537939e+02
2.330000000000000000e+03 -1.423927755406011533e-02 8.497601465027718182e-03 1.658210649827100355e-02 -2.497432645943735565e+02
2.340000000000000000e+03 -1.403814003002899422e-02 7.837259277476077771e-03 1.607768666460095142e-02 -2.508244025455091162e+02
2.350000000000000000e+03 -1.383186582392837739e-02 7.204162833486471747e-03 1.559552738135346409e-02 -2.519054008250934373e+02
2.360000000000000000e+03 -1.362171279352831881e-02 6.596676862544045838e-03 1.513496630515565565e-02 -2.529862119976773442e+02
2.370000000000000000e+03 -1.340849878630745624e-02 6.012822422361153996e-03 1.469496080924537901e-02 -2.540667726471834555e+02
2.380000000000000000e+03 -1.319261375454418468e-02 5.450647595593321494e-03 1.427426414523479646e-02 -2.551470206918381223e+02
2.390000000000000000e+03 -1.297436564030182878e-02 4.908771604632338262e-03 1.387192136780948659e-02 -2.562269210869315543e+02
2.400000000000000000e+03 -1.275395554241546235e-02 4.386304546158290192e-03 1.348714386182482163e-02 -2.573064676297585152e+02
2.410000000000000000e+03 -1.253132088006074334e-02 3.882423993908732524e-03 1.311896410039773732e-02 -2.583856613095543935e+02
2.420000000000000000e+03 -1.230632523748680443e-02 3.396260968558621231e-03 1.276637103555115262e-02 -2.594644961999312045e+02
2.430000000000000000e+03 -1.207894404056344094e-02 2.927098109505312309e-03 1.242854748060820760e-02 -2.605429695477994869e+02
2.440000000000000000e+03 -1.184905040063217140e-02 2.474303446866841019e-03 1.210463435812493029e-02 -2.616210825718201818e+02
2.450000000000000000e+03 -1.161623800598401805e-02 2.037203827518573648e-03 1.179352300402741749e-02 -2.626988320477731804e+02
2.460000000000000000e+03 -1.138018507502436792e-02 1.615242553286170809e-03 1.149424294365461105e-02 -2.637762149315299780e+02
2.470000000000000000e+03 -1.114089287637386183e-02 1.208017342470385849e-03 1.120619471464542535e-02 -2.648532309886464304e+02
2.480000000000000000e+03 -1.089852132137923181e-02 8.153692917762886015e-04 1.092897955321216023e-02 -2.659298975924723436e+02
2.490000000000000000e+03 -1.065308846954045839e-02 4.371871912800283431e-04 1.066205545755954075e-02 -2.670062375634072964e+02
2.500000000000000000e+03 -1.040438951457533720e-02 7.313686155394736482e-05 1.040464656639153614e-02 -2.680822513470871513e+02
2.510000000000000000e+03 -1.015221049956567360e-02 -2.770824395820846550e-04 1.015599097606020330e-02 -2.691579359943888221e+02
2.520000000000000000e+03 -9.896566305774352756e-03 -6.134278927252204009e-04 9.915559410550748784e-03 -2.702333173258116972e+02
2.530000000000000000e+03 -9.637809601132665133e-03 -9.355892348326291623e-04 9.683114226529588101e-03 -2.713084503735653357e+02
2.540000000000000000e+03 -9.376458664873004584e-03 -1.243242425366922546e-03 9.458521492405896555e-03 -2.723833990647437986e+02
2.550000000000000000e+03 -9.113000658512374411e-03 -1.536343344933556237e-03 9.241597907048790944e-03 -2.734582044565662500e+02
2.560000000000000000e+03 -8.847836678426635598e-03 -1.815408300871417316e-03 9.032160383152222638e-03 -2.745328497132175585e+02
2.570000000000000000e+03 -8.581063114626603233e-03 -2.081406806889915615e-03 8.829886662521376633e-03 -2.756072596395275696e+02
2.580000000000000000e+03 -8.312399409529814404e-03 -2.335178602764539924e-03 8.634178771044815834e-03 -2.766813538054930177e+02
2.590000000000000000e+03 -8.041596066090830539e-03 -2.577212172720031585e-03 8.444482806743336747e-03 -2.777550790656370623e+02
2.600000000000000000e+03 -7.768574942123785548e-03 -2.807893625915562543e-03 8.260449336800680664e-03 -2.788283899910754826e+02
2.610000000000000000e+03 -7.493158944441609751e-03 -3.027631599668305709e-03 8.081706754762595438e-03 -2.799012267879816704e+02
2.620000000000000000e+03 -7.214920755023902441e-03 -3.236762098895902117e-03 7.907699437012239568e-03 -2.809735158128217449e+02
2.630000000000000000e+03 -6.933259081358617536e-03 -3.435442736428482354e-03 7.737722422297207449e-03 -2.820451794168936885e+02
2.640000000000000000e+03 -6.647404679650196352e-03 -3.623661380654715457e-03 7.570925358018250513e-03 -2.831161299245448504e+02
2.650000000000000000e+03 -6.356461625514836858e-03 -3.801215538352711084e-03 7.406338094203964231e-03 -2.841862684586047294e+02
2.660000000000000000e+03 -6.059554251791232811e-03 -3.967673399655238277e-03 7.242971071095960674e-03 -2.852554940505919490e+02
2.670000000000000000e+03 -5.755928346143174452e-03 -4.122509337958718198e-03 7.079957229213416914e-03 -2.863236931046934046e+02
2.680000000000000000e+03 -5.445011456837072113e-03 -4.265337259770561953e-03 6.916737070662294651e-03 -2.873907177301045976e+02
2.690000000000000000e+03 -5.126547662332663936e-03 -4.395918920246857410e-03 6.753191400186492853e-03 -2.884564006786872596e+02
2.700000000000000000e+03 -4.800627761283877970e-03 -4.513889084983268782e-03 6.589478095717487063e-03 -2.895205982204086013e+02
2.710000000000000000e+03 -4.467574476237502756e-03 -4.618521539862942109e-03 6.425726644894470818e-03 -2.905832124313814120e+02
2.720000000000000000e+03 -4.127782297058017053e-03 -4.708726541379069062e-03 6.261844163933916706e-03 -2.916441747118852277e+02
2.730000000000000000e+03 -3.781695541516423131e-03 -4.783219471134727598e-03 6.097574081367734301e-03 -2.927034191865216712e+02
2.740000000000000000e+03 -3.430024762162687396e-03 -4.840793099211875179e-03 5.932819540355707862e-03 -2.937608780265852602e+02
2.750000000000000000e+03 -3.073927103953117551e-03 -4.880483802651336585e-03 5.767854886208532983e-03 -2.948164983760788687e+02
2.760000000000000000e+03 -2.714925086494789606e-03 -4.901512046076721661e-03 5.603181111039866151e-03 -2.958702547307005943e+02
2.770000000000000000e+03 -2.354738132803067471e-03 -4.903206684508531685e-03 5.439322335097086271e-03 -2.969221443994518950e+02
2.780000000000000000e+03 -1.995273104538091823e-03 -4.885054333570300507e-03 5.276823912509024002e-03 -2.979721904846526854e+02
2.790000000000000000e+03 -1.638740237745222239e-03 -4.846802436545103766e-03 5.116342778362765152e-03 -2.990204668421245628e+02
2.800000000000000000e+03 -1.287696050070420099e-03 -4.788472476619483678e-03 4.958591511377933095e-03 -3.000671267671438613e+02
2.810000000000000000e+03 -9.448200918130377195e-04 -4.710262552188719878e-03 4.804087667439572648e-03 -3.011123861739167182e+02
2.820000000000000000e+03 -6.125716008983890038e-04 -4.612534586476898894e-03 4.653033341560409292e-03 -3.021564589445286515e+02
2.830000000000000000e+03 -2.931123436424660947e-04 -4.496004263907666179e-03 4.505548710986431900e-03 -3.031995275484308081e+02
2.840000000000000000e+03 1.154834408513798820e-05 -4.361930855483103601e-03 4.361946142751727332e-03 -3.042417781883264638e+02
2.850000000000000000e+03 2.995636609123386693e-04 -4.212059305922002776e-03 4.222698424413392007e-03 -3.052834247862854795e+02
2.860000000000000000e+03 5.692973988214388402e-04 -4.048333598017967924e-03 4.088166392057197319e-03 -3.063247167202797527e+02
2.870000000000000000e+03 8.192067349535961948e-04 -3.872687217053265643e-03 3.958384260745929743e-03 -3.073659643400850996e+02
2.880000000000000000e+03 1.047955814200863351e-03 -3.687119634226679408e-03 3.833153086639937146e-03 -3.084075074370456377e+02
2.890000000000000000e+03 1.254664151256042366e-03 -3.493762712806147523e-03 3.712217669512607975e-03 -3.094496534217549311e+02
2.900000000000000000e+03 1.438956397929071988e-03 -3.294815192759152807e-03 3.595330675970924081e-03 -3.104926587514171956e+02
2.910000000000000000e+03 1.600861432767579449e-03 -3.092428049800873425e-03 3.482221786463047652e-03 -3.115367411650460099e+02
2.920000000000000000e+03 1.740702873946146576e-03 -2.888657636181070701e-03 3.372593873331265063e-03 -3.125820972033635599e+02
2.930000000000000000e+03 1.859022711645556825e-03 -2.685472893864849706e-03 3.266149124901808389e-03 -3.136289190175388626e+02
2.940000000000000000e+03 1.956546239103890313e-03 -2.484728293677183116e-03 3.162585631908091700e-03 -3.146773973737235224e+02
2.950000000000000000e+03 2.034153403698111748e-03 -2.288079598857183181e-03 3.061549986605324129e-03 -3.157277089441888620e+02
2.960000000000000000e+03 2.092904748527393312e-03 -2.096872175745557922e-03 2.962621003068806411e-03 -3.167799744791742000e+02
2.970000000000000000e+03 2.134077410228919693e-03 -1.912194123563561816e-03 2.865444600588256188e-03 -3.178342459355739607e+02
2.980000000000000000e+03 2.159089375123924865e-03 -1.735031900631944617e-03 2.769838014394256781e-03 -3.188905581307350303e+02
2.990000000000000000e+03 2.169422956886260610e-03 -1.566259561724076509e-03 2.675736343617812762e-03 -3.199489490300701391e+02
3.000000000000000000e+03 2.166522397919773239e-03 -1.406564557662119078e-03 2.583068554173364745e-03 -3.210094609141373212e+02
3.010000000000000000e+03 2.151600459225868744e-03 -1.256392071182053146e-03 2.491566891068770599e-03 -3.220721516777418856e+02
3.020000000000000000e+03 2.125659956279600440e-03 -1.115968498592164902e-03 2.400794855788524612e-03 -3.231370752887729054e+02
3.030000000000000000e+03 2.089764624929694396e-03 -9.854827962123432171e-04 2.310474524689256313e-03 -3.242042803223126839e+02
3.040000000000000000e+03 2.045159543575697861e-03 -8.651660612989289355e-04 2.220628260718632545e-03 -3.252738311633055446e+02
3.050000000000000000e+03 1.993220444804148350e-03 -7.551766820171495510e-04 2.131482949180611361e-03 -3.263457909125079937e+02
3.060000000000000000e+03 1.935293410548197040e-03 -6.554709689075328841e-04 2.043282353467540825e-03 -3.274201961548806139e+02
3.070000000000000000e+03 1.872520471182295568e-03 -5.658110648859064834e-04 1.956137795796627967e-03 -3.284970716818062328e+02
3.080000000000000000e+03 1.805786092129695779e-03 -4.859043276404104096e-04 1.870017760917985815e-03 -3.295764852914891208e+02
3.090000000000000000e+03 1.735815828682910848e-03 -4.155346291187220794e-04 1.784860111914369140e-03 -3.306585962437090984e+02
3.100000000000000000e+03 1.663234757082919556e-03 -3.545583947544387075e-04 1.700606219105270291e-03 -3.317436595632693752e+02
3.110000000000000000e+03 1.588500457658263568e-03 -3.027993545561805024e-04 1.617102703324730740e-03 -3.328319892957927095e+02
3.120000000000000000e+03 1.511944215119235017e-03 -2.600145711800583639e-04 1.534139135430183029e-03 -3.339239371325419938e+02
3.130000000000000000e+03 1.434017677764088446e-03 -2.258721748431197001e-04 1.451697261659010705e-03 -3.350198558963197684e+02
3.140000000000000000e+03 1.355365013109944422e-03 -1.998802068649201764e-04 1.370024239150126636e-03 -3.361200473619557556e+02
3.150000000000000000e+03 1.276550495176769157e-03 -1.814496386119428446e-04 1.289381688286466701e-03 -3.372248241466207901e+02
3.160000000000000000e+03 1.197839578149869147e-03 -1.701133773409517003e-04 1.209858758753517335e-03 -3.383347028349782590e+02
3.170000000000000000e+03 1.119299090983533673e-03 -1.655575398118893217e-04 1.131476802265574469e-03 -3.394504764578571780e+02
3.180000000000000000e+03 1.041010450753338716e-03 -1.675009739391198152e-04 1.054399988072943477e-03 -3.405731642996779556e+02
3.190000000000000000e+03 9.631252797064160202e-04 -1.756627115323265069e-04 9.790136325059275568e-04 -3.417040346331423848e+02
3.200000000000000000e+03 8.857806761249299894e-04 -1.897842803838161786e-04 9.058838111353691722e-04 -3.428446948009668631e+02
3.210000000000000000e+03 8.090141775830681945e-04 -2.096282463465571732e-04 8.357319792832753865e-04 -3.439971689263662142e+02
3.220000000000000000e+03 7.327356279690075067e-04 -2.350181282144978077e-04 7.695031001136914744e-04 -3.451640040709349364e+02
3.230000000000000000e+03 6.568355675215788126e-04 -2.659279432436558745e-04 7.086258771447707158e-04 -3.463483203400191996e+02
3.240000000000000000e+03 5.812704804976668790e-04 -3.024421350532303064e-04 6.552454628256077461e-04 -3.475533944125899097e+02
3.250000000000000000e+03 5.060609189454937182e-04 -3.445037534576833073e-04 6.121931801567130323e-04 -3.487813224781781400e+02
3.260000000000000000e+03 4.313431754864277372e-04 -3.918600382407792554e-04 5.827617219831619485e-04 -3.500311014692663321e+02
3.270000000000000000e+03 3.573755005323820343e-04 -4.442775839764633527e-04 5.701752537639055273e-04 -3.512970094927694049e+02
3.280000000000000000e+03 2.844503848378161304e-04 -5.016139293410793896e-04 5.766528899982892396e-04 -3.525685711968591249e+02
3.290000000000000000e+03 2.128640082745252167e-04 -5.636650178372076001e-04 6.025191601535313151e-04 -3.538333401247754182e+02
3.300000000000000000e+03 1.428906275969385659e-04 -6.300781879557930268e-04 6.460775916193832588e-04 -3.550814154293078104e+02
3.310000000000000000e+03 7.483840851823793210e-05 -7.004542324027665046e-04 7.044408556298332319e-04 -3.563079868179868299e+02
3.320000000000000000e+03 9.157989730337783230e-06 -7.744524682725848971e-04 7.745066135220539079e-04 -3.575126011482730632e+02
3.330000000000000000e+03 -5.359732965095399701e-05 -8.518328832099377607e-04 8.535173897838687360e-04 -3.586972628826518417e+02
3.340000000000000000e+03 -1.130156065548813148e-04 -9.323541667800040169e-04 9.391788006748253087e-04 -3.598650525312393711e+02
3.350000000000000000e+03 -1.688328401584869153e-04 -1.015679142072588954e-03 1.029615776664912722e-03 -3.610191461381357954e+02
3.360000000000000000e+03 -2.206168734277731713e-04 -1.101467056439820553e-03 1.123343883796608768e-03 -3.621621036263646829e+02
3.370000000000000000e+03 -2.676641196466024442e-04 -1.189476350660193882e-03 1.219220271208645628e-03 -3.632957657135001455e+02
3.380000000000000000e+03 -3.092047363134840777e-04 -1.279493511162716575e-03 1.316324889252720948e-03 -3.644215414161577655e+02
3.390000000000000000e+03 -3.446236546721497267e-04 -1.371196910842907481e-03 1.413841020647201930e-03 -3.655406562522376817e+02
3.400000000000000000e+03 -3.734365619341449886e-04 -1.464096666301255073e-03 1.510971182406746884e-03 -3.666541636370205310e+02
3.410000000000000000e+03 -3.951237053505961185e-04 -1.557581468841266747e-03 1.606917164824529050e-03 -3.677628627463390103e+02
3.420000000000000000e+03 -4.091200146143234365e-04 -1.651004703459008896e-03 1.700939657131255930e-03 -3.688673333165702957e+02
3.430000000000000000e+03 -4.149983430679313494e-04 -1.743749218511469936e-03 1.792452220230288367e-03 -3.699680711800943413e+02
3.440000000000000000e+03 -4.126488761729097212e-04 -1.835317655979877127e-03 1.881135293741052457e-03 -3.710655858128947102e+02
3.450000000000000000e+03 -4.022589833909517962e-04 -1.925410461541141038e-03 1.966981884799855369e-03 -3.721603844082463297e+02
3.460000000000000000e+03 -3.841442712726601512e-04 -2.013863850505060761e-03 2.050174243698001542e-03 -3.732529113039165054e+02
3.470000000000000000e+03 -3.586026331446380837e-04 -2.100464401758625737e-03 2.130855826083381463e-03 -3.743435208134465029e+02
3.480000000000000000e+03 -3.258677354139819112e-04 -2.184841348612551019e-03 2.209009166932303109e-03 -3.754324836554996523e+02
3.490000000000000000e+03 -2.861533738430092661e-04 -2.266565922990959603e-03 2.284557908354611575e-03 -3.765200110370271318e+02
3.500000000000000000e+03 -2.397422068186795150e-04 -2.345256532158304392e-03 2.357478425640728049e-03 -3.776062961534892111e+02
3.510000000000000000e+03 -1.870805098506677115e-04 -2.420550767700968813e-03 2.427769580537604294e-03 -3.786915607733685647e+02
3.520000000000000000e+03 -1.288194154298301993e-04 -2.492072944221491483e-03 2.495400168532585505e-03 -3.797760714168385334e+02
3.530000000000000000e+03 -6.569349523219273398e-05 -2.559515217186943831e-03 2.560358135559818570e-03 -3.808600864606138430e+02
3.540000000000000000e+03 1.661460374196002295e-06 -2.622733367914662200e-03 2.622733894169128419e-03 -3.819437922282347699e+02
3.550000000000000000e+03 7.270897509662513055e-05 -2.681753628586653476e-03 2.682739107609475541e-03 -3.830273198790040965e+02
3.560000000000000000e+03 1.468793575259637373e-04 -2.736717178557391585e-03 2.740655845063070129e-03 -3.841108072474900723e+02
3.570000000000000000e+03 2.235439517063957495e-04 -2.787790774968238079e-03 2.796739048131326958e-03 -3.851944101422083122e+02
3.580000000000000000e+03 3.021222536369034639e-04 -2.835109613173492169e-03 2.851161934168487417e-03 -3.862782617928715467e+02
3.590000000000000000e+03 3.821628038543096323e-04 -2.878755233465015318e-03 2.904011036971451253e-03 -3.873624446212191401e+02
3.600000000000000000e+03 4.633237365240727647e-04 -2.918765805764213846e-03 2.955310933510220135e-03 -3.884469996237904184e+02
3.610000000000000000e+03 5.453118902880365812e-04 -2.955199977504076314e-03 3.005091007728319386e-03 -3.895319520834962645e+02
3.620000000000000000e+03 6.278306981232534452e-04 -2.988153340732688495e-03 3.053396759878718864e-03 -3.906173314359101028e+02
3.630000000000000000e+03 7.106019209130315373e-04 -3.017701464602595782e-03 3.100238252049339251e-03 -3.917031609370612841e+02
3.640000000000000000e+03 7.934290139144904459e-04 -3.043884622407511988e-03 3.145594251433303252e-03 -3.927894364531457541e+02
3.650000000000000000e+03 8.761605557551445551e-04 -3.066736921990861290e-03 3.189440808067010424e-03 -3.938761411249869866e+02
3.660000000000000000e+03 9.586585776494418792e-04 -3.086321955282043082e-03 3.231781162169991822e-03 -3.949632588578562036e+02
3.670000000000000000e+03 1.040891356027383091e-03 -3.102728886440662536e-03 3.272671898893294001e-03 -3.960507479180552082e+02
3.680000000000000000e+03 1.122995013738440186e-03 -3.115989077370237385e-03 3.312175377478074074e-03 -3.971385181853299287e+02
3.690000000000000000e+03 1.205196388713095741e-03 -3.125999570555712016e-03 3.350279339171822416e-03 -3.982264470780987722e+02
3.700000000000000000e+03 1.287689493313535485e-03 -3.132553507612224116e-03 3.386891747494111694e-03 -3.993144153414809239e+02
3.710000000000000000e+03 1.370576220682617448e-03 -3.135456176020280390e-03 3.421924109100663199e-03 -4.004023327620961936e+02
3.720000000000000000e+03 1.453884552446239918e-03 -3.134596687309607142e-03 3.455354784090074877e-03 -4.014901397643668020e+02
3.730000000000000000e+03 1.537619661033301716e-03 -3.129929344077627545e-03 3.487224099611949471e-03 -4.025777917971946636e+02
3.740000000000000000e+03 1.621807548521432335e-03 -3.121406743217153799e-03 3.517590053011097808e-03 -4.036652403529772641e+02
3.750000000000000000e+03 1.706526597030650272e-03 -3.108921377423020955e-03 3.546494770526366531e-03 -4.047524176220946401e+02
3.760000000000000000e+03 1.791877415799348824e-03 -3.092300038625095827e-03 3.573953581418276310e-03 -4.058392428800006542e+02
3.770000000000000000e+03 1.877872834063194427e-03 -3.071324651350758762e-03 3.599922429012518844e-03 -4.069256506088057108e+02
3.780000000000000000e+03 1.964361778262514301e-03 -3.045775489227115548e-03 3.624288278638350923e-03 -4.080116113549298120e+02
3.790000000000000000e+03 2.051076407217365498e-03 -3.015529731971681483e-03 3.646962296576274944e-03 -4.090971320115209551e+02
3.800000000000000000e+03 2.137724413519809241e-03 -2.980634096021651368e-03 3.667975638213184526e-03 -4.101822461335402181e+02
3.810000000000000000e+03 2.224010734055052209e-03 -2.941240971023323294e-03 3.687427585027035128e-03 -4.112670020746198247e+02
3.820000000000000000e+03 2.309584096513573118e-03 -2.897468515252290752e-03 3.705334329820553912e-03 -4.123514530456229750e+02
3.830000000000000000e+03 2.393981491257397929e-03 -2.849359156476658547e-03 3.721558139150908055e-03 -4.134356589397009429e+02
3.840000000000000000e+03 2.476662752868371512e-03 -2.796994282232134060e-03 3.735911589730783484e-03 -4.145196948308384890e+02
3.850000000000000000e+03 2.557139555541597907e-03 -2.740618607509614016e-03 3.748326701121904199e-03 -4.156036470503407259e+02
3.860000000000000000e+03 2.635043466381008573e-03 -2.680642317136269076e-03 3.758895755689288434e-03 -4.166876055075929912e+02
3.870000000000000000e+03 2.710061415821310264e-03 -2.617569038205332273e-03 3.767771297105835648e-03 -4.177716684082938627e+02
3.880000000000000000e+03 2.781870530686621473e-03 -2.551952402715357282e-03 3.775084729542815213e-03 -4.188559485256597554e+02
3.890000000000000000e+03 2.850167563360146098e-03 -2.484374988254211668e-03 3.780948852007049235e-03 -4.199405641570625107e+02
3.900000000000000000e+03 2.914729649391298999e-03 -2.415408500482204256e-03 3.785478457638137562e-03 -4.210256213102272227e+02
3.910000000000000000e+03 2.975405768192205137e-03 -2.345592689283057791e-03 3.788778767546288704e-03 -4.221112120031316408e+02
3.920000000000000000e+03 3.032071164057427697e-03 -2.275475902822948239e-03 3.790942643754515676e-03 -4.231974306899126645e+02
3.930000000000000000e+03 3.084650922426383519e-03 -2.205636731244419151e-03 3.792084479997842074e-03 -4.242843755649908530e+02
3.940000000000000000e+03 3.133163778730358416e-03 -2.136630927286393544e-03 3.792348478685023550e-03 -4.253721316995705024e+02
3.950000000000000000e+03 3.177721960035813972e-03 -2.068948488325665636e-03 3.791894605950818248e-03 -4.264607628559765544e+02
3.960000000000000000e+03 3.218522355841758106e-03 -2.003019973111657206e-03 3.790906905707050727e-03 -4.275503146731550146e+02
3.970000000000000000e+03 3.255830968214502852e-03 -1.939220789435586959e-03 3.789592664622910140e-03 -4.286408181623002633e+02
3.980000000000000000e+03 3.289950926520730616e-03 -1.877852187840873882e-03 3.788153367842089954e-03 -4.297322896494458746e+02
3.990000000000000000e+03 3.321210277667036720e-03 -1.819108641150674272e-03 3.786765632672585424e-03 -4.308247239863368918e+02
4.000000000000000000e+03 3.349989404103634934e-03 -1.763038480419220656e-03 3.785595553020098137e-03 -4.319180807040948480e+02
4.010000000000000000e+03 3.376739307428461723e-03 -1.709544315133639577e-03 3.784826299282199966e-03 -4.330122809949513112e+02
4.020000000000000000e+03 3.401958826117932374e-03 -1.658467104111121257e-03 3.784684529788504264e-03 -4.341072299736830473e+02
4.030000000000000000e+03 3.426134640519689755e-03 -1.609665148264745023e-03 3.785422098591800181e-03 -4.352028424889256826e+02
4.040000000000000000e+03 3.449689113152472342e-03 -1.562980102307779924e-03 3.787249896377677724e-03 -4.362990404755394138e+02
4.050000000000000000e+03 3.472977236432785598e-03 -1.518162977788973687e-03 3.790302060774232602e-03 -4.373957341685321012e+02
4.060000000000000000e+03 3.496294687883966853e-03 -1.474860997715153263e-03 3.794639838918442351e-03 -4.384928165692795687e+02
4.070000000000000000e+03 3.519886042052451213e-03 -1.432641445798755889e-03 3.800270945769001433e-03 -4.395901672984721245e+02
4.080000000000000000e+03 3.543985631224253786e-03 -1.391023749461965490e-03 3.807201232649936717e-03 -4.406876558674533726e+02
4.090000000000000000e+03 3.568833984628673288e-03 -1.349523839156745435e-03 3.815467284919756095e-03 -4.417851513017604930e+02
4.100000000000000000e+03 3.594605147541024386e-03 -1.307676401747507244e-03 3.825075651332368078e-03 -4.428825348463581122e+02
4.110000000000000000e+03 3.621319325703360129e-03 -1.265030217986986205e-03 3.835916463002399853e-03 -4.439797059033755886e+02
4.120000000000000000e+03 3.648836088281924659e-03 -1.221157756256266869e-03 3.847756627544597803e-03 -4.450765828965782589e+02
4.130000000000000000e+03 3.676933138276129113e-03 -1.175676088177788703e-03 3.860317547516806461e-03 -4.461730997910044039e+02
4.140000000000000000e+03 3.705389464025759996e-03 -1.128257792617936043e-03 3.873354712225076518e-03 -4.472692012660731962e+02
4.150000000000000000e+03 3.734008256351507762e-03 -1.078632642775975183e-03 3.886678020696223129e-03 -4.483648416020839136e+02
4.160000000000000000e+03 3.762589235087849572e-03 -1.026581681431868115e-03 3.900121498190851303e-03 -4.494599855718536787e+02
4.170000000000000000e+03 3.790920870045150215e-03 -9.719229193032427518e-04 3.913529762760316506e-03 -4.505546053224105094e+02
4.180000000000000000e+03 3.818804959266257869e-03 -9.144911266215234027e-04 3.926775437631501754e-03 -4.516486736427822279e+02
4.190000000000000000e+03 3.846081860840076631e-03 -8.541459424242511074e-04 3.939785650418418245e-03 -4.527421648008039483e+02
4.200000000000000000e+03 3.872637119244954143e-03 -7.908200462649701747e-04 3.952557982234844447e-03 -4.664014375686634253e+02
