0.000000000000000000e+00 2.056983444172186637e+01 3.771558844633397509e-16 2.056983444172186637e+01 1.833538745933477908e-17
1.000000000000000000e+01 2.038860545118338763e+01 2.155829445921601639e+00 2.050226409067856181e+01 -1.004654460750030509e+00
2.000000000000000000e+01 1.992052399671515062e+01 4.256073724976428885e+00 2.037011143455378459e+01 -2.009511969212264493e+00
3.000000000000000000e+01 1.917946634374578707e+01 6.254361273916489772e+00 2.017347179281602010e+01 -3.014776465394947813e+00
4.000000000000000000e+01 1.818863655852870664e+01 8.109379190108892743e+00 1.991453064240325332e+01 -4.020603691510507005e+00
5.000000000000000000e+01 1.697846288745693144e+01 9.785601785461883750e+00 1.959658654777375375e+01 -5.027148890712334506e+00
6.000000000000000000e+01 1.558494016121488812e+01 1.125466094089376767e+01 1.922388495396101149e+01 -6.034562577563176156e+00
7.000000000000000000e+01 1.404778097545867865e+01 1.249616078214232040e+01 1.880144102529406069e+01 -7.042990170433192532e+00
8.000000000000000000e+01 1.240849959542141967e+01 1.349799754693905385e+01 1.833485205794544370e+01 -8.052571595219578882e+00
9.000000000000000000e+01 1.070855812750096625e+01 1.425620009889865081e+01 1.783009978743542945e+01 -9.063440977757457162e+00
1.000000000000000000e+02 8.987686712630464925e+00 1.477435731161647858e+01 1.729335555685215908e+01 -1.007572576607559078e+01
1.100000000000000000e+02 7.282469211789724284e+00 1.506271530303452977e+01 1.673080243505779663e+01 -1.108954533601011505e+01
1.200000000000000000e+02 5.625263615351869362e+00 1.513703671586982757e+01 1.614848201162551433e+01 -1.210500997551653413e+01
1.300000000000000000e+02 4.043479104977099503e+00 1.501732846095328888e+01 1.555216632423097778e+01 -1.312222027329369389e+01
1.400000000000000000e+02 2.559195758078218308e+00 1.472654251729005814e+01 1.494725852595442817e+01 -1.414126648089687244e+01
1.500000000000000000e+02 1.189090546989927999e+00 1.428933630417744105e+01 1.433872617573905117e+01 -1.516222762484261821e+01
1.600000000000000000e+02 -5.537870627576188531e-02 1.373094973926164819e+01 1.373106141357026821e+01 -1.618517056500324003e+01
1.700000000000000000e+02 -1.167585802634767189e+00 1.307623615523393035e+01 1.312825992254728824e+01 -1.721014918048220110e+01
1.800000000000000000e+02 -2.145201102015078298e+00 1.234887205552109002e+01 1.253381541318190884e+01 -1.823720377442682050e+01
1.900000000000000000e+02 -2.989564700055995949e+00 1.157075667364230398e+01 1.195072830820192422e+01 -1.926636071621929958e+01
2.000000000000000000e+02 -3.705021070599042954e+00 1.076159512969966237e+01 1.138152497994703616e+01 -2.029763209578830185e+01
2.100000000000000000e+02 -4.298255732163942078e+00 9.938646895881708687e+00 1.082828261822249161e+01 -2.133101536744200999e+01
2.200000000000000000e+02 -4.777662915260049381e+00 9.116618964301176575e+00 1.029265778465926751e+01 -2.236649319800336855e+01
2.300000000000000000e+02 -5.152767932419583197e+00 8.307681567495803776e+00 9.775918902705827307e+00 -2.340403360303759683e+01
2.400000000000000000e+02 -5.433720968908154703e+00 7.521580882211393870e+00 9.278981761788310578e+00 -2.444359036825564502e+01
2.500000000000000000e+02 -5.630870418978600966e+00 6.765822392240460559e+00 8.802445928187838220e+00 -2.548510379550874205e+01
2.600000000000000000e+02 -5.754418027533255930e+00 6.045901048606569184e+00 8.346630836759329597e+00 -2.652850177079598026e+01
2.700000000000000000e+02 -5.814154346597557144e+00 5.365557183585885959e+00 7.911611381784963370e+00 -2.757370101940282936e+01
2.800000000000000000e+02 -5.819268811328473845e+00 4.727040788937157956e+00 7.497253104889545661e+00 -2.862060846427876015e+01
2.900000000000000000e+02 -5.778225190118602583e+00 4.131370492465177513e+00 7.103246334862189038e+00 -2.966912271506578591e+01
3.000000000000000000e+02 -5.698692161583701399e+00 3.578576699862042965e+00 6.729138395759967750e+00 -3.071913563832864469e+01
3.100000000000000000e+02 -5.587518527224819564e+00 3.067921490341514623e+00 6.374363149600116074e+00 -3.177053388543774304e+01
3.200000000000000000e+02 -5.450742665938316023e+00 2.598091944464274494e+00 6.038267745154275445e+00 -3.282320039379499832e+01
3.300000000000000000e+02 -5.293627351203492815e+00 2.167365712544008005e+00 5.720136769809013977e+00 -3.387701583913693781e+01
3.400000000000000000e+02 -5.120712017785829850e+00 1.773749027078203255e+00 5.419213704972069223e+00 -3.493186000482526765e+01
3.500000000000000000e+02 -4.935875670672888127e+00 1.415087925002177949e+00 5.134719317725897625e+00 -3.598761291610816926e+01
3.600000000000000000e+02 -4.742404356542444965e+00 1.089154552818696553e+00 4.865866492299029566e+00 -3.704415559060772978e+01
3.700000000000000000e+02 -4.543058563978465081e+00 7.937123439220405974e-01 4.611871680850660127e+00 -3.810137045913705123e+01
3.800000000000000000e+02 -4.340138096158870695e+00 5.265650883832485585e-01 4.371964030734196704e+00 -3.915914176598050034e+01
3.900000000000000000e+02 -4.135542957350788029e+00 2.855930109639535086e-01 4.145392492877503443e+00 -4.021735604504812045e+01
4.000000000000000000e+02 -3.930828891766771527e+00 6.877755193067910944e-02 3.931430544725159404e+00 -4.127590252020466721e+01
4.100000000000000000e+02 -3.727256994520264932e+00 -1.257827791335818235e-01 3.729378770080454597e+00 -4.233467340668163104e+01
4.200000000000000000e+02 -3.525837054568111029e+00 -2.998634858359180422e-01 3.538565393701690542e+00 -4.339356405252274840e+01
4.300000000000000000e+02 -3.327365374407217580e+00 -4.551106269384059821e-01 3.358345726329609260e+00 -4.445247278332031726e+01
4.400000000000000000e+02 -3.132458557557571854e+00 -5.930409311487740975e-01 3.188101968387063501e+00 -4.551130059408995265e+01
4.500000000000000000e+02 -2.941583178061129900e+00 -7.150427440737396889e-01 3.027242593401579640e+00 -4.656995128550014584e+01
4.600000000000000000e+02 -2.755081190170845851e+00 -8.223782205487583097e-01 2.875200567276332997e+00 -4.762833177028354470e+01
4.700000000000000000e+02 -2.573192918908552063e+00 -9.161886749612160319e-01 2.731432497069679055e+00 -4.868635182142852358e+01
4.800000000000000000e+02 -2.396077996991484493e+00 -9.975011454803586197e-01 2.595418714369870372e+00 -4.974392375792064769e+01
4.900000000000000000e+02 -2.223832396380418075e+00 -1.067234625604050136e+00 2.466661767101296476e+00 -5.080096226774163171e+01
5.000000000000000000e+02 -2.056502262801222169e+00 -1.126207124005924376e+00 2.344684209668381314e+00 -5.185738374223814873e+01
5.100000000000000000e+02 -1.894097237634546183e+00 -1.175143765384747185e+00 2.229028311829497788e+00 -5.291310526218704524e+01
5.200000000000000000e+02 -1.736602541517459963e+00 -1.214684851025452872e+00 2.119256396596605363e+00 -5.396804356631024291e+01
5.300000000000000000e+02 -1.583989424838202931e+00 -1.245393718223354540e+00 2.014951118858582468e+00 -5.502211397461347531e+01
5.400000000000000000e+02 -1.436224321190310960e+00 -1.267764272212022370e+00 1.915715675844369192e+00 -5.607522934329185915e+01
5.500000000000000000e+02 -1.293276592958402693e+00 -1.282228190914552313e+00 1.821173654397103325e+00 -5.712729895732863383e+01
5.600000000000000000e+02 -1.155125138845981558e+00 -1.289162204884472196e+00 1.730968883861446761e+00 -5.817822718089853851e+01
5.700000000000000000e+02 -1.021764199688826258e+00 -1.288895373663192512e+00 1.644765443464851096e+00 -5.922791194479941623e+01
5.800000000000000000e+02 -8.932087118081450949e-01 -1.281716291178383260e+00 1.562247884915206386e+00 -6.027624324256289157e+01
5.900000000000000000e+02 -7.694992471540079704e-01 -1.267880360311023136e+00 1.483121606421063277e+00 -6.132310166793563866e+01
6.000000000000000000e+02 -6.507062227218461947e-01 -1.247617398975305880e+00 1.407113272808852678e+00 -6.236835678898773949e+01
6.100000000000000000e+02 -5.369332683346901280e-01 -1.221139870424378771e+00 1.333971483122724289e+00 -6.341186519964634272e+01
6.200000000000000000e+02 -4.283197142632821364e-01 -1.188651794890044133e+00 1.263467794255913379e+00 -6.445346824895013071e+01
6.300000000000000000e+02 -3.250420698715734691e-01 -1.150358190811572534e+00 1.195397973209621600e+00 -6.549298950045377410e+01
6.400000000000000000e+02 -2.273143507478860015e-01 -1.106474872282380062e+00 1.129583311247223554e+00 -6.653023196733458633e+01
6.500000000000000000e+02 -1.353867730206562703e-01 -1.057238644411003126e+00 1.065872004297402587e+00 -6.756497480868607397e+01
6.600000000000000000e+02 -4.954227043821705923e-02 -1.002918005660879297e+00 1.004140907760942225e+00 -6.859696902474377112e+01
6.700000000000000000e+02 2.990921979796459795e-02 -9.438239171263204108e-01 9.442977009230691943e-01 -6.962593221439924207e+01
6.800000000000000000e+02 1.026387802219306672e-01 -8.803198663311830874e-01 8.862831298534333824e-01 -7.065154246747829347e+01
6.900000000000000000e+02 1.683091433898642186e-01 -8.128305155699290241e-01 8.300731382175347006e-01 -7.167343104854113278e+01
7.000000000000000000e+02 2.265878149419855159e-01 -7.418482737168010654e-01 7.756809260880282997e-01 -7.269117376469289127e+01
7.100000000000000000e+02 2.771621576268151199e-01 -6.679372654989914615e-01 7.231590781167182014e-01 -7.370428148288065984e+01
7.200000000000000000e+02 3.197558427292246930e-01 -5.917341883772757605e-01 6.726017756845352746e-01 -7.471219075938223853e+01
7.300000000000000000e+02 3.541460124270209842e-01 -5.139455401113188771e-01 6.241469509004069494e-01 -7.571425629698173054e+01
7.400000000000000000e+02 3.801803871636741938e-01 -4.353408944853378038e-01 5.779782186165973723e-01 -7.670974833315075614e+01
7.500000000000000000e+02 3.977933964979232240e-01 -3.567421838910065923e-01 5.343262786581609580e-01 -7.769786050820871992e+01
7.600000000000000000e+02 4.070202130826621745e-01 -2.790091267472099568e-01 4.934688912850498932e-01 -7.867773728272462108e+01
7.700000000000000000e+02 4.080078149534673848e-01 -2.030212769740866452e-01 4.557280065645424871e-01 -7.964853375678465852e+01
7.800000000000000000e+02 4.010224783540887739e-01 -1.296576154747264564e-01 4.214618907989755581e-01 -8.060952414484953010e+01
7.900000000000000000e+02 3.864529952409992974e-01 -5.977471615019563922e-02 3.910485062259876354e-01 -8.156027385274470021e+01
8.000000000000000000e+02 3.648089242053120795e-01 5.815785008040755960e-03 3.648552788916406553e-01 -8.250087404003396330e+01
8.100000000000000000e+02 3.367138050645233638e-01 6.636961460101660493e-02 3.431925294398426862e-01 -8.343219964161755797e+01
8.200000000000000000e+02 3.028939229836387081e-01 1.212310249599826278e-01 3.262540267847530706e-01 -8.435609927011188347e+01
8.300000000000000000e+02 2.641630949161115627e-01 1.698515074297017591e-01 3.140568026516868949e-01 -8.527539049893005085e+01
8.400000000000000000e+02 2.214038505023638026e-01 2.118049705444309261e-01 3.064000825140233419e-01 -8.619357053244412725e+01
8.500000000000000000e+02 1.755457126428602022e-01 2.467986057815757528e-01 3.028627561173860561e-01 -8.711428228555774922e+01
8.600000000000000000e+02 1.275415276735741288e-01 2.746790557129026866e-01 3.028455463245925960e-01 -8.804072441909087843e+01
8.700000000000000000e+02 7.834299660079808991e-02 2.954336136161581639e-01 3.056446387075914539e-01 -8.897523199630647639e+01
8.800000000000000000e+02 2.887652868606134862e-02 3.091864985850183989e-01 3.105320350885243386e-01 -8.991914340695593921e+01
8.900000000000000000e+02 -1.997962880422215343e-02 3.161905623664594267e-01 3.168211755813875041e-01 -9.087291369693899412e+01
9.000000000000000000e+02 -6.741585225002751092e-02 3.168148530469316326e-01 3.239082404721226327e-01 -9.183635304381816411e+01
9.100000000000000000e+02 -1.127081465934066939e-01 3.115286716624030561e-01 3.312902648377434311e-01 -9.280887852353561129e+01
9.200000000000000000e+02 -1.552312827123737138e-01 3.008829281207690554e-01 3.385665186740365873e-01 -9.378971664581666801e+01
9.300000000000000000e+02 -1.944678591536721513e-01 2.854897483288491022e-01 3.454303759727596068e-01 -9.477804015691286565e+01
9.400000000000000000e+02 -2.300129252477896846e-01 2.660014769299021697e-01 3.516571220804927123e-01 -9.577304874261179179e+01
9.500000000000000000e+02 -2.615741347883249190e-01 2.430901490260156395e-01 3.570908127406126065e-01 -9.677401026674436935e+01
9.600000000000000000e+02 -2.889679624708532679e-01 2.174283651002919260e-01 3.616318255971704421e-01 -9.778027697925242023e+01
9.700000000000000000e+02 -3.121127447078860251e-01 1.896721501834597312e-01 3.652258068158751314e-01 -9.879128696634029438e+01
9.800000000000000000e+02 -3.310195308926082158e-01 1.604460478529925738e-01 3.678544061228670170e-01 -9.980655705644100806e+01
9.900000000000000000e+02 -3.457809064849155511e-01 1.303307765263672091e-01 3.695274639312967069e-01 -1.008256724957927020e+02
1.000000000000000000e+03 -3.565582632808398378e-01 9.985429677749159405e-02 3.702764854791296134e-01 -1.018482775101768283e+02
1.010000000000000000e+03 -3.635683427930891387e-01 6.948613101843117978e-02 3.701489730976215142e-01 -1.028740672592571741e+02
1.020000000000000000e+03 -3.670699947194293600e-01 3.963419736672252336e-02 3.692035354980043871e-01 -1.039027798387694759e+02
1.030000000000000000e+03 -3.673517214555349075e-01 1.064395586913835859e-02 3.675058925417238886e-01 -1.049341887707514900e+02
1.040000000000000000e+03 -3.647204455438785575e-01 -1.720035845246250389e-02 3.651258080834857700e-01 -1.059680965658272100e+02
1.050000000000000000e+03 -3.594916807775601075e-01 -4.367272942869283164e-02 3.621347481863995132e-01 -1.070043297736727794e+02
1.060000000000000000e+03 -3.519809431646260256e-01 -6.860095489691511728e-02 3.586037860422394696e-01 -1.080427354587297515e+02
1.070000000000000000e+03 -3.424967762218676937e-01 -9.186125117633367476e-02 3.546019334268407097e-01 -1.090831788107562801e+02
1.080000000000000000e+03 -3.313354455142982768e-01 -1.133724525896861457e-01 3.501949320883429584e-01 -1.101255412912561695e+02
1.090000000000000000e+03 -3.187769532899658032e-01 -1.330902071917325069e-01 3.454442779945433029e-01 -1.111697188554252023e+02
1.100000000000000000e+03 -3.050823348326549556e-01 -1.510013300319013041e-01 3.404065697050328021e-01 -1.122156204043870957e+02
1.110000000000000000e+03 -2.904921260239540781e-01 -1.671184902832771324e-01 3.351332049744975561e-01 -1.132631665460710337e+02
1.120000000000000000e+03 -2.752255944657858167e-01 -1.814753803902419693e-01 3.296702011659959353e-01 -1.143122883037140127e+02
1.130000000000000000e+03 -2.594806885252353701e-01 -1.941223608912359400e-01 3.240582026666158355e-01 -1.153629260364752867e+02
1.140000000000000000e+03 -2.434348557287901171e-01 -2.051225938455425724e-01 3.183328564405821792e-01 -1.164150292423301778e+02
1.150000000000000000e+03 -2.272461808491453850e-01 -2.145488378342507163e-01 3.125252478225560848e-01 -1.174685563154839372e+02
1.160000000000000000e+03 -2.110546645801655852e-01 -2.224808861729770659e-01 3.066623813795219533e-01 -1.185234740713118526e+02
1.170000000000000000e+03 -1.949836616088930219e-01 -2.290034275409134623e-01 3.007676813088429046e-01 -1.195797576661931174e+02
1.180000000000000000e+03 -1.791411935956794821e-01 -2.342044224911921935e-01 2.948614568866496644e-01 -1.206373900554484777e+02
1.190000000000000000e+03 -1.636210406971559950e-01 -2.381739039519411849e-01 2.889613356186755966e-01 -1.216963608168612296e+02
1.200000000000000000e+03 -1.485036728247948468e-01 -2.410030644979730130e-01 2.830827051231986635e-01 -1.227566646315601986e+02
1.210000000000000000e+03 -1.338570266932615771e-01 -2.427835156327941835e-01 2.772391369525229465e-01 -1.238182995426746515e+02
1.220000000000000000e+03 -1.197372703702540009e-01 -2.436066578133722071e-01 2.714428441619353705e-01 -1.248812654307607630e+02
1.230000000000000000e+03 -1.061895914128831719e-01 -2.435630765227825290e-01 2.657051026414018469e-01 -1.259455629554119014e+02
1.240000000000000000e+03 -9.324876257165617965e-02 -2.427419492719941341e-01 2.600365083166448210e-01 -1.270111920702699422e+02
1.250000000000000000e+03 -8.093943437835768306e-02 -2.412304853053300613e-01 2.544471243267126259e-01 -1.280781496136027329e+02
1.260000000000000000e+03 -6.927638580670063273e-02 -2.391133197190857540e-01 2.489465751873693733e-01 -1.291464266682905873e+02
1.270000000000000000e+03 -5.826488808759968524e-02 -2.364719602673442389e-01 2.435442160605358064e-01 -1.302160060929288932e+02
1.280000000000000000e+03 -4.790105725711293894e-02 -2.333841619644501375e-01 2.382491937912863122e-01 -1.312868599307800821e+02
1.290000000000000000e+03 -3.817252961462160726e-02 -2.299230829235187068e-01 2.330703028663978493e-01 -1.323589480949971176e+02
1.300000000000000000e+03 -2.905920691061995506e-02 -2.261566060199654560e-01 2.280158940792156586e-01 -1.334322170247627355e+02
1.310000000000000000e+03 -2.053397720184613195e-02 -2.221467474368775397e-01 2.230937507338782433e-01 -1.345065980894059408e+02
1.320000000000000000e+03 -1.256376010603133669e-02 -2.179491752543825100e-01 2.183109962005291282e-01 -1.355820073544075228e+02
1.330000000000000000e+03 -5.110675388648593630e-03 -2.136128037391398782e-01 2.136739313164440213e-01 -1.366583460978793596e+02
1.340000000000000000e+03 1.866702106190768883e-03 -2.091793695138139120e-01 2.091876985077037177e-01 -1.377355020190507844e+02
1.350000000000000000e+03 8.412117463165870446e-03 -2.046830535739592727e-01 2.048558423393738170e-01 -1.388133505677161565e+02
1.360000000000000000e+03 1.457060701026414822e-02 -2.001504282486486486e-01 2.006800850028846450e-01 -1.398917556249353424e+02
1.370000000000000000e+03 2.038739265411878415e-02 -1.956006140077970468e-01 1.966602297859443294e-01 -1.409705710190209800e+02
1.380000000000000000e+03 2.590658302198876189e-02 -1.910457060619095704e-01 1.927942241058293316e-01 -1.420496437344878302e+02
1.390000000000000000e+03 3.117007524636414631e-02 -1.864912860530896499e-01 1.890782202280297253e-01 -1.431288169383321929e+02
1.400000000000000000e+03 3.621653698931629611e-02 -1.819368148563903498e-01 1.855064477358859265e-01 -1.442079331329491936e+02
1.410000000000000000e+03 4.108061372099463399e-02 -1.773763129658054993e-01 1.820713410315773773e-01 -1.452868368547950411e+02
1.420000000000000000e+03 4.579221043745770187e-02 -1.727990513447043297e-01 1.787636391506342293e-01 -1.463653774846711144e+02
1.430000000000000000e+03 5.037602178535084685e-02 -1.681903148818738314e-01 1.755725650293405438e-01 -1.474434112054284469e+02
1.440000000000000000e+03 5.485110153811056932e-02 -1.635322538148376859e-01 1.724860614012176108e-01 -1.485208032108262728e+02
1.450000000000000000e+03 5.923062353412087561e-02 -1.588048790708291580e-01 1.694911690352669253e-01 -1.495974294993201283e+02
1.460000000000000000e+03 6.352178826645436815e-02 -1.539870443624320739e-01 1.665743900365415919e-01 -1.506731782987476436e+02
1.470000000000000000e+03 6.772590511958224979e-02 -1.490574919422735511e-01 1.637221247369688992e-01 -1.517479511330297157e+02
1.480000000000000000e+03 7.183864280367240063e-02 -1.439958032395373400e-01 1.609210425968996272e-01 -1.528216632917970230e+02
1.490000000000000000e+03 7.585021590636238653e-02 -1.387833059852039974e-01 1.581583424079316402e-01 -1.538942450986689607e+02
1.500000000000000000e+03 7.974570303544965821e-02 -1.334038937377153566e-01 1.554219290093961647e-01 -1.549656427958303766e+02
1.510000000000000000e+03 8.350550703691417276e-02 -1.278446673390176980e-01 1.527004540678128519e-01 -1.560358186373254910e+02
1.520000000000000000e+03 8.710593683831271972e-02 -1.220966094531930196e-01 1.499834199918299860e-01 -1.571047509326197087e+02
1.530000000000000000e+03 9.052009780705505548e-02 -1.161552670344196542e-01 1.472614483387833240e-01 -1.581724331842137019e+02
1.540000000000000000e+03 9.371890667618365534e-02 -1.100212887561019398e-01 1.445265285272319400e-01 -1.592388729774816909e+02
1.550000000000000000e+03 9.667202980321357164e-02 -1.037007174108336843e-01 1.417720710781746329e-01 -1.603040912339342867e+02
1.560000000000000000e+03 9.934880201839289826e-02 -9.720510908024065921e-02 1.389928692192204385e-01 -1.613681215948634815e+02
1.570000000000000000e+03 1.017191338555832741e-01 -9.055140872248707007e-02 1.361849470901867754e-01 -1.624310093442430798e+02
1.580000000000000000e+03 1.037544821307697651e-01 -8.376170141716622608e-02 1.333454730634779650e-01 -1.634928098550932134e+02
1.590000000000000000e+03 1.054287747291944854e-01 -7.686287501632989294e-02 1.304727101606891204e-01 -1.645535872880495276e+02
1.600000000000000000e+03 1.067192052532257712e-01 -6.988611316932975825e-02 1.275658950652426571e-01 -1.656134133750802846e+02
1.610000000000000000e+03 1.076068979416469618e-01 -6.286633937916819015e-02 1.246251223131226438e-01 -1.666723667784049212e+02
1.620000000000000000e+03 1.080776331080092467e-01 -5.584158200428556568e-02 1.216513750804766036e-01 -1.677305320002181759e+02
1.630000000000000000e+03 1.081224742454335030e-01 -4.885215526291742522e-02 1.186465444536275587e-01 -1.687879977829470022e+02
1.640000000000000000e+03 1.077381902998030272e-01 -4.193975735992220427e-02 1.156134114040655858e-01 -1.698448558044807442e+02
1.650000000000000000e+03 1.069275030930451204e-01 -3.514651000770421807e-02 1.125556221760371511e-01 -1.709011994312252511e+02
1.660000000000000000e+03 1.056991322764813668e-01 -2.851395397229397610e-02 1.094776330358635669e-01 -1.719571224176209228e+02
1.670000000000000000e+03 1.040676784823715006e-01 -2.208211380855013006e-02 1.063846861863304433e-01 -1.730127180901966710e+02
1.680000000000000000e+03 1.020533875516453221e-01 -1.588858919779436232e-02 1.032828213085921765e-01 -1.740680784443494815e+02
1.690000000000000000e+03 9.968171490326634132e-02 -9.967684386599612659e-03 1.001788351803260535e-01 -1.751232931999211644e+02
1.700000000000000000e+03 9.698263864785713895e-02 -4.349618581748645324e-03 9.708012866136678243e-02 -1.761784488066826384e+02
1.710000000000000000e+03 9.398982490385210387e-02 9.401358413801975391e-04 9.399452665372076687e-02 -1.772336271913552537e+02
1.720000000000000000e+03 9.073972322388672296e-02 5.881284912572910112e-03 9.093012087845493696e-02 -1.782889050322827131e+02
1.730000000000000000e+03 8.727062476329029705e-02 1.045891330721024012e-02 8.789511257255865073e-02 -1.793443536542895913e+02
1.740000000000000000e+03 8.362174355424120686e-02 1.466347171128813513e-02 8.489766426515531206e-02 -1.804000395107212285e+02
1.750000000000000000e+03 7.983227225414368800e-02 1.849058688499987529e-02 8.194567405672766036e-02 -1.814560248853769338e+02
1.760000000000000000e+03 7.594044702802685287e-02 2.194076589988560796e-02 7.904649709563438265e-02 -1.825123678379666785e+02
1.770000000000000000e+03 7.198276699520696209e-02 2.501896527452066726e-02 7.620674095966792350e-02 -1.835691220692235106e+02
1.780000000000000000e+03 6.799341002836918613e-02 2.773406567745548973e-02 7.343216057210458225e-02 -1.846263368972693968e+02
1.790000000000000000e+03 6.400383390694099062e-02 3.009829220684846415e-02 7.072763214300423207e-02 -1.856840574905027665e+02
1.800000000000000000e+03 6.004253230924771340e-02 3.212651775299938534e-02 6.809712790596120224e-02 -1.867423266555855719e+02
1.810000000000000000e+03 5.613489521334157073e-02 3.383559655941070776e-02 6.554368051264777839e-02 -1.878011865101526894e+02
1.820000000000000000e+03 5.230316099180668671e-02 3.524363626811667649e-02 6.306928370557381147e-02 -1.888606813392700587e+02
1.830000000000000000e+03 4.856647381904226346e-02 3.636944127184923992e-02 6.067486001337134283e-02 -1.899208589135211298e+02
1.840000000000000000e+03 4.494106606778582730e-02 3.723199005645005943e-02 5.836026476013184139e-02 -1.909817725663936301e+02
1.850000000000000000e+03 4.144050566001027114e-02 3.784999442578845796e-02 5.612430478312903370e-02 -1.920434833025259707e+02
1.860000000000000000e+03 3.807600495557190989e-02 3.824158250902486705e-02 5.396481062851321564e-02 -1.931060616398553975e+02
1.870000000000000000e+03 3.485676842492391181e-02 3.842404904850374447e-02 5.187872252003314366e-02 -1.941695900232577685e+02
1.880000000000000000e+03 3.179037471385061375e-02 3.841375589577632893e-02 4.986225593038608878e-02 -1.952341650462432483e+02
1.890000000000000000e+03 2.888311489801887247e-02 3.822612888537624265e-02 4.791107654575876840e-02 -1.962998994172928633e+02
1.900000000000000000e+03 2.614021711069561618e-02 3.787569101247494074e-02 4.602041851468518380e-02 -1.973669231744726176e+02
1.910000000000000000e+03 2.356601695436903385e-02 3.737615522556726050e-02 4.418522529691693013e-02 -1.984353843787767175e+02
1.920000000000000000e+03 2.116409240731752586e-02 3.674056359090230317e-02 4.240032806951628958e-02 -1.995054497635202040e+02
1.930000000000000000e+03 1.893737252616577507e-02 3.598146193852489599e-02 4.066066503917876301e-02 -2.005773057859628352e+02
1.940000000000000000e+03 1.688819548626582442e-02 3.511112715722523175e-02 3.896155023909044640e-02 -2.016511595238440577e+02
1.950000000000000000e+03 1.501824779959429895e-02 3.414184097380908861e-02 3.729896877999294008e-02 -2.027272377925191620e+02
1.960000000000000000e+03 1.332845219995288343e-02 3.308612282169246660e-02 3.566986349032678916e-02 -2.038057863123717368e+02
1.970000000000000000e+03 1.181883033459211162e-02 3.195684999884604999e-02 3.407234967428312417e-02 -2.048870697302091912e+02
1.980000000000000000e+03 1.048833003895855223e-02 3.076726956440360011e-02 3.250584475836301723e-02 -2.059713713250374667e+02
1.990000000000000000e+03 9.334647771095438973e-03 2.953093574116977260e-02 3.097114487324476376e-02 -2.070589917785934233e+02
2.000000000000000000e+03 8.354055511263244402e-03 2.826162101573104213e-02 2.947048465706117795e-02 -2.081502456914809045e+02
2.010000000000000000e+03 7.541280263406415635e-03 2.697319462713652222e-02 2.800757284029856131e-02 -2.092454561911287101e+02
2.020000000000000000e+03 6.889438778960641115e-03 2.567945485092344715e-02 2.658756792430745294e-02 -2.103449466860718360e+02
2.030000000000000000e+03 6.389979548019325724e-03 2.439393090365709824e-02 2.521697252955838048e-02 -2.114490263665252598e+02
2.040000000000000000e+03 6.032692730631170237e-03 2.312964485307690554e-02 2.390342763311733079e-02 -2.125579698012465144e+02
2.050000000000000000e+03 5.805812064308863395e-03 2.189883095495991430e-02 2.265538017601966686e-02 -2.136719906560293794e+02
2.060000000000000000e+03 5.696189575606309084e-03 2.071263746279915566e-02 2.148161833630318068e-02 -2.147912088874400069e+02
2.070000000000000000e+03 5.689480372314831974e-03 1.958087101942330641e-02 2.039070123331336581e-02 -2.159156099037946319e+02
2.080000000000000000e+03 5.770346794422264933e-03 1.851178127491288558e-02 1.939027973233276025e-02 -2.170449999926422322e+02
2.090000000000000000e+03 5.922701998340802222e-03 1.751185092922433878e-02 1.848630092605130920e-02 -2.181789671417176066e+02
2.100000000000000000e+03 6.130013696958966363e-03 1.658561514491460609e-02 1.768218588467289354e-02 -2.193168595248414476e+02
2.110000000000000000e+03 6.375677811946378788e-03 1.573554647057482173e-02 1.697812387424962530e-02 -2.204577941826188976e+02
2.120000000000000000e+03 6.643426760005430136e-03 1.496200453234507351e-02 1.637060471520434754e-02 -2.216007027604582333e+02
2.130000000000000000e+03 6.917707189059990255e-03 1.426323268822232183e-02 1.585227048318145482e-02 -2.227444110523160816e+02
2.140000000000000000e+03 7.184004422224342205e-03 1.363539076716102812e-02 1.541213161479355886e-02 -2.238877406372776022e+02
2.150000000000000000e+03 7.429140758878701942e-03 1.307266417938346761e-02 1.503617907455775428e-02 -2.250296143938060993e+02
2.160000000000000000e+03 7.641589344583569858e-03 1.256750131753156530e-02 1.470836418767942910e-02 -2.261691460235879845e+02
2.170000000000000000e+03 7.811785830759547869e-03 1.211096133969383030e-02 1.441177929463306057e-02 -2.273056978879853602e+02
2.180000000000000000e+03 7.932374131361065103e-03 1.169309253470527873e-02 1.412979024561463598e-02 -2.284389019352317405e+02
2.190000000000000000e+03 7.998342554051841163e-03 1.130330327777521321e-02 1.384695448830971024e-02 -2.295686488817433144e+02
2.200000000000000000e+03 8.007046655792708634e-03 1.093073428909370828e-02 1.354967705322935451e-02 -2.306950566672795730e+02
2.210000000000000000e+03 7.958146602636700234e-03 1.056462713437897501e-02 1.322661876057197594e-02 -2.318184315307161114e+02
2.220000000000000000e+03 7.853492446407053795e-03 1.019469080835861373e-02 1.286891853590674609e-02 -2.329392322269277713e+02
2.230000000000000000e+03 7.696957770553219252e-03 9.811470790850007964e-03 1.247028941129204281e-02 -2.340580421644261833e+02
2.240000000000000000e+03 7.494210752981619178e-03 9.406689631576373861e-03 1.202701145899977113e-02 -2.351755521342921895e+02
2.250000000000000000e+03 7.252434983082273884e-03 8.973516374681069982e-03 1.153784248941303915e-02 -2.362925566718178629e+02
2.260000000000000000e+03 6.980018490422429389e-03 8.506742315188635037e-03 1.100387763216494064e-02 -2.374099662166180735e+02
2.270000000000000000e+03 6.686219732143679206e-03 8.002863109466665584e-03 1.042839164278796908e-02 -2.385288359755483611e+02
2.280000000000000000e+03 6.380808608462734156e-03 7.460100881266185785e-03 9.816711448163312551e-03 -2.396504102794477546e+02
2.290000000000000000e+03 6.073699731927363447e-03 6.878399592664339798e-03 9.176176185643968378e-03 -2.407761820631883438e+02
2.300000000000000000e+03 5.774621731505298790e-03 6.259391476530461358e-03 8.516233780165704398e-03 -2.419079696924796679e+02
2.310000000000000000e+03 5.492841532513368513e-03 5.606322133616417798e-03 7.848704094765018499e-03 -2.430480073305589883e+02
2.320000000000000000e+03 5.236937312590365587e-03 4.923915129782739306e-03 7.188216233621841367e-03 -2.441990281672999856e+02
2.330000000000000000e+03 5.014609912302434719e-03 4.218177354143466326e-03 6.552811058131510422e-03 -2.453642795503515117e+02
2.340000000000000000e+03 4.832516096501365301e-03 3.496191316172949856e-03 5.964609420760753553e-03 -2.465473233103705013e+02
2.350000000000000000e+03 4.696113646221563263e-03 2.765894732039338080e-03 5.450106150062707620e-03 -2.477513557566167606e+02
2.360000000000000000e+03 4.609525864592374858e-03 2.035820307391519608e-03 5.039076603935862229e-03 -2.489777367663409962e+02
2.370000000000000000e+03 4.575456115574529428e-03 1.314826188980648680e-03 4.760626699582496540e-03 -2.502238042119819283e+02
2.380000000000000000e+03 4.595174251619421960e-03 6.118616335790874172e-04 4.635730909079191497e-03 -2.514812549561613935e+02
2.390000000000000000e+03 4.668554887672171985e-03 -6.424092169624308585e-05 4.668996855345708234e-03 -2.527373888613442148e+02
2.400000000000000000e+03 4.794125238346311213e-03 -7.049766509879878615e-04 4.845681466975239847e-03 -2.539796331157620273e+02
2.410000000000000000e+03 4.969114325994430405e-03 -1.302383316050654887e-03 5.136954300626995519e-03 -2.551999594072377704e+02
2.420000000000000000e+03 5.189544257795564337e-03 -1.849250834074881410e-03 5.509183083810662365e-03 -2.563959425850134721e+02
2.430000000000000000e+03 5.450387295691183458e-03 -2.339306951335315410e-03 5.931195384203557207e-03 -2.575690521977052185e+02
2.440000000000000000e+03 5.745760510540331295e-03 -2.767350667847221554e-03 6.377459804915994353e-03 -2.587224761206825860e+02
2.450000000000000000e+03 6.069117612475227394e-03 -3.129337555341655305e-03 6.828392353206477056e-03 -2.598596920498554255e+02
2.460000000000000000e+03 6.413437329548923871e-03 -3.422452322449865726e-03 7.269481293702743062e-03 -2.609838236913453215e+02
2.470000000000000000e+03 6.771428374756482266e-03 -3.645153901205631323e-03 7.690213859050464874e-03 -2.620974562805803316e+02
2.480000000000000000e+03 7.135735967185268327e-03 -3.797146049868097006e-03 8.083133421972593310e-03 -2.632026501428864549e+02
2.490000000000000000e+03 7.499113482529619519e-03 -3.879287649196445226e-03 8.443078567031435389e-03 -2.643010206195106093e+02
2.500000000000000000e+03 7.854567776337507967e-03 -3.893480226447419354e-03 8.766608422121784094e-03 -2.653938281153621119e+02
2.510000000000000000e+03 8.195502865339253720e-03 -3.842538121788056146e-03 9.051594690063094820e-03 -2.664820555905137098e+02
2.520000000000000000e+03 8.515850457626429962e-03 -3.730034494580202007e-03 9.296927790803500777e-03 -2.675664684861186515e+02
2.530000000000000000e+03 8.810166192005253194e-03 -3.560124361713960447e-03 9.502289924098379983e-03 -2.686476590161157674e+02
2.540000000000000000e+03 9.073665909514279718e-03 -3.337377164619945158e-03 9.667962524565776664e-03 -2.697260808761847102e+02
2.550000000000000000e+03 9.302206955648872899e-03 -3.066642652636028619e-03 9.794659330711242076e-03 -2.708020777815188467e+02
2.560000000000000000e+03 9.492249813007514955e-03 -2.752936047177960421e-03 9.883393313654627310e-03 -2.718759046492820062e+02
2.570000000000000000e+03 9.640813013973122819e-03 -2.401334417242783920e-03 9.935375310164596893e-03 -2.729477420486639971e+02
2.580000000000000000e+03 9.745417051293480890e-03 -2.016892692638005274e-03 9.951934969505091613e-03 -2.740177063563779143e+02
2.590000000000000000e+03 9.804019344168647329e-03 -1.604584239645005708e-03 9.934459516397969175e-03 -2.750858570436824948e+02
2.600000000000000000e+03 9.814935233234050455e-03 -1.169253999192037792e-03 9.884336525392370745e-03 -2.761522006505879858e+02
2.610000000000000000e+03 9.776754175025298421e-03 -7.155878430199670440e-04 9.802907127987727648e-03 -2.772166918843862504e+02
2.620000000000000000e+03 9.688290169802242155e-03 -2.481258450226327865e-04 9.691467012235813541e-03 -2.782792346897680886e+02
2.630000000000000000e+03 9.548567065807211235e-03 2.286743270761779903e-04 9.551304882479769859e-03 -2.793396854134077216e+02
2.640000000000000000e+03 9.356806364076547186e-03 7.103411423545808899e-04 9.383731127507063258e-03 -2.803978576794875721e+02
2.650000000000000000e+03 9.112420196789721219e-03 1.192273006553219109e-03 9.190087962855234341e-03 -2.814535280045868717e+02
2.660000000000000000e+03 8.815050421390699734e-03 1.669636054717125095e-03 8.971777888850777927e-03 -2.825064394237849683e+02
2.670000000000000000e+03 8.464665159630804792e-03 2.137331779641064508e-03 8.730334667178070787e-03 -2.835562987439425910e+02
2.680000000000000000e+03 8.061673016971009770e-03 2.590020702650921991e-03 8.467513157516724787e-03 -2.846027695482145532e+02
2.690000000000000000e+03 7.607043272322290550e-03 3.022160379507838647e-03 8.185387022398561002e-03 -2.856454661469739449e+02
2.700000000000000000e+03 7.102443528533235358e-03 3.428064312272102038e-03 7.886464924481514926e-03 -2.866839498798402701e+02
2.710000000000000000e+03 6.550358444283398314e-03 3.801980030301084501e-03 7.573786892922394764e-03 -2.877177289762075816e+02
2.720000000000000000e+03 5.954161242219589353e-03 4.138192355420523480e-03 7.250977318183444466e-03 -2.887462613188921523e+02
2.730000000000000000e+03 5.318164375958076527e-03 4.431177068036859686e-03 6.922297489851566427e-03 -2.897689606457521450e+02
2.740000000000000000e+03 4.647644600708804134e-03 4.675805856599823083e-03 6.592705115740496100e-03 -2.907852107556918781e+02
2.750000000000000000e+03 3.948818104942177984e-03 4.867578962314972509e-03 6.267893536132409377e-03 -2.917943955516162191e+02
2.760000000000000000e+03 3.228764562519340423e-03 5.002832850285351268e-03 5.954263777166322186e-03 -2.927959587389102580e+02
2.770000000000000000e+03 2.495317077897585886e-03 5.078876999046849985e-03 5.658763017718137535e-03 -2.937895067551784223e+02
2.780000000000000000e+03 1.756930450108550989e-03 5.094070899486796700e-03 5.388539963247638252e-03 -2.947749546813937513e+02
2.790000000000000000e+03 1.022515466685506745e-03 5.047890260909675998e-03 5.150411048236620132e-03 -2.957526917602518779e+02
2.800000000000000000e+03 3.012424636263753689e-04 4.941000522812377671e-03 4.950175066431881064e-03 -2.967237255935554572e+02
2.810000000000000000e+03 -3.976669280115632354e-04 4.775319137044493033e-03 4.791848479058734983e-03 -2.976897492951533195e+02
2.820000000000000000e+03 -1.065162820651420874e-03 4.554038385934454369e-03 4.676947450534651995e-03 -2.986530693560577561e+02
2.830000000000000000e+03 -1.692617497032037049e-03 4.281587448277729066e-03 4.604014016975664821e-03 -2.996163635539319898e+02
2.840000000000000000e+03 -2.272083401899623652e-03 3.963530557901705567e-03 4.568581559806978928e-03 -3.005823169371325321e+02
2.850000000000000000e+03 -2.796523857427324431e-03 3.606415357701053641e-03 4.563636424762846679e-03 -3.015532541941721547e+02
2.860000000000000000e+03 -3.260004740513413116e-03 3.217582582321171832e-03 4.580444146829705000e-03 -3.025308859213329242e+02
2.870000000000000000e+03 -3.657848679323583933e-03 2.804942158623954188e-03 4.609507291897399148e-03 -3.035162212941859821e+02
2.880000000000000000e+03 -3.986741714021246885e-03 2.376717113465225475e-03 4.641432293134905261e-03 -3.045096244348569599e+02
2.890000000000000000e+03 -4.244789712532800671e-03 1.941162411041920735e-03 4.667585158266143383e-03 -3.055109486429764161e+02
2.900000000000000000e+03 -4.431525313238838040e-03 1.506299123763578385e-03 4.680529206417529016e-03 -3.065196903862848217e+02
2.910000000000000000e+03 -4.547838320980448178e-03 1.079704724183804193e-03 4.674248141166992797e-03 -3.075351318419537279e+02
2.920000000000000000e+03 -4.595836731050060610e-03 6.683489267249871461e-04 4.644179749570783930e-03 -3.085564492427744767e+02
2.930000000000000000e+03 -4.578686571621570604e-03 2.784390570608617408e-04 4.587144975869482909e-03 -3.095827739283187157e+02
2.940000000000000000e+03 -4.500448432272451116e-03 -8.470925754379990359e-05 4.501245577599292252e-03 -3.106132165506259639e+02
2.950000000000000000e+03 -4.365931987859813027e-03 -4.167375466526946053e-04 4.385776134894215673e-03 -3.116468729102954853e+02
2.960000000000000000e+03 -4.180579256984120855e-03 -7.142635509742952969e-04 4.241157311887441828e-03 -3.126828178735771644e+02
2.970000000000000000e+03 -3.950341777030727530e-03 -9.748866908121563970e-04 4.068857851446393802e-03 -3.137200858520735096e+02
2.980000000000000000e+03 -3.681543313483735293e-03 -1.197179607873147906e-03 3.871304713215443193e-03 -3.147576382662346077e+02
2.990000000000000000e+03 -3.380737403900332862e-03 -1.380663772235045297e-03 3.651796523095593872e-03 -3.157943174646021021e+02
3.000000000000000000e+03 -3.054557496683053906e-03 -1.525778069502686796e-03 3.414428241729204963e-03 -3.168287822336672548e+02
3.010000000000000000e+03 -2.709570731787748574e-03 -1.633844294853591594e-03 3.164051316016607603e-03 -3.178594215374298528e+02
3.020000000000000000e+03 -2.352156009711260220e-03 -1.707035166005130842e-03 2.906304690151905422e-03 -3.188842488251121949e+02
3.030000000000000000e+03 -1.988416284871302123e-03 -1.748344161228508175e-03 2.647736132631649947e-03 -3.199007964505967720e+02
3.040000000000000000e+03 -1.624093197324424660e-03 -1.761531806050560056e-03 2.395970162026902182e-03 -3.209060660933890290e+02
3.050000000000000000e+03 -1.264443109945197121e-03 -1.751028911735426049e-03 2.159842269245888964e-03 -3.218966545502240706e+02
3.060000000000000000e+03 -9.140954364623918044e-04 -1.721806888426168775e-03 1.949407455611364831e-03 -3.228692959892716772e+02
3.070000000000000000e+03 -5.769497489120184409e-04 -1.679246058595171591e-03 1.775595206705926068e-03 -3.238221814500121809e+02
3.080000000000000000e+03 -2.561293406977090451e-04 -1.629021024427746312e-03 1.649033576733314153e-03 -3.247571926688970620e+02
3.090000000000000000e+03 4.603278698869210531e-05 -1.577000086817762024e-03 1.577671794544472208e-03 -3.256820585936675911e+02
3.100000000000000000e+03 3.280212703169651102e-04 -1.529132123661646131e-03 1.563919117280152590e-03 -3.266099281799157552e+02
3.110000000000000000e+03 5.891934973456135942e-04 -1.491303380018041804e-03 1.603475833484119435e-03 -3.275549771620416664e+02
3.120000000000000000e+03 8.298223763069303028e-04 -1.469172756284890975e-03 1.687327402737662197e-03 -3.285270881405526211e+02
3.130000000000000000e+03 1.051107538944373414e-03 -1.467995996670457904e-03 1.805502507521434879e-03 -3.295298466144454892e+02
3.140000000000000000e+03 1.255152016963075306e-03 -1.492466844084127265e-03 1.950093296839130932e-03 -3.305619995098030017e+02
3.150000000000000000e+03 1.444898036482801821e-03 -1.546599448388185586e-03 2.116530224113630579e-03 -3.316198259767428453e+02
3.160000000000000000e+03 1.624032167117588511e-03 -1.633628284072899568e-03 2.303523789839301197e-03 -3.326987879414929239e+02
3.170000000000000000e+03 1.796866214622734560e-03 -1.755891768044946528e-03 2.512346332482972514e-03 -3.337943096155982516e+02
3.180000000000000000e+03 1.968192126990136841e-03 -1.914699431533521548e-03 2.745879487861903334e-03 -3.349020666030417033e+02
3.190000000000000000e+03 2.143137321426603903e-03 -2.110215305307266368e-03 3.007664577915003783e-03 -3.360181021456186272e+02
3.200000000000000000e+03 2.327022021931890537e-03 -2.341393651328853905e-03 3.301084022111380138e-03 -3.371389207132294814e+02
3.210000000000000000e+03 2.525196797857053813e-03 -2.605974421363928175e-03 3.628735530830343777e-03 -3.382615834728723598e+02
3.220000000000000000e+03 2.742866305958589247e-03 -2.900520217133699223e-03 3.992033705063653161e-03 -3.393837710249558768e+02
3.230000000000000000e+03 2.984898715691008779e-03 -3.220473973016577205e-03 4.391021857587480356e-03 -3.405037871319905207e+02
3.240000000000000000e+03 3.255618519939501663e-03 -3.560244578860431112e-03 4.824354196022319352e-03 -3.416205062065629363e+02
3.250000000000000000e+03 3.558598970810203117e-03 -3.913339599562848208e-03 5.289409556515562057e-03 -3.427332830038500902e+02
3.260000000000000000e+03 3.896474503826070739e-03 -4.272541361520365219e-03 5.782484175928968503e-03 -3.438418455225628918e+02
3.270000000000000000e+03 4.270790851879522655e-03 -4.630113661522644759e-03 6.299016353298064579e-03 -3.449461895803207199e+02
3.280000000000000000e+03 4.681897176240561176e-03 -4.978024876341635707e-03 6.833805150746215078e-03 -3.460464879333123918e+02
3.290000000000000000e+03 5.128875955387057414e-03 -5.308183823913037794e-03 7.381204784735317243e-03 -3.471430204735208918e+02
3.300000000000000000e+03 5.609516800748007986e-03 -5.612697447257512968e-03 7.935304113411480523e-03 -3.482361256659988840e+02
3.310000000000000000e+03 6.120336873744211190e-03 -5.884130342616297749e-03 8.490083234987207475e-03 -3.493261682279953106e+02
3.320000000000000000e+03 6.656641562043319471e-03 -6.115734244946627492e-03 9.039528872697703832e-03 -3.504135177519072499e+02
3.330000000000000000e+03 7.212625340513304471e-03 -6.301651808574904208e-03 9.577723102028479207e-03 -3.514985358302933491e+02
3.340000000000000000e+03 7.781507810302638363e-03 -6.437099337547553222e-03 1.009891636183091190e-02 -3.525815697595946858e+02
3.350000000000000000e+03 8.355709831305072749e-03 -6.518503509711204812e-03 1.059758344110040690e-02 -3.536629484846571359e+02
3.360000000000000000e+03 8.927072962822487842e-03 -6.543592993792558647e-03 1.106847961338716831e-02 -3.547429796509536004e+02
3.370000000000000000e+03 9.487103022714897874e-03 -6.511457998690621529e-03 1.150670278717227588e-02 -3.558219490171101143e+02
3.380000000000000000e+03 1.002721966838502482e-02 -6.422576540153253875e-03 1.190775477124778568e-02 -3.569001219656291823e+02
3.390000000000000000e+03 1.053899262809141792e-02 -6.278803252788335738e-03 1.226758883816174601e-02 -3.579777466121585121e+02
3.400000000000000000e+03 1.101436411049480472e-02 -6.083310392028384340e-03 1.258264209473974361e-02 -3.590550567725150586e+02
3.410000000000000000e+03 1.144586871989214730e-02 -5.840481454464982805e-03 1.284986904108189297e-02 -3.601322737545574455e+02
3.420000000000000000e+03 1.182684220080590549e-02 -5.555775593357713434e-03 1.306678380040447209e-02 -3.612096082466833309e+02
3.430000000000000000e+03 1.215160367267716264e-02 -5.235562277473545904e-03 1.323149969501284835e-02 -3.622872623181107201e+02
3.440000000000000000e+03 1.241560508464260859e-02 -4.886927641090582641e-03 1.334276250958018641e-02 -3.633654312133056123e+02
3.450000000000000000e+03 1.261554815199193713e-02 -4.517467925386145153e-03 1.339998401611433923e-02 -3.644443053981893854e+02
3.460000000000000000e+03 1.274946837368960521e-02 -4.135078745188923086e-03 1.340327646661907367e-02 -3.655240729652175560e+02
3.470000000000000000e+03 1.281677347636524245e-02 -3.747744094338430199e-03 1.335347401020079740e-02 -3.666049224858446109e+02
3.480000000000000000e+03 1.281822496148598417e-02 -3.363321231663692415e-03 1.325212514544826282e-02 -3.676870456422070106e+02
3.490000000000000000e+03 1.275587137007982985e-02 -2.989310159837243498e-03 1.310145906537620898e-02 -3.687706378646190046e+02
3.500000000000000000e+03 1.263294566976938017e-02 -2.632618941341530964e-03 1.290434030803803284e-02 -3.698558967650308773e+02
3.510000000000000000e+03 1.245373188348189789e-02 -2.299361927262643171e-03 1.266422137749488933e-02 -3.709430203488875009e+02
3.520000000000000000e+03 1.222341292317329596e-02 -1.994716671653404012e-03 1.238510064919021852e-02 -3.720322063981348037e+02
3.530000000000000000e+03 1.194790611136165200e-02 -1.722834280853462142e-03 1.207147954499352034e-02 -3.731236524753913955e+02
3.540000000000000000e+03 1.163367375608265718e-02 -1.486787787868898859e-03 1.172829497365761482e-02 -3.742175554014976342e+02
3.550000000000000000e+03 1.128750289319897272e-02 -1.288554217322890501e-03 1.136081394685063001e-02 -3.753141096192399004e+02
3.560000000000000000e+03 1.091627303450605838e-02 -1.129025444076646846e-03 1.097450296903037734e-02 -3.764135035553189255e+02
3.570000000000000000e+03 1.052674769715439620e-02 -1.008052836747093438e-03 1.057490366864962360e-02 -3.775159140531535513e+02
3.580000000000000000e+03 1.012540445070650094e-02 -9.245337038192111973e-04 1.016752565081026349e-02 -3.786214999114505986e+02
3.590000000000000000e+03 9.718298071022285489e-03 -8.765299875081242328e-04 9.757746779673904733e-03 -3.797303944671439240e+02
3.600000000000000000e+03 9.310946441681604985e-03 -8.613997893592852898e-04 9.350707632953324938e-03 -3.808426962218517815e+02
3.610000000000000000e+03 8.908231049983273558e-03 -8.759292541028410994e-04 8.951191680333923581e-03 -3.819584570919217299e+02
3.620000000000000000e+03 8.514317191581240868e-03 -9.164686805495529448e-04 8.563498822402213287e-03 -3.830776697835812001e+02
3.630000000000000000e+03 8.132614345010818341e-03 -9.790646080570257134e-04 8.191335885643170889e-03 -3.842002549253897996e+02
3.640000000000000000e+03 7.765780540236091878e-03 -1.059573074176585299e-03 7.837731974151041642e-03 -3.853260480225471838e+02
3.650000000000000000e+03 7.415751152333369817e-03 -1.153772601496239926e-03 7.504968778702354217e-03 -3.864547906759568718e+02
3.660000000000000000e+03 7.083781680294942706e-03 -1.257482856479266286e-03 7.194527505571265448e-03 -3.875861296976210610e+02
3.670000000000000000e+03 6.770498804763541191e-03 -1.366673374418638127e-03 6.907057997269847732e-03 -3.887196246890434281e+02
3.680000000000000000e+03 6.475959089216127423e-03 -1.477555856082937366e-03 6.642380404120645614e-03 -3.898547643623945760e+02
3.690000000000000000e+03 6.199727933783229922e-03 -1.586653902424040160e-03 6.399538816118667192e-03 -3.909909896549737596e+02
3.700000000000000000e+03 5.940981513971861291e-03 -1.690850882876803385e-03 6.176911692543504522e-03 -3.921277206489105538e+02
3.710000000000000000e+03 5.698614976337589184e-03 -1.787427725222933209e-03 5.972362222892604704e-03 -3.932643854189483932e+02
3.720000000000000000e+03 5.471339408880348393e-03 -1.874092047512295909e-03 5.783405219221283630e-03 -3.944004477166615743e+02
3.730000000000000000e+03 5.257764699754504181e-03 -1.948988540790693499e-03 5.607374249157800333e-03 -3.955354287254125438e+02
3.740000000000000000e+03 5.056473485843807590e-03 -2.010696400103766275e-03 5.441582869573123940e-03 -3.966689211975848366e+02
3.750000000000000000e+03 4.866089687269126683e-03 -2.058220958570408307e-03 5.283474458994331067e-03 -3.978005959600395727e+02
3.760000000000000000e+03 4.685341920884009657e-03 -2.090967317978452596e-03 5.130747824678880478e-03 -3.989301988877300573e+02
3.770000000000000000e+03 4.513118765466460174e-03 -2.108692067255954396e-03 4.981447904546799400e-03 -4.000575387468566078e+02
3.780000000000000000e+03 4.348510285512096479e-03 -2.111438416575954491e-03 4.834016331188514988e-03 -4.011824685879147978e+02
3.790000000000000000e+03 4.190834089725469294e-03 -2.099453676323806677e-03 4.687301580508197556e-03 -4.023048619543701534e+02
3.800000000000000000e+03 4.039641636460105170e-03 -2.073109420338854064e-03 4.540538208155480045e-03 -4.034245890443579583e+02
3.810000000000000000e+03 3.894695611202831070e-03 -2.032847321616448703e-03 4.393304239058087347e-03 -4.045414993037179556e+02
3.820000000000000000e+03 3.755926307705729963e-03 -1.979140612123567438e-03 4.245465815605260762e-03 -4.056554091890467362e+02
3.830000000000000000e+03 3.623381536265647511e-03 -1.912443050298509714e-03 4.097112663570026160e-03 -4.067660883606463358e+02
3.840000000000000000e+03 3.497169671030057100e-03 -1.833128200685580191e-03 3.948487648216875666e-03 -4.078732439590291960e+02
3.850000000000000000e+03 3.377399935773181278e-03 -1.741449998670735683e-03 3.799931370963295987e-03 -4.089765082996611341e+02
3.860000000000000000e+03 3.264142560844016019e-03 -1.637532454569816170e-03 3.651867905234632092e-03 -4.100754292561353509e+02
3.870000000000000000e+03 3.157413604391255332e-03 -1.521370500873574141e-03 3.504829363909645144e-03 -4.111694590272854271e+02
3.880000000000000000e+03 3.057142408005155375e-03 -1.392839455939231998e-03 3.359482319174288568e-03 -4.122579466528326861e+02
3.890000000000000000e+03 2.963105335483288017e-03 -1.251722136220780567e-03 3.216644452760460907e-03 -4.133401409262614834e+02
3.900000000000000000e+03 2.874862433688171477e-03 -1.097746656244226200e-03 3.077317294970873668e-03 -4.144152007229596393e+02
3.910000000000000000e+03 2.791726068523202754e-03 -9.306186438924656315e-04 2.942751348998462035e-03 -4.154822085879394535e+02
3.920000000000000000e+03 2.712754681886999069e-03 -7.500552124597805771e-04 2.814537401747917687e-03 -4.165401969439749905e+02
3.930000000000000000e+03 2.636757336601453731e-03 -5.558374949142969338e-04 2.694706769367344844e-03 -4.175882056450171262e+02
3.940000000000000000e+03 2.562315416620944680e-03 -3.478788481149574195e-04 2.585822883961536121e-03 -4.186253863733771823e+02
3.950000000000000000e+03 2.487819705824918966e-03 -1.262901861412795400e-04 2.491023103025418687e-03 -4.196511639410165913e+02
3.960000000000000000e+03 2.411516815800786133e-03 1.085814830160665927e-04 2.413960084869658761e-03 -4.206654482511449942e+02
3.970000000000000000e+03 2.331561708362251892e-03 3.561409802791269306e-04 2.358604756574377622e-03 -4.216688678605501082e+02
3.980000000000000000e+03 2.246077013908465061e-03 6.155349773478328108e-04 2.328893570077122509e-03 -4.226629622949415079e+02
3.990000000000000000e+03 2.153214090065336348e-03 8.856315399326553399e-04 2.328234125293111596e-03 -4.236502286436581812e+02
4.000000000000000000e+03 2.051209569016111591e-03 1.165000416990837713e-03 2.358958810071106089e-03 -4.246339183246644211e+02
4.010000000000000000e+03 1.938444812742614416e-03 1.451910854407935728e-03 2.421902851312647195e-03 -4.256175780918496230e+02
4.020000000000000000e+03 1.813506544329774066e-03 1.744370697704885915e-03 2.516274054497710799e-03 -4.266044752382645697e+02
4.030000000000000000e+03 1.675242613931307882e-03 2.040193536397041842e-03 2.639853685621168945e-03 -4.275971344071884914e+02
4.040000000000000000e+03 1.522811466071030727e-03 2.337057141328704405e-03 2.789406898075807648e-03 -4.285971424347895322e+02
4.050000000000000000e+03 1.355721008501557367e-03 2.632548798986999571e-03 2.961130296346375576e-03 -4.296052107277875507e+02
4.060000000000000000e+03 1.173847186637191594e-03 2.924212139465811548e-03 3.151021081201341167e-03 -4.306213805972929549e+02
4.070000000000000000e+03 9.774227577556398455e-04 3.209600460842060646e-03 3.355128964081143667e-03 -4.316452562027213276e+02
4.080000000000000000e+03 7.670093944374215553e-04 3.486337685122143423e-03 3.569713415087839500e-03 -4.326762021888944219e+02
4.090000000000000000e+03 5.434839696837897400e-04 3.752182428633079291e-03 3.791338523931367908e-03 -4.337134921283874291e+02
4.100000000000000000e+03 3.080361958963678966e-04 4.005074889169958109e-03 4.016903181039101732e-03 -4.347564081039586767e+02
4.110000000000000000e+03 6.214440313986820162e-05 4.243170355609865441e-03 4.243625406838822181e-03 -4.358042924524965542e+02
4.120000000000000000e+03 -1.924764392611904012e-04 4.464876212129242558e-03 4.469023021792149601e-03 -4.368565654060539032e+02
4.130000000000000000e+03 -4.539355201115461000e-04 4.668888853769955286e-03 4.690904026440560759e-03 -4.379127267777299153e+02
4.140000000000000000e+03 -7.202242246943288927e-04 4.854202534624916555e-03 4.907341966991449547e-03 -4.389723510673642295e+02
4.150000000000000000e+03 -9.892756725257631240e-04 5.020089544791358008e-03 5.116636140471081742e-03 -4.400350774799544524e+02
4.160000000000000000e+03 -1.259021971037439618e-03 5.166084873470891577e-03 5.317289652018193126e-03 -4.411005986293165506e+02
4.170000000000000000e+03 -1.527435761827008760e-03 5.291988374240405232e-03 5.508012432774971739e-03 -4.421686529160177201e+02
4.180000000000000000e+03 -1.792557446410636716e-03 5.397866679369329318e-03 5.687725985569970499e-03 -4.432390199680265823e+02
4.190000000000000000e+03 -2.052520498285671357e-03 5.484028116794646170e-03 5.855544789486038897e-03 -4.443115151085001457e+02
4.200000000000000000e+03 -2.305576427679434555e-03 5.550973624626608961e-03 6.010739625468011771e-03 -4.642355381158644718e+02
