0.000000000000000000e+00 2.604168841313921900e-01 6.313726624095993278e-01
1.000000000000000000e+01 2.593362811991575256e-01 6.324476339736753161e-01
2.000000000000000000e+01 2.580539715946993384e-01 6.337215587055137211e-01
3.000000000000000000e+01 2.565911294493488648e-01 6.351761673971422217e-01
4.000000000000000000e+01 2.549799163048219741e-01 6.367797880298131652e-01
5.000000000000000000e+01 2.532648290017061043e-01 6.384881376355705518e-01
6.000000000000000000e+01 2.514998126246574817e-01 6.402474607557365749e-01
7.000000000000000000e+01 2.497437404089447588e-01 6.419989509654684401e-01
8.000000000000000000e+01 2.480548829306047920e-01 6.436842260455082343e-01
9.000000000000000000e+01 2.464855733784578062e-01 6.452507650427734553e-01
1.000000000000000000e+02 2.450779940642076049e-01 6.466562070332763090e-01
1.100000000000000000e+02 2.438614956659668487e-01 6.478710384527512911e-01
1.200000000000000000e+02 2.428514122334425318e-01 6.488798250968683679e-01
1.300000000000000000e+02 2.420490737260584946e-01 6.496812038578606563e-01
1.400000000000000000e+02 2.414428744797236237e-01 6.502867595112600263e-01
1.500000000000000000e+02 2.410102964030385320e-01 6.507189971048272792e-01
1.600000000000000000e+02 2.407205352312716817e-01 6.510087333517031727e-01
1.700000000000000000e+02 2.405373517385318571e-01 6.511922189632000091e-01
1.800000000000000000e+02 2.404219331041603513e-01 6.513082465973173418e-01
1.900000000000000000e+02 2.403356332061345468e-01 6.513954371916806929e-01
2.000000000000000000e+02 2.402424003562332600e-01 6.514898515536845514e-01
2.100000000000000000e+02 2.401106805076076989e-01 6.516230682590302692e-01
2.200000000000000000e+02 2.399147174302709573e-01 6.518208324150064348e-01
2.300000000000000000e+02 2.396353030362558534e-01 6.521022925123003411e-01
2.400000000000000000e+02 2.392600448805612956e-01 6.524797651288488654e-01
2.500000000000000000e+02 2.387831829877834766e-01 6.529589458040843120e-01
2.600000000000000000e+02 2.382049985377735768e-01 6.535395011527996845e-01
2.700000000000000000e+02 2.375309185261652023e-01 6.542159564077384415e-01
2.800000000000000000e+02 2.367704763188242523e-01 6.549787247974208082e-01
2.900000000000000000e+02 2.359362570402498416e-01 6.558151721562045511e-01
3.000000000000000000e+02 2.350428772217570961e-01 6.567106637250921253e-01
3.100000000000000000e+02 2.341060032832822935e-01 6.576495357614202675e-01
3.200000000000000000e+02 2.331414616362747494e-01 6.586159642844541251e-01
3.300000000000000000e+02 2.321645106342342668e-01 6.595946820943354716e-01
3.400000000000000000e+02 2.311893170998037261e-01 6.605715329615901021e-01
3.500000000000000000e+02 2.302285967962628688e-01 6.615338525996059538e-01
3.600000000000000000e+02 2.292933471086943398e-01 6.624707067500241742e-01
3.700000000000000000e+02 2.283926578577777644e-01 6.633730097590888608e-01
3.800000000000000000e+02 2.275336875169005901e-01 6.642335355177957368e-01
3.900000000000000000e+02 2.267218000357039132e-01 6.650468371589248751e-01
4.000000000000000000e+02 2.259607475465105486e-01 6.658091177562306395e-01
4.100000000000000000e+02 2.252528474398313441e-01 6.665180846329520348e-01
4.200000000000000000e+02 2.245991279226422221e-01 6.671727864327036128e-01
4.300000000000000000e+02 2.239994326107004330e-01 6.677734215168100729e-01
4.400000000000000000e+02 2.234525423191501825e-01 6.683211404465609906e-01
4.500000000000000000e+02 2.229564136284659104e-01 6.688178808101298278e-01
4.600000000000000000e+02 2.225084124726568746e-01 6.692662292534427015e-01
4.700000000000000000e+02 2.221054107529144006e-01 6.696692750370465408e-01
4.800000000000000000e+02 2.217439191976220136e-01 6.700304771942362514e-01
4.900000000000000000e+02 2.214202571840154787e-01 6.703535682583572353e-01
5.000000000000000000e+02 2.211305860960758041e-01 6.706424933826307111e-01
5.100000000000000000e+02 2.208708892387428457e-01 6.709013577890753366e-01
5.200000000000000000e+02 2.206369971751271919e-01 6.711343707070990261e-01
5.300000000000000000e+02 2.204246549415373735e-01 6.713457959219968352e-01
5.400000000000000000e+02 2.202295910911497290e-01 6.715399084019463283e-01
5.500000000000000000e+02 2.200475704861968862e-01 6.717209421461853847e-01
5.600000000000000000e+02 2.198744369110260666e-01 6.718930281008755889e-01
5.700000000000000000e+02 2.197061410815911442e-01 6.720601566683298556e-01
5.800000000000000000e+02 2.195387669643776851e-01 6.722261701419841584e-01
5.900000000000000000e+02 2.193685732459962345e-01 6.723947436212454054e-01
6.000000000000000000e+02 2.191920542182600184e-01 6.725693389050686477e-01
6.100000000000000000e+02 2.190060001596832173e-01 6.727531615732196268e-01
6.200000000000000000e+02 2.188075173924318440e-01 6.729491300928356345e-01
6.300000000000000000e+02 2.185940139004728111e-01 6.731598484111301905e-01
6.400000000000000000e+02 2.183631923722496870e-01 6.733875796270204495e-01
6.500000000000000000e+02 2.181130761558656983e-01 6.736342319849891735e-01
6.600000000000000000e+02 2.178420568705869420e-01 6.739013491318867066e-01
6.700000000000000000e+02 2.175489358704016940e-01 6.741900935313763776e-01
6.800000000000000000e+02 2.172329342373827687e-01 6.745012355919263181e-01
6.900000000000000000e+02 2.168936694273389809e-01 6.748351641125448497e-01
7.000000000000000000e+02 2.165311256717187549e-01 6.751919051250577786e-01
7.100000000000000000e+02 2.161456242273793460e-01 6.755711479500055017e-01
7.200000000000000000e+02 2.157377782194488947e-01 6.759722949259985292e-01
7.300000000000000000e+02 2.153084402748018378e-01 6.763945159976385568e-01
7.400000000000000000e+02 2.148586588451689428e-01 6.768367888138663302e-01
7.500000000000000000e+02 2.143896375664942899e-01 6.772979336243237780e-01
7.600000000000000000e+02 2.139026884353503466e-01 6.777766513172126528e-01
7.700000000000000000e+02 2.133991851365941994e-01 6.782715632351706825e-01
7.800000000000000000e+02 2.128805326854000812e-01 6.787812454040188515e-01
7.900000000000000000e+02 2.123481708065532159e-01 6.793042431450274643e-01
8.000000000000000000e+02 2.118036043331945339e-01 6.798390536477406654e-01
8.100000000000000000e+02 2.112484377120586176e-01 6.803840931867985997e-01
8.200000000000000000e+02 2.106844071819873876e-01 6.809376739735141237e-01
8.300000000000000000e+02 2.101134072576501255e-01 6.814979712905078202e-01
8.400000000000000000e+02 2.095375152687842801e-01 6.820629800070105997e-01
8.500000000000000000e+02 2.089590218505568420e-01 6.826304731100711898e-01
8.600000000000000000e+02 2.083804549685231711e-01 6.831979610107712375e-01
8.700000000000000000e+02 2.078045857665219431e-01 6.837626743322440248e-01
8.800000000000000000e+02 2.072344220163314654e-01 6.843215881991133731e-01
8.900000000000000000e+02 2.066731859885133915e-01 6.848714668443686149e-01
9.000000000000000000e+02 2.061242728828288628e-01 6.854089217971547354e-01
9.100000000000000000e+02 2.055911844760153762e-01 6.859304748953156672e-01
9.200000000000000000e+02 2.050774358543833997e-01 6.864326299961936995e-01
9.300000000000000000e+02 2.045864529084549799e-01 6.869119702452815002e-01
9.400000000000000000e+02 2.041214776749502857e-01 6.873652721094895002e-01
9.500000000000000000e+02 2.036854812452149610e-01 6.877895884373297353e-01
9.600000000000000000e+02 2.032810863890391062e-01 6.881823211073194724e-01
9.700000000000000000e+02 2.029105077179084449e-01 6.885412625675485510e-01
9.800000000000000000e+02 2.025755479880658461e-01 6.888646017614569184e-01
9.900000000000000000e+02 2.022776187058329123e-01 6.891509795023081919e-01
1.000000000000000000e+03 2.020177359436873543e-01 6.893994399732127354e-01
1.010000000000000000e+03 2.017965445251281575e-01 6.896093561111820147e-01
1.020000000000000000e+03 2.016143821675405734e-01 6.897803947989763484e-01
1.030000000000000000e+03 2.014713672328374283e-01 6.899124601009382074e-01
1.040000000000000000e+03 2.013675033357432143e-01 6.900055720398206027e-01
1.050000000000000000e+03 2.013027817758814841e-01 6.900597664994381208e-01
1.060000000000000000e+03 2.012772375420854021e-01 6.900750255017543688e-01
1.070000000000000000e+03 2.012909973423230858e-01 6.900512269770979756e-01
1.080000000000000000e+03 2.013443219186934752e-01 6.899881126439048051e-01
1.090000000000000000e+03 2.014376211258891991e-01 6.898852686498840869e-01
1.100000000000000000e+03 2.015714491841107125e-01 6.897421248284395512e-01
1.110000000000000000e+03 2.017464727903250654e-01 6.895580052331288234e-01
1.120000000000000000e+03 2.019634021200456264e-01 6.893322167687419011e-01
1.130000000000000000e+03 2.022228931893328419e-01 6.890640941158767685e-01
1.140000000000000000e+03 2.025254549477080723e-01 6.887530810812693138e-01
1.150000000000000000e+03 2.028713567760941361e-01 6.883988672286642796e-01
1.160000000000000000e+03 2.032605341591758874e-01 6.880015480285258667e-01
1.170000000000000000e+03 2.036924698722098470e-01 6.875616514099057719e-01
1.180000000000000000e+03 2.041660988093734197e-01 6.870802422305060109e-01
1.190000000000000000e+03 2.046797459803202934e-01 6.865590061785724618e-01
1.200000000000000000e+03 2.052311048226929113e-01 6.860002710874859577e-01
1.210000000000000000e+03 2.058172414094812108e-01 6.854069782243582543e-01
1.220000000000000000e+03 2.064346416159963948e-01 6.847826325408369330e-01
1.230000000000000000e+03 2.070793211917792420e-01 6.841312222178121960e-01
1.240000000000000000e+03 2.077469501397360141e-01 6.834570543450461111e-01
1.250000000000000000e+03 2.084330055953455829e-01 6.827646474913426911e-01
1.260000000000000000e+03 2.091329175488766956e-01 6.820585799076951394e-01
1.270000000000000000e+03 2.098422136265986615e-01 6.813432955705597260e-01
1.280000000000000000e+03 2.105566353849031846e-01 6.806230305029915550e-01
1.290000000000000000e+03 2.112722198287215192e-01 6.799017620421855534e-01
1.300000000000000000e+03 2.119853539960769861e-01 6.791831147826509207e-01
1.310000000000000000e+03 2.126927908154905844e-01 6.784702972559956136e-01
1.320000000000000000e+03 2.133916864770319111e-01 6.777661332966897767e-01
1.330000000000000000e+03 2.140796109563801453e-01 6.770730676717567897e-01
1.340000000000000000e+03 2.147545133548931229e-01 6.763931588626780345e-01
1.350000000000000000e+03 2.154146774320360724e-01 6.757280837688569575e-01
1.360000000000000000e+03 2.160587203255220634e-01 6.750792602729372982e-01
1.370000000000000000e+03 2.166855594298192633e-01 6.744477919711014957e-01
1.380000000000000000e+03 2.172944042122249009e-01 6.738343849770453975e-01
1.390000000000000000e+03 2.178847617821379756e-01 6.732395604352962026e-01
1.400000000000000000e+03 2.184563765091818988e-01 6.726636785233660598e-01
1.410000000000000000e+03 2.190091693958728380e-01 6.721067545153054379e-01
1.420000000000000000e+03 2.195432284385101518e-01 6.715686776458129614e-01
1.430000000000000000e+03 2.200587438871605683e-01 6.710492624978069420e-01
1.440000000000000000e+03 2.205559735641005603e-01 6.705482124037234204e-01
1.450000000000000000e+03 2.210352308610047944e-01 6.700652039245151848e-01
1.460000000000000000e+03 2.214968539268469261e-01 6.695998716530701111e-01
1.470000000000000000e+03 2.219411992620942964e-01 6.691518548119692600e-01
1.480000000000000000e+03 2.223686110010743289e-01 6.687207958561822707e-01
1.490000000000000000e+03 2.227794239892597061e-01 6.683063738708372448e-01
1.500000000000000000e+03 2.231739696664793160e-01 6.679082825604824025e-01
1.510000000000000000e+03 2.235525621483286651e-01 6.675261881108448536e-01
1.520000000000000000e+03 2.239155247192241849e-01 6.671597728959635099e-01
1.530000000000000000e+03 2.242631877556792996e-01 6.668087296545073261e-01
1.540000000000000000e+03 2.245958686707332230e-01 6.664727668910386260e-01
1.550000000000000000e+03 2.249138667689899451e-01 6.661515897251710783e-01
1.560000000000000000e+03 2.252174661079871798e-01 6.658449257482014216e-01
1.570000000000000000e+03 2.255068951981246683e-01 6.655525310525187699e-01
1.580000000000000000e+03 2.257823325220886523e-01 6.652742396844123496e-01
1.590000000000000000e+03 2.260438930861839169e-01 6.650099535370531667e-01
1.600000000000000000e+03 2.262916097309007335e-01 6.647596595025778710e-01
1.610000000000000000e+03 2.265254377534949293e-01 6.645234212473631885e-01
1.620000000000000000e+03 2.267452844485239316e-01 6.643012867029355339e-01
1.630000000000000000e+03 2.269510552703060680e-01 6.640933070701197094e-01
1.640000000000000000e+03 2.271427171086050079e-01 6.638995307278892088e-01
1.650000000000000000e+03 2.273203391488710923e-01 6.637199023258342212e-01
1.660000000000000000e+03 2.274841317519251671e-01 6.635542032355726816e-01
1.670000000000000000e+03 2.276344878597600929e-01 6.634020449000131991e-01
1.680000000000000000e+03 2.277720033849650327e-01 6.632628182801973971e-01
1.690000000000000000e+03 2.278975099130058080e-01 6.631356559460402922e-01
1.700000000000000000e+03 2.280120938890567439e-01 6.630194532408417718e-01
1.710000000000000000e+03 2.281170812972710682e-01 6.629128810533131411e-01
1.720000000000000000e+03 2.282140025129429650e-01 6.628144066988692629e-01
1.730000000000000000e+03 2.283045299885572976e-01 6.627223439476024325e-01
1.740000000000000000e+03 2.283904154203634240e-01 6.626349056090531375e-01
1.750000000000000000e+03 2.284734464438170631e-01 6.625502572853693151e-01
1.760000000000000000e+03 2.285554198323333785e-01 6.624665942258097795e-01
1.770000000000000000e+03 2.286381166278261823e-01 6.623821450864282312e-01
1.780000000000000000e+03 2.287232769245928221e-01 6.622951694772318820e-01
1.790000000000000000e+03 2.288125990074895422e-01 6.622039753955912822e-01
1.800000000000000000e+03 2.289077535650070327e-01 6.621069119142913850e-01
1.810000000000000000e+03 2.290103723652297252e-01 6.620022941320148346e-01
1.820000000000000000e+03 2.291221160097079157e-01 6.618884702885224902e-01
1.830000000000000000e+03 2.292446799566742466e-01 6.617637666677892438e-01
1.840000000000000000e+03 2.293797835121148543e-01 6.616264571256118554e-01
1.850000000000000000e+03 2.295291830629005991e-01 6.614747842090822338e-01
1.860000000000000000e+03 2.296946560905377688e-01 6.613069904865509496e-01
1.870000000000000000e+03 2.298779511699436118e-01 6.611213281522888563e-01
1.880000000000000000e+03 2.300807474673377262e-01 6.609160971199949941e-01
1.890000000000000000e+03 2.303046247626646392e-01 6.606897233312066797e-01
1.900000000000000000e+03 2.305510028471411399e-01 6.604407892637421673e-01
1.910000000000000000e+03 2.308210963760715106e-01 6.601681048372606275e-01
1.920000000000000000e+03 2.311158653614243941e-01 6.598707257734532927e-01
1.930000000000000000e+03 2.314359786672938457e-01 6.595479795593509609e-01
1.940000000000000000e+03 2.317817872135242152e-01 6.591995299467463543e-01
1.950000000000000000e+03 2.321532967930291513e-01 6.588253766270457668e-01
1.960000000000000000e+03 2.325501582360778585e-01 6.584258508619418304e-01
1.970000000000000000e+03 2.329716707628207151e-01 6.580016449144630020e-01
1.980000000000000000e+03 2.334167847589618816e-01 6.575538159939200433e-01
1.990000000000000000e+03 2.338841015503562715e-01 6.570837723330390512e-01
2.000000000000000000e+03 2.343718806868425597e-01 6.565932519516842758e-01
2.010000000000000000e+03 2.348780615237147096e-01 6.560842999099951722e-01
2.020000000000000000e+03 2.354002883975084837e-01 6.555592612888997417e-01
2.030000000000000000e+03 2.359359356113869821e-01 6.550207879435095970e-01
2.040000000000000000e+03 2.364821263438001975e-01 6.544717629991576580e-01
2.050000000000000000e+03 2.370357865916344620e-01 6.539152503983396425e-01
2.060000000000000000e+03 2.375936962957329035e-01 6.533544562901184571e-01
2.070000000000000000e+03 2.381525367196570819e-01 6.527926731601106924e-01
2.080000000000000000e+03 2.387089557688089336e-01 6.522332783372092324e-01
2.090000000000000000e+03 2.392595889372967077e-01 6.516796639845040540e-01
2.100000000000000000e+03 2.398010687124458584e-01 6.511351983076347771e-01
2.110000000000000000e+03 2.403300519515057798e-01 6.506032322076185093e-01
2.120000000000000000e+03 2.408432429126229068e-01 6.500870827571988420e-01
2.130000000000000000e+03 2.413373940395882322e-01 6.495900046648667159e-01
2.140000000000000000e+03 2.418092997844820957e-01 6.491151965382641054e-01
2.150000000000000000e+03 2.422557955659745133e-01 6.486658140567260755e-01
2.160000000000000000e+03 2.426737645577423941e-01 6.482449595240429296e-01
2.170000000000000000e+03 2.430601560690741347e-01 6.478556700156561377e-01
2.180000000000000000e+03 2.434120070134931091e-01 6.475009075621895871e-01
2.190000000000000000e+03 2.437264626258084377e-01 6.471835421810686606e-01
2.200000000000000000e+03 2.440007976965520020e-01 6.469063204760682195e-01
2.210000000000000000e+03 2.442324414447728242e-01 6.466718272520073363e-01
2.220000000000000000e+03 2.444190079963823037e-01 6.464824492012468671e-01
2.230000000000000000e+03 2.445583318124481820e-01 6.463403427194124307e-01
2.240000000000000000e+03 2.446485057091513926e-01 6.462474037074195099e-01
2.250000000000000000e+03 2.446879216491308906e-01 6.462052351865168465e-01
2.260000000000000000e+03 2.446753122479863873e-01 6.462151060734676600e-01
2.270000000000000000e+03 2.446097850714782640e-01 6.462779085898177067e-01
2.280000000000000000e+03 2.444908500059615464e-01 6.463941262235657348e-01
2.290000000000000000e+03 2.443184429623333209e-01 6.465638141283119866e-01
2.300000000000000000e+03 2.440929432416797940e-01 6.467865878854833772e-01
2.310000000000000000e+03 2.438151811847423245e-01 6.470616171492181712e-01
2.320000000000000000e+03 2.434864341661936993e-01 6.473876266126428192e-01
2.330000000000000000e+03 2.431084117508646725e-01 6.477629099556816428e-01
2.340000000000000000e+03 2.426832265925551457e-01 6.481853625743118075e-01
2.350000000000000000e+03 2.422133461214357186e-01 6.486525308675648027e-01
2.360000000000000000e+03 2.417015260395187215e-01 6.491616696412841891e-01
2.370000000000000000e+03 2.411507355188766411e-01 6.497098053322707401e-01
2.380000000000000000e+03 2.405640851958884552e-01 6.502938120598952265e-01
2.390000000000000000e+03 2.399447532794117821e-01 6.509105053876231839e-01
2.400000000000000000e+03 2.392958993167925708e-01 6.515567421786851998e-01
2.410000000000000000e+03 2.386205675630670431e-01 6.522295084913980467e-01
2.420000000000000000e+03 2.379215956322803527e-01 6.529259893013119598e-01
2.430000000000000000e+03 2.372015457794962867e-01 6.536436240722554025e-01
2.440000000000000000e+03 2.364626626511772689e-01 6.543801537426875425e-01
2.450000000000000000e+03 2.357068529738492457e-01 6.551336566447760745e-01
2.460000000000000000e+03 2.349356846456432668e-01 6.559025589574347670e-01
2.470000000000000000e+03 2.341504058538124988e-01 6.566856114813047762e-01
2.480000000000000000e+03 2.333519838841862371e-01 6.574818409855112122e-01
2.490000000000000000e+03 2.325411668119540254e-01 6.582904873793766765e-01
2.500000000000000000e+03 2.317185691143707205e-01 6.591109259812720778e-01
2.510000000000000000e+03 2.308847688000026377e-01 6.599425721410090429e-01
2.520000000000000000e+03 2.300404067802793717e-01 6.607847765512602223e-01
2.530000000000000000e+03 2.291862931215624954e-01 6.616367212791407493e-01
2.540000000000000000e+03 2.283235143969032099e-01 6.624973193192642551e-01
2.550000000000000000e+03 2.274535264522184186e-01 6.633651194143210805e-01
2.560000000000000000e+03 2.265782282334512510e-01 6.642382258969085074e-01
2.570000000000000000e+03 2.257000149513946341e-01 6.651142463707567787e-01
2.580000000000000000e+03 2.248217992134062260e-01 6.659902719889561062e-01
2.590000000000000000e+03 2.239469919370504214e-01 6.668628924203154895e-01
2.600000000000000000e+03 2.230794467304684781e-01 6.677282484661999362e-01
2.610000000000000000e+03 2.222233741245871197e-01 6.685821203985311545e-01
2.620000000000000000e+03 2.213832311031716793e-01 6.694200459819689142e-01
2.630000000000000000e+03 2.205635886966349768e-01 6.702374603090280880e-01
2.640000000000000000e+03 2.197689805395716955e-01 6.710298434905783704e-01
2.650000000000000000e+03 2.190037517011862722e-01 6.717928583210285298e-01
2.660000000000000000e+03 2.182719288722842210e-01 6.725224726899847738e-01
2.670000000000000000e+03 2.175771153732542484e-01 6.732150694827030435e-01
2.680000000000000000e+03 2.169224069066427729e-01 6.738675384587835548e-01
2.690000000000000000e+03 2.163103340540908082e-01 6.744773372595502803e-01
2.700000000000000000e+03 2.157428370320404187e-01 6.750425169860527763e-01
2.710000000000000000e+03 2.152212632808096493e-01 6.755617215127006636e-01
2.720000000000000000e+03 2.147463833638497410e-01 6.760341694280116442e-01
2.730000000000000000e+03 2.143184279472160614e-01 6.764596205798653061e-01
2.740000000000000000e+03 2.139371434411545814e-01 6.768383278503398159e-01
2.750000000000000000e+03 2.136018529234008922e-01 6.771709806598482650e-01
2.760000000000000000e+03 2.133115089051404178e-01 6.774586487745478669e-01
2.770000000000000000e+03 2.130647374152625784e-01 6.777027314422574555e-01
2.780000000000000000e+03 2.128598792315776478e-01 6.779049115730656494e-01
2.790000000000000000e+03 2.126950326942333436e-01 6.780671128487919530e-01
2.800000000000000000e+03 2.125680980502648310e-01 6.781914568972891022e-01
2.810000000000000000e+03 2.124768216483872152e-01 6.782802194225457937e-01
2.820000000000000000e+03 2.124188382415248266e-01 6.783357875561514261e-01
2.830000000000000000e+03 2.123917082500971221e-01 6.783606204570401532e-01
2.840000000000000000e+03 2.123929518067098621e-01 6.783572136987262580e-01
2.850000000000000000e+03 2.124200837475637982e-01 6.783280667700565258e-01
2.860000000000000000e+03 2.124706501464009023e-01 6.782756501324570531e-01
2.870000000000000000e+03 2.125422589586815347e-01 6.782023723506626078e-01
2.880000000000000000e+03 2.126325972921724039e-01 6.781105551476990234e-01
2.890000000000000000e+03 2.127394426463829480e-01 6.780024188404876195e-01
2.900000000000000000e+03 2.128606766606348510e-01 6.778800745880280143e-01
2.910000000000000000e+03 2.129943005901588915e-01 6.777455173959388013e-01
2.920000000000000000e+03 2.131384504889117515e-01 6.776006154032154782e-01
2.930000000000000000e+03 2.132914026662137696e-01 6.774471037229620185e-01
2.940000000000000000e+03 2.134515631104129119e-01 6.772865896915697403e-01
2.950000000000000000e+03 2.136174510379124369e-01 6.771205609944159765e-01
2.960000000000000000e+03 2.137876938807111993e-01 6.769503919151276250e-01
2.970000000000000000e+03 2.139610327362317932e-01 6.767773517282803519e-01
2.980000000000000000e+03 2.141363162290038369e-01 6.766026163882477018e-01
2.990000000000000000e+03 2.143124674241588534e-01 6.764272808952590532e-01
3.000000000000000000e+03 2.144884363569945773e-01 6.762523801424311642e-01
3.010000000000000000e+03 2.146631630271454982e-01 6.760789229940510348e-01
3.020000000000000000e+03 2.148355565769666520e-01 6.759079317669599574e-01
3.030000000000000000e+03 2.150044830127358086e-01 6.757404821684429574e-01
3.040000000000000000e+03 2.151687544791633933e-01 6.755777369167218493e-01
3.050000000000000000e+03 2.153271144412150506e-01 6.754209609245597212e-01
3.060000000000000000e+03 2.154782186785030862e-01 6.752715188082808462e-01
3.070000000000000000e+03 2.156206256545974698e-01 6.751308629896322078e-01
3.080000000000000000e+03 2.157528106598856077e-01 6.750005148657712839e-01
3.090000000000000000e+03 2.158732019278709058e-01 6.748820375605500965e-01
3.100000000000000000e+03 2.159802303574658577e-01 6.747769960411517109e-01
3.110000000000000000e+03 2.160723840084445846e-01 6.746869022306539732e-01
3.120000000000000000e+03 2.161482577981732600e-01 6.746131536251258609e-01
3.130000000000000000e+03 2.162065997999119693e-01 6.745569822491386258e-01
3.140000000000000000e+03 2.162463642431194100e-01 6.745194117056509953e-01
3.150000000000000000e+03 2.162667709999022692e-01 6.745012120380299292e-01
3.160000000000000000e+03 2.162673500100080748e-01 6.745028602326051947e-01
3.170000000000000000e+03 2.162479595546752953e-01 6.745245189944623077e-01
3.180000000000000000e+03 2.162087887327466262e-01 6.745660303848339812e-01
3.190000000000000000e+03 2.161503488282731089e-01 6.746269226577565892e-01
3.200000000000000000e+03 2.160734514268318474e-01 6.747064278839582929e-01
3.210000000000000000e+03 2.159791720622089573e-01 6.748035032299504188e-01
3.220000000000000000e+03 2.158688051855574552e-01 6.749168620044824207e-01
3.230000000000000000e+03 2.157438228964993210e-01 6.750450239380432205e-01
3.240000000000000000e+03 2.156058420064795866e-01 6.751863753077513852e-01
3.250000000000000000e+03 2.154565929409127112e-01 6.753392187678309844e-01
3.260000000000000000e+03 2.152978838190290067e-01 6.755018014953160232e-01
3.270000000000000000e+03 2.151315613197606336e-01 6.756723245137229439e-01
3.280000000000000000e+03 2.149594773525367597e-01 6.758489520774555448e-01
3.290000000000000000e+03 2.147834641869439953e-01 6.760298280928694892e-01
3.300000000000000000e+03 2.146053153069093500e-01 6.762130964674833988e-01
3.310000000000000000e+03 2.144267716854536820e-01 6.763969261577236214e-01
3.320000000000000000e+03 2.142495136141300549e-01 6.765795444960760463e-01
3.330000000000000000e+03 2.140751501807789114e-01 6.767592649661099413e-01
3.340000000000000000e+03 2.139052055731554547e-01 6.769345098917749493e-01
3.350000000000000000e+03 2.137411107980602132e-01 6.771038421340784819e-01
3.360000000000000000e+03 2.135841989461011170e-01 6.772659811598972235e-01
3.370000000000000000e+03 2.134356965806047668e-01 6.774197835876466511e-01
3.380000000000000000e+03 2.132967149370330884e-01 6.775642113873820982e-01
3.390000000000000000e+03 2.131682491189782758e-01 6.776983118281727503e-01
3.400000000000000000e+03 2.130511867416507166e-01 6.778212142854622702e-01
3.410000000000000000e+03 2.129463204875129967e-01 6.779321316574324907e-01
3.420000000000000000e+03 2.128543553785609832e-01 6.780303523206228089e-01
3.430000000000000000e+03 2.127759076122233139e-01 6.781152274947124248e-01
3.440000000000000000e+03 2.127115066559737422e-01 6.781861806322719843e-01
3.450000000000000000e+03 2.126616037479429899e-01 6.782427273967961412e-01
3.460000000000000000e+03 2.126265758857116273e-01 6.782844653694910519e-01
3.470000000000000000e+03 2.126067316460378831e-01 6.783110580474084328e-01
3.480000000000000000e+03 2.126023281754041983e-01 6.783222379803001134e-01
3.490000000000000000e+03 2.126135903131673721e-01 6.783177869269825244e-01
3.500000000000000000e+03 2.126407336038837192e-01 6.782974932298545534e-01
3.510000000000000000e+03 2.126839981506478128e-01 6.782611157112452549e-01
3.520000000000000000e+03 2.127436904431193598e-01 6.782083727092064196e-01
3.530000000000000000e+03 2.128202105319351167e-01 6.781389299793020298e-01
3.540000000000000000e+03 2.129140513642790167e-01 6.780523645091566243e-01
3.550000000000000000e+03 2.130257794420800377e-01 6.779481271137407505e-01
3.560000000000000000e+03 2.131560061076310797e-01 6.778255347726668267e-01
3.570000000000000000e+03 2.133053583483930371e-01 6.776838343852661373e-01
3.580000000000000000e+03 2.134744396022967006e-01 6.775223103829141058e-01
3.590000000000000000e+03 2.136637721015212654e-01 6.773403902514317787e-01
3.600000000000000000e+03 2.138737298802179387e-01 6.771377482597749076e-01
3.610000000000000000e+03 2.141044637624822944e-01 6.769143737873691835e-01
3.620000000000000000e+03 2.143558166529758446e-01 6.766705582872781788e-01
3.630000000000000000e+03 2.146272637793414373e-01 6.764068718269893310e-01
3.640000000000000000e+03 2.149179048609430043e-01 6.761241909400544925e-01
3.650000000000000000e+03 2.152264880009064352e-01 6.758237030184326422e-01
3.660000000000000000e+03 2.155514593761129749e-01 6.755068878424431711e-01
3.670000000000000000e+03 2.158910298230612701e-01 6.751754858297707163e-01
3.680000000000000000e+03 2.162432452448735110e-01 6.748314192793593014e-01
3.690000000000000000e+03 2.166060685278710374e-01 6.744767058872011001e-01
3.700000000000000000e+03 2.169774611622651006e-01 6.741133760199329306e-01
3.710000000000000000e+03 2.173554625515209393e-01 6.737433916509573129e-01
3.720000000000000000e+03 2.177382750385380705e-01 6.733685948598087112e-01
3.730000000000000000e+03 2.181243199631209273e-01 6.729906600943138528e-01
3.740000000000000000e+03 2.185122403119233447e-01 6.726110297458297582e-01
3.750000000000000000e+03 2.189008774812696012e-01 6.722308755038006733e-01
3.760000000000000000e+03 2.192892592645841743e-01 6.718511311201340597e-01
3.770000000000000000e+03 2.196765943872517890e-01 6.714725766427150910e-01
3.780000000000000000e+03 2.200622317018461616e-01 6.710958725636437805e-01
3.790000000000000000e+03 2.204456083810041322e-01 6.707215819121619127e-01
3.800000000000000000e+03 2.208262124992477204e-01 6.703502069905936667e-01
3.810000000000000000e+03 2.212035460750678972e-01 6.699822026128563479e-01
3.820000000000000000e+03 2.215770993897909213e-01 6.696179857830333315e-01
3.830000000000000000e+03 2.219463390597155861e-01 6.692579272997551953e-01
3.840000000000000000e+03 2.223107435155319556e-01 6.689024392800601015e-01
3.850000000000000000e+03 2.226698320451615809e-01 6.685520434351404084e-01
3.860000000000000000e+03 2.230231597823319201e-01 6.682073162804396116e-01
3.870000000000000000e+03 2.233703224429588463e-01 6.678688142148423434e-01
3.880000000000000000e+03 2.237109667849705719e-01 6.675370054722238322e-01
3.890000000000000000e+03 2.240448026679569826e-01 6.672122236766890868e-01
3.900000000000000000e+03 2.243716210979618819e-01 6.668946580125626467e-01
3.910000000000000000e+03 2.246913186615663305e-01 6.665843935891305749e-01
3.920000000000000000e+03 2.250039052416577812e-01 6.662814409835854379e-01
3.930000000000000000e+03 2.253094908311979172e-01 6.659857130124878788e-01
3.940000000000000000e+03 2.256082611988030617e-01 6.656969745019513107e-01
3.950000000000000000e+03 2.259004638578701041e-01 6.654148634042017507e-01
3.960000000000000000e+03 2.261864033237132865e-01 6.651389822898312598e-01
3.970000000000000000e+03 2.264664170325754178e-01 6.648689450592223382e-01
3.980000000000000000e+03 2.267408608382807667e-01 6.646044144894557304e-01
3.990000000000000000e+03 2.270101058476960698e-01 6.643451166648947082e-01
4.000000000000000000e+03 2.272745123886014407e-01 6.640907718649133873e-01
4.010000000000000000e+03 2.275344026895655403e-01 6.638410271717454236e-01
4.020000000000000000e+03 2.277900810684807820e-01 6.635955231216347228e-01
4.030000000000000000e+03 2.280418488898257878e-01 6.633538977338886422e-01
4.040000000000000000e+03 2.282900124450794599e-01 6.631157598041175216e-01
4.050000000000000000e+03 2.285349117490892701e-01 6.628807456111458496e-01
4.060000000000000000e+03 2.287769369445288581e-01 6.626485401858662749e-01
4.070000000000000000e+03 2.290165215292060685e-01 6.624187945329854665e-01
4.080000000000000000e+03 2.292541478184675352e-01 6.621911000319593565e-01
4.090000000000000000e+03 2.294903501032684312e-01 6.619649783057240944e-01
4.100000000000000000e+03 2.297257214691150740e-01 6.617398744031571800e-01
4.110000000000000000e+03 2.299609052472952331e-01 6.615151295218467675e-01
4.120000000000000000e+03 2.301965824792268911e-01 6.612899705336606759e-01
4.130000000000000000e+03 2.304335127447139087e-01 6.610636281542994208e-01
4.140000000000000000e+03 2.306725340099942123e-01 6.608353090634200289e-01
4.150000000000000000e+03 2.309145116963159383e-01 6.606040390265047746e-01
4.160000000000000000e+03 2.311603441874552078e-01 6.603686628583446128e-01
4.170000000000000000e+03 2.314110246126175052e-01 6.601279681558632761e-01
4.180000000000000000e+03 2.316677029509517094e-01 6.598807749002724155e-01
4.190000000000000000e+03 2.319317234765912727e-01 6.596259245270506000e-01
4.200000000000000000e+03 2.322045843789154740e-01 6.593621196182156696e-01
