0.000000000000000000e+00 1.733272762869991723e+01 1.277777595196768403e-15 1.733272762869991723e+01 7.372051431079986070e-17
1.000000000000000000e+01 1.717211669354369263e+01 2.156697603678656261e+00 1.730701985583870695e+01 -9.850611739714874027e-01
2.000000000000000000e+01 1.670097585145287766e+01 4.262166093174393211e+00 1.723625986682196753e+01 -1.970128907200073831e+00
3.000000000000000000e+01 1.592975560456746464e+01 6.263168025711978615e+00 1.711678671186707845e+01 -2.955391795963198565e+00
4.000000000000000000e+01 1.488287976045483063e+01 8.110588544868997829e+00 1.694938808654507767e+01 -3.941033758535948284e+00
5.000000000000000000e+01 1.359435642897352814e+01 9.762292921778565002e+00 1.673645391976991448e+01 -4.927220385711148509e+00
6.000000000000000000e+01 1.210512770267158622e+01 1.118434133531462038e+01 1.648100748749342515e+01 -5.914117853128085578e+00
7.000000000000000000e+01 1.046096676211589482e+01 1.235212196232585136e+01 1.618662233358973879e+01 -6.901893135403165402e+00
8.000000000000000000e+01 8.710208513556635168e+00 1.325091324250497493e+01 1.585731484552249881e+01 -7.890713794095876032e+00
9.000000000000000000e+01 6.901477501446028562e+00 1.387585362827407565e+01 1.549740964213866690e+01 -8.880747622229019811e+00
1.000000000000000000e+02 5.081578853187258105e+00 1.423137957665722020e+01 1.511140656246321079e+01 -9.872161759530612812e+00
1.100000000000000000e+02 3.293678891208317250e+00 1.433020945399843882e+01 1.470385063967454364e+01 -1.086512165558171006e+01
1.200000000000000000e+02 1.575879627302802177e+00 1.419198642031709134e+01 1.427921129314265514e+01 -1.185979075121565529e+01
1.300000000000000000e+02 -3.977619454230263418e-02 1.384171818812988164e+01 1.384177533935794813e+01 -1.285633003537244790e+01
1.400000000000000000e+02 -1.527872614471115886e+00 1.330814062704769007e+01 1.339555902810062271e+01 -1.385489676709111784e+01
1.500000000000000000e+02 -2.869783205061240405e+00 1.262211530734749410e+01 1.294424391287600429e+01 -1.485564265089465508e+01
1.600000000000000000e+02 -4.053478738555142513e+00 1.181515250069947065e+01 1.249113759826155778e+01 -1.585871174617357227e+01
1.700000000000000000e+02 -5.073049011192966695e+00 1.091812633622627082e+01 1.203915731950386991e+01 -1.686423821301073644e+01
1.800000000000000000e+02 -5.928015257512637248e+00 9.960222455938344766e+00 1.159083242330252617e+01 -1.787234397912437345e+01
1.900000000000000000e+02 -6.622508276132143656e+00 8.968135041555848730e+00 1.114832103910811689e+01 -1.888313643423389365e+01
2.000000000000000000e+02 -7.164380699142500752e+00 7.965510957685367543e+00 1.071343621903127996e+01 -1.989670627200247566e+01
2.100000000000000000e+02 -7.564312052269525743e+00 6.972624208850668914e+00 1.028767734631877140e+01 -2.091312558862440696e+01
2.200000000000000000e+02 -7.834953822130239054e+00 6.006253887657252655e+00 9.872263527576190967e+00 -2.193244633660891196e+01
2.300000000000000000e+02 -7.990149863578070999e+00 5.079732620676614907e+00 9.468166577537742157e+00 -2.295469921835447025e+01
2.400000000000000000e+02 -8.044255961190488691e+00 4.203129733612120944e+00 9.076141995733816970e+00 -2.397989309364299615e+01
2.500000000000000000e+02 -8.011572021238031027e+00 3.383533229582925905e+00 8.696757060374626036e+00 -2.500801494540609582e+01
2.600000000000000000e+02 -7.905891460879836963e+00 2.625396638969078822e+00 8.330415794131939222e+00 -2.603903041148100783e+01
2.700000000000000000e+02 -7.740164875509056408e+00 1.930920233364836758e+00 7.977380851362297243e+00 -2.707288484964136899e+01
2.800000000000000000e+02 -7.526269355004276740e+00 1.300440724721239061e+00 7.637792644644785689e+00 -2.810950486783248436e+01
2.900000000000000000e+02 -7.274870848764591891e+00 7.328089684780055846e-01 7.311686183807853290e+00 -2.914880024669254865e+01
3.000000000000000000e+02 -6.995364650708093990e+00 2.257404346654122429e-01 6.999006025159522082e+00 -3.019066615440071999e+01
3.100000000000000000e+02 -6.695878128434534560e+00 -2.238718279415839174e-01 6.699619579214470377e+00 -3.123498552165082387e+01
3.200000000000000000e+02 -6.383320353746095854e+00 -6.196873063323233843e-01 6.413329174163648894e+00 -3.228163145431992831e+01
3.300000000000000000e+02 -6.063464455621581095e+00 -9.656929188013998466e-01 6.139883062242267542e+00 -3.333046958358669798e+01
3.400000000000000000e+02 -5.741050468514199423e+00 -1.266021446473829526e+00 5.878985523452051609e+00 -3.438136027163525910e+01
3.500000000000000000e+02 -5.419898695157518986e+00 -1.524810315486350598e+00 5.630306240692752873e+00 -3.543416059503908855e+01
3.600000000000000000e+02 -5.103025539125036758e+00 -1.746096319514043982e+00 5.393488853236173775e+00 -3.648872602613884908e+01
3.700000000000000000e+02 -4.792755862124253419e+00 -1.933740956420603840e+00 5.168158554114305581e+00 -3.754491178352564873e+01
3.800000000000000000e+02 -4.490828011211028148e+00 -2.091380769222963121e+00 4.953928718517579988e+00 -3.860257388014759528e+01
3.900000000000000000e+02 -4.198489160087559569e+00 -2.222397592358774876e+00 4.750406539012721474e+00 -3.966156987454930771e+01
4.000000000000000000e+02 -3.916579850888053826e+00 -2.329904071408797517e+00 4.557197681728276883e+00 -4.072175935051573958e+01
4.100000000000000000e+02 -3.645607668011532354e+00 -2.416740430417670726e+00 4.373910101623017077e+00 -4.178300418246683279e+01
4.200000000000000000e+02 -3.385810616173126508e+00 -2.485479104403461648e+00 4.200157128848500676e+00 -4.284516867339101509e+01
4.300000000000000000e+02 -3.137211012729587800e+00 -2.538434462195531260e+00 4.035559745221686256e+00 -4.390811965732828526e+01
4.400000000000000000e+02 -2.899660803242157581e+00 -2.577675572362657874e+00 3.879747946737533759e+00 -4.497172661128055893e+01
4.500000000000000000e+02 -2.672879533486018033e+00 -2.605040668037149842e+00 3.732361435158159324e+00 -4.603586180817270446e+01
4.600000000000000000e+02 -2.456486141087991903e+00 -2.622152416262474528e+00 3.593049882129178751e+00 -4.710040053206043353e+01
4.700000000000000000e+02 -2.250025560186911910e+00 -2.630433282466974720e+00 3.461472847648008333e+00 -4.816522138684410237e+01
4.800000000000000000e+02 -2.052990941803654490e+00 -2.631120572979778416e+00 3.337299398718264865e+00 -4.923020669389677550e+01
4.900000000000000000e+02 -1.864842058686941639e+00 -2.625280805726051714e+00 3.220207324499678503e+00 -5.029524294696477682e+01
5.000000000000000000e+02 -1.685020633332732221e+00 -2.613823171066201212e+00 3.109882008108927121e+00 -5.136022133432762615e+01
5.100000000000000000e+02 -1.512963205896249219e+00 -2.597512171110378354e+00 3.006015159885659926e+00 -5.242503829016258976e+01
5.200000000000000000e+02 -1.348111762546519987e+00 -2.576979570099232841e+00 2.908303462334202560e+00 -5.348959595389595023e+01
5.300000000000000000e+02 -1.189922471006771287e+00 -2.552735678104285366e+00 2.816447217555018590e+00 -5.455380247660231419e+01
5.400000000000000000e+02 -1.037873006556391031e+00 -2.525180038202407662e+00 2.730149190625727584e+00 -5.561757217562837496e+01
5.500000000000000000e+02 -8.914686824666402387e-01 -2.494611565228361361e+00 2.649113676909675696e+00 -5.668082549749829724e+01
5.600000000000000000e+02 -7.502476705723112316e-01 -2.461238008284328149e+00 2.573045685685076744e+00 -5.774348881557919810e+01
5.700000000000000000e+02 -6.137856809396579072e-01 -2.425184799378749645e+00 2.501650289961469653e+00 -5.880549411513182889e+01
5.800000000000000000e+02 -4.817002626203882309e-01 -2.386503637816820511e+00 2.434632365742612325e+00 -5.986677855184889552e+01
5.900000000000000000e+02 -3.536548750066070279e-01 -2.345181010836892455e+00 2.371696806972992455e+00 -6.092728392948896499e+01
6.000000000000000000e+02 -2.293627783722356761e-01 -2.301146739885355341e+00 2.312549156793781702e+00 -6.198695614855574831e+01
6.100000000000000000e+02 -1.085908081736513126e-01 -2.254282580206178110e+00 2.256896522891740808e+00 -6.304574470668399755e+01
6.200000000000000000e+02 8.836817934317642634e-03 -2.204431251973242745e+00 2.204448963806493467e+00 -6.410360237992975385e+01
6.300000000000000000e+02 1.230347420645955953e-01 -2.151406047890360718e+00 2.154921235371288990e+00 -6.516048517977560550e+01
6.400000000000000000e+02 2.340529694932594051e-01 -2.095001011016113246e+00 2.108034636500821346e+00 -6.621635263150092499e+01
6.500000000000000000e+02 3.418740194656706421e-01 -2.035001735528672473e+00 2.063518817164098795e+00 -6.727116832357849319e+01
6.600000000000000000e+02 4.464113321956419411e-01 -1.971196806121526368e+00 2.021113536141993627e+00 -6.832490055776665372e+01
6.700000000000000000e+02 5.475092428491972196e-01 -1.903389701790463517e+00 1.980570303697217982e+00 -6.937752304502689071e+01
6.800000000000000000e+02 6.449444440182607874e-01 -1.831410970852828335e+00 1.941653800251250450e+00 -7.042901576874020009e+01
6.900000000000000000e+02 7.384292673226199311e-01 -1.755130626777983593e+00 1.904143193116709654e+00 -7.147936596429667588e+01
7.000000000000000000e+02 8.276172123408782610e-01 -1.674470345399959426e+00 1.867833286936161796e+00 -7.252856906559475192e+01
7.100000000000000000e+02 9.121108388522689570e-01 -1.589414841880294471e+00 1.832535326246441221e+00 -7.357662952993457850e+01
7.200000000000000000e+02 9.914719959548624617e-01 -1.500021759879766936e+00 1.798077306145514864e+00 -7.462356142574792273e+01
7.300000000000000000e+02 1.065234176670867061e+00 -1.406429713908322610e+00 1.764303939606752136e+00 -7.566938876060073937e+01
7.400000000000000000e+02 1.132916596894110617e+00 -1.308864359225852425e+00 1.731076522389993544e+00 -7.671414567498143811e+01
7.500000000000000000e+02 1.194039606545846066e+00 -1.207641840533731692e+00 1.698272474312604974e+00 -7.775787642520157306e+01
7.600000000000000000e+02 1.248140992300178942e+00 -1.103169386390954410e+00 1.665784689487290970e+00 -7.880063513950905474e+01
7.700000000000000000e+02 1.294792533508375199e+00 -9.959430202083047190e-01 1.633520800091225134e+00 -7.984248545794631013e+01
7.800000000000000000e+02 1.333616108353028462e+00 -8.865421529391811495e-01 1.601402171035344546e+00 -8.088350003931363119e+01
7.900000000000000000e+02 1.364298883978817933e+00 -7.756212071598348468e-01 1.569362833070137242e+00 -8.192375990832537980e+01
8.000000000000000000e+02 1.386607126223804443e+00 -6.638984206885617523e-01 1.537348508142315939e+00 -8.296335359685549804e+01
8.100000000000000000e+02 1.400397779482746241e+00 -5.521420776583979562e-01 1.505315519982816985e+00 -8.400237615336153851e+01
8.200000000000000000e+02 1.405627394128069918e+00 -4.411549782270942077e-01 1.473229814366318058e+00 -8.504092821746527875e+01
8.300000000000000000e+02 1.402358209661370703e+00 -3.317575545907455181e-01 1.441066141172110182e+00 -8.607911509616442913e+01
8.400000000000000000e+02 1.390761142292108010e+00 -2.247698415329865418e-01 1.408807309951369158e+00 -8.711704563215697306e+01
8.500000000000000000e+02 1.371115533142777343e+00 -1.209932205558081342e-01 1.376443665627427260e+00 -8.815483106786577139e+01
8.600000000000000000e+02 1.343805530434948992e+00 -2.119255007638245342e-02 1.343972629113515227e+00 -8.919258393392277640e+01
8.700000000000000000e+02 1.309313196915619537e+00 7.392086669653555320e-02 1.311398239342483896e+00 -9.023041682224862825e+01
8.800000000000000000e+02 1.268208605989371573e+00 1.637048065214601333e-01 1.278730750386387616e+00 -9.126844106197742690e+01
8.900000000000000000e+02 1.221137202776631847e+00 2.475994330322725812e-01 1.245986174579413186e+00 -9.230676540004007791e+01
9.000000000000000000e+02 1.168805083089543118e+00 3.251377968610283387e-01 1.213185851056464148e+00 -9.334549479004950001e+01
9.100000000000000000e+02 1.111962848996124853e+00 3.959532677738051842e-01 1.180356034342322280e+00 -9.438472927523692135e+01
9.200000000000000000e+02 1.051388678066590643e+00 4.597836987559755229e-01 1.147527429741153737e+00 -9.542456300643573286e+01
9.300000000000000000e+02 9.878713364103145489e-01 5.164722924071043497e-01 1.114734679699770581e+00 -9.646508343707691324e+01
9.400000000000000000e+02 9.221937306394116796e-01 5.659654203250008564e-01 1.082015773375920142e+00 -9.750637060144276802e+01
9.500000000000000000e+02 8.551176640542768048e-01 6.083076822644806203e-01 1.049411480630752180e+00 -9.854849650444461417e+01
9.600000000000000000e+02 7.873702922748541111e-01 6.436344654801999798e-01 1.016964749787804490e+00 -9.959152475607990596e+01
9.700000000000000000e+02 7.196325652829039798e-01 6.721624416049849504e-01 9.847199484726750773e-01 -1.006355104362227024e+02
9.800000000000000000e+02 6.525300550351308404e-01 6.941786214654840359e-01 9.527221164767146755e-01 -1.016805001948037273e+02
9.900000000000000000e+02 5.866264352215276867e-01 7.100285007232973733e-01 9.210163116579915821e-01 -1.027265327535816937e+02
1.000000000000000000e+03 5.224193473461502535e-01 7.201039255631481728e-01 8.896469176549950397e-01 -1.037736396117772841e+02
1.010000000000000000e+03 4.603383249425548884e-01 7.248312372828172867e-01 8.586569139952563434e-01 -1.048218456967949379e+02
1.020000000000000000e+03 4.007447312415622354e-01 7.246600277073058649e-01 8.280872510639354367e-01 -1.058711700969374050e+02
1.030000000000000000e+03 3.439334120762016500e-01 7.200528702713080431e-01 7.979763955959646715e-01 -1.069216268222619703e+02
1.040000000000000000e+03 2.901356073202830954e-01 7.114761556442501522e-01 7.683599356326634711e-01 -1.079732254783372554e+02
1.050000000000000000e+03 2.395227933756491623e-01 6.993920801302107026e-01 7.392702146680447672e-01 -1.090259718026626956e+02
1.060000000000000000e+03 1.922113366927017952e-01 6.842518636821115496e-01 7.107361049683899035e-01 -1.100798682004984670e+02
1.070000000000000000e+03 1.482677746704416932e-01 6.664903769780664566e-01 6.827830955802068891e-01 -1.111349143539400472e+02
1.080000000000000000e+03 1.077142754826028032e-01 6.465219695654197407e-01 6.554334613623961081e-01 -1.121911077693512908e+02
1.090000000000000000e+03 7.053402170638982394e-02 6.247373297729130748e-01 6.287064334249069519e-01 -1.132484441722064901e+02
1.100000000000000000e+03 3.667647934235705731e-02 6.015013789362039232e-01 6.026185136544555121e-01 -1.143069178554360690e+02
1.110000000000000000e+03 6.062352160155811374e-03 5.771519675806419114e-01 5.771838059023486345e-01 -1.153665218894613673e+02
1.120000000000000000e+03 -2.141174396660815507e-02 5.519992642160486129e-01 5.524143829361710667e-01 -1.164272483600021388e+02
1.130000000000000000e+03 -4.586893774681451152e-02 5.263257654879983649e-01 5.283207083453653752e-01 -1.174890886693871153e+02
1.140000000000000000e+03 -6.744805880377133245e-02 5.003867890401747509e-01 5.049120510369438097e-01 -1.185520340724088300e+02
1.150000000000000000e+03 -8.630000659632774962e-02 4.744112814271690404e-01 4.821968011962489142e-01 -1.196160762929235943e+02
1.160000000000000000e+03 -1.025845760262545092e-01 4.486027705851181602e-01 4.601826170284255002e-01 -1.206812080559403455e+02
1.170000000000000000e+03 -1.164677255911597542e-01 4.231404870685698816e-01 4.388765235245606910e-01 -1.217474234672696838e+02
1.180000000000000000e+03 -1.281191549308284272e-01 3.981807053520346473e-01 4.182850606641760338e-01 -1.228147185125105807e+02
1.190000000000000000e+03 -1.377101807374624676e-01 3.738581069519278377e-01 3.984143295771672699e-01 -1.238830916074454223e+02
1.200000000000000000e+03 -1.454119193862557224e-01 3.502870861821542059e-01 3.792699158192999187e-01 -1.249525440272658301e+02
1.210000000000000000e+03 -1.513937478827831196e-01 3.275630096343238318e-01 3.608567474479199011e-01 -1.260230801408126950e+02
1.220000000000000000e+03 -1.558219943538679542e-01 3.057634249925934022e-01 3.431789125042769006e-01 -1.270947074254867886e+02
1.230000000000000000e+03 -1.588588175000157365e-01 2.849492978254049569e-01 3.262395227876209169e-01 -1.281674363530323149e+02
1.240000000000000000e+03 -1.606612597530245601e-01 2.651662004503205217e-01 3.100405687110775466e-01 -1.292412800334552685e+02
1.250000000000000000e+03 -1.613803961392674124e-01 2.464453489405630526e-01 2.945826577931952572e-01 -1.303162535344247601e+02
1.260000000000000000e+03 -1.611606171901865947e-01 2.288046673663515218e-01 2.798648251241099283e-01 -1.313923729131157359e+02
1.270000000000000000e+03 -1.601390213641736560e-01 2.122499088659051403e-01 2.658844297379225896e-01 -1.324696540853922500e+02
1.280000000000000000e+03 -1.584448730013022222e-01 1.967757186276636316e-01 2.526370147500802132e-01 -1.335481114436537382e+02
1.290000000000000000e+03 -1.561991084601889179e-01 1.823665872684572253e-01 2.401160836672580901e-01 -1.346277560737676708e+02
1.300000000000000000e+03 -1.535139341380047928e-01 1.689978102482152245e-01 2.283129165054387233e-01 -1.357085936364618135e+02
1.310000000000000000e+03 -1.504925270861441622e-01 1.566365141931689298e-01 2.172164779370125143e-01 -1.367906221135667124e+02
1.320000000000000000e+03 -1.472287691029428858e-01 1.452426883906501598e-01 2.068133191612937793e-01 -1.378738296248333484e+02
1.330000000000000000e+03 -1.438070534927193556e-01 1.347702090016876519e-01 1.970874878540401220e-01 -1.389581922989061411e+02
1.340000000000000000e+03 -1.403022094047559620e-01 1.251678783393374295e-01 1.880204981692878141e-01 -1.400436722914044765e+02
1.350000000000000000e+03 -1.367795176958513381e-01 1.163805372400729538e-01 1.795913859554453262e-01 -1.411302165094990073e+02
1.360000000000000000e+03 -1.332947988215640867e-01 1.083500639159397788e-01 1.717767147883247913e-01 -1.422177556457509695e+02
1.370000000000000000e+03 -1.298945747387491301e-01 1.010162668640912087e-01 1.645505597611803261e-01 -1.433062035816296031e+02
1.380000000000000000e+03 -1.266163439909931132e-01 9.431784967029277489e-02 1.578846266489345174e-01 -1.443954579309767325e+02
1.390000000000000000e+03 -1.234889518442290890e-01 8.819328598609223191e-02 1.517484000594766791e-01 -1.454854012340497889e+02
1.400000000000000000e+03 -1.205329599018651332e-01 8.258157937119928182e-02 1.461092456833116004e-01 -1.465759029680325796e+02
1.410000000000000000e+03 -1.177611300023732599e-01 7.742290067372933904e-02 1.409325700048431329e-01 -1.476668217169548711e+02
1.420000000000000000e+03 -1.151790014721612299e-01 7.265923646275629366e-02 1.361821097775873513e-01 -1.487580081179200420e+02
1.430000000000000000e+03 -1.127855074360081672e-01 6.823503133874007920e-02 1.318202950588288347e-01 -1.498493085992081433e+02
1.440000000000000000e+03 -1.105736140631870951e-01 6.409772204697046505e-02 1.278086151188773667e-01 -1.509405691218535992e+02
1.450000000000000000e+03 -1.085310484684238741e-01 6.019822339343031820e-02 1.241080762133581483e-01 -1.520316387062898968e+02
1.460000000000000000e+03 -1.066411196045445597e-01 5.649138112255456395e-02 1.206797602402511077e-01 -1.531223725945399394e+02
1.470000000000000000e+03 -1.048834637737404291e-01 5.293633053466283850e-02 1.174853014791748251e-01 -1.542126350854311454e+02
1.480000000000000000e+03 -1.032347722850465999e-01 4.949685223763810454e-02 1.144873643254136902e-01 -1.553023023181788176e+02
1.490000000000000000e+03 -1.016695277961527505e-01 4.614169706384270431e-02 1.116501190784143643e-01 -1.563912647078014402e+02
1.500000000000000000e+03 -1.001607551931942008e-01 4.284485761573544882e-02 1.089397021520787101e-01 -1.574794288915945799e+02
1.510000000000000000e+03 -9.868075615760654729e-02 3.958577466869072498e-02 1.063246217578852210e-01 -1.585667193092660625e+02
1.520000000000000000e+03 -9.720181783351702909e-02 3.634944063788269480e-02 1.037760821424049823e-01 -1.596530792527584026e+02
1.530000000000000000e+03 -9.569696150391908407e-02 3.312638096306444457e-02 1.012682850491339603e-01 -1.607384710963635825e+02
1.540000000000000000e+03 -9.414064408643621484e-02 2.991254942742417600e-02 9.877864891897010502e-02 -1.618228764741383827e+02
1.550000000000000000e+03 -9.250937787362817355e-02 2.670919994676088788e-02 9.628793463545563813e-02 -1.629062972805012635e+02
1.560000000000000000e+03 -9.078233853710078460e-02 2.352264833376412415e-02 9.378031763061325798e-02 -1.639887566494371356e+02
1.570000000000000000e+03 -8.894194574352998206e-02 2.036380594466509833e-02 9.124337951433522664e-02 -1.650702988018038866e+02
1.580000000000000000e+03 -8.697433415936911549e-02 1.724761242446573237e-02 8.866800401954577637e-02 -1.661509891098443461e+02
1.590000000000000000e+03 -8.486973463436126019e-02 1.419237110274230475e-02 8.604821470794646321e-02 -1.672309142514090468e+02
1.600000000000000000e+03 -8.262281395784404348e-02 1.121898670085258107e-02 8.338102331409956436e-02 -1.683101822055836294e+02
1.610000000000000000e+03 -8.023294004359367293e-02 8.350169971966248106e-03 8.066628791880549321e-02 -1.693889227927898844e+02
1.620000000000000000e+03 -7.770427107342690876e-02 5.609589818651076511e-03 7.790649036496333224e-02 -1.704672885433084559e+02
1.630000000000000000e+03 -7.504570721396507105e-02 3.021003798329136274e-03 7.510648863576094292e-02 -1.715454558333134116e+02
1.640000000000000000e+03 -7.227072106044958588e-02 6.074138491509423849e-04 7.227327358146613812e-02 -1.726236265429974708e+02
1.650000000000000000e+03 -6.939702359947629018e-02 -1.609823598253558481e-03 6.941569286900306501e-02 -1.737020288984969056e+02
1.660000000000000000e+03 -6.644610142603014913e-02 -3.611801251268126952e-03 6.654419210567476262e-02 -1.747809186227418081e+02
1.670000000000000000e+03 -6.344268053620594205e-02 -5.382701845067011312e-03 6.367061482954261553e-02 -1.758605812006664166e+02
1.680000000000000000e+03 -6.041415237192526710e-02 -6.910361979729187816e-03 6.080808260016994093e-02 -1.769413338385085979e+02
1.690000000000000000e+03 -5.738994584500042156e-02 -8.186728609796512651e-03 5.797092727758063058e-02 -1.780235270882395469e+02
1.700000000000000000e+03 -5.440085570707131613e-02 -9.208185843669846465e-03 5.517466618107585291e-02 -1.791075458770652347e+02
1.710000000000000000e+03 -5.147828142137216012e-02 -9.975750251459667567e-03 5.243595189540748575e-02 -1.801938089309936686e+02
1.720000000000000000e+03 -4.865335457851197726e-02 -1.049515190864884658e-02 4.977245347908848538e-02 -1.812827646614378807e+02
1.730000000000000000e+03 -4.595603751454777758e-02 -1.077676554407373984e-02 4.720271241814878727e-02 -1.823748824224470297e+02
1.740000000000000000e+03 -4.341438145454374481e-02 -1.083543574805482211e-02 4.474611921642877160e-02 -1.834706370955061630e+02
1.750000000000000000e+03 -4.105386571941091467e-02 -1.069019728114236484e-02 4.242287364638522990e-02 -1.845704845768890436e+02
1.760000000000000000e+03 -3.889669758000064564e-02 -1.036389414038366846e-02 4.025373752067137878e-02 -1.856748250835075567e+02
1.770000000000000000e+03 -3.696116826259676635e-02 -9.882634080504028307e-03 3.825956632928724510e-02 -1.867839548787510751e+02
1.780000000000000000e+03 -3.526117332211455707e-02 -9.275165280676683430e-03 3.646065050209709724e-02 -1.878980068292731573e+02
1.790000000000000000e+03 -3.380591530710083670e-02 -8.572223191809216422e-03 3.487582142690070358e-02 -1.890168846176393913e+02
1.800000000000000000e+03 -3.259968244718708386e-02 -7.805837211471823925e-03 3.352119315044492509e-02 -1.901402017163709672e+02
1.810000000000000000e+03 -3.164171309836242424e-02 -7.008536251194494998e-03 3.240860361359908237e-02 -1.912672445428063668e+02
1.820000000000000000e+03 -3.092620065381654001e-02 -6.212554246338763964e-03 3.154402823267542927e-02 -1.923969773900720668e+02
1.830000000000000000e+03 -3.044249903065427212e-02 -5.449015635257647462e-03 3.092632403996098400e-02 -1.935281039877636715e+02
1.840000000000000000e+03 -3.017541446169052372e-02 -4.747121286227398533e-03 3.054653496619469041e-02 -1.946591833913522578e+02
1.850000000000000000e+03 -3.010558754973601328e-02 -4.133384228227890075e-03 3.038801189438004521e-02 -1.957887788530778437e+02
1.860000000000000000e+03 -3.021006215383080160e-02 -3.630961612660025400e-03 3.042748326054803623e-02 -1.969156053498532515e+02
1.870000000000000000e+03 -3.046300837606173706e-02 -3.259107066052039509e-03 3.063685130995021100e-02 -1.980386417170184075e+02
1.880000000000000000e+03 -3.083649217948777888e-02 -3.032726693433866229e-03 3.098526554884881504e-02 -1.991571886745899178e+02
1.890000000000000000e+03 -3.130127813940980497e-02 -2.962104351499064356e-03 3.144112077121080651e-02 -2.002708709574170598e+02
1.900000000000000000e+03 -3.182773648019033425e-02 -3.052719770500606205e-03 3.197380032854468118e-02 -2.013796007253992002e+02
1.910000000000000000e+03 -3.238672022795580779e-02 -3.305287674965397444e-03 3.255494699332438235e-02 -2.024835172876736920e+02
1.920000000000000000e+03 -3.295035189799096903e-02 -3.715990905958093879e-03 3.315922614619647851e-02 -2.035829210734430035e+02
1.930000000000000000e+03 -3.349278477258316872e-02 -4.276909518873965241e-03 3.376475361757010768e-02 -2.046782129713685947e+02
1.940000000000000000e+03 -3.399092755458385517e-02 -4.976545620916160255e-03 3.435329914779696597e-02 -2.057698468329801074e+02
1.950000000000000000e+03 -3.442498539832399701e-02 -5.800417443336015888e-03 3.491023434741991754e-02 -2.068582955502898244e+02
1.960000000000000000e+03 -3.477881626587855241e-02 -6.731792942241527321e-03 3.542432916898993756e-02 -2.079440262401360826e+02
1.970000000000000000e+03 -3.504017002017971449e-02 -7.752507590243251472e-03 3.588753110733420432e-02 -2.090274832920839856e+02
1.980000000000000000e+03 -3.520072119466464977e-02 -8.843726487104882142e-03 3.629465898452875067e-02 -2.101090794027025765e+02
1.990000000000000000e+03 -3.525597777991920645e-02 -9.986642054121615611e-03 3.664310288083293815e-02 -2.111891920177325233e+02
2.000000000000000000e+03 -3.520507163338706946e-02 -1.116312365162049590e-02 3.693253847724637523e-02 -2.122681623707405834e+02
2.010000000000000000e+03 -3.505041298322005699e-02 -1.235631651958809044e-02 3.716463383684180666e-02 -2.133462952440509355e+02
2.020000000000000000e+03 -3.479725166638584360e-02 -1.355117155642037753e-02 3.734277673239269624e-02 -2.144238588671599928e+02
2.030000000000000000e+03 -3.445314379019788487e-02 -1.473478800598162879e-02 3.747176396447424868e-02 -2.155010868512830484e+02
2.040000000000000000e+03 -3.402734676977564598e-02 -1.589656739378080344e-02 3.755743845226370420e-02 -2.165781813532447586e+02
2.050000000000000000e+03 -3.353025944101947764e-02 -1.702826805870033891e-02 3.760638524587320980e-02 -2.176553159286591210e+02
2.060000000000000000e+03 -3.297291812927406751e-02 -1.812397266492360090e-02 3.762567893232902916e-02 -2.187326380742262586e+02
2.070000000000000000e+03 -3.236652090898235051e-02 -1.917994685808293090e-02 3.762262666575098835e-02 -2.198102718515358163e+02
2.080000000000000000e+03 -3.172202886302175756e-02 -2.019440934138140922e-02 3.760453807499379575e-02 -2.208883208858189562e+02
2.090000000000000000e+03 -3.104984185056938392e-02 -2.116728029298669059e-02 3.757853687874546100e-02 -2.219668705662265609e+02
2.100000000000000000e+03 -3.035954996055522520e-02 -2.209985446540973369e-02 3.755137602272038549e-02 -2.230459911023357904e+02
2.110000000000000000e+03 -2.965975978002796665e-02 -2.299441789910902992e-02 3.752924998887974262e-02 -2.241257412886001248e+02
2.120000000000000000e+03 -2.895793267271071919e-02 -2.385392360270309139e-02 3.751761634113823241e-02 -2.252061697900373360e+02
2.130000000000000000e+03 -2.826032145197015719e-02 -2.468169559084697207e-02 3.752108561606286308e-02 -2.262873164002136264e+02
2.140000000000000000e+03 -2.757198852225441546e-02 -2.548116651610816269e-02 3.754336689873406796e-02 -2.273692134383030350e+02
2.150000000000000000e+03 -2.689685596046425750e-02 -2.625568883045166849e-02 3.758725923128029833e-02 -2.284518860646972485e+02
2.160000000000000000e+03 -2.623785880691502370e-02 -2.700836097120367860e-02 3.765470484710305848e-02 -2.295353543342579883e+02
2.170000000000000000e+03 -2.559704248792352491e-02 -2.774192485217259405e-02 3.774682739823512212e-02 -2.306196332332436043e+02
2.180000000000000000e+03 -2.497559041657763240e-02 -2.845869843752536765e-02 3.786393578875092703e-02 -2.317047310803230005e+02
2.190000000000000000e+03 -2.437394628824731194e-02 -2.916048730117580881e-02 3.800556903013557752e-02 -2.327906504857910193e+02
2.200000000000000000e+03 -2.379192171749197962e-02 -2.984853903741747569e-02 3.817054914039751112e-02 -2.338773887142106389e+02
2.210000000000000000e+03 -2.322879159354505549e-02 -3.052355154285257485e-02 3.835705877261090524e-02 -2.349649373835716233e+02
2.220000000000000000e+03 -2.268346626840512040e-02 -3.118572972279299790e-02 3.856279787947144988e-02 -2.360532835632130855e+02
2.230000000000000000e+03 -2.215463702886514077e-02 -3.183485004576405014e-02 3.878512110741753893e-02 -2.371424108827215775e+02
2.240000000000000000e+03 -2.164080195154130873e-02 -3.247036465993342891e-02 3.902113389248046404e-02 -2.382322980784840354e+02
2.250000000000000000e+03 -2.114028853913135081e-02 -3.309145316427779260e-02 3.926774849722503707e-02 -2.393229186448043038e+02
2.260000000000000000e+03 -2.065124750396160266e-02 -3.369705848396577913e-02 3.952171268988340092e-02 -2.404142403152605141e+02
2.270000000000000000e+03 -2.017160625764234660e-02 -3.428603839753482235e-02 3.977972005947990469e-02 -2.415062223312478125e+02
2.280000000000000000e+03 -1.969901049782129751e-02 -3.485726357275808346e-02 4.003847947130361601e-02 -2.425988135118539901e+02
2.290000000000000000e+03 -1.923079812818060536e-02 -3.540964001306121101e-02 4.029474162346025068e-02 -2.436919521204943067e+02
2.300000000000000000e+03 -1.876401875044643106e-02 -3.594207472025050254e-02 4.054529732118356683e-02 -2.447855673427634429e+02
2.310000000000000000e+03 -1.829544406253198752e-02 -3.645343097706117697e-02 4.078695751639977579e-02 -2.458795804877564137e+02
2.320000000000000000e+03 -1.782152128994754850e-02 -3.694245295159482440e-02 4.101647780062118998e-02 -2.469739050296143148e+02
2.330000000000000000e+03 -1.733837951606790814e-02 -3.740766968373773760e-02 4.123048817817749623e-02 -2.480684476949858492e+02
2.340000000000000000e+03 -1.684191963331550454e-02 -3.784733573420886316e-02 4.142548827851014193e-02 -2.491631106710630377e+02
2.350000000000000000e+03 -1.632794878317810755e-02 -3.825940294442371076e-02 4.159788245968615295e-02 -2.502577942427704158e+02
2.360000000000000000e+03 -1.579236723661930561e-02 -3.864142171438952889e-02 4.174396165968847355e-02 -2.513524010506561410e+02
2.370000000000000000e+03 -1.523132543331974856e-02 -3.899045581367024255e-02 4.185987241993774366e-02 -2.524468392598735136e+02
2.380000000000000000e+03 -1.464134618414919715e-02 -3.930310613490076155e-02 4.194166389087793795e-02 -2.535410237857389006e+02
2.390000000000000000e+03 -1.401942876611707994e-02 -3.957557182201373869e-02 4.198535778063108154e-02 -2.546348768104425062e+02
2.400000000000000000e+03 -1.336319518454736656e-02 -3.980374888253182530e-02 4.198706241979740378e-02 -2.557283290623974494e+02
2.410000000000000000e+03 -1.267101546573436675e-02 -3.998339310407484498e-02 4.194313241816661347e-02 -2.568213204079444267e+02
2.420000000000000000e+03 -1.194203793607749239e-02 -4.011027693313541642e-02 4.185028776149011392e-02 -2.579137987579190963e+02
2.430000000000000000e+03 -1.117618486959994634e-02 -4.018032366920271103e-02 4.170570126974687541e-02 -2.590057187314763496e+02
2.440000000000000000e+03 -1.037414996814348296e-02 -4.018971162486123516e-02 4.150705853286928981e-02 -2.600970409089614463e+02
2.450000000000000000e+03 -9.537374566456553043e-03 -4.013493987682043018e-02 4.125257461706945128e-02 -2.611877311342464623e+02
2.460000000000000000e+03 -8.667985380078764915e-03 -4.001294545485593879e-02 4.094105243545329009e-02 -2.622777588783558258e+02
2.470000000000000000e+03 -7.768672452186198112e-03 -3.982119799983502989e-02 4.057191247416643692e-02 -2.633670946013379535e+02
2.480000000000000000e+03 -6.842609183111905344e-03 -3.955769109390201016e-02 4.014513949550283650e-02 -2.644557087640987447e+02
2.490000000000000000e+03 -5.893440337155369385e-03 -3.922099600878073411e-02 3.966130566343478714e-02 -2.655435722597838435e+02
2.500000000000000000e+03 -4.925246803039495455e-03 -3.881033270623508030e-02 3.912160503915337872e-02 -2.666306565033981997e+02
2.510000000000000000e+03 -3.942480205244817612e-03 -3.832558340252472523e-02 3.852782751872502881e-02 -2.677169332608015111e+02
2.520000000000000000e+03 -2.949884836997239152e-03 -3.776739204457688764e-02 3.788241970096836025e-02 -2.688023741171713823e+02
2.530000000000000000e+03 -1.952449258208900640e-03 -3.713721050572431348e-02 3.718849905888056695e-02 -2.698869512882766912e+02
2.540000000000000000e+03 -9.553363438854139489e-04 -3.643728660933028690e-02 3.644980827083221103e-02 -2.709706383538822934e+02
2.550000000000000000e+03 3.618504405232886236e-05 -3.567072393209149567e-02 3.567074228547673781e-02 -2.720534112942335696e+02
2.560000000000000000e+03 1.016796634707689117e-03 -3.484156450562934937e-02 3.485639815867790092e-02 -2.731352505552027878e+02
2.570000000000000000e+03 1.981247339264618351e-03 -3.395481428263228546e-02 3.401256758886915532e-02 -2.742161422711275236e+02
2.580000000000000000e+03 2.924475355375859547e-03 -3.301644072929037221e-02 3.314570733194488472e-02 -2.752960799415664042e+02
2.590000000000000000e+03 3.841763117080937602e-03 -3.203336187641881577e-02 3.226291085679290627e-02 -2.763750657309098528e+02
2.600000000000000000e+03 4.728923841253755353e-03 -3.101337179272732961e-02 3.137183371513870001e-02 -2.774531110690574565e+02
2.610000000000000000e+03 5.582579822091862307e-03 -2.996501256355580192e-02 3.048060326509441365e-02 -2.785302340990509151e+02
2.620000000000000000e+03 6.400374138276367260e-03 -2.889736682815828572e-02 2.959767894127949758e-02 -2.796064580581531800e+02
2.630000000000000000e+03 7.181057638667391781e-03 -2.781980264751657272e-02 2.873167256107157785e-02 -2.806818123347508731e+02
2.640000000000000000e+03 7.924605694967874411e-03 -2.674165696338704282e-02 2.789113824439913222e-02 -2.817563306712898452e+02
2.650000000000000000e+03 8.632296270484248954e-03 -2.567182046465364686e-02 2.708429258575579049e-02 -2.828300473270850830e+02
2.660000000000000000e+03 9.306683980778799811e-03 -2.461840125289700004e-02 2.631881545523516441e-02 -2.839029945095882113e+02
2.670000000000000000e+03 9.951485001395327795e-03 -2.358842646645182423e-02 2.560167800938448202e-02 -2.849752007111301282e+02
2.680000000000000000e+03 1.057134074714711700e-02 -2.258754966787233226e-02 2.493893833327498477e-02 -2.860466908749215236e+02
2.690000000000000000e+03 1.117155470990419293e-02 -2.161981882383831599e-02 2.433557479518361558e-02 -2.871174858382575508e+02
2.700000000000000000e+03 1.175782684793469368e-02 -2.068749209117155818e-02 2.379535293304765528e-02 -2.881876001305253112e+02
2.710000000000000000e+03 1.233597574827753965e-02 -1.979097854783967020e-02 2.332078749834879880e-02 -2.892570403846622185e+02
2.720000000000000000e+03 1.291164283106698875e-02 -1.892884819251526574e-02 2.291313628668786156e-02 -2.903258045283291153e+02
2.730000000000000000e+03 1.348993169287669887e-02 -1.809788366786773198e-02 2.257236474838542062e-02 -2.913938833075533239e+02
2.740000000000000000e+03 1.407512657673042067e-02 -1.729321433154366525e-02 2.229718480139791792e-02 -2.924612601997036450e+02
2.750000000000000000e+03 1.467046850300039555e-02 -1.650850034442361003e-02 2.208513594523160359e-02 -2.935279104161862165e+02
2.760000000000000000e+03 1.527791152599619270e-02 -1.573615127805880892e-02 2.193264775721616433e-02 -2.945938016988694699e+02
2.770000000000000000e+03 1.589795232936254410e-02 -1.496760718539034106e-02 2.183515864661469616e-02 -2.956588948197808122e+02
2.780000000000000000e+03 1.652946782702940931e-02 -1.419371472331146765e-02 2.178726335021333171e-02 -2.967231477637838566e+02
2.790000000000000000e+03 1.716958290738362924e-02 -1.340514414611959637e-02 2.178284799542439323e-02 -2.977865215328708359e+02
2.800000000000000000e+03 1.781364269900004640e-02 -1.259279749443303550e-02 2.181523355234677580e-02 -2.988489837090387482e+02
2.810000000000000000e+03 1.845528185118359629e-02 -1.174819109140206458e-02 2.187732666773354803e-02 -2.999105098029420446e+02
2.820000000000000000e+03 1.908660256983627651e-02 -1.086386249481029707e-02 2.196182838392620254e-02 -3.009710847187384388e+02
2.830000000000000000e+03 1.969836194557515047e-02 -9.933763118108790077e-03 2.206139417683256401e-02 -3.020307061849417778e+02
2.840000000000000000e+03 2.028029574344316147e-02 -8.953567817347138705e-03 2.216882432835249120e-02 -3.030893847260529128e+02
2.850000000000000000e+03 2.082144567274915592e-02 -7.920900109225614480e-03 2.227719143975682645e-02 -3.041471435900321012e+02
2.860000000000000000e+03 2.131053750315959130e-02 -6.835555036695319629e-03 2.237998707178496388e-02 -3.052040210309912709e+02
2.870000000000000000e+03 2.173645194980221643e-02 -5.699657226455980170e-03 2.247130249596477128e-02 -3.062600725108433153e+02
2.880000000000000000e+03 2.208862136056665912e-02 -4.517597217369855554e-03 2.254586166525621160e-02 -3.073153687044283515e+02
2.890000000000000000e+03 2.235742535678541393e-02 -3.295844920281593149e-03 2.259905003142338720e-02 -3.083699913593104043e+02
2.900000000000000000e+03 2.253460983117781813e-02 -2.042718321991757700e-03 2.262700462691464784e-02 -3.094240303603868938e+02
2.910000000000000000e+03 2.261357302230569688e-02 -7.680251764694578410e-04 2.262661148972251735e-02 -3.104775793535508228e+02
2.920000000000000000e+03 2.258948416053319780e-02 5.172762333211710847e-04 2.259540593440487535e-02 -3.115307344029801015e+02
2.930000000000000000e+03 2.245936312332386456e-02 1.801378851409559138e-03 2.253148813708551884e-02 -3.125835945729363061e+02
2.940000000000000000e+03 2.222225006398715827e-02 3.072021195553539374e-03 2.243358446910139956e-02 -3.136362592608566615e+02
2.950000000000000000e+03 2.187925654541660048e-02 4.316929805357961475e-03 2.230107060041161202e-02 -3.146888246140811702e+02
2.960000000000000000e+03 2.143350972876138447e-02 5.524217428822016628e-03 2.213396298663684522e-02 -3.157413818097632543e+02
2.970000000000000000e+03 2.089009953559603852e-02 6.682768911332763115e-03 2.193298107712185821e-02 -3.167940160228073978e+02
2.980000000000000000e+03 2.025596872595314402e-02 7.782664383262453793e-03 2.169963441925448072e-02 -3.178468036405087105e+02
2.990000000000000000e+03 1.953971605711702850e-02 8.815578153112244367e-03 2.143629916208455305e-02 -3.188998095266030077e+02
3.000000000000000000e+03 1.875128116426658456e-02 9.775169180380412215e-03 2.114626392076004308e-02 -3.199530820418383428e+02
3.010000000000000000e+03 1.790149720734837344e-02 1.065745357023247485e-02 2.083374471539772149e-02 -3.210066443820506379e+02
3.020000000000000000e+03 1.700152717591009791e-02 1.146095260149908659e-02 2.050378893880392892e-02 -3.220604892444133611e+02
3.030000000000000000e+03 1.606225262483783334e-02 1.218668498626371971e-02 2.016212415244324901e-02 -3.231145734558760410e+02
3.040000000000000000e+03 1.509374282219403535e-02 1.283811406376746123e-02 1.981510144048820657e-02 -3.241688110647161807e+02
3.050000000000000000e+03 1.410472051177235654e-02 1.342086637574527522e-02 1.946953504814180266e-02 -3.252230704196886109e+02
3.060000000000000000e+03 1.310192046888387744e-02 1.394220720618262813e-02 1.913231459476582089e-02 -3.262771702651831447e+02
3.070000000000000000e+03 1.208959879908381302e-02 1.441041947547100008e-02 1.881006615038454885e-02 -3.273308760247273881e+02
3.080000000000000000e+03 1.106930559544224736e-02 1.483412499407931080e-02 1.850893813013749015e-02 -3.283839012585117416e+02
3.090000000000000000e+03 1.003992765052770693e-02 1.522143480975689071e-02 1.823436933089569653e-02 -3.294359213997668689e+02
3.100000000000000000e+03 8.997840815701856759e-03 1.557909905607808045e-02 1.799081617781147710e-02 -3.304865879806441171e+02
3.110000000000000000e+03 7.937299740500714657e-03 1.591176281769270118e-02 1.778158944349634424e-02 -3.315355459959550330e+02
3.120000000000000000e+03 6.851197483923302314e-03 1.622135869678826767e-02 1.760884394086066271e-02 -3.325824625717647791e+02
3.130000000000000000e+03 5.731829336145844583e-03 1.650665802131386431e-02 1.747351214184794319e-02 -3.336270500715314711e+02
3.140000000000000000e+03 4.571674213772062081e-03 1.676316726210641886e-02 1.737538436335222050e-02 -3.346690796290428693e+02
3.150000000000000000e+03 3.364326826880105134e-03 1.698332427564641298e-02 1.731334740741448733e-02 -3.357083970801392070e+02
3.160000000000000000e+03 2.105366363510577116e-03 1.715687685202948315e-02 1.728557175335276169e-02 -3.367449352939627829e+02
3.170000000000000000e+03 7.930627840359540841e-04 1.727144036830019144e-02 1.728963854379762105e-02 -3.377787184106299492e+02
3.180000000000000000e+03 -5.710868640734440352e-04 1.731325432044021617e-02 1.732267056116230247e-02 -3.388098594846206879e+02
3.190000000000000000e+03 -1.982011530445362216e-03 1.726815736604486728e-02 1.738153124800309243e-02 -3.398385547419088084e+02
3.200000000000000000e+03 -3.430976337143871058e-03 1.712267173346620000e-02 1.746303197952988814e-02 -3.408650757696300388e+02
3.210000000000000000e+03 -4.905755369800769358e-03 1.686490891562041072e-02 1.756392861749619602e-02 -3.418897591383114332e+02
3.220000000000000000e+03 -6.391030314576132305e-03 1.648539876461254522e-02 1.768088348782718283e-02 -3.429129938124936530e+02
3.230000000000000000e+03 -7.868893541710622608e-03 1.597792146938559893e-02 1.781048736145724939e-02 -3.439352151564285691e+02
3.240000000000000000e+03 -9.319644816632596807e-03 1.534013325641972632e-02 1.794924699904988305e-02 -3.449568926274899354e+02
3.250000000000000000e+03 -1.072262233140953459e-02 1.457389392760764617e-02 1.809345223762456531e-02 -3.459785198500831598e+02
3.260000000000000000e+03 -1.205708229948866672e-02 1.368543950655553426e-02 1.823909230373687781e-02 -3.470006062735129717e+02
3.270000000000000000e+03 -1.330330118630893878e-02 1.268528058597805964e-02 1.838189778011619507e-02 -3.480236589100487095e+02
3.280000000000000000e+03 -1.444345428047644556e-02 1.158782286941523187e-02 1.851731650118763894e-02 -3.490481717800482215e+02
3.290000000000000000e+03 -1.546227308475018811e-02 1.041080833010568987e-02 1.864046187822576695e-02 -3.500746202585590368e+02
3.300000000000000000e+03 -1.634775542413969412e-02 9.174729792254128144e-03 1.874632695138874969e-02 -3.511034552930651671e+02
3.310000000000000000e+03 -1.709168606155081829e-02 7.902012739192911667e-03 1.882996382781914821e-02 -3.521350974994848002e+02
3.320000000000000000e+03 -1.768974491301417151e-02 6.616096800694526436e-03 1.888649813924410739e-02 -3.531699369582339045e+02
3.330000000000000000e+03 -1.814150505409455397e-02 5.340479725568926528e-03 1.891123817540647095e-02 -3.542083287829640881e+02
3.340000000000000000e+03 -1.845038332329455508e-02 4.097702024450329723e-03 1.889994197498209849e-02 -3.552505825871502907e+02
3.350000000000000000e+03 -1.862329568873741931e-02 2.908616578550308075e-03 1.884906344387336785e-02 -3.562969667275464758e+02
3.360000000000000000e+03 -1.867003043881505786e-02 1.791700075261815897e-03 1.875580512124110436e-02 -3.573477103838936841e+02
3.370000000000000000e+03 -1.860252023503062777e-02 7.625826772518451381e-04 1.861814414581562313e-02 -3.584030073066019213e+02
3.380000000000000000e+03 -1.843421608565161754e-02 -1.662291536170824576e-04 1.843496554984600660e-02 -3.594630195518529945e+02
3.390000000000000000e+03 -1.817929426342448918e-02 -9.856225541595598372e-04 1.820599329164565225e-02 -3.605278729945814575e+02
3.400000000000000000e+03 -1.785184699115380594e-02 -1.689961369938410007e-03 1.793165944433061307e-02 -3.615976520966427188e+02
3.410000000000000000e+03 -1.746513483842218953e-02 -2.276825315727730534e-03 1.761291765842919882e-02 -3.626724037671480119e+02
3.420000000000000000e+03 -1.703103148291694457e-02 -2.746656690531259874e-03 1.725109145381092252e-02 -3.637521398542041311e+02
3.430000000000000000e+03 -1.655978907432330630e-02 -3.102279114923173729e-03 1.684787078217796913e-02 -3.648368452060407208e+02
3.440000000000000000e+03 -1.605958135650533899e-02 -3.348393235928995380e-03 1.640493494679661629e-02 -3.659264833734052331e+02
3.450000000000000000e+03 -1.553627930060222720e-02 -3.491191971503678111e-03 1.592370546977722040e-02 -3.670209962099636414e+02
3.460000000000000000e+03 -1.499365078262074151e-02 -3.537866998458242054e-03 1.540539083210690566e-02 -3.681203174088892638e+02
3.470000000000000000e+03 -1.443351095813411381e-02 -3.495916458939893421e-03 1.485084746627155991e-02 -3.692244047506292191e+02
3.480000000000000000e+03 -1.385602908508689994e-02 -3.372718474862318114e-03 1.426060208818168140e-02 -3.703332684455922958e+02
3.490000000000000000e+03 -1.326016059284745863e-02 -3.175345510652219719e-03 1.363505328409551388e-02 -3.714469975927112841e+02
3.500000000000000000e+03 -1.264414906366929936e-02 -2.910212146298875053e-03 1.297473854383026509e-02 -3.725658137744871965e+02
3.510000000000000000e+03 -1.200614311468269253e-02 -2.582744712135434922e-03 1.228079975971867188e-02 -3.736901472137504356e+02
3.520000000000000000e+03 -1.134458836614823593e-02 -2.197361621326690724e-03 1.155543522729565384e-02 -3.748207133721260220e+02
3.530000000000000000e+03 -1.065871762593399545e-02 -1.757528725011958627e-03 1.080264637246994980e-02 -3.759586160328568099e+02
3.540000000000000000e+03 -9.949151054669530883e-03 -1.265913218347587644e-03 1.002936403691774385e-02 -3.771054784684087622e+02
3.550000000000000000e+03 -9.218182291825218616e-03 -7.246375174524291932e-04 9.246620155333496599e-03 -3.782635884675471516e+02
3.560000000000000000e+03 -8.469944447180936462e-03 -1.354885304741914437e-04 8.471028041520181628e-03 -3.794360417067445042e+02
3.570000000000000000e+03 -7.710552969629354096e-03 4.998027197985456744e-04 7.726734747367614703e-03 -3.806267667809023010e+02
3.580000000000000000e+03 -6.947924618092756084e-03 1.179154528651581244e-03 7.047273366426118346e-03 -3.818401481328754699e+02
3.590000000000000000e+03 -6.191627651480329647e-03 1.899782647171864743e-03 6.476528937715878530e-03 -3.830797485601060544e+02
3.600000000000000000e+03 -5.452650215004056951e-03 2.657958271444399272e-03 6.065981910616243672e-03 -3.843456035010917731e+02
3.610000000000000000e+03 -4.742845125731814590e-03 3.448579241219650818e-03 5.864066734754059054e-03 -3.856307278359220732e+02
3.620000000000000000e+03 -4.074429514141489003e-03 4.264812078201251667e-03 5.898270757440568328e-03 -3.869202606520518657e+02
3.630000000000000000e+03 -3.459650617987653116e-03 5.098018767111482143e-03 6.161085760510336302e-03 -3.881965962122136489e+02
3.640000000000000000e+03 -2.910439594042888139e-03 5.937909272222357399e-03 6.612822782724241295e-03 -3.894471000716104072e+02
3.650000000000000000e+03 -2.437705057159161165e-03 6.772557523790527674e-03 7.197912291682292789e-03 -3.906673318108483386e+02
3.660000000000000000e+03 -2.050611709335836523e-03 7.588407088254219175e-03 7.860593522090562543e-03 -3.918589072990551472e+02
3.670000000000000000e+03 -1.756075095971029905e-03 8.370633739905986026e-03 8.552853848297780129e-03 -3.930260420211669157e+02
3.680000000000000000e+03 -1.558580317657898414e-03 9.103695017591022579e-03 9.236148308678363700e-03 -3.941732738799731806e+02
3.690000000000000000e+03 -1.459829664087626197e-03 9.771818291811212170e-03 9.880259884047908406e-03 -3.953045379668337205e+02
3.700000000000000000e+03 -1.458200374074160310e-03 1.035945382525445269e-02 1.046157884301070207e-02 -3.964229914590959538e+02
3.710000000000000000e+03 -1.548622996068638961e-03 1.085197959158176045e-02 1.096192018945858077e-02 -3.975310858977684916e+02
3.720000000000000000e+03 -1.722831632065105522e-03 1.123642746995733889e-02 1.136773729112596984e-02 -3.986306923186864992e+02
3.730000000000000000e+03 -1.969589058367797463e-03 1.150188062127568966e-02 1.166929898858193489e-02 -3.997232373855608216e+02
3.740000000000000000e+03 -2.275089823030136335e-03 1.164001433322452497e-02 1.186026843627612307e-02 -4.008098122459792876e+02
3.750000000000000000e+03 -2.623199870246711168e-03 1.164575020094704358e-02 1.193753221156368047e-02 -4.018912811138777101e+02
3.760000000000000000e+03 -2.996150429760934247e-03 1.151766507118955930e-02 1.190098845011861375e-02 -4.029683383390112112e+02
3.770000000000000000e+03 -3.375548604400994881e-03 1.125796928917157519e-02 1.175313578993299364e-02 -4.040415263937221084e+02
3.780000000000000000e+03 -3.743009015364472114e-03 1.087241902337751295e-02 1.149867870274671848e-02 -4.051112751892733286e+02
3.790000000000000000e+03 -4.080689575676228233e-03 1.037036114071879928e-02 1.114434464658928085e-02 -4.061779466276348103e+02
3.800000000000000000e+03 -4.372145900077720714e-03 9.764451452468115439e-03 1.069860607458621680e-02 -4.072418421895386018e+02
3.810000000000000000e+03 -4.603096894501871976e-03 9.069915177494900296e-03 1.017112886296919934e-02 -4.083031933900284116e+02
3.820000000000000000e+03 -4.762170885822382925e-03 8.303988703954885697e-03 9.572591077716872954e-03 -4.093621419000762103e+02
3.830000000000000000e+03 -4.841276088425792122e-03 7.485357884634550284e-03 8.914512708242889119e-03 -4.104187345564862426e+02
3.840000000000000000e+03 -4.835654545000896837e-03 6.633483830322284801e-03 8.208937970635120374e-03 -4.114729232449915344e+02
3.850000000000000000e+03 -4.744060332795061070e-03 5.767714891320792521e-03 7.468108429097907591e-03 -4.125245105069174087e+02
3.860000000000000000e+03 -4.568752001672496052e-03 4.906608126285938974e-03 6.704349197179517578e-03 -4.135730760794317007e+02
3.870000000000000000e+03 -4.314993410775509568e-03 4.067257431188872271e-03 5.929734492082859576e-03 -4.146178886684766667e+02
3.880000000000000000e+03 -3.990544379942746918e-03 3.264645006433212950e-03 5.155807547448018439e-03 -4.156577143261548599e+02
3.890000000000000000e+03 -3.605477372642905843e-03 2.511332187409892093e-03 4.393888532969509111e-03 -4.166904317258410515e+02
3.900000000000000000e+03 -3.171806806254031524e-03 1.817149472852291935e-03 3.655460384532537021e-03 -4.177122964426450267e+02
3.910000000000000000e+03 -2.702623930761839915e-03 1.188942802211935676e-03 2.952585493776284809e-03 -4.187164779701953421e+02
3.920000000000000000e+03 -2.211309263270189781e-03 6.305657410572325372e-04 2.299456851436792234e-03 -4.196898191756974938e+02
3.930000000000000000e+03 -1.710933451291139643e-03 1.428978430948777767e-04 1.716890523099297381e-03 -4.206053637357961179e+02
3.940000000000000000e+03 -1.213796663179317944e-03 -2.758788170345613348e-04 1.244753574501248575e-03 -4.214085476443578955e+02
3.950000000000000000e+03 -7.308495532937656167e-04 -6.299655366725975467e-04 9.648821932986900111e-04 -4.220306381921289471e+02
3.960000000000000000e+03 -2.712575305014638927e-04 -9.255881161112204398e-04 9.645175003804081371e-04 -4.225663227825502872e+02
3.970000000000000000e+03 1.578974322065087514e-04 -1.170437735383505476e-03 1.181040258207601305e-03 -4.232571453728821780e+02
3.980000000000000000e+03 5.517078675581429687e-04 -1.373123104878361820e-03 1.479813715396754385e-03 -4.241191914167670234e+02
3.990000000000000000e+03 9.074652523272712596e-04 -1.542650237862169859e-03 1.789766169240442333e-03 -4.250795048106793388e+02
4.000000000000000000e+03 1.224618277949005409e-03 -1.687730561834327675e-03 2.085215666552599646e-03 -4.260935386623883687e+02
4.010000000000000000e+03 1.504455088691936853e-03 -1.816403564339728882e-03 2.358539171274697324e-03 -4.271395034880225126e+02
4.020000000000000000e+03 1.749755638984522386e-03 -1.935722324788291060e-03 2.609342008024613264e-03 -4.282062587945461019e+02
4.030000000000000000e+03 1.964392856176690877e-03 -2.051453974758887713e-03 2.840299756003238432e-03 -4.292875182386362667e+02
4.040000000000000000e+03 2.152807022367435232e-03 -2.167922944682345015e-03 3.055236156115384745e-03 -4.303793406925282170e+02
4.050000000000000000e+03 2.319604862827113860e-03 -2.287864236838542398e-03 3.258049951405901819e-03 -4.314789534004569305e+02
4.060000000000000000e+03 2.469092969936538193e-03 -2.412657947624668314e-03 3.452149832557461617e-03 -4.325842823508650667e+02
4.070000000000000000e+03 2.605030072649809712e-03 -2.542499960483428616e-03 3.640121938681190571e-03 -4.336936952439191941e+02
4.080000000000000000e+03 2.730563589837337914e-03 -2.676508550489901245e-03 3.823568430012848959e-03 -4.348058454751681552e+02
4.090000000000000000e+03 2.847999611051210429e-03 -2.812995694809049697e-03 4.003004691923567164e-03 -4.359196589704991425e+02
4.100000000000000000e+03 2.958655664819455702e-03 -2.949747712027779144e-03 4.177876842079164717e-03 -4.370343345678774085e+02
4.110000000000000000e+03 3.062972040998235366e-03 -3.084247372014481316e-03 4.346766565588165016e-03 -4.381493031962577334e+02
4.120000000000000000e+03 3.160824896975870761e-03 -3.213979643251398816e-03 4.507824217577356858e-03 -4.392641803036931378e+02
4.130000000000000000e+03 3.251657723018642164e-03 -3.336691800757807854e-03 4.659054638111809199e-03 -4.403787482596918039e+02
4.140000000000000000e+03 3.334515162592766209e-03 -3.450332730579232492e-03 4.798310882098763032e-03 -4.414929106157664478e+02
4.150000000000000000e+03 3.408458453701826169e-03 -3.553215761650407867e-03 4.923711128757691027e-03 -4.426066327077825235e+02
4.160000000000000000e+03 3.472828255444120136e-03 -3.644090068779218001e-03 5.033878079690287666e-03 -4.437199016393435613e+02
4.170000000000000000e+03 3.527381016114483018e-03 -3.722079781342340320e-03 5.127991295967875354e-03 -4.448326927868777148e+02
4.180000000000000000e+03 3.572346367126512032e-03 -3.786634310638118187e-03 5.205790811127912303e-03 -4.459449532582627853e+02
4.190000000000000000e+03 3.608768224368469595e-03 -3.837667335141950117e-03 5.267912173947765508e-03 -4.470565719854105851e+02
4.200000000000000000e+03 3.638494418084732996e-03 -3.875183969341394839e-03 5.315608377850487322e-03 -4.670168889053249472e+02
