0.000000000000000000e+00 2.160395747819447432e-01 6.757343319988917685e-01
1.000000000000000000e+01 2.158354239636211258e-01 6.759272526511619361e-01
2.000000000000000000e+01 2.154243049423464618e-01 6.763282444271573324e-01
3.000000000000000000e+01 2.148259341760141716e-01 6.769171636810259463e-01
4.000000000000000000e+01 2.140703904426544679e-01 6.776646420803533744e-01
5.000000000000000000e+01 2.131985873356486427e-01 6.785298942575012093e-01
6.000000000000000000e+01 2.122598714924653907e-01 6.794629749250827855e-01
7.000000000000000000e+01 2.113105086380510089e-01 6.804071861404812349e-01
8.000000000000000000e+01 2.104111772677585424e-01 6.813019866924877599e-01
9.000000000000000000e+01 2.096232159232487013e-01 6.820863050325918220e-01
1.000000000000000000e+02 2.090046923647065624e-01 6.827022507495471570e-01
1.100000000000000000e+02 2.086066238734009259e-01 6.830988272579615606e-01
1.200000000000000000e+02 2.084697483806297047e-01 6.832352882125983795e-01
1.300000000000000000e+02 2.086221025636579851e-01 6.830836472709448381e-01
1.400000000000000000e+02 2.090776260918280061e-01 6.826300293567958422e-01
1.500000000000000000e+02 2.098359240991755637e-01 6.818748480966549952e-01
1.600000000000000000e+02 2.108831173314875129e-01 6.808319315975688291e-01
1.700000000000000000e+02 2.121935741073867066e-01 6.795267941826144131e-01
1.800000000000000000e+02 2.137322636556183153e-01 6.779943071852022607e-01
1.900000000000000000e+02 2.154574643748763396e-01 6.762760174862624263e-01
2.000000000000000000e+02 2.173235855966410834e-01 6.744173434085264374e-01
2.100000000000000000e+02 2.192838969612371791e-01 6.724648580381179519e-01
2.200000000000000000e+02 2.212930016312612547e-01 6.704638194521962413e-01
2.300000000000000000e+02 2.233089379187628842e-01 6.684560653454640899e-01
2.400000000000000000e+02 2.252948401515370846e-01 6.664783544667218784e-01
2.500000000000000000e+02 2.272201249451599181e-01 6.645611906212943731e-01
2.600000000000000000e+02 2.290611970323991053e-01 6.627281149058866783e-01
2.700000000000000000e+02 2.308017030842858253e-01 6.609954461781157864e-01
2.800000000000000000e+02 2.324323872002948266e-01 6.593724301060240878e-01
2.900000000000000000e+02 2.339506127802215285e-01 6.578617178840917568e-01
3.000000000000000000e+02 2.353596236525030971e-01 6.564600937381209755e-01
3.100000000000000000e+02 2.366676210995745933e-01 6.551593881517673301e-01
3.200000000000000000e+02 2.378867335792201887e-01 6.539475054825800715e-01
3.300000000000000000e+02 2.390319485573815517e-01 6.528095043698225464e-01
3.400000000000000000e+02 2.401200596635697793e-01 6.517286555310067842e-01
3.500000000000000000e+02 2.411686697335983232e-01 6.506874170702633409e-01
3.600000000000000000e+02 2.421952888290132000e-01 6.496683130147835605e-01
3.700000000000000000e+02 2.432165580316767439e-01 6.486547052196995899e-01
3.800000000000000000e+02 2.442476137184745322e-01 6.476314379061209880e-01
3.900000000000000000e+02 2.453015980224429460e-01 6.465853326450498040e-01
4.000000000000000000e+02 2.463893203229290674e-01 6.455055273265190019e-01
4.100000000000000000e+02 2.475190713203184179e-01 6.443836709502425153e-01
4.200000000000000000e+02 2.486965761289194055e-01 6.432139772012496204e-01
4.300000000000000000e+02 2.499250618796844126e-01 6.419931559125522380e-01
4.400000000000000000e+02 2.512054115430865653e-01 6.407202578218421651e-01
4.500000000000000000e+02 2.525363815129090805e-01 6.393964579316667729e-01
4.600000000000000000e+02 2.539148653068447059e-01 6.380248050687512551e-01
4.700000000000000000e+02 2.553361801074700010e-01 6.366099479445036513e-01
4.800000000000000000e+02 2.567943525299625773e-01 6.351578339970410658e-01
4.900000000000000000e+02 2.582823881354043838e-01 6.336754225792698980e-01
5.000000000000000000e+02 2.597925206045558766e-01 6.321704397742240467e-01
5.100000000000000000e+02 2.613164421924377701e-01 6.306511542456412212e-01
5.200000000000000000e+02 2.628455145664241321e-01 6.291261596354986718e-01
5.300000000000000000e+02 2.643709655107319700e-01 6.276041789004992433e-01
5.400000000000000000e+02 2.658840720709732541e-01 6.260938939777448420e-01
5.500000000000000000e+02 2.673763237530590309e-01 6.246037766200894792e-01
5.600000000000000000e+02 2.688395667586147564e-01 6.231419312832831015e-01
5.700000000000000000e+02 2.702661347826533778e-01 6.217159709920299093e-01
5.800000000000000000e+02 2.716489649586278365e-01 6.203329130816530590e-01
5.900000000000000000e+02 2.729816937880718553e-01 6.189990828197579065e-01
6.000000000000000000e+02 2.742587318027238652e-01 6.177200302618720551e-01
6.100000000000000000e+02 2.754753168044761780e-01 6.165004801139561952e-01
6.200000000000000000e+02 2.766275532964231898e-01 6.153442965545321552e-01
6.300000000000000000e+02 2.777124370341854109e-01 6.142544567298876546e-01
6.400000000000000000e+02 2.787278607741786041e-01 6.132330429714883957e-01
6.500000000000000000e+02 2.796726034655016013e-01 6.122812618602568868e-01
6.600000000000000000e+02 2.805462970411518042e-01 6.113994747686223308e-01
6.700000000000000000e+02 2.813493802162436719e-01 6.105872238192011636e-01
6.800000000000000000e+02 2.820830501612008878e-01 6.098432910371165416e-01
6.900000000000000000e+02 2.827492080164654698e-01 6.091657743574153683e-01
7.000000000000000000e+02 2.833503945351553144e-01 6.085521507684328313e-01
7.100000000000000000e+02 2.838897166167833608e-01 6.079993370514694684e-01
7.200000000000000000e+02 2.843707637897655571e-01 6.075037703644389220e-01
7.300000000000000000e+02 2.847975148331923223e-01 6.070615060906712213e-01
7.400000000000000000e+02 2.851742529452104269e-01 6.066682972099227689e-01
7.500000000000000000e+02 2.855054959288166883e-01 6.063196715671562709e-01
7.600000000000000000e+02 2.857959364791074486e-01 6.060110046550087892e-01
7.700000000000000000e+02 2.860503819479633947e-01 6.057375535845770376e-01
7.800000000000000000e+02 2.862736914573533187e-01 6.054944985794102896e-01
7.900000000000000000e+02 2.864707256649054457e-01 6.052770199515956628e-01
8.000000000000000000e+02 2.866463057565692973e-01 6.050803541698160926e-01
8.100000000000000000e+02 2.868051716447132526e-01 6.048998462298506018e-01
8.200000000000000000e+02 2.869519437315321553e-01 6.047309778783157563e-01
8.300000000000000000e+02 2.870910846944895178e-01 6.045693679940747911e-01
8.400000000000000000e+02 2.872268690156426496e-01 6.044107978100204948e-01
8.500000000000000000e+02 2.873633728568479317e-01 6.042512519176626018e-01
8.600000000000000000e+02 2.875044644045658404e-01 6.040869508498143414e-01
8.700000000000000000e+02 2.876537813852878545e-01 6.039143411870898648e-01
8.800000000000000000e+02 2.878147214037746204e-01 6.037300797013511744e-01
8.900000000000000000e+02 2.879904496401752834e-01 6.035310449673142452e-01
9.000000000000000000e+02 2.881839143628714961e-01 6.033143392600541777e-01
9.100000000000000000e+02 2.883978719186586770e-01 6.030772542565592254e-01
9.200000000000000000e+02 2.886349118545419867e-01 6.028172250208925220e-01
9.300000000000000000e+02 2.888974875375733276e-01 6.025318056802952960e-01
9.400000000000000000e+02 2.891879569813277651e-01 6.022186585990242369e-01
9.500000000000000000e+02 2.895086076858362500e-01 6.018755271188463984e-01
9.600000000000000000e+02 2.898616597790342198e-01 6.015002153073717439e-01
9.700000000000000000e+02 2.902492541453896568e-01 6.010906069260224527e-01
9.800000000000000000e+02 2.906734273090461063e-01 6.006447035955779779e-01
9.900000000000000000e+02 2.911360765197708034e-01 6.001606660583927999e-01
1.000000000000000000e+03 2.916388922629348790e-01 5.996368676424144173e-01
1.010000000000000000e+03 2.921832483211791454e-01 5.990719643091552138e-01
1.020000000000000000e+03 2.927700872739576465e-01 5.984650064291049398e-01
1.030000000000000000e+03 2.933998193436203050e-01 5.978155708475567653e-01
1.040000000000000000e+03 2.940722174230599451e-01 5.971238872858909419e-01
1.050000000000000000e+03 2.947862994500814460e-01 5.963909430479792384e-01
1.060000000000000000e+03 2.955402287001409056e-01 5.956185714738906345e-01
1.070000000000000000e+03 2.963312544959382788e-01 5.948095206918092570e-01
1.080000000000000000e+03 2.971556729904492600e-01 5.939675085682477595e-01
1.090000000000000000e+03 2.980088049172339715e-01 5.930972302174220001e-01
1.100000000000000000e+03 2.988850063413187041e-01 5.922043289298425384e-01
1.110000000000000000e+03 2.997777125570158518e-01 5.912953529877560399e-01
1.120000000000000000e+03 3.006795237902794571e-01 5.903776939789453504e-01
1.130000000000000000e+03 3.015823116078644728e-01 5.894594852071021185e-01
1.140000000000000000e+03 3.024773456229203905e-01 5.885494722332729189e-01
1.150000000000000000e+03 3.033554424918287196e-01 5.876568443010452558e-01
1.160000000000000000e+03 3.042071412211583836e-01 5.867910576454472560e-01
1.170000000000000000e+03 3.050228962790281217e-01 5.859616207135628363e-01
1.180000000000000000e+03 3.057932926577189292e-01 5.851779069493793228e-01
1.190000000000000000e+03 3.065092685480529933e-01 5.844489759000388585e-01
1.200000000000000000e+03 3.071623316817897464e-01 5.837833560132933419e-01
1.210000000000000000e+03 3.077447579016650003e-01 5.831888149368125163e-01
1.220000000000000000e+03 3.082497605729438983e-01 5.826721499810550986e-01
1.230000000000000000e+03 3.086716479137083802e-01 5.822390411949962541e-01
1.240000000000000000e+03 3.090059672810680502e-01 5.818939246533149090e-01
1.250000000000000000e+03 3.092496117964889657e-01 5.816398874307363576e-01
1.260000000000000000e+03 3.094008807707231412e-01 5.814786197436809800e-01
1.270000000000000000e+03 3.094594864632833064e-01 5.814104047933550401e-01
1.280000000000000000e+03 3.094265218620376179e-01 5.814341525852383397e-01
1.290000000000000000e+03 3.093043742117694284e-01 5.815474778866316363e-01
1.300000000000000000e+03 3.090965954091106083e-01 5.817468298524610670e-01
1.310000000000000000e+03 3.088077352905607142e-01 5.820276497140798311e-01
1.320000000000000000e+03 3.084431400513635291e-01 5.823845806537338854e-01
1.330000000000000000e+03 3.080087348757703514e-01 5.828117407443768050e-01
1.340000000000000000e+03 3.075107638154310208e-01 5.833029646939594803e-01
1.350000000000000000e+03 3.069555203592820858e-01 5.838520262253890092e-01
1.360000000000000000e+03 3.063490846854294292e-01 5.844528712215569799e-01
1.370000000000000000e+03 3.056970780567362933e-01 5.850998525575463738e-01
1.380000000000000000e+03 3.050044622630182500e-01 5.857879927358722316e-01
1.390000000000000000e+03 3.042753664270405611e-01 5.865131602245208242e-01
1.400000000000000000e+03 3.035129637596905572e-01 5.872721938901886984e-01
1.410000000000000000e+03 3.027194172173358067e-01 5.880629384671417492e-01
1.420000000000000000e+03 3.018959013757380738e-01 5.888841775374710208e-01
1.430000000000000000e+03 3.010427024971301657e-01 5.897355405805962958e-01
1.440000000000000000e+03 3.001593770984810061e-01 5.906173751602314947e-01
1.450000000000000000e+03 2.992449576208438544e-01 5.915305575687660466e-01
1.460000000000000000e+03 2.982981940247163011e-01 5.924762707843992393e-01
1.470000000000000000e+03 2.973178079261258322e-01 5.934557840825578356e-01
1.480000000000000000e+03 2.963027211841420816e-01 5.944701726657120044e-01
1.490000000000000000e+03 2.952522536593392144e-01 5.955200779031601943e-01
1.500000000000000000e+03 2.941662742901473560e-01 5.966056051281046768e-01
1.510000000000000000e+03 2.930452927656507778e-01 5.977262294008798271e-01
1.520000000000000000e+03 2.918904937295461743e-01 5.988807114590228853e-01
1.530000000000000000e+03 2.907037215666900543e-01 6.000671099853498447e-01
1.540000000000000000e+03 2.894874147434346456e-01 6.012828899606390554e-01
1.550000000000000000e+03 2.882444942171564217e-01 6.025250737722060990e-01
1.560000000000000000e+03 2.869782113860074313e-01 6.037903862102858010e-01
1.570000000000000000e+03 2.856919688391145740e-01 6.050753795436628613e-01
1.580000000000000000e+03 2.843891763045600651e-01 6.063766180760351565e-01
1.590000000000000000e+03 2.830731235031322957e-01 6.076908529472742071e-01
1.600000000000000000e+03 2.817468495074213486e-01 6.090150895766801575e-01
1.610000000000000000e+03 2.804130617766589229e-01 6.103466624714006805e-01
1.620000000000000000e+03 2.790741025986612778e-01 6.116833367908394159e-01
1.630000000000000000e+03 2.777319190330559406e-01 6.130233157833676616e-01
1.640000000000000000e+03 2.763880663621881562e-01 6.143651710968698332e-01
1.650000000000000000e+03 2.750437239511808740e-01 6.157077134189551382e-01
1.660000000000000000e+03 2.736997688855494770e-01 6.170499727665548217e-01
1.670000000000000000e+03 2.723568802918945320e-01 6.183912272832833290e-01
1.680000000000000000e+03 2.710155928814519388e-01 6.197309345730821484e-01
1.690000000000000000e+03 2.696763539333536519e-01 6.210686487095569142e-01
1.700000000000000000e+03 2.683395991396522184e-01 6.224039330613029275e-01
1.710000000000000000e+03 2.670058248625648001e-01 6.237362987194933206e-01
1.720000000000000000e+03 2.656756395005299143e-01 6.250651349140008417e-01
1.730000000000000000e+03 2.643497989283458693e-01 6.263896662483875444e-01
1.740000000000000000e+03 2.630292339212485508e-01 6.277089460508787910e-01
1.750000000000000000e+03 2.617150782907881612e-01 6.290218837324019763e-01
1.760000000000000000e+03 2.604086678937879706e-01 6.303272166982029079e-01
1.770000000000000000e+03 2.591115296043772220e-01 6.316234931138751119e-01
1.780000000000000000e+03 2.578253644371460429e-01 6.329091139109682684e-01
1.790000000000000000e+03 2.565519917673124151e-01 6.341823088912429407e-01
1.800000000000000000e+03 2.552932919980843152e-01 6.354411631736908150e-01
1.810000000000000000e+03 2.540511631369908874e-01 6.366837410365164818e-01
1.820000000000000000e+03 2.528274384486392523e-01 6.379081549968040887e-01
1.830000000000000000e+03 2.516238060945383825e-01 6.391126666011690549e-01
1.840000000000000000e+03 2.504417252845171915e-01 6.402957480355199182e-01
1.850000000000000000e+03 2.492823932862226755e-01 6.414561694539023806e-01
1.860000000000000000e+03 2.481467219316236539e-01 6.425930620543373051e-01
1.870000000000000000e+03 2.470352687604537578e-01 6.437058812198873659e-01
1.880000000000000000e+03 2.459482153895344581e-01 6.447944304483332889e-01
1.890000000000000000e+03 2.448853745593809195e-01 6.458589129205370982e-01
1.900000000000000000e+03 2.438462157431055821e-01 6.468998894097822694e-01
1.910000000000000000e+03 2.428298878579445708e-01 6.479181704587823054e-01
1.920000000000000000e+03 2.418352622249505535e-01 6.489148404914044654e-01
1.930000000000000000e+03 2.408609831187233097e-01 6.498912453213500084e-01
1.940000000000000000e+03 2.399055392308994394e-01 6.508489334124433201e-01
1.950000000000000000e+03 2.389673247227557806e-01 6.517895611828700142e-01
1.960000000000000000e+03 2.380446773921853498e-01 6.527147964997426222e-01
1.970000000000000000e+03 2.371359256023171935e-01 6.536262777546961722e-01
1.980000000000000000e+03 2.362394354186914680e-01 6.545256149592840744e-01
1.990000000000000000e+03 2.353536658077131083e-01 6.554143969432207895e-01
2.000000000000000000e+03 2.344772123807837838e-01 6.562941330717326771e-01
2.010000000000000000e+03 2.336088017449706178e-01 6.571661407866542515e-01
2.020000000000000000e+03 2.327473074145370580e-01 6.580314609719001284e-01
2.030000000000000000e+03 2.318918358611856412e-01 6.588908857391057028e-01
2.040000000000000000e+03 2.310417387957919566e-01 6.597449038727899451e-01
2.050000000000000000e+03 2.301966370265764450e-01 6.605937943457210748e-01
2.060000000000000000e+03 2.293564249053434145e-01 6.614376632600875716e-01
2.070000000000000000e+03 2.285212364974624211e-01 6.622763710504241397e-01
2.080000000000000000e+03 2.276914374824488552e-01 6.631095175830166166e-01
2.090000000000000000e+03 2.268676312595221678e-01 6.639365065706773761e-01
2.100000000000000000e+03 2.260506525123360255e-01 6.647566410888642308e-01
2.110000000000000000e+03 2.252415086998572902e-01 6.655690406058036857e-01
2.120000000000000000e+03 2.244413046921752142e-01 6.663726167457963978e-01
2.130000000000000000e+03 2.236512269918848328e-01 6.671661798668722110e-01
2.140000000000000000e+03 2.228725351399706012e-01 6.679485081887259756e-01
2.150000000000000000e+03 2.221065220888504554e-01 6.687183454486650414e-01
2.160000000000000000e+03 2.213544967327159274e-01 6.694744169074601237e-01
2.170000000000000000e+03 2.206177191191551756e-01 6.702153255886713623e-01
2.180000000000000000e+03 2.198973819604963797e-01 6.709396584847043821e-01
2.190000000000000000e+03 2.191946492885885334e-01 6.716461892253613453e-01
2.200000000000000000e+03 2.185106715315616177e-01 6.723338802862118824e-01
2.210000000000000000e+03 2.178465352862089810e-01 6.730017649372551647e-01
2.220000000000000000e+03 2.172031968023832027e-01 6.736488302405126971e-01
2.230000000000000000e+03 2.165815065246549376e-01 6.742741219607314429e-01
2.240000000000000000e+03 2.159822045512753419e-01 6.748767840717312394e-01
2.250000000000000000e+03 2.154059431755539766e-01 6.754560902228674557e-01
2.260000000000000000e+03 2.148533400765230972e-01 6.760115941825517449e-01
2.270000000000000000e+03 2.143249033650934110e-01 6.765428866102412009e-01
2.280000000000000000e+03 2.138210369147249545e-01 6.770495868393903161e-01
2.290000000000000000e+03 2.133420864758340529e-01 6.775314755237361597e-01
2.300000000000000000e+03 2.128883000251266533e-01 6.779882890594136624e-01
2.310000000000000000e+03 2.124599194588159268e-01 6.784198212573332443e-01
2.320000000000000000e+03 2.120572453111938815e-01 6.788260464110100756e-01
2.330000000000000000e+03 2.116805441665258469e-01 6.792068999833670295e-01
2.340000000000000000e+03 2.113300041824203168e-01 6.795621603175163727e-01
2.350000000000000000e+03 2.110057404830145422e-01 6.798914242236996364e-01
2.360000000000000000e+03 2.107078467146401013e-01 6.801943057588798469e-01
2.370000000000000000e+03 2.104363949458255278e-01 6.804705573311377043e-01
2.380000000000000000e+03 2.101914322522774048e-01 6.807200775148255500e-01
2.390000000000000000e+03 2.099729786333427717e-01 6.809430051572784581e-01
2.400000000000000000e+03 2.097809306637508364e-01 6.811395762385511476e-01
2.410000000000000000e+03 2.096150287861926753e-01 6.813100725191743035e-01
2.420000000000000000e+03 2.094748179610081973e-01 6.814548141611889154e-01
2.430000000000000000e+03 2.093596736635441602e-01 6.815742760051329840e-01
2.440000000000000000e+03 2.092689109047349560e-01 6.816691936918857220e-01
2.450000000000000000e+03 2.092017889128768293e-01 6.817403850411709598e-01
2.460000000000000000e+03 2.091575032615419771e-01 6.817886711452836312e-01
2.470000000000000000e+03 2.091352668576335894e-01 6.818150508743222593e-01
2.480000000000000000e+03 2.091343312512097263e-01 6.818205331697969607e-01
2.490000000000000000e+03 2.091539579552999795e-01 6.818058495854996126e-01
2.500000000000000000e+03 2.091934594471047959e-01 6.817715220400971665e-01
2.510000000000000000e+03 2.092522792272136500e-01 6.817180375251301605e-01
2.520000000000000000e+03 2.093299997573924709e-01 6.816457967466790224e-01
2.530000000000000000e+03 2.094263055600829315e-01 6.815548330366857366e-01
2.540000000000000000e+03 2.095410790443848204e-01 6.814450445497055586e-01
2.550000000000000000e+03 2.096744479334334554e-01 6.813163531376839055e-01
2.560000000000000000e+03 2.098267482218866276e-01 6.811686087612651708e-01
2.570000000000000000e+03 2.099984257320315073e-01 6.810013500098489603e-01
2.580000000000000000e+03 2.101900291649537733e-01 6.808139545079440191e-01
2.590000000000000000e+03 2.104022284889008609e-01 6.806056788212547781e-01
2.600000000000000000e+03 2.106358549359556576e-01 6.803757420516477472e-01
2.610000000000000000e+03 2.108919126523570997e-01 6.801235629881461353e-01
2.620000000000000000e+03 2.111714257799272021e-01 6.798485144324364349e-01
2.630000000000000000e+03 2.114752897368880613e-01 6.795495447446372461e-01
2.640000000000000000e+03 2.118043153685638391e-01 6.792254901611546325e-01
2.650000000000000000e+03 2.121592998540487718e-01 6.788754039164791587e-01
2.660000000000000000e+03 2.125409988394079408e-01 6.784984676697189965e-01
2.670000000000000000e+03 2.129501475869021720e-01 6.780940946069893283e-01
2.680000000000000000e+03 2.133874604020563337e-01 6.776619651569023572e-01
2.690000000000000000e+03 2.138534365138810012e-01 6.772014871332132646e-01
2.700000000000000000e+03 2.143484317782997917e-01 6.767119719792165089e-01
2.710000000000000000e+03 2.148727853156995049e-01 6.761928646759817196e-01
2.720000000000000000e+03 2.154268041465159100e-01 6.756438650120001332e-01
2.730000000000000000e+03 2.160107189118715132e-01 6.750648973405516395e-01
2.740000000000000000e+03 2.166246396216053582e-01 6.744557735200833459e-01
2.750000000000000000e+03 2.172686613229326269e-01 6.738164057749573832e-01
2.760000000000000000e+03 2.179429242544398682e-01 6.731471349652452529e-01
2.770000000000000000e+03 2.186473891419164761e-01 6.724480642485564097e-01
2.780000000000000000e+03 2.193817726306765969e-01 6.717189354619396147e-01
2.790000000000000000e+03 2.201456974967067326e-01 6.709597646662963655e-01
2.800000000000000000e+03 2.209387249155103650e-01 6.701709888005874527e-01
2.810000000000000000e+03 2.217603060739206655e-01 6.693533597959285819e-01
2.820000000000000000e+03 2.226096619204311899e-01 6.685077856028620591e-01
2.830000000000000000e+03 2.234857706003021693e-01 6.676354107908283320e-01
2.840000000000000000e+03 2.243872605879017879e-01 6.667373475765064894e-01
2.850000000000000000e+03 2.253125942177085506e-01 6.658151281010863398e-01
2.860000000000000000e+03 2.262601931455264226e-01 6.648710909553020576e-01
2.870000000000000000e+03 2.272280421548379947e-01 6.639073241251528534e-01
2.880000000000000000e+03 2.282137384567594351e-01 6.629257525235686677e-01
2.890000000000000000e+03 2.292147733079729632e-01 6.619288050485623298e-01
2.900000000000000000e+03 2.302284642107125801e-01 6.609193365807277676e-01
2.910000000000000000e+03 2.312517361195403354e-01 6.599000320529978536e-01
2.920000000000000000e+03 2.322813059268742097e-01 6.588737597705026650e-01
2.930000000000000000e+03 2.333138823939280571e-01 6.578442504364702126e-01
2.940000000000000000e+03 2.343458021025744131e-01 6.568156681818594356e-01
2.950000000000000000e+03 2.353727966321898513e-01 6.557923701478022283e-01
2.960000000000000000e+03 2.363900213767175795e-01 6.547793661196501525e-01
2.970000000000000000e+03 2.373919762973354386e-01 6.537822927947790630e-01
2.980000000000000000e+03 2.383723864788058477e-01 6.528071835524483779e-01
2.990000000000000000e+03 2.393242439522018650e-01 6.518605023142798327e-01
3.000000000000000000e+03 2.402400764297261404e-01 6.509495831480414108e-01
3.010000000000000000e+03 2.411120815252806027e-01 6.500823491188638670e-01
3.020000000000000000e+03 2.419323323645903856e-01 6.492668819131690583e-01
3.030000000000000000e+03 2.426931148976258501e-01 6.485112657223779387e-01
3.040000000000000000e+03 2.433871065515481602e-01 6.478228199251435671e-01
3.050000000000000000e+03 2.440077891824950218e-01 6.472078560855291096e-01
3.060000000000000000e+03 2.445498906291450891e-01 6.466715856243224758e-01
3.070000000000000000e+03 2.450097479493968666e-01 6.462181475890523830e-01
3.080000000000000000e+03 2.453852453205059569e-01 6.458497450240685556e-01
3.090000000000000000e+03 2.456758952902487192e-01 6.455660115881957095e-01
3.100000000000000000e+03 2.458832646727193982e-01 6.453649034246854432e-01
3.110000000000000000e+03 2.460110343396218202e-01 6.452432613733737332e-01
3.120000000000000000e+03 2.460644468686102038e-01 6.451961626598355926e-01
3.130000000000000000e+03 2.460500463441402108e-01 6.452170800541795481e-01
3.140000000000000000e+03 2.459755122537868322e-01 6.452983054111502970e-01
3.150000000000000000e+03 2.458492640979613175e-01 6.454311481091704605e-01
3.160000000000000000e+03 2.456802830371718205e-01 6.456066438606211655e-01
3.170000000000000000e+03 2.454777319453495532e-01 6.458156735371561874e-01
3.180000000000000000e+03 2.452506067952756330e-01 6.460491328478185080e-01
3.190000000000000000e+03 2.450074997038506341e-01 6.462985674448059603e-01
3.200000000000000000e+03 2.447562757381533394e-01 6.465560497640545634e-01
3.210000000000000000e+03 2.445039413510859960e-01 6.468146721713196046e-01
3.220000000000000000e+03 2.442565797010720074e-01 6.470687938033113928e-01
3.230000000000000000e+03 2.440193441014892051e-01 6.473138702408411937e-01
3.240000000000000000e+03 2.437960599824898489e-01 6.475458094214344706e-01
3.250000000000000000e+03 2.435890762577637980e-01 6.477608469041137296e-01
3.260000000000000000e+03 2.434001246287672005e-01 6.479568969863038763e-01
3.270000000000000000e+03 2.432303645367957790e-01 6.481331697271943693e-01
3.280000000000000000e+03 2.430801243722466864e-01 6.482897565733110046e-01
3.290000000000000000e+03 2.429490546678938212e-01 6.484274499880723353e-01
3.300000000000000000e+03 2.428363444184972464e-01 6.485473667243897289e-01
3.310000000000000000e+03 2.427406948563277100e-01 6.486503943531890526e-01
3.320000000000000000e+03 2.426604438373039241e-01 6.487375450824228729e-01
3.330000000000000000e+03 2.425938406575195994e-01 6.488104403052195046e-01
3.340000000000000000e+03 2.425393059947810459e-01 6.488713630811674404e-01
3.350000000000000000e+03 2.424951147079145164e-01 6.489224445207252279e-01
3.360000000000000000e+03 2.424590276014149948e-01 6.489650567437301731e-01
3.370000000000000000e+03 2.424288199488909556e-01 6.490010567270543262e-01
3.380000000000000000e+03 2.424025911394719068e-01 6.490332844328564610e-01
3.390000000000000000e+03 2.423782471597427379e-01 6.490642939043055337e-01
3.400000000000000000e+03 2.423533709135123060e-01 6.490960088311295006e-01
3.410000000000000000e+03 2.423256867665575798e-01 6.491308994630790030e-01
3.420000000000000000e+03 2.422928946014528406e-01 6.491715401623652237e-01
3.430000000000000000e+03 2.422524409824674263e-01 6.492201350244530822e-01
3.440000000000000000e+03 2.422018434581421631e-01 6.492786608645805257e-01
3.450000000000000000e+03 2.421388633920375788e-01 6.493489396027858351e-01
3.460000000000000000e+03 2.420615826257324632e-01 6.494331021784764957e-01
3.470000000000000000e+03 2.419684454494006876e-01 6.495331642147426088e-01
3.480000000000000000e+03 2.418580788011973071e-01 6.496505845943382207e-01
3.490000000000000000e+03 2.417295552470720976e-01 6.497867194736582919e-01
3.500000000000000000e+03 2.415822609745475469e-01 6.499420416260422995e-01
3.510000000000000000e+03 2.414158596787643885e-01 6.501158509520403861e-01
3.520000000000000000e+03 2.412308744732367394e-01 6.503078320871299445e-01
3.530000000000000000e+03 2.410282899063329598e-01 6.505171044326121255e-01
3.540000000000000000e+03 2.408093803707023750e-01 6.507425749028739048e-01
3.550000000000000000e+03 2.405758011484306069e-01 6.509836221085436581e-01
3.560000000000000000e+03 2.403289267826004272e-01 6.512384891876380477e-01
3.570000000000000000e+03 2.400698602000344295e-01 6.515052815496676919e-01
3.580000000000000000e+03 2.397996372856252556e-01 6.517832116061149650e-01
3.590000000000000000e+03 2.395185978953384975e-01 6.520715427696643918e-01
3.600000000000000000e+03 2.392264589473461767e-01 6.523700539709034185e-01
3.610000000000000000e+03 2.389224054261794017e-01 6.526801837372538939e-01
3.620000000000000000e+03 2.386045586144162900e-01 6.530038766159733665e-01
3.630000000000000000e+03 2.382704383289056538e-01 6.533444181883998336e-01
3.640000000000000000e+03 2.379169163883040894e-01 6.537054065073698572e-01
3.650000000000000000e+03 2.375400782388234766e-01 6.540898414043024856e-01
3.660000000000000000e+03 2.371358204609490261e-01 6.545009620919209903e-01
3.670000000000000000e+03 2.367001967937338025e-01 6.549427500430412552e-01
3.680000000000000000e+03 2.362296362918215042e-01 6.554191159304496583e-01
3.690000000000000000e+03 2.357212099647473802e-01 6.559335417140556013e-01
3.700000000000000000e+03 2.351725628357778652e-01 6.564880895128601956e-01
3.710000000000000000e+03 2.345821416165070616e-01 6.570842324079124719e-01
3.720000000000000000e+03 2.339494162251506970e-01 6.577233758376119788e-01
3.730000000000000000e+03 2.332743953556649930e-01 6.584053207429078070e-01
3.740000000000000000e+03 2.325576770727369735e-01 6.591291398565716220e-01
3.750000000000000000e+03 2.318005087973021849e-01 6.598937878548384317e-01
3.760000000000000000e+03 2.310041910544024246e-01 6.606967160400133432e-01
3.770000000000000000e+03 2.301704022168137020e-01 6.615357153533831802e-01
3.780000000000000000e+03 2.293012175658567797e-01 6.624098085411647130e-01
3.790000000000000000e+03 2.283987573824250161e-01 6.633177771793105082e-01
3.800000000000000000e+03 2.274650205373143497e-01 6.642576351757362163e-01
3.810000000000000000e+03 2.265017283996993425e-01 6.652268736270688931e-01
3.820000000000000000e+03 2.255104742810643548e-01 6.662235168599996982e-01
3.830000000000000000e+03 2.244927672732143220e-01 6.672460299157150221e-01
3.840000000000000000e+03 2.234503175016517296e-01 6.682934313799052672e-01
3.850000000000000000e+03 2.223847928067641533e-01 6.693636316522864060e-01
3.860000000000000000e+03 2.212981588290371116e-01 6.704545971881658017e-01
3.870000000000000000e+03 2.201930455179756385e-01 6.715649198654046748e-01
3.880000000000000000e+03 2.190721298300508935e-01 6.726913082345417072e-01
3.890000000000000000e+03 2.179386266438531061e-01 6.738305163080198223e-01
3.900000000000000000e+03 2.167965154764261437e-01 6.749797825722109179e-01
3.910000000000000000e+03 2.156498675546676402e-01 6.761338878043892109e-01
3.920000000000000000e+03 2.145033337641236992e-01 6.772861178485187761e-01
3.930000000000000000e+03 2.133627525725922680e-01 6.784304878162367158e-01
3.940000000000000000e+03 2.122348754101255619e-01 6.795612162564875769e-01
3.950000000000000000e+03 2.111270831912310797e-01 6.806733128378392728e-01
3.960000000000000000e+03 2.100470226165224996e-01 6.817604295516969115e-01
3.970000000000000000e+03 2.090023438571008141e-01 6.828145586071027173e-01
3.980000000000000000e+03 2.080004162250856381e-01 6.838263487263235296e-01
3.990000000000000000e+03 2.070485882966160984e-01 6.847865808575649416e-01
4.000000000000000000e+03 2.061541372696485686e-01 6.856873147518884881e-01
4.010000000000000000e+03 2.053243328992199468e-01 6.865224404215770626e-01
4.020000000000000000e+03 2.045660705515063571e-01 6.872863526906305420e-01
4.030000000000000000e+03 2.038855332452690350e-01 6.879726493851494595e-01
4.040000000000000000e+03 2.032884419447346935e-01 6.885757120866839998e-01
4.050000000000000000e+03 2.027798647013968336e-01 6.890905331892686059e-01
4.060000000000000000e+03 2.023641636547099942e-01 6.895125015558029036e-01
4.070000000000000000e+03 2.020450774326115473e-01 6.898372315304954761e-01
4.080000000000000000e+03 2.018261939442360653e-01 6.900614095968931050e-01
4.090000000000000000e+03 2.017111232437425739e-01 6.901833732374353936e-01
4.100000000000000000e+03 2.017024824027645602e-01 6.901994912730580189e-01
4.110000000000000000e+03 2.018023448684720944e-01 6.901059286359688683e-01
4.120000000000000000e+03 2.020129354677483446e-01 6.899007859307957347e-01
4.130000000000000000e+03 2.023364122657499709e-01 6.895835447759453007e-01
4.140000000000000000e+03 2.027741683782705584e-01 6.891525608808023451e-01
4.150000000000000000e+03 2.033270671990884959e-01 6.886060028261148380e-01
4.160000000000000000e+03 2.039958003403612996e-01 6.879433804744932157e-01
4.170000000000000000e+03 2.047804252247178158e-01 6.871643988962936600e-01
4.180000000000000000e+03 2.056805452547066926e-01 6.862693173031205740e-01
4.190000000000000000e+03 2.066953553701257051e-01 6.852594485761426268e-01
4.200000000000000000e+03 2.078233670701929436e-01 6.841362527286090067e-01
