0.000000000000000000e+00 9.383903574259228719e+00 5.888631547560917927e-15 9.383903574259228719e+00 6.275247290172384896e-16
1.000000000000000000e+01 9.307039802797033801e+00 1.166055177164663448e+00 9.379801414051406994e+00 -9.853619990765513093e-01
2.000000000000000000e+01 9.051588928548767399e+00 2.299522967977527976e+00 9.339114947985317272e+00 -1.971216664925058426e+00
3.000000000000000000e+01 8.627945651888584422e+00 3.368261398457367939e+00 9.262107266722898302e+00 -2.957805690349098349e+00
4.000000000000000000e+01 8.053166345266694393e+00 4.343948897235028639e+00 9.150048098579894429e+00 -3.945324566633696683e+00
5.000000000000000000e+01 7.349452633474445662e+00 5.202937863016109610e+00 9.004721895655139363e+00 -4.933968078844926275e+00
6.000000000000000000e+01 6.542818031848760540e+00 5.927210348677435015e+00 8.828379823917533287e+00 -5.923928774396100216e+00
7.000000000000000000e+01 5.661587909526609508e+00 6.504925113154226501e+00 8.623666759855833419e+00 -6.915396271346752499e+00
8.000000000000000000e+01 4.734867116867700787e+00 6.930539989422919156e+00 8.393530315629133653e+00 -7.908557606729059941e+00
9.000000000000000000e+01 3.791093459898087215e+00 7.204547124814588699e+00 8.141123319011708048e+00 -8.903597530534337778e+00
1.000000000000000000e+02 2.856771967974585991e+00 7.332880543392386485e+00 7.869706674372813460e+00 -9.900698502113600696e+00
1.100000000000000000e+02 1.955459842988085839e+00 7.326074647160337960e+00 7.582558468835203236e+00 -1.090004052559203984e+01
1.200000000000000000e+02 1.107042167171915725e+00 7.198264215540405075e+00 7.282894347484811348e+00 -1.190180101100781584e+01
1.300000000000000000e+02 3.273073991538768546e-01 6.966117425161530541e+00 6.973802557764306798e+00 -1.290615477060379845e+01
1.400000000000000000e+02 -3.721952308810727028e-01 6.647784186922144123e+00 6.658195242389842505e+00 -1.391327420095160505e+01
1.500000000000000000e+02 -9.840540579541189325e-01 6.261925786936983762e+00 6.338775666489731009e+00 -1.492332968232428669e+01
1.600000000000000000e+02 -1.504698446669133327e+00 5.826872458195344606e+00 6.018019612753348291e+00 -1.593649020253408288e+01
1.700000000000000000e+02 -1.933961035969398612e+00 5.359936482050632556e+00 5.698168511045031082e+00 -1.695292421810746930e+01
1.800000000000000000e+02 -2.274550901693787708e+00 4.876891609383116055e+00 5.381231603830805454e+00 -1.797280079279941134e+01
1.900000000000000000e+02 -2.531484424624225849e+00 4.391616178564341055e+00 5.068994579987545990e+00 -1.899629108270545430e+01
2.000000000000000000e+02 -2.711513224854083859e+00 3.915887411405110985e+00 4.763032457097013506e+00 -2.002357024042409606e+01
2.100000000000000000e+02 -2.822580190068868511e+00 3.459307715350078194e+00 4.464724941006980252e+00 -2.105481978486014683e+01
2.200000000000000000e+02 -2.873326202792056971e+00 3.029340138947297145e+00 4.175273062338396457e+00 -2.209023045266483010e+01
2.300000000000000000e+02 -2.872662336406875738e+00 2.631428765152815874e+00 3.895716396901125034e+00 -2.313000549216551605e+01
2.400000000000000000e+02 -2.829415172931506905e+00 2.269180233971044736e+00 3.626950393244980031e+00 -2.417436430272706716e+01
2.500000000000000000e+02 -2.752046887794634689e+00 1.944584349173953175e+00 3.369743367627929587e+00 -2.522354621633961713e+01
2.600000000000000000e+02 -2.648447221653614125e+00 1.658254495730316913e+00 3.124752895589434587e+00 -2.627781401523601090e+01
2.700000000000000000e+02 -2.525791212168183808e+00 1.409672095487815469e+00 2.892541557914601658e+00 -2.733745654878184084e+01
2.800000000000000000e+02 -2.390454553545485972e+00 1.197422888788146178e+00 2.673592068203393346e+00 -2.840278947855962954e+01
2.900000000000000000e+02 -2.247977373031898818e+00 1.019416128815491707e+00 2.468321598445502474e+00 -2.947415270744032512e+01
3.000000000000000000e+02 -2.103066833405713876e+00 8.730807964356722684e-01 2.277094680261645188e+00 -3.055190246173978252e+01
3.100000000000000000e+02 -1.959629227554728015e+00 7.555354672576231057e-01 2.100233451731243761e+00 -3.163639528638819343e+01
3.200000000000000000e+02 -1.820822997694227618e+00 6.637306106287087504e-01 1.938023403475239714e+00 -3.272796060805043794e+01
3.300000000000000000e+02 -1.689125218183476829e+00 5.945639646492393293e-01 1.790712235609842606e+00 -3.382685851757029383e+01
3.400000000000000000e+02 -1.566405306217949933e+00 5.449708244938153978e-01 1.658498954747098519e+00 -3.493322060700268139e+01
3.500000000000000000e+02 -1.454000946116071669e+00 5.119917933343490768e-01 1.541510411170860184e+00 -3.604697505224536513e+01
3.600000000000000000e+02 -1.352792480098522043e+00 4.928211005192856820e-01 1.439763915136141437e+00 -3.716776357330334690e+01
3.700000000000000000e+02 -1.263273144876040588e+00 4.848387551186292832e-01 1.353117754310386722e+00 -3.829486689742828531e+01
3.800000000000000000e+02 -1.185613424444310393e+00 4.856296164129009219e-01 1.281216342605691949e+00 -3.942716379589452913e+01
3.900000000000000000e+02 -1.119718499411800572e+00 4.929921776333626715e-01 1.223442195255950438e+00 -4.056315066390773438e+01
4.000000000000000000e+02 -1.065278438888014101e+00 5.049395942080873168e-01 1.178890218026560799e+00 -4.170103762767566735e+01
4.100000000000000000e+02 -1.021811390137019604e+00 5.196951949794023085e-01 1.146377604761374958e+00 -4.283891275628231199e+01
4.200000000000000000e+02 -9.887002541558524982e-01 5.356842918691213651e-01 1.124493598524762383e+00 -4.397493825910426324e+01
4.300000000000000000e+02 -9.652233304111176304e-01 5.515237419623872928e-01 1.111680941420749358e+00 -4.510752811907831017e+01
4.400000000000000000e+02 -9.505795694889774827e-01 5.660104012427905618e-01 1.106331456772731592e+00 -4.623546506415569013e+01
4.500000000000000000e+02 -9.439091805119880219e-01 5.781092038464674676e-01 1.106876141502205035e+00 -4.735794026503043597e+01
4.600000000000000000e+02 -9.443101623949986534e-01 5.869414439850128007e-01 1.111855180079528438e+00 -4.847452608790576534e+01
4.700000000000000000e+02 -9.508513455076245124e-01 5.917737859741653006e-01 1.119961827483355377e+00 -4.958510745449029145e+01
4.800000000000000000e+02 -9.625826992449730835e-01 5.920083708125236654e-01 1.130061663803279659e+00 -5.068979839457557546e+01
4.900000000000000000e+02 -9.785435932426995720e-01 5.871742225943679117e-01 1.141192854672528290e+00 -5.178886296398655986e+01
5.000000000000000000e+02 -9.977694880787290055e-01 5.769201503880306836e-01 1.152554038327330277e+00 -5.288265057092675647e+01
5.100000000000000000e+02 -1.019297523542508799e+00 5.610093009174564882e-01 1.163485658362742647e+00 -5.397154852937632796e+01
5.200000000000000000e+02 -1.042171595387725080e+00 5.393153744287504381e-01 1.173449064650110563e+00 -5.505595036367149930e+01
5.300000000000000000e+02 -1.065447494235273407e+00 5.118203037920492360e-01 1.182006085579092369e+00 -5.613623660383189673e+01
5.400000000000000000e+02 -1.088198522251804023e+00 4.786130910206952693e-01 1.188800452021866461e+00 -5.721276465176088522e+01
5.500000000000000000e+02 -1.109522031275733900e+00 4.398895621774702169e-01 1.193541773378258064e+00 -5.828586486650007714e+01
5.600000000000000000e+02 -1.128547427079484411e+00 3.959527020712755307e-01 1.195992406934621055e+00 -5.935584065288755795e+01
5.700000000000000000e+02 -1.144446041680659887e+00 3.472130212146025130e-01 1.195957200078457072e+00 -6.042297095277548635e+01
5.800000000000000000e+02 -1.156443061720008325e+00 2.941882580062324948e-01 1.193275863389974267e+00 -6.148751406197131786e+01
5.900000000000000000e+02 -1.163831494712896708e+00 2.375016409487315794e-01 1.187817653320153211e+00 -6.254971208935526761e+01
6.000000000000000000e+02 -1.165987955017203426e+00 1.778779444628328099e-01 1.179478051670111771e+00 -6.360979567655063960e+01
6.100000000000000000e+02 -1.162389798651914941e+00 1.161366451560256891e-01 1.168177111724988393e+00 -6.466798883160407740e+01
6.200000000000000000e+02 -1.152632899825991153e+00 5.318155369548049211e-02 1.153859124596559482e+00 -6.572451384202936708e+01
6.300000000000000000e+02 -1.136449228832147496e+00 -1.001363798629819127e-02 1.136493344749058831e+00 -6.677959623669015343e+01
6.400000000000000000e+02 -1.113723227470472255e+00 -7.242430461094598315e-02 1.116075583150901274e+00 -6.783346978159536889e+01
6.500000000000000000e+02 -1.084505741358483100e+00 -1.329984407979935002e-01 1.092630444521023980e+00 -6.888638156908649535e+01
6.600000000000000000e+02 -1.049024125828274867e+00 -1.906845075002264189e-01 1.066213955062669472e+00 -6.993859735681495238e+01
6.700000000000000000e+02 -1.007687253801551996e+00 -2.444628262740772273e-01 1.036916426190666263e+00 -7.099040739345005591e+01
6.800000000000000000e+02 -9.610843809168542196e-01 -2.933794245593870365e-01 1.004865500451244342e+00 -7.204213301326473129e+01
6.900000000000000000e+02 -9.099769703400442111e-01 -3.365809427603355664e-01 9.702292603187568920e-01 -7.309413427599776014e+01
7.000000000000000000e+02 -8.552828577739071125e-01 -3.733490081010006900e-01 9.332192929059612840e-01 -7.414681883986280297e+01
7.100000000000000000e+02 -7.980525817380286213e-01 -4.031323727259215062e-01 8.940937496472973756e-01 -7.520065211268834560e+01
7.200000000000000000e+02 -7.394380383680314583e-01 -4.255749780283842876e-01 8.531604037397786389e-01 -7.625616854643783427e+01
7.300000000000000000e+02 -6.806541231370372147e-01 -4.405378554153361881e-01 8.107796478682680608e-01 -7.731398384758639963e+01
7.400000000000000000e+02 -6.229348543408372851e-01 -4.481128435186381709e-01 7.673675477103522047e-01 -7.837480758203196274e+01
7.500000000000000000e+02 -5.674860650954967056e-01 -4.486266837341926217e-01 7.233991536046401327e-01 -7.943945459645796348e+01
7.600000000000000000e+02 -5.154369219792248602e-01 -4.426346748084397653e-01 6.794120074610036086e-01 -8.050885174571121183e+01
7.700000000000000000e+02 -4.677926053671392359e-01 -4.309035230334077871e-01 6.360092513468484920e-01 -8.158403348939221189e+01
7.800000000000000000e+02 -4.253907017100702626e-01 -4.143835566700784234e-01 5.938610789906424436e-01 -8.266611569902110546e+01
7.900000000000000000e+02 -3.888640794478387952e-01 -3.941711344035805364e-01 5.537022263652373599e-01 -8.375623174362806367e+01
8.000000000000000000e+02 -3.586128479480657494e-01 -3.714627857303019476e-01 5.163213881836958841e-01 -8.485541016927784597e+01
8.100000000000000000e+02 -3.347874409500569137e-01 -3.475033528642466618e-01 4.825362275205675733e-01 -8.596437425479173555e+01
8.200000000000000000e+02 -3.172842183861536713e-01 -3.235310294258030295e-01 4.531463364501938651e-01 -8.708326126705958359e+01
8.300000000000000000e+02 -3.057541112807195538e-01 -3.007226359653598080e-01 4.288585784929770384e-01 -8.821130523048407213e+01
8.400000000000000000e+02 -2.996238410755017734e-01 -2.801425192563849476e-01 4.101880998226929975e-01 -8.934659856663594724e+01
8.500000000000000000e+02 -2.981283975849740031e-01 -2.626981477914366869e-01 3.973548266972931065e-01 -9.048610039642781544e+01
8.600000000000000000e+02 -3.003527219129138448e-01 -2.491049349545233493e-01 3.902115146676138902e-01 -9.162600989276862151e+01
8.700000000000000000e+02 -3.052798720987761616e-01 -2.398621597802601257e-01 3.882391737100935325e-01 -9.276243931789640840e+01
8.800000000000000000e+02 -3.118425166224614853e-01 -2.352411237350822970e-01 3.906202010515770207e-01 -9.389212248394500193e+01
8.900000000000000000e+02 -3.189744844542877766e-01 -2.352858150133400328e-01 3.963636417223082575e-01 -9.501286880451267791e+01
9.000000000000000000e+02 -3.256592354780605270e-01 -2.398254196075800815e-01 4.044380911117382849e-01 -9.612364737921133440e+01
9.100000000000000000e+02 -3.309724573589391539e-01 -2.484971472798408743e-01 4.138763097066969210e-01 -9.722438858678006568e+01
9.200000000000000000e+02 -3.341166258615559381e-01 -2.607771332613555981e-01 4.238379795501127090e-01 -9.831567192134170341e+01
9.300000000000000000e+02 -3.344462152320026305e-01 -2.760167465115658803e-01 4.336352329295222741e-01 -9.939843187308208883e+01
9.400000000000000000e+02 -3.314830590652935727e-01 -2.934815841203211040e-01 4.427329428279061507e-01 -1.004737402085610825e+02
9.500000000000000000e+02 -3.249220423183156181e-01 -3.123907139736649685e-01 4.507352790289234079e-01 -1.015426694104662744e+02
9.600000000000000000e+02 -3.146279036177065946e-01 -3.319540305101872368e-01 4.573665883149218292e-01 -1.026062191031414130e+02
9.700000000000000000e+02 -3.006244270745735414e-01 -3.514058885878144078e-01 4.624512349298107727e-01 -1.036652840239832898e+02
9.800000000000000000e+02 -2.830776118304458855e-01 -3.700336773829279724e-01 4.658946841477818457e-01 -1.047206463653986646e+02
9.900000000000000000e+02 -2.622745736571278630e-01 -3.872005416483058071e-01 4.676667739317917349e-01 -1.057729809435248143e+02
1.000000000000000000e+03 -2.385998919314095967e-01 -4.023619047607740473e-01 4.677873564263986816e-01 -1.068228662429060876e+02
1.010000000000000000e+03 -2.125109171281711062e-01 -4.150758533316413756e-01 4.663141150744277708e-01 -1.078707973605538797e+02
1.020000000000000000e+03 -1.845133440712367345e-01 -4.250078223234788344e-01 4.633323031869204245e-01 -1.089171986751417478e+02
1.030000000000000000e+03 -1.551381533748910635e-01 -4.319303290645228333e-01 4.589462449986471126e-01 -1.099624351946910394e+02
1.040000000000000000e+03 -1.249207519263080129e-01 -4.357186334303966846e-01 4.532724586606675654e-01 -1.110068222278704724e+02
1.050000000000000000e+03 -9.438289141487550549e-02 -4.363431710917023421e-01 4.464341980070464788e-01 -1.120506334895357412e+02
1.060000000000000000e+03 -6.401771959949176249e-02 -4.338595398026670602e-01 4.385571441676685001e-01 -1.130941079575147654e+02
1.070000000000000000e+03 -3.427804592234955788e-02 -4.283967676096229193e-01 4.297659536662111757e-01 -1.141374556282528943e+02
1.080000000000000000e+03 -5.567755963691569873e-03 -4.201446168401012926e-01 4.201815071682554747e-01 -1.151808622427581099e+02
1.090000000000000000e+03 2.176375585036845542e-02 -4.093406969360215419e-01 4.099188544538812651e-01 -1.162244932052042259e+02
1.100000000000000000e+03 4.742444162782325640e-02 -3.962580352030115605e-01 3.990858405489500216e-01 -1.172684968663725584e+02
1.110000000000000000e+03 7.118012800606358936e-02 -3.811935307268771722e-01 3.877823081201388078e-01 -1.183130073771583710e+02
1.120000000000000000e+03 9.285309921173812153e-02 -3.644574956866885040e-01 3.760996732189985092e-01 -1.193581473301104410e+02
1.130000000000000000e+03 1.123191456029291879e-01 -3.463644138664778160e-01 3.641207185289526138e-01 -1.204040302294765610e+02
1.140000000000000000e+03 1.295034381153955250e-01 -3.272250420357075140e-01 3.519195485036013538e-01 -1.214507628901876473e+02
1.150000000000000000e+03 1.443755931388051306e-01 -3.073398988572594304e-01 3.395616664521662886e-01 -1.224984477869928696e+02
1.160000000000000000e+03 1.569443172006757814e-01 -2.869940916963942268e-01 3.271041537037166491e-01 -1.235471851644924897e+02
1.170000000000000000e+03 1.672519091897482213e-01 -2.664534233885638703e-01 3.145959757579570026e-01 -1.245970749224746470e+02
1.180000000000000000e+03 1.753688489470685563e-01 -2.459616995270559880e-01 3.020784514248864849e-01 -1.256482183699688875e+02
1.190000000000000000e+03 1.813886551835606487e-01 -2.257391096794480190e-01 2.895858937658575272e-01 -1.267007199732026237e+02
1.200000000000000000e+03 1.854230987664294006e-01 -2.059814932357419692e-01 2.771463532355622483e-01 -1.277546892970843118e+02
1.210000000000000000e+03 1.875978254888218955e-01 -1.868602776359193363e-01 2.647823775977308780e-01 -1.288102432182450627e+02
1.220000000000000000e+03 1.880484240868415258e-01 -1.685229518004969229e-01 2.525117721713132646e-01 -1.298675085454993336e+02
1.230000000000000000e+03 1.869169493185905417e-01 -1.510940068422153004e-01 2.403483822417033788e-01 -1.309266254004485859e+02
1.240000000000000000e+03 1.843489217537868652e-01 -1.346762877408403947e-01 2.283029290907969688e-01 -1.319877518002004138e+02
1.250000000000000000e+03 1.804908556987666057e-01 -1.193526788609577116e-01 2.163839433556933034e-01 -1.330510698676908703e+02
1.260000000000000000e+03 1.754883529581830470e-01 -1.051880162872181335e-01 2.045988289175084685e-01 -1.341167941471175880e+02
1.270000000000000000e+03 1.694847058990908151e-01 -9.223108394818657629e-02 1.929550164674625756e-01 -1.351851826771349465e+02
1.280000000000000000e+03 1.626198964188456664e-01 -8.051654036458946728e-02 1.814611362897264046e-01 -1.362565515616299194e+02
1.290000000000000000e+03 1.550299139420697192e-01 -7.006666815822645833e-02 1.701282228311357114e-01 -1.373312938695756884e+02
1.300000000000000000e+03 1.468463690689448264e-01 -6.089291762886395870e-02 1.589710776402058767e-01 -1.384099040828006650e+02
1.310000000000000000e+03 1.381963888930634321e-01 -5.299723040271951680e-02 1.480099602507944923e-01 -1.394930096713357557e+02
1.320000000000000000e+03 1.292027534301438685e-01 -4.637312070418369431e-02 1.372727861514267678e-01 -1.405814115805290214e+02
1.330000000000000000e+03 1.199841534909247137e-01 -4.100654781622625061e-02 1.267980049241242135e-01 -1.416761356768753899e+02
1.340000000000000000e+03 1.106554238374914539e-01 -3.687660022226450784e-02 1.166383576213570888e-01 -1.427784957781487378e+02
1.350000000000000000e+03 1.013277129736149390e-01 -3.395592965723138318e-02 1.068658531774773213e-01 -1.438901633919375058e+02
1.360000000000000000e+03 9.210862896672288025e-02 -3.221094845353182634e-02 9.757840299167384879e-02 -1.450132276526619250e+02
1.370000000000000000e+03 8.310237177115391283e-02 -3.160186729543438405e-02 8.890827976375048625e-02 -1.461502031680261950e+02
1.380000000000000000e+03 7.440977306227417043e-02 -3.208256681197931698e-02 8.103150881246294623e-02 -1.473038918804004140e+02
1.390000000000000000e+03 6.612816273219222774e-02 -3.360030222134499645e-02 7.417488938785833652e-02 -1.484769282886166764e+02
1.400000000000000000e+03 5.835105058945044137e-02 -3.609531599678879321e-02 6.861280450324590274e-02 -1.496707905367116780e+02
1.410000000000000000e+03 5.116764976370342943e-02 -3.950046631852435070e-02 6.464066229334207436e-02 -1.508842360218621934e+02
1.420000000000000000e+03 4.466226964665045290e-02 -4.374094759963239459e-02 6.251390906753392929e-02 -1.521117914177040120e+02
1.430000000000000000e+03 3.891358738053962013e-02 -4.873410738047194435e-02 6.236409628138823991e-02 -1.533437928661462593e+02
1.440000000000000000e+03 3.399373483919730654e-02 -5.438935632203969334e-02 6.413872534938198922e-02 -1.545690065857992579e+02
1.450000000000000000e+03 2.996716121035222086e-02 -6.060819348055288686e-02 6.761200979103766662e-02 -1.557784206852672355e+02
1.460000000000000000e+03 2.688934322023623508e-02 -6.728439296894109245e-02 7.245844544298858658e-02 -1.569674174811215437e+02
1.470000000000000000e+03 2.480543168506395627e-02 -7.430441888041390552e-02 7.833553539893874096e-02 -1.581354088393525501e+02
1.480000000000000000e+03 2.374887487346961576e-02 -8.154810755990604676e-02 8.493587524925920451e-02 -1.592842236906879236e+02
1.490000000000000000e+03 2.374004577614079528e-02 -8.888966861810780606e-02 9.200523333207888399e-02 -1.604166291486509692e+02
1.500000000000000000e+03 2.478491800953138910e-02 -9.619907650351210149e-02 9.934059835166973718e-02 -1.615354529624173665e+02
1.510000000000000000e+03 2.687384870093144709e-02 -1.033438503388581231e-01 1.067808744432300477e-01 -1.626432026495379262e+02
1.520000000000000000e+03 2.998054337991870946e-02 -1.101911693613290277e-01 1.141968773065721171e-01 -1.637419638121675689e+02
1.530000000000000000e+03 3.406129752406426153e-02 -1.166102643913199816e-01 1.214830265939912113e-01 -1.648334220273017365e+02
1.540000000000000000e+03 3.905459481002467731e-02 -1.224750137880844941e-01 1.285511197079461099e-01 -1.659189261311275914e+02
1.550000000000000000e+03 4.488109920675615455e-02 -1.276667259711156410e-01 1.353259250335671071e-01 -1.669995569860084856e+02
1.560000000000000000e+03 5.144413007245187547e-02 -1.320770786255564266e-01 1.417422069010242369e-01 -1.680761882996644090e+02
1.570000000000000000e+03 5.863071731873569642e-02 -1.356111009460942429e-01 1.477427890393343546e-01 -1.691495359750270211e+02
1.580000000000000000e+03 6.631324208892891425e-02 -1.381900821674056368e-01 1.532773462902434769e-01 -1.702201968985044687e+02
1.590000000000000000e+03 7.435167034175986511e-02 -1.397542591032805703e-01 1.583016860937261627e-01 -1.712886789205164746e+02
1.600000000000000000e+03 8.259641659646030365e-02 -1.402651308682237585e-01 1.627773785636565662e-01 -1.723554235396142644e+02
1.610000000000000000e+03 9.089179328580011819e-02 -1.397072921710104942e-01 1.666716699756281561e-01 -1.734208230286347145e+02
1.620000000000000000e+03 9.907989734063152309e-02 -1.380896908958247626e-01 1.699576087991782336e-01 -1.744852337880275570e+02
1.630000000000000000e+03 1.070048009823053037e-01 -1.354461888159379790e-01 1.726143027041081857e-01 -1.755489869424689005e+02
1.640000000000000000e+03 1.145169499471551250e-01 -1.318353061697216666e-01 1.746272595503447767e-01 -1.766123965511000620e+02
1.650000000000000000e+03 1.214775946430383807e-01 -1.273390929673586247e-01 1.759887797503237039e-01 -1.776757659966882841e+02
1.660000000000000000e+03 1.277630133743269947e-01 -1.220611271944763709e-01 1.766983484882487521e-01 -1.787393932183439915e+02
1.670000000000000000e+03 1.332683164163478429e-01 -1.161236472251454405e-01 1.767629644617837725e-01 -1.798035749709969764e+02
1.680000000000000000e+03 1.379106956564791764e-01 -1.096639106371772587e-01 1.761974269752337174e-01 -1.808686100642561883e+02
1.690000000000000000e+03 1.416319861680668535e-01 -1.028299716378674594e-01 1.750246341888938295e-01 -1.819348018522563564e+02
1.700000000000000000e+03 1.444003686401214848e-01 -9.577601596784042493e-02 1.732758254866356151e-01 -1.830024600666722563e+02
1.710000000000000000e+03 1.462110837541296671e-01 -8.865739686338491854e-02 1.709906869719776679e-01 -1.840719017662003125e+02
1.720000000000000000e+03 1.470860945284075127e-01 -8.162561476442278807e-02 1.682173005052975678e-01 -1.851434513123726902e+02
1.730000000000000000e+03 1.470727085308497217e-01 -7.482348130828267441e-02 1.650119236591441052e-01 -1.862174390750109580e+02
1.740000000000000000e+03 1.462412442750457842e-01 -6.838066361894305778e-02 1.614385848676847535e-01 -1.872941982260193186e+02
1.750000000000000000e+03 1.446818588588439924e-01 -6.240980393222658046e-02 1.575684737176489270e-01 -1.883740590124713208e+02
1.760000000000000000e+03 1.425007000690577952e-01 -5.700343754567174792e-02 1.534791237015473431e-01 -1.894573401714355896e+02
1.770000000000000000e+03 1.398155809021180418e-01 -5.223187044595474504e-02 1.492533582646625723e-01 -1.905443371251483029e+02
1.780000000000000000e+03 1.367513830558890475e-01 -4.814202765968086939e-02 1.449779141624129575e-01 -1.916353061873243178e+02
1.790000000000000000e+03 1.334354108170409114e-01 -4.475722734247231105e-02 1.407416720779536279e-01 -1.927304442381964122e+02
1.800000000000000000e+03 1.299929185368630113e-01 -4.207781472361159236e-02 1.366334562310640155e-01 -1.938298641192918410e+02
1.810000000000000000e+03 1.265430151180032825e-01 -4.008257665148468041e-02 1.327393974153014966e-01 -1.949335672990802664e+02
1.820000000000000000e+03 1.231950775632014855e-01 -3.873085657404371634e-02 1.291398714060160990e-01 -1.960414172052055619e+02
1.830000000000000000e+03 1.200457449650754321e-01 -3.796523570974254247e-02 1.259060761310439869e-01 -1.971531180969994352e+02
1.840000000000000000e+03 1.171765507482875474e-01 -3.771463462491322222e-02 1.230964569358383720e-01 -1.982682054224507340e+02
1.850000000000000000e+03 1.146522411978168621e-01 -3.789771319687935264e-02 1.207533563808281807e-01 -1.993860535582122395e+02
1.860000000000000000e+03 1.125198247173144067e-01 -3.842640472637474935e-02 1.189003765116423555e-01 -2.005059041928431895e+02
1.870000000000000000e+03 1.108083370854508615e-01 -3.920940345613724981e-02 1.175409072920106934e-01 -2.016269142149489824e+02
1.880000000000000000e+03 1.095292393580109686e-01 -4.015548491589534391e-02 1.166581212054058347e-01 -2.027482173455032068e+02
1.890000000000000000e+03 1.086773981075291329e-01 -4.117656960165818475e-02 1.162165510742018959e-01 -2.038689897169838900e+02
1.900000000000000000e+03 1.082326158612349903e-01 -4.219043188741705003e-02 1.161651052554614344e-01 -2.049885080526963179e+02
1.910000000000000000e+03 1.081616196869505803e-01 -4.312298551981865596e-02 1.164410917736819623e-01 -2.061061914839719691e+02
1.920000000000000000e+03 1.084203505590456418e-01 -4.391009678207166006e-02 1.169746511632210328e-01 -2.072216228188923424e+02
1.930000000000000000e+03 1.089563950295545786e-01 -4.449889251557496983e-02 1.176930221081481098e-01 -2.083345500680738382e+02
1.940000000000000000e+03 1.097114774234843187e-01 -4.484855214989571376e-02 1.185242629522986063e-01 -2.094448724688695620e+02
1.950000000000000000e+03 1.106239627984961643e-01 -4.493057583776267905e-02 1.194002420029206119e-01 -2.105526165949104325e+02
1.960000000000000000e+03 1.116312978929157179e-01 -4.472855480812704121e-02 1.202588470112719576e-01 -2.116579081147565375e+02
1.970000000000000000e+03 1.126722870890345535e-01 -4.423753657605137418e-02 1.210454622040467304e-01 -2.127609439571251926e+02
1.980000000000000000e+03 1.136891010289364512e-01 -4.346308067906234224e-02 1.217138080699244340e-01 -2.138619679375023850e+02
1.990000000000000000e+03 1.146289544794339560e-01 -4.242004620910262008e-02 1.222262554667798984e-01 -2.149612508796366797e+02
2.000000000000000000e+03 1.154454242718786633e-01 -4.113114395666350037e-02 1.225537310264271235e-01 -2.160590750830659772e+02
2.010000000000000000e+03 1.160994052748441085e-01 -3.962534090919629659e-02 1.226753420510516696e-01 -2.171557227657254145e+02
2.020000000000000000e+03 1.165597037678480358e-01 -3.793622018554097808e-02 1.225778175055109026e-01 -2.182514680124152164e+02
2.030000000000000000e+03 1.168032708205661990e-01 -3.610035541847570612e-02 1.222548147752177405e-01 -2.193465714309882628e+02
2.040000000000000000e+03 1.168151228186402324e-01 -3.415573733961115716e-02 1.217061514975578823e-01 -2.204412765863752952e+02
2.050000000000000000e+03 1.165879846501334388e-01 -3.214029096363454907e-02 1.209369937943177015e-01 -2.215358075267608626e+02
2.060000000000000000e+03 1.161216679850555072e-01 -3.009053839866359867e-02 1.199570017829426766e-01 -2.226303671066489756e+02
2.070000000000000000e+03 1.154222340171136008e-01 -2.804046947659669456e-02 1.187794596467305341e-01 -2.237251359898451710e+02
2.080000000000000000e+03 1.145010141835183654e-01 -2.602064633171604149e-02 1.174204253295589168e-01 -2.248202720983362894e+02
2.090000000000000000e+03 1.133735398579570203e-01 -2.405754095327847231e-02 1.158979068691166625e-01 -2.259159102934523844e+02
2.100000000000000000e+03 1.120584464116725770e-01 -2.217310940792853458e-02 1.142310911836775800e-01 -2.270121622377597248e+02
2.110000000000000000e+03 1.105764165018587875e-01 -2.038459095317401992e-02 1.124396524128422059e-01 -2.281091163967569173e+02
2.120000000000000000e+03 1.089491564884567665e-01 -1.870451239047564440e-02 1.105431023778132293e-01 -2.292068382877882016e+02
2.130000000000000000e+03 1.071984223550931925e-01 -1.714088393604928234e-02 1.085601752832504180e-01 -2.303053711416040983e+02
2.140000000000000000e+03 1.053451851515252863e-01 -1.569754624783549143e-02 1.065083141957099827e-01 -2.314047368440569130e+02
2.150000000000000000e+03 1.034089724396796972e-01 -1.437462934440757525e-02 1.044032832329497978e-01 -2.325049371436760737e+02
2.160000000000000000e+03 1.014073538447321093e-01 -1.316914606272838288e-02 1.022588764939854900e-01 -2.336059557749812825e+02
2.170000000000000000e+03 9.935557078236312289e-02 -1.207572077267961633e-02 1.000867247824050593e-01 -2.347077619233033090e+02
2.180000000000000000e+03 9.726634487297056153e-02 -1.108737965501826496e-02 9.789622992006465074e-02 -2.358103146769310285e+02
2.190000000000000000e+03 9.514987046003620108e-02 -1.019631916938492852e-02 9.569463293814149674e-02 -2.369135679272998516e+02
2.200000000000000000e+03 9.301398992229917284e-02 -9.394593645268100798e-03 9.348722218049525245e-02 -2.380174752686862121e+02
2.210000000000000000e+03 9.086454501093822744e-02 -8.674689968652685157e-03 9.127768503909958198e-02 -2.391219945987015194e+02
2.220000000000000000e+03 8.870581128220256240e-02 -8.029976791031137595e-03 8.906852127715063350e-02 -2.402270923184903779e+02
2.230000000000000000e+03 8.654091109861430930e-02 -7.455042436106948563e-03 8.686142383994416294e-02 -2.413327472644338059e+02
2.240000000000000000e+03 8.437222815301376189e-02 -6.945932219363071258e-03 8.465765681791691255e-02 -2.424389543272114054e+02
2.250000000000000000e+03 8.220188248978453627e-02 -6.500261994836040169e-03 8.245849192694379437e-02 -2.435457272844702175e+02
2.260000000000000000e+03 8.003225128269653155e-02 -6.117203909798913167e-03 8.026569272765755880e-02 -2.446531005996744170e+02
2.270000000000000000e+03 7.786644782685249455e-02 -5.797344060328072680e-03 7.808196267593280060e-02 -2.457611299831554561e+02
2.280000000000000000e+03 7.570867315073875892e-02 -5.542407109536750393e-03 7.591127364768184005e-02 -2.468698913630548191e+02
2.290000000000000000e+03 7.356444410516181642e-02 -5.354885202540931276e-03 7.375908236979272781e-02 -2.479794782921022716e+02
2.300000000000000000e+03 7.144080266177620098e-02 -5.237639741358969536e-03 7.163254256983422885e-02 -2.490899981620330550e+02
2.310000000000000000e+03 6.934656252019183453e-02 -5.193493516698292206e-03 6.954076580161352994e-02 -2.502015670112167527e+02
2.320000000000000000e+03 6.729249533324134502e-02 -5.224761226844463861e-03 6.749502246871132149e-02 -2.513143017898338485e+02
2.330000000000000000e+03 6.529131488505034164e-02 -5.332663476702097574e-03 6.550872536673682522e-02 -2.524283087325944166e+02
2.340000000000000000e+03 6.335743983425584647e-02 -5.516646781570251276e-03 6.359715853765762761e-02 -2.535436674505683072e+02
2.350000000000000000e+03 6.150660936231774206e-02 -5.773706665887567285e-03 6.177700772870491769e-02 -2.546604117365312163e+02
2.360000000000000000e+03 5.975538513263562584e-02 -6.097810079635077561e-03 6.006570852089326840e-02 -2.557785088743868869e+02
2.370000000000000000e+03 5.812052729361330550e-02 -6.479479287937879063e-03 5.848058946975881467e-02 -2.568978397377253486e+02
2.380000000000000000e+03 5.661823953803057224e-02 -6.905580846676587052e-03 5.703781285441961169e-02 -2.580181826607120570e+02
2.390000000000000000e+03 5.526330671948596895e-02 -7.359344536874277976e-03 5.575117058488014005e-02 -2.591392044964065349e+02
2.400000000000000000e+03 5.406818357655489293e-02 -7.820571832352246275e-03 5.463085043318492706e-02 -2.602604612227281677e+02
2.410000000000000000e+03 5.304211052102335983e-02 -8.265974019736058859e-03 5.368232311496409781e-02 -2.613814091841985601e+02
2.420000000000000000e+03 5.219031699937684565e-02 -8.669653929582422577e-03 5.290550148854245710e-02 -2.625014276734826808e+02
2.430000000000000000e+03 5.151336257936749846e-02 -9.003778181850259285e-03 5.229430701119714558e-02 -2.636198520248828459e+02
2.440000000000000000e+03 5.100663346713707469e-02 -9.239440106869058547e-03 5.183670428508440481e-02 -2.647360135045024663e+02
2.450000000000000000e+03 5.066000459616271795e-02 -9.347669727930205119e-03 5.151519188575046093e-02 -2.658492801212795484e+02
2.460000000000000000e+03 5.045770991367638791e-02 -9.300514700772050808e-03 5.130769984546172668e-02 -2.669590917496259408e+02
2.470000000000000000e+03 5.037842977211716422e-02 -9.072129346820830692e-03 5.118876553687917719e-02 -2.680649847677336766e+02
2.480000000000000000e+03 5.039556977797587239e-02 -8.639849960262345127e-03 5.113081713196730022e-02 -2.691666047143950777e+02
2.490000000000000000e+03 5.047776514237060225e-02 -7.985247290323292321e-03 5.110546886641331027e-02 -2.702637079160740541e+02
2.500000000000000000e+03 5.058966127799487816e-02 -7.095111453695958706e-03 5.108477693758309984e-02 -2.713561541036655740e+02
2.510000000000000000e+03 5.069293551258075708e-02 -5.962312225347124635e-03 5.104236356160630345e-02 -2.724438930344382470e+02
2.520000000000000000e+03 5.074750403995782061e-02 -4.586449794889332562e-03 5.095433924609930193e-02 -2.735269476583270034e+02
2.530000000000000000e+03 5.071287492041349348e-02 -2.974229324065839376e-03 5.080001695635186915e-02 -2.746053959951183288e+02
2.540000000000000000e+03 5.054956068981594081e-02 -1.139544234425183622e-03 5.056240349306583698e-02 -2.756793539838064930e+02
2.550000000000000000e+03 5.022047602467484551e-02 8.967675213872395093e-04 5.022848200107540156e-02 -2.767489599790344528e+02
2.560000000000000000e+03 4.969227683609291762e-02 3.107505213859391557e-03 4.978934590662002085e-02 -2.778143610455088606e+02
2.570000000000000000e+03 4.893656237208879323e-02 5.459969769819788057e-03 4.924021127782335361e-02 -2.788757018301571406e+02
2.580000000000000000e+03 4.793088511431924797e-02 7.917050930428711636e-03 4.858034009017508231e-02 -2.799331163565431666e+02
2.590000000000000000e+03 4.665952549516853148e-02 1.043846937359256544e-02 4.781289535572712246e-02 -2.809867229816902636e+02
2.600000000000000000e+03 4.511396080165972627e-02 1.298210434838450132e-02 4.694469610644032981e-02 -2.820366224647542595e+02
2.610000000000000000e+03 4.329301469388777135e-02 1.550536123692951643e-02 4.598588205496181164e-02 -2.830828984794342773e+02
2.620000000000000000e+03 4.120270445189121861e-02 1.796654687436694334e-02 4.494952347621408717e-02 -2.841256197539531740e+02
2.630000000000000000e+03 3.885575885229006210e-02 2.032617297318461275e-02 4.385114940025105351e-02 -2.851648436613641024e+02
2.640000000000000000e+03 3.627084177594655512e-02 2.254809120438483125e-02 4.270820038466859037e-02 -2.862006215826703510e+02
2.650000000000000000e+03 3.347160338741365232e-02 2.460041018574177576e-02 4.153948019211445297e-02 -2.872330065360539493e+02
2.660000000000000000e+03 3.048564698302688378e-02 2.645616838403427873e-02 4.036463201291584646e-02 -2.882620636034586710e+02
2.670000000000000000e+03 2.734342611505489323e-02 2.809373933337128842e-02 3.920358582375952500e-02 -2.892878828755534073e+02
2.680000000000000000e+03 2.407710167248952246e-02 2.949696039011225762e-02 3.807594381237645875e-02 -2.903105938295462352e+02
2.690000000000000000e+03 2.071944691543369313e-02 3.065502290273137628e-02 3.700035012872796708e-02 -2.913303797275245302e+02
2.700000000000000000e+03 1.730290138403145841e-02 3.156218583030161173e-02 3.599391574547022854e-02 -2.923474910205443962e+02
2.710000000000000000e+03 1.385882499398551765e-02 3.221733437683529933e-02 3.507169320923544248e-02 -2.933622571180616205e+02
2.720000000000000000e+03 1.041691836986347562e-02 3.262341805788801508e-02 3.424616174265567026e-02 -2.943750934631053724e+02
2.730000000000000000e+03 7.004765998814141241e-03 3.278684651126885508e-02 3.352676618541736847e-02 -2.953864996220397643e+02
2.740000000000000000e+03 3.647511719780773161e-03 3.271690988625032548e-02 3.291960713998516586e-02 -2.963970469246627886e+02
2.750000000000000000e+03 3.676983769603037536e-04 3.242523649020555981e-02 3.242732125141047778e-02 -2.974073577626448355e+02
2.760000000000000000e+03 -2.814733213480744185e-03 3.192528969629625929e-02 3.204913173949509170e-02 -2.984180794992653318e+02
2.770000000000000000e+03 -5.882362970155026113e-03 3.123195890073544173e-02 3.178108637051098306e-02 -2.994298548678505085e+02
2.780000000000000000e+03 -8.820208008738823421e-03 3.036124425574217647e-02 3.161647074033181737e-02 -3.004432916975794683e+02
2.790000000000000000e+03 -1.161564650912203477e-02 2.932998555416714559e-02 3.154633570531659159e-02 -3.014589363596949170e+02
2.800000000000000000e+03 -1.425832629596569291e-02 2.815558697914976802e-02 3.156005302439612165e-02 -3.024772543475155544e+02
2.810000000000000000e+03 -1.674004033197673547e-02 2.685572483860551932e-02 3.164583553839432628e-02 -3.034986192053139007e+02
2.820000000000000000e+03 -1.905456402723676793e-02 2.544809581358937686e-02 3.179122505984458696e-02 -3.045233101259863133e+02
2.830000000000000000e+03 -2.119746989601455772e-02 2.395024129970962923e-02 3.198353933364411761e-02 -3.055515173696648503e+02
2.840000000000000000e+03 -2.316596718489464038e-02 2.237942417114298366e-02 3.221025709061562520e-02 -3.065833524876468914e+02
2.850000000000000000e+03 -2.495878845971523374e-02 2.075251463364526788e-02 3.245932816612930732e-02 -3.076188603645371131e+02
2.860000000000000000e+03 -2.657607835271062063e-02 1.908586618412823691e-02 3.271938612822471171e-02 -3.086580319783448090e+02
2.870000000000000000e+03 -2.801926411799962255e-02 1.739519363653256254e-02 3.297987148802559998e-02 -3.097008169241386781e+02
2.880000000000000000e+03 -2.929092233134339071e-02 1.569547271592655266e-02 3.323109981323497941e-02 -3.107471348561479090e+02
2.890000000000000000e+03 -3.039467521700150651e-02 1.400089055428717540e-02 3.346432754232681744e-02 -3.117968858215709247e+02
2.900000000000000000e+03 -3.133514728844384589e-02 1.232481958699351357e-02 3.367183739329365072e-02 -3.128499587603893133e+02
2.910000000000000000e+03 -3.211795097379479408e-02 1.067978305392499987e-02 3.384701671985271970e-02 -3.139062382282366457e+02
2.920000000000000000e+03 -3.274966198219109170e-02 9.077428318411706956e-03 3.398440914336565977e-02 -3.149656103595284549e+02
2.930000000000000000e+03 -3.323779166850601707e-02 7.528483403083578544e-03 3.407974262446113178e-02 -3.160279672806217945e+02
2.940000000000000000e+03 -3.359075808213733694e-02 6.042645694114832586e-03 3.412993693983742971e-02 -3.170932085493392947e+02
2.950000000000000000e+03 -3.381782469686545056e-02 4.628436141426295683e-03 3.413308788174875680e-02 -3.181612407573883843e+02
2.960000000000000000e+03 -3.392901711009250337e-02 3.293101731366568537e-03 3.408845436610582341e-02 -3.192319775402272057e+02
2.970000000000000000e+03 -3.393505831788555527e-02 2.042557071681093319e-03 3.399647367638838208e-02 -3.203053396842250322e+02
2.980000000000000000e+03 -3.384731431436723004e-02 8.812738292459719285e-04 3.385878512081735153e-02 -3.213812529012361665e+02
2.990000000000000000e+03 -3.367766974016186965e-02 -1.878875718696363067e-04 3.367819384805362942e-02 -3.224596431014950326e+02
3.000000000000000000e+03 -3.343829730600327010e-02 -1.163811892126430077e-03 3.345854427265060327e-02 -3.235404313234640199e+02
3.010000000000000000e+03 -3.314136661701353598e-02 -2.047189394534910424e-03 3.320453531763990079e-02 -3.246235290035434105e+02
3.020000000000000000e+03 -3.279873126765977392e-02 -2.840497570493938969e-03 3.292150056142861825e-02 -3.257088337009074053e+02
3.030000000000000000e+03 -3.242162529684952665e-02 -3.547918505196275604e-03 3.261517304275461659e-02 -3.267962251216799245e+02
3.040000000000000000e+03 -3.202040381362731419e-02 -4.175208142281958482e-03 3.229146363079778842e-02 -3.278855614571906472e+02
3.050000000000000000e+03 -3.160432398205127030e-02 -4.729522046351195344e-03 3.195624623057882058e-02 -3.289766764202653917e+02
3.060000000000000000e+03 -3.118131789392977402e-02 -5.219195139893632526e-03 3.161510056144997000e-02 -3.300693773244774434e+02
3.070000000000000000e+03 -3.075775843681046590e-02 -5.653446394986821368e-03 3.127301009174164592e-02 -3.311634454518534767e+02
3.080000000000000000e+03 -3.033829977013488555e-02 -6.042003950536441008e-03 3.093409518122139032e-02 -3.322586397497823327e+02
3.090000000000000000e+03 -2.992584312574129643e-02 -6.394730560417402968e-03 3.060144875209037940e-02 -3.333547022625539853e+02
3.100000000000000000e+03 -2.952157854775891085e-02 -6.721319513499823296e-03 3.027704965735685330e-02 -3.344513631460616807e+02
3.110000000000000000e+03 -2.912501966769964409e-02 -7.031028920298860486e-03 2.996167782888618791e-02 -3.355483456436531924e+02
3.120000000000000000e+03 -2.873403604015995622e-02 -7.332381687975010956e-03 2.965482504374899325e-02 -3.366453730630017844e+02
3.130000000000000000e+03 -2.834498201577195786e-02 -7.632845379446550650e-03 2.935469867092786733e-02 -3.377421778316104337e+02
3.140000000000000000e+03 -2.795296213287873019e-02 -7.938563331564015002e-03 2.905837021877526183e-02 -3.388385105818730949e+02
3.150000000000000000e+03 -2.755215266373786318e-02 -8.254159493905314712e-03 2.876199341764657316e-02 -3.399341477594541630e+02
3.160000000000000000e+03 -2.713609951144830418e-02 -8.582584379477850925e-03 2.846100228955547595e-02 -3.410288978946673524e+02
3.170000000000000000e+03 -2.669799865575033654e-02 -8.924993333453042077e-03 2.815028664551443016e-02 -3.421226067106321693e+02
3.180000000000000000e+03 -2.623101947998122269e-02 -9.280710311783693656e-03 2.782441314476196900e-02 -3.432151599881255493e+02
3.190000000000000000e+03 -2.572869885708797821e-02 -9.647317653356631689e-03 2.747793083155073909e-02 -3.443064835506473855e+02
3.200000000000000000e+03 -2.518536292581564570e-02 -1.002087075716997025e-02 2.710572552869510224e-02 -3.453965405193144420e+02
3.210000000000000000e+03 -2.459650111406828238e-02 -1.039618487378803080e-02 2.670334299267305977e-02 -3.464853272064656835e+02
3.220000000000000000e+03 -2.395904861718278767e-02 -1.076712253068744587e-02 2.626722174557799896e-02 -3.475728697524025961e+02
3.230000000000000000e+03 -2.327157962688271992e-02 -1.112688965573321691e-02 2.579484622441478511e-02 -3.486592212795210344e+02
3.240000000000000000e+03 -2.253441140793495043e-02 -1.146839414194851178e-02 2.528485241596532818e-02 -3.497444575238081939e+02
3.250000000000000000e+03 -2.174961524692140685e-02 -1.178462820128818068e-02 2.473708198700309141e-02 -3.508286717980051321e+02
3.260000000000000000e+03 -2.092093874977361823e-02 -1.206900610165818899e-02 2.415256894108040731e-02 -3.519119711973287963e+02
3.270000000000000000e+03 -2.005364263093513399e-02 -1.231566002233799688e-02 2.353346690470984118e-02 -3.529944733488919155e+02
3.280000000000000000e+03 -1.915429733327095665e-02 -1.251972480489609539e-02 2.288297654418413804e-02 -3.540763028098775180e+02
3.290000000000000000e+03 -1.823057373080786900e-02 -1.267759070392605880e-02 2.220529496788309354e-02 -3.551575881607756742e+02
3.300000000000000000e+03 -1.729099162173657056e-02 -1.278707923240035398e-02 2.150552920898829434e-02 -3.562384602523491139e+02
3.310000000000000000e+03 -1.634460202133936058e-02 -1.284753946451307367e-02 2.078954750657626901e-02 -3.573190503682398571e+02
3.320000000000000000e+03 -1.540063788006230949e-02 -1.285989985055717086e-02 2.006381497320912019e-02 -3.583994869134152736e+02
3.330000000000000000e+03 -1.446814438428385176e-02 -1.282671432905643089e-02 1.933524766853804769e-02 -3.594798885068929621e+02
3.340000000000000000e+03 -1.355557320529644609e-02 -1.275214253092781143e-02 1.861103715683919135e-02 -3.605603541218678743e+02
3.350000000000000000e+03 -1.267038981515830089e-02 -1.264177493153452111e-02 1.789841477582978027e-02 -3.616409543548625720e+02
3.360000000000000000e+03 -1.181875321044991052e-02 -1.250231872179679085e-02 1.720438609398517935e-02 -3.627217253772848267e+02
3.370000000000000000e+03 -1.100526465350105086e-02 -1.234123086573378492e-02 1.653547185220125004e-02 -3.638026627976868212e+02
3.380000000000000000e+03 -1.023279569267778084e-02 -1.216634352041286518e-02 1.589748478045432956e-02 -3.648837149178449977e+02
3.390000000000000000e+03 -9.502416272248039725e-03 -1.198547908516085087e-02 1.529534647897563999e-02 -3.659647777929016002e+02
3.400000000000000000e+03 -8.813401779633692895e-03 -1.180604036841822850e-02 1.473291010323388855e-02 -3.670456935336799233e+02
3.410000000000000000e+03 -8.163321758053324398e-03 -1.163456400413994535e-02 1.421277248435138044e-02 -3.681262541651253173e+02
3.420000000000000000e+03 -7.548274489336567576e-03 -1.147627698709548574e-02 1.373613414505357386e-02 -3.692062148039156568e+02
3.430000000000000000e+03 -6.963304612726349714e-03 -1.133474401507883131e-02 1.330278290497824596e-02 -3.702853174054518490e+02
3.440000000000000000e+03 -6.402942577474339189e-03 -1.121168966414227107e-02 1.291122220300883715e-02 -3.713633205085012037e+02
3.450000000000000000e+03 -5.861753151077799505e-03 -1.110702312101456528e-02 1.255890570929341088e-02 -3.724400276075085117e+02
3.460000000000000000e+03 -5.334820543597042046e-03 -1.101902497921908829e-02 1.224251696854201932e-02 -3.735153101397166324e+02
3.470000000000000000e+03 -4.818156460677890454e-03 -1.094461488010989997e-02 1.195822840363467560e-02 -3.745891259272435718e+02
3.480000000000000000e+03 -4.309037204961653489e-03 -1.087969645037123109e-02 1.170194840554187807e-02 -3.756615328868265351e+02
3.490000000000000000e+03 -3.806226648273914378e-03 -1.081962275814945390e-02 1.146959449704722939e-02 -3.767326936014272292e+02
3.500000000000000000e+03 -3.310049814428277226e-03 -1.075971767459453325e-02 1.125735111875696311e-02 -3.778028709391028315e+02
3.510000000000000000e+03 -2.822314932587995789e-03 -1.069574624810658812e-02 1.106184656296566732e-02 -3.788724177748669035e+02
3.520000000000000000e+03 -2.346082838888170503e-03 -1.062429467162868957e-02 1.088024549155594024e-02 -3.799417603683809261e+02
3.530000000000000000e+03 -1.885318856453503363e-03 -1.054308384812724722e-02 1.071032418833065859e-02 -3.810113758711637502e+02
3.540000000000000000e+03 -1.444490728992606395e-03 -1.045122172598664766e-02 1.055057292434306154e-02 -3.820817682038382372e+02
3.550000000000000000e+03 -1.028149622640333076e-03 -1.034933493122986055e-02 1.040028005225388311e-02 -3.831534453243372127e+02
3.560000000000000000e+03 -6.405060593302923030e-04 -1.023953946987607097e-02 1.025955245452688999e-02 -3.842268965520793813e+02
3.570000000000000000e+03 -2.850219458515038844e-04 -1.012527940154848462e-02 1.012929022533361027e-02 -3.853025678196167405e+02
3.580000000000000000e+03 3.593941625069463439e-05 -1.001109547842569426e-02 1.001115998872237692e-02 -3.863808357694633742e+02
3.590000000000000000e+03 3.213843122386090710e-04 -9.902349710064629884e-03 9.907563658971369966e-03 -3.874619817421167340e+02
3.600000000000000000e+03 5.718797552558690933e-04 -9.804897212638280166e-03 9.821560762163691546e-03 -3.885461657870076806e+02
3.610000000000000000e+03 7.896476286960846507e-04 -9.724713446500356934e-03 9.756720504044901279e-03 -3.896334033805588888e+02
3.620000000000000000e+03 9.785660874648660201e-04 -9.667489723502942917e-03 9.716889890369824131e-03 -3.907235469534164167e+02
3.630000000000000000e+03 1.144098085257047592e-03 -9.638213463088464786e-03 9.705880649830214008e-03 -3.918162742164041674e+02
3.640000000000000000e+03 1.293118834580746094e-03 -9.640766776624400472e-03 9.727103390095753407e-03 -3.929110912269330811e+02
3.650000000000000000e+03 1.433610130793721866e-03 -9.677580450881167334e-03 9.783189734968432763e-03 -3.940073580235700206e+02
3.660000000000000000e+03 1.574255804965479571e-03 -9.749378912567838520e-03 9.875660510583075466e-03 -3.951043351141692597e+02
3.670000000000000000e+03 1.723986721988767868e-03 -9.855007264259044164e-03 1.000466383224304576e-02 -3.962012430141663799e+02
3.680000000000000000e+03 1.891484123490624111e-03 -9.991320786100621812e-03 1.016878573086204066e-02 -3.972973271822150991e+02
3.690000000000000000e+03 2.084656562826413782e-03 -1.015319934293688713e-02 1.036500120030621475e-02 -3.983919198823550119e+02
3.700000000000000000e+03 2.310156038233904599e-03 -1.033374091968873761e-02 1.058881590718424061e-02 -3.994844873813377717e+02
3.710000000000000000e+03 2.573002182878685300e-03 -1.052459328089503862e-02 1.083454678153910992e-02 -4.005746535701772473e+02
3.720000000000000000e+03 2.876322592188500660e-03 -1.071637220422771812e-02 1.109566874387832476e-02 -4.016622015592689081e+02
3.730000000000000000e+03 3.221168438763172444e-03 -1.089912582127812793e-02 1.136516034989984610e-02 -4.027470622248688983e+02
3.740000000000000000e+03 3.606385160952300245e-03 -1.106282661676962278e-02 1.163581310789423874e-02 -4.038292974835115388e+02
3.750000000000000000e+03 4.028590944856700988e-03 -1.119789811058766356e-02 1.190052381603785327e-02 -4.049090798357513563e+02
3.760000000000000000e+03 4.482305748600976143e-03 -1.129575487273286848e-02 1.215257762652885432e-02 -4.059866695070379592e+02
3.770000000000000000e+03 4.960216104400465634e-03 -1.134932599461523951e-02 1.238591717776293434e-02 -4.070623935428201321e+02
3.780000000000000000e+03 5.453576248748957973e-03 -1.135352858406417018e-02 1.259540016077619236e-02 -4.081366278430574539e+02
3.790000000000000000e+03 5.952726469698594453e-03 -1.130564010694342682e-02 1.277702824019646966e-02 -4.092097822851965248e+02
3.800000000000000000e+03 6.447663656663994193e-03 -1.120551827373216652e-02 1.292810915843501177e-02 -4.102822903079814978e+02
3.810000000000000000e+03 6.928650163852080948e-03 -1.105567630101286954e-02 1.304738178968581699e-02 -4.113546011036429491e+02
3.820000000000000000e+03 7.386880536493902437e-03 -1.086123719887629319e-02 1.313516187759734485e-02 -4.124271710376844453e+02
3.830000000000000000e+03 7.815158721056916433e-03 -1.062971657509367146e-02 1.319346733433380409e-02 -4.135004524151656824e+02
3.840000000000000000e+03 8.208513002306858444e-03 -1.037057267676344888e-02 1.322605244784222714e-02 -4.145748770923291318e+02
3.850000000000000000e+03 8.564701741433434698e-03 -1.009454538746056701e-02 1.323835195555754692e-02 -4.156508330724604434e+02
3.860000000000000000e+03 8.884553130482327962e-03 -9.812881889726980320e-03 1.323736889680479818e-02 -4.167286368707444240e+02
3.870000000000000000e+03 9.172080552088141686e-03 -9.536516804396797525e-03 1.323148572211511019e-02 -4.178085046995747120e+02
3.880000000000000000e+03 9.434342965071522771e-03 -9.275228573229047507e-03 1.323014332001883932e-02 -4.188905233160217563e+02
3.890000000000000000e+03 9.681052833006333069e-03 -9.036830484822695048e-03 1.324337906906242548e-02 -4.199746236506946957e+02
3.900000000000000000e+03 9.923982056605454294e-03 -8.826450525191761182e-03 1.328125177584872640e-02 -4.210605605965239988e+02
3.910000000000000000e+03 1.017622848340780928e-02 -8.645913964360544407e-03 1.335318143461119468e-02 -4.221479020410422436e+02
3.920000000000000000e+03 1.045138151850224899e-02 -8.493302898318988089e-03 1.346727774154391280e-02 -4.232360355784529702e+02
3.930000000000000000e+03 1.076261498193442807e-02 -8.362791057788988500e-03 1.362975258490024301e-02 -4.243242016156164027e+02
3.940000000000000000e+03 1.112172023104860200e-02 -8.244734032477787911e-03 1.384443209972923382e-02 -4.254115509724372828e+02
3.950000000000000000e+03 1.153813087537977795e-02 -8.125982793086071118e-03 1.411240803161965818e-02 -4.264972167301241370e+02
3.960000000000000000e+03 1.201802513501683788e-02 -7.990458259630149607e-03 1.443192126311629297e-02 -4.275803890667731935e+02
3.970000000000000000e+03 1.256356660803057031e-02 -7.820004156548085450e-03 1.479850232026370081e-02 -4.286603821128778122e+02
3.980000000000000000e+03 1.317235118964503113e-02 -7.595434549954959910e-03 1.520531031797747908e-02 -4.297366799105278687e+02
3.990000000000000000e+03 1.383712895402490657e-02 -7.297666024542574098e-03 1.564359508220784442e-02 -4.308089539357074500e+02
4.000000000000000000e+03 1.454585473060246263e-02 -6.908890964078882695e-03 1.610325011285985292e-02 -4.318770558439928777e+02
4.010000000000000000e+03 1.528206845740617825e-02 -6.413764517056056574e-03 1.657341218992323603e-02 -4.329409956796597498e+02
4.020000000000000000e+03 1.602558518619275757e-02 -5.800511616217506224e-03 1.704304302552202624e-02 -4.340009129841407116e+02
4.030000000000000000e+03 1.675347736826318309e-02 -5.061825239035581958e-03 1.750145932999429277e-02 -4.350570444733529598e+02
4.040000000000000000e+03 1.744125752127394582e-02 -4.195473295224070795e-03 1.793876974862917625e-02 -4.361096931976974247e+02
4.050000000000000000e+03 1.806413174110520214e-02 -3.204592618091538052e-03 1.834617860503737902e-02 -4.371592036231172074e+02
4.060000000000000000e+03 1.859824538598086816e-02 -2.097651412833829478e-03 1.871616608408149460e-02 -4.382059423419670452e+02
4.070000000000000000e+03 1.902188788761446925e-02 -8.880325728982936626e-04 1.904260540628572793e-02 -4.392502802898094956e+02
4.080000000000000000e+03 1.931659065925276156e-02 4.067186772069262017e-04 1.932087199842491554e-02 -4.402925770893629647e+02
4.090000000000000000e+03 1.946800440727358000e-02 1.765815526107829617e-03 1.954792316523336002e-02 -4.413331734391165355e+02
4.100000000000000000e+03 1.946647582988684025e-02 3.166213848664285735e-03 1.972228666689139487e-02 -4.423723917662547365e+02
4.110000000000000000e+03 1.930728796133419217e-02 4.583661940624735379e-03 1.984392413833040159e-02 -4.434105387671091876e+02
4.120000000000000000e+03 1.899060377819809797e-02 5.993780269357716455e-03 1.991402605647219978e-02 -4.444479062602514432e+02
4.130000000000000000e+03 1.852122863943587994e-02 7.373089621660509733e-03 1.993485291852683389e-02 -4.454847718690853071e+02
4.140000000000000000e+03 1.790823070980759879e-02 8.699894735834245649e-03 1.990961816736554896e-02 -4.465214027278397566e+02
4.150000000000000000e+03 1.716438907603124592e-02 9.954978753941690073e-03 1.984232482207695311e-02 -4.475580615876306751e+02
4.160000000000000000e+03 1.630550745798589260e-02 1.112215917888688052e-02 1.973757832822789146e-02 -4.485950109119977469e+02
4.170000000000000000e+03 1.534966624274200671e-02 1.218873059122664582e-02 1.960044405591561401e-02 -4.496325139272854585e+02
4.180000000000000000e+03 1.431645352587106526e-02 1.314575697953254858e-02 1.943635171845155621e-02 -4.506708347906628092e+02
4.190000000000000000e+03 1.322617797250041222e-02 1.398818752036960072e-02 1.925100448977348777e-02 -4.517102382675894887e+02
4.200000000000000000e+03 1.209908888816661234e-02 1.471477080040727546e-02 1.905026067097968442e-02 -4.653173598836240785e+02
