0.000000000000000000e+00 8.404569130993571946e+00 0.000000000000000000e+00 8.404569130993571946e+00 0.000000000000000000e+00
1.000000000000000000e+01 8.396712510608391966e+00 2.115718119075750935e-03 8.396712777156942309e+00 -1.109748030187811318e+00
2.000000000000000000e+01 8.372752448530757619e+00 5.181861192084357380e-03 8.372754052046627038e+00 -2.219381104294874341e+00
3.000000000000000000e+01 8.332719904958238999e+00 1.008080964452203430e-02 8.332726002768263029e+00 -3.328790214378801515e+00
4.000000000000000000e+01 8.277081917406514222e+00 1.764347504584104845e-02 8.277100721851196496e+00 -4.437868397522279906e+00
5.000000000000000000e+01 8.206471762634178546e+00 2.860537164051932951e-02 8.206521617481964626e+00 -5.546514305219659491e+00
6.000000000000000000e+01 8.121662749682442950e+00 4.358958915452516153e-02 8.121779723180262422e+00 -6.654632974556439429e+00
7.000000000000000000e+01 8.023543063309917400e+00 6.309068606741725926e-02 8.023791106668788586e+00 -7.762136966758680146e+00
8.000000000000000000e+01 7.913086980377114443e+00 8.746514552802781006e-02 7.913570351661507907e+00 -8.868947223249001865e+00
9.000000000000000000e+01 7.791326477810172513e+00 1.169289094134331186e-01 7.792203838047519149e+00 -9.974993552457879886e+00
1.000000000000000000e+02 7.659323565339913209e+00 1.515601781987231111e-01 7.660822930089622673e+00 -1.108021491058256380e+01
1.100000000000000000e+02 7.518145530883478145e+00 1.913088718003846112e-01 7.520579187002337740e+00 -1.218455920541003223e+01
1.200000000000000000e+02 7.368843575072898666e+00 2.360078747843955826e-01 7.372622013290345500e+00 -1.328798314082675702e+01
1.300000000000000000e+02 7.212436046655047228e+00 2.853881383531959859e-01 7.218080085216691089e+00 -1.439045173469392402e+01
1.400000000000000000e+02 7.049894621873833422e+00 3.390939875763836486e-01 7.058044978032943284e+00 -1.549193788462105559e+01
1.500000000000000000e+02 6.882134297254627775e+00 3.967002157899702786e-01 6.893558119480553081e+00 -1.659242168007098073e+01
1.600000000000000000e+02 6.710008449071681369e+00 4.577285399199861327e-01 6.725602486236503808e+00 -1.769188972531988924e+01
1.700000000000000000e+02 6.534304973743886080e+00 5.216619629508083555e-01 6.555095170436793239e+00 -1.879033461719156861e+01
1.800000000000000000e+02 6.355745679517536217e+00 5.879601635272824200e-01 6.382883384223846157e+00 -1.988775409603949740e+01
1.900000000000000000e+02 6.174987158645001806e+00 6.560712653922217141e-01 6.209742016759152605e+00 -2.098415051655391395e+01
2.000000000000000000e+02 5.992622890843809280e+00 7.254425858820511275e-01 6.036372756654152738e+00 -2.207953025590276752e+01
2.100000000000000000e+02 5.809186950033511820e+00 7.955309891312599690e-01 5.863405373595433900e+00 -2.317390295166030612e+01
2.200000000000000000e+02 5.625158351248663813e+00 8.658092753475103986e-01 5.691399843439254091e+00 -2.426728115558852750e+01
2.300000000000000000e+02 5.440965517236010740e+00 9.357731877172582591e-01 5.520849320403686811e+00 -2.535967967397303724e+01
2.400000000000000000e+02 5.256990004364793911e+00 1.004947273795475660e+00 5.352183005942558580e+00 -2.645111484331150820e+01
2.500000000000000000e+02 5.073572239723733723e+00 1.072887476428185938e+00 5.185771187467852705e+00 -2.754160424443255906e+01
2.600000000000000000e+02 4.891016722797433935e+00 1.139182659806644571e+00 5.021930078673765507e+00 -2.863116648532390940e+01
2.700000000000000000e+02 4.709596099839589378e+00 1.203457878277932824e+00 4.860926484571999495e+00 -2.971982049395593251e+01
2.800000000000000000e+02 4.529554357168192880e+00 1.265374790032565810e+00 4.702981611041161969e+00 -3.080758517758354387e+01
2.900000000000000000e+02 4.351110699677786187e+00 1.324632252476233285e+00 4.548276038803138910e+00 -3.189447898844571583e+01
3.000000000000000000e+02 4.174463161991315729e+00 1.380965982392795777e+00 4.396954597826617572e+00 -3.298051960912581393e+01
3.100000000000000000e+02 3.999791671212142408e+00 1.434147126992760146e+00 4.249130663436888611e+00 -3.406572381782545023e+01
3.200000000000000000e+02 3.827260531394014009e+00 1.483981204088165473e+00 4.104890179926053762e+00 -3.515010724120433849e+01
3.300000000000000000e+02 3.657020684019732570e+00 1.530306949339755862e+00 3.964295604838986353e+00 -3.623368411621253671e+01
3.400000000000000000e+02 3.489211393763435254e+00 1.572994029778574054e+00 3.827388975279049532e+00 -3.731646728847322692e+01
3.500000000000000000e+02 3.323961776937838231e+00 1.611941711338577221e+00 3.694195172875533117e+00 -3.839846801930757181e+01
3.600000000000000000e+02 3.161392224344827362e+00 1.647076373420474082e+00 3.564724586279826024e+00 -3.947969610955266972e+01
3.700000000000000000e+02 3.001615215891026978e+00 1.678349096369899485e+00 3.438975078937646757e+00 -4.056016001759716261e+01
3.800000000000000000e+02 2.844736003271229219e+00 1.705734206763442895e+00 3.316934143517244582e+00 -4.163986678324341995e+01
3.900000000000000000e+02 2.690853104808050400e+00 1.729226917292869370e+00 3.198580335577852374e+00 -4.271882221028339899e+01
4.000000000000000000e+02 2.540058735731543393e+00 1.748841636178060543e+00 3.083884798334088906e+00 -4.379703093529301583e+01
4.100000000000000000e+02 2.392438962722934992e+00 1.764610119337239214e+00 2.972812315572945785e+00 -4.487449654901237039e+01
4.200000000000000000e+02 2.248073483185043298e+00 1.776579778836921086e+00 2.865321988254021068e+00 -4.595122164627682793e+01
4.300000000000000000e+02 2.107035740103795352e+00 1.784812206191162653e+00 2.761368179262539524e+00 -4.702720790934946393e+01
4.400000000000000000e+02 1.969393098819390620e+00 1.789381662338360934e+00 2.660901334358385828e+00 -4.810245626136576647e+01
4.500000000000000000e+02 1.835206800191382159e+00 1.790373546542809002e+00 2.563868451311214880e+00 -4.917696702075779314e+01
4.600000000000000000e+02 1.704531885005035496e+00 1.787882997553625231e+00 2.470213464447992724e+00 -5.025074004036209629e+01
4.700000000000000000e+02 1.577417130820271796e+00 1.782013699098057735e+00 2.379877649875808743e+00 -5.132377481393312735e+01
4.800000000000000000e+02 1.453905009583216223e+00 1.772876704394207081e+00 2.292799944581915828e+00 -5.239607060056785315e+01
4.900000000000000000e+02 1.334031620683794772e+00 1.760589290315567323e+00 2.208917158735950625e+00 -5.346762654477574728e+01
5.000000000000000000e+02 1.217826616720158794e+00 1.745273774032349845e+00 2.128164047886626165e+00 -5.453844180440358258e+01
5.100000000000000000e+02 1.105313143784307783e+00 1.727056862583400854e+00 2.050473738534285495e+00 -5.560851553001696601e+01
5.200000000000000000e+02 9.965078635700909127e-01 1.706068878672235556e+00 1.975778059633967576e+00 -5.667784690600227293e+01
5.300000000000000000e+02 8.914210509689366457e-01 1.682442968595032173e+00 1.904007834197492866e+00 -5.774643522923955175e+01
5.400000000000000000e+02 7.900566414677397953e-01 1.656314300497533143e+00 1.835093065422001235e+00 -5.881427996794695900e+01
5.500000000000000000e+02 6.924123355777553890e-01 1.627819266409662236e+00 1.768963087957103886e+00 -5.988138083384376387e+01
5.600000000000000000e+02 5.984796098302996858e-01 1.597094870906671904e+00 1.705546795036426699e+00 -6.094773774676862388e+01
5.700000000000000000e+02 5.082439214942935379e-01 1.564278218497174189e+00 1.644773002149716223e+00 -6.201335086392423079e+01
5.800000000000000000e+02 4.216847551649627324e-01 1.529506140402022263e+00 1.586570851322444131e+00 -6.307822049868461534e+01
5.900000000000000000e+02 3.387757585682169559e-01 1.492914827795389421e+00 1.530870241935876175e+00 -6.414234709210057872e+01
6.000000000000000000e+02 2.594848222999557863e-01 1.454639385737898305e+00 1.477602150629177213e+00 -6.520573117336299163e+01
6.100000000000000000e+02 1.837742326279358795e-01 1.414813554809063012e+00 1.426699114547087754e+00 -6.626837335365988224e+01
6.200000000000000000e+02 1.116009544903040218e-01 1.373569322435199913e+00 1.378095590508235047e+00 -6.733027446256488702e+01
6.300000000000000000e+02 4.291688809702275120e-02 1.331036908796851437e+00 1.331728617948645832e+00 -6.839143570569768826e+01
6.400000000000000000e+02 -2.233086142902327917e-02 1.287344560408163474e+00 1.287538226455684720e+00 -6.945185896011201976e+01
6.500000000000000000e+02 -8.419968258872613520e-02 1.242618354744275067e+00 1.245467768388813568e+00 -7.051154720311660640e+01
6.600000000000000000e+02 -1.427512149315182943e-01 1.196981863233951282e+00 1.205464014508706105e+00 -7.157050499982604208e+01
6.700000000000000000e+02 -1.980514083642416767e-01 1.150556054351896673e+00 1.167477449272946055e+00 -7.262873884610274899e+01
6.800000000000000000e+02 -2.501696942630489140e-01 1.103459492501250860e+00 1.131462649634880968e+00 -7.368625843924935737e+01
6.900000000000000000e+02 -2.991783220785002029e-01 1.055808774697779118e+00 1.097378620682275097e+00 -7.474307815717133963e+01
7.000000000000000000e+02 -3.451519788922658427e-01 1.007718108087964692e+00 1.065188093203089492e+00 -7.579921835655406426e+01
7.100000000000000000e+02 -3.881673963552376150e-01 9.592991487509560100e-01 1.034856890776455707e+00 -7.685470676272140622e+01
7.200000000000000000e+02 -4.283030741624840321e-01 9.106611733481693172e-01 1.006353464733390046e+00 -7.790957989720965315e+01
7.300000000000000000e+02 -4.656389229776125571e-01 8.619108355439358826e-01 9.796478423493805154e-01 -7.896388442088078818e+01
7.400000000000000000e+02 -5.002557414470676367e-01 8.131518609412845544e-01 9.547102994118318309e-01 -8.001767839945975425e+01
7.500000000000000000e+02 -5.322348417039921564e-01 7.644849185811380954e-01 9.315101274069342852e-01 -8.107103221103929513e+01
7.600000000000000000e+02 -5.616573931976257539e-01 7.160073324395468397e-01 9.100140259582530922e-01 -8.212402920708385068e+01
7.700000000000000000e+02 -5.886039460776172350e-01 6.678130954207340819e-01 8.901847761861382269e-01 -8.317676586231308988e+01
7.800000000000000000e+02 -6.131540219790985180e-01 6.199927000919411846e-01 8.719798179066076127e-01 -8.422935116620362805e+01
7.900000000000000000e+02 -6.353858260267207791e-01 5.726329834817097675e-01 8.553500345980131758e-01 -8.528190525173572212e+01
8.000000000000000000e+02 -6.553764173076987998e-01 5.258167981184640460e-01 8.402389859716272724e-01 -8.633455685853702732e+01
8.100000000000000000e+02 -6.732015407345217639e-01 4.796226368693702335e-01 8.265822332017920271e-01 -8.738744043239799453e+01
8.200000000000000000e+02 -6.889352081946565898e-01 4.341245037419706465e-01 8.143069481709137580e-01 -8.844069313358399143e+01
8.300000000000000000e+02 -7.026495930178938698e-01 3.893917033294672647e-01 8.033320292320204059e-01 -8.949445122165283806e+01
8.400000000000000000e+02 -7.144149678706768203e-01 3.454884962016228078e-01 7.935685523792629370e-01 -9.054884615819796068e+01
8.500000000000000000e+02 -7.242999508755516569e-01 3.024737400469103554e-01 7.849208764304160812e-01 -9.160400061722810960e+01
8.600000000000000000e+02 -7.323717367973158199e-01 2.604009638337470567e-01 7.772882495091903987e-01 -9.266002541183354424e+01
8.700000000000000000e+02 -7.386961710402109027e-01 2.193184794728544884e-01 7.705664335719234481e-01 -9.371701716855906739e+01
8.800000000000000000e+02 -7.433378735156529471e-01 1.792694543165147536e-01 7.646494173500126834e-01 -9.477505660699284817e+01
8.900000000000000000e+02 -7.463604666602671189e-01 1.402918519037262279e-01 7.594312015606869970e-01 -9.583420732192246305e+01
9.000000000000000000e+02 -7.478268080172946197e-01 1.024185076680543122e-01 7.548075817731874082e-01 -9.689451543423145097e+01
9.100000000000000000e+02 -7.477990268261235363e-01 6.567744489274944530e-02 7.506776347339366717e-01 -9.795601022875982267e+01
9.200000000000000000e+02 -7.463386109911107624e-01 3.009208027034425068e-02 7.469450150788459197e-01 -9.901870512694728177e+01
9.300000000000000000e+02 -7.435064986166134426e-01 -4.318515241951325495e-03 7.435190401455978870e-01 -1.000825991030563529e+02
9.400000000000000000e+02 -7.393633571299850216e-01 -3.753931684892241466e-02 7.403157260088465419e-01 -1.011476784193751541e+02
9.500000000000000000e+02 -7.339695495507202461e-01 -6.955914108309928234e-02 7.372582815919436205e-01 -1.022139184046160949e+02
9.600000000000000000e+02 -7.273851571056108023e-01 -1.003702395424261873e-01 7.342774351451624160e-01 -1.032812855181291951e+02
9.700000000000000000e+02 -7.196700269607170242e-01 -1.299680356037942741e-01 7.313115874812515793e-01 -1.043497391810835353e+02
9.800000000000000000e+02 -7.108836671865779167e-01 -1.583509715944001472e-01 7.283066788637378997e-01 -1.054192333247409579e+02
9.900000000000000000e+02 -7.010852954806190418e-01 -1.855202038829677491e-01 7.252160626929914367e-01 -1.064897180305396773e+02
1.000000000000000000e+03 -6.903337409388869972e-01 -2.114792424084340761e-01 7.220000996179457564e-01 -1.075611410514076454e+02
1.010000000000000000e+03 -6.786872203185955188e-01 -2.362337404561235810e-01 7.186255792508871032e-01 -1.086334488896828105e+02
1.020000000000000000e+03 -6.662030375545747729e-01 -2.597912960445928343e-01 7.150650353271872373e-01 -1.097065876084772782e+02
1.030000000000000000e+03 -6.529374601873464412e-01 -2.821613144276000629e-01 7.112962352461973392e-01 -1.107805034441879997e+02
1.040000000000000000e+03 -6.389457262237052682e-01 -3.033549952892824475e-01 7.073018409607730872e-01 -1.118551431957092746e+02
1.050000000000000000e+03 -6.242821707280246102e-01 -3.233850707547188952e-01 7.030690810126192236e-01 -1.129304549279164860e+02
1.060000000000000000e+03 -6.090001650120739907e-01 -3.422654203016594066e-01 6.985891631846323779e-01 -1.140063886452183510e+02
1.070000000000000000e+03 -5.931518804763459274e-01 -3.600113279101901376e-01 6.938568364845040248e-01 -1.150828959350826182e+02
1.080000000000000000e+03 -5.767881665338651098e-01 -3.766394792083914145e-01 6.888700068604134419e-01 -1.161599299345216707e+02
1.090000000000000000e+03 -5.599584444476077838e-01 -3.921676649291033212e-01 6.836292393718470528e-01 -1.172374456006960060e+02
1.100000000000000000e+03 -5.427108282121068106e-01 -4.066147496761987612e-01 6.781375949708943196e-01 -1.183153997911411324e+02
1.110000000000000000e+03 -5.250921205729054408e-01 -4.200006003541862931e-01 6.724003564734536420e-01 -1.193937512918095365e+02
1.120000000000000000e+03 -5.071476997830012268e-01 -4.323458833482011210e-01 6.664246035699203929e-01 -1.204724608729832056e+02
1.130000000000000000e+03 -4.889214575294439369e-01 -4.436722372678983395e-01 6.602190892082855367e-01 -1.215514909200355476e+02
1.140000000000000000e+03 -4.704557765291573768e-01 -4.540020996703932332e-01 6.537939615618808542e-01 -1.226308054939515415e+02
1.150000000000000000e+03 -4.517915830081406514e-01 -4.633587476634220548e-01 6.471606937331844112e-01 -1.237103702226853557e+02
1.160000000000000000e+03 -4.329684236724308799e-01 -4.717664279669647742e-01 6.403321157447118273e-01 -1.247901521541701442e+02
1.170000000000000000e+03 -4.140246257162722432e-01 -4.792500525756631657e-01 6.333221957213210906e-01 -1.258701202076874495e+02
1.180000000000000000e+03 -3.949972775054738094e-01 -4.858350710704091302e-01 6.261458021249729500e-01 -1.269502452389273657e+02
1.190000000000000000e+03 -3.759221178273216557e-01 -4.915472129862104578e-01 6.188183103838230670e-01 -1.280305001049881639e+02
1.200000000000000000e+03 -3.568335222766193526e-01 -4.964125036460347862e-01 6.113554910168575995e-01 -1.291108595405976871e+02
1.210000000000000000e+03 -3.377646209721786863e-01 -5.004575128032540121e-01 6.037736838432913311e-01 -1.301913000091993524e+02
1.220000000000000000e+03 -3.187473782578359449e-01 -5.037090940047252996e-01 5.960895423753926892e-01 -1.312718000448774376e+02
1.230000000000000000e+03 -2.998123383076443660e-01 -5.061941746321740876e-01 5.883196245520332379e-01 -1.323523400532444043e+02
1.240000000000000000e+03 -2.809887063495190018e-01 -5.079398465446179900e-01 5.804804396392235777e-01 -1.334329022721618117e+02
1.250000000000000000e+03 -2.623045948029925634e-01 -5.089731544050466461e-01 5.725883096604273970e-01 -1.345134712798890178e+02
1.260000000000000000e+03 -2.437870646624780424e-01 -5.093209575179987736e-01 5.646591632691339013e-01 -1.355940341527325472e+02
1.270000000000000000e+03 -2.254619879836960161e-01 -5.090099969684626080e-01 5.567084380889107953e-01 -1.366745801658419452e+02
1.280000000000000000e+03 -2.073540165262858503e-01 -5.080668855910915882e-01 5.487509894331076277e-01 -1.377551007061948667e+02
1.290000000000000000e+03 -1.894866087853582237e-01 -5.065181011300673442e-01 5.408010370564987346e-01 -1.388355892757691379e+02
1.300000000000000000e+03 -1.718821439495639702e-01 -5.043897983521652417e-01 5.328719734518193585e-01 -1.399160417649694637e+02
1.310000000000000000e+03 -1.545619163265076201e-01 -5.017076544433135554e-01 5.249761485110858716e-01 -1.409964564693273701e+02
1.320000000000000000e+03 -1.375459090488418412e-01 -4.984970381916190574e-01 5.171249115850915512e-01 -1.420768334760121832e+02
1.330000000000000000e+03 -1.208527135618837206e-01 -4.947830105075596840e-01 5.093285833940548457e-01 -1.431571743838620421e+02
1.340000000000000000e+03 -1.044997347597187848e-01 -4.905900945646211042e-01 5.015962873165783487e-01 -1.442374826478455248e+02
1.350000000000000000e+03 -8.850317261610966824e-02 -4.859422759028563799e-01 4.939359341784769208e-01 -1.453177633669152726e+02
1.360000000000000000e+03 -7.287828518432984404e-02 -4.808630962629471539e-01 4.863543582605145410e-01 -1.463980235943586479e+02
1.370000000000000000e+03 -5.763946583923464095e-02 -4.753755922029095360e-01 4.788572456218024298e-01 -1.474782723817295675e+02
1.380000000000000000e+03 -4.279999148176237556e-02 -4.695023667058083050e-01 4.714491612180408131e-01 -1.485585200826042467e+02
1.390000000000000000e+03 -2.837195419324968840e-02 -4.632655179641217424e-01 4.641335022591128179e-01 -1.496387780191835759e+02
1.400000000000000000e+03 -1.436626092778329686e-02 -4.566864696462920592e-01 4.569123778264699287e-01 -1.507190582505623979e+02
1.410000000000000000e+03 -7.926953148020215263e-04 -4.497860718212252085e-01 4.497867703370458936e-01 -1.517993734007643809e+02
1.420000000000000000e+03 1.233997818527214456e-02 -4.425848726072519890e-01 4.427568684079225547e-01 -1.528797366325650273e+02
1.430000000000000000e+03 2.502394924264299964e-02 -4.351031085866681192e-01 4.358221118042088227e-01 -1.539601616180185601e+02
1.440000000000000000e+03 3.725254506803023918e-02 -4.273603753545091588e-01 4.289809349344007594e-01 -1.550406618742643161e+02
1.450000000000000000e+03 4.902024110840842719e-02 -4.193755346197829970e-01 4.222307699303253226e-01 -1.561212503934597748e+02
1.460000000000000000e+03 6.032240396350008194e-02 -4.111669229295669137e-01 4.155683228198512880e-01 -1.572019399692170509e+02
1.470000000000000000e+03 7.115515324026548682e-02 -4.027524720670315750e-01 4.089897426449112250e-01 -1.582827433335630474e+02
1.480000000000000000e+03 8.151536328096800621e-02 -3.941497071585727263e-01 4.024906782821396356e-01 -1.593636729689712581e+02
1.490000000000000000e+03 9.140077494749905551e-02 -3.853756051193131804e-01 3.960662301712684075e-01 -1.604447405690884239e+02
1.500000000000000000e+03 1.008100041623074677e-01 -3.764465527196884098e-01 3.897110006065284127e-01 -1.615259567412394972e+02
1.510000000000000000e+03 1.097425528749030460e-01 -3.673785431887592323e-01 3.834193812354768083e-01 -1.626073308634688885e+02
1.520000000000000000e+03 1.181989024672499278e-01 -3.581872278435810353e-01 3.771857244577688228e-01 -1.636888707169310919e+02
1.530000000000000000e+03 1.261804500250420236e-01 -3.488878292216372468e-01 3.710043441086754434e-01 -1.647705824178735554e+02
1.540000000000000000e+03 1.336895206302926853e-01 -3.394951252140709363e-01 3.648696040648976013e-01 -1.658524702027553985e+02
1.550000000000000000e+03 1.407291703316903841e-01 -3.300233909905191387e-01 3.587758882410118089e-01 -1.669345367065359937e+02
1.560000000000000000e+03 1.473027013424753340e-01 -3.204864097183225957e-01 3.527174855843285273e-01 -1.680167840586249213e+02
1.570000000000000000e+03 1.534138183324750271e-01 -3.108975474855306675e-01 3.466887432378897294e-01 -1.690992134449702462e+02
1.580000000000000000e+03 1.590670487309095715e-01 -3.012697756443020736e-01 3.406843167930241889e-01 -1.701818239407838860e+02
1.590000000000000000e+03 1.642676844933871061e-01 -2.916158086764568114e-01 3.346993457400878058e-01 -1.712646127517238597e+02
1.600000000000000000e+03 1.690214825806500287e-01 -2.819482072095296221e-01 3.287294527760310503e-01 -1.723475761221097002e+02
1.610000000000000000e+03 1.733345338327061669e-01 -2.722793879748521273e-01 3.227707014816580400e-01 -1.734307097286798864e+02
1.620000000000000000e+03 1.772133936063035875e-01 -2.626213508598602697e-01 3.168194451117553045e-01 -1.745140079052441990e+02
1.630000000000000000e+03 1.806651335761038368e-01 -2.529854556686343958e-01 3.108722105141242809e-01 -1.755974629998237901e+02
1.640000000000000000e+03 1.836973509724056930e-01 -2.433826753126878684e-01 3.049259637955424318e-01 -1.766810656406241833e+02
1.650000000000000000e+03 1.863180841772996699e-01 -2.338237411491929096e-01 2.989782106048935462e-01 -1.777648051779036678e+02
1.660000000000000000e+03 1.885356297212393839e-01 -2.243190842325287482e-01 2.930268506900086112e-01 -1.788486700293537410e+02
1.670000000000000000e+03 1.903585045602913250e-01 -2.148787185769973906e-01 2.870700680247296188e-01 -1.799326474690189173e+02
1.680000000000000000e+03 1.917956458135656184e-01 -2.055121685623000904e-01 2.811064232283245756e-01 -1.810167228171270608e+02
1.690000000000000000e+03 1.928564691010932752e-01 -1.962285329947759116e-01 2.751349756672583080e-01 -1.821008792901671143e+02
1.700000000000000000e+03 1.935506743050781353e-01 -1.870366648879426275e-01 2.691553037492573353e-01 -1.831850988516962389e+02
1.710000000000000000e+03 1.938882027323059198e-01 -1.779452570950990353e-01 2.631675315866390252e-01 -1.842693625259496173e+02
1.720000000000000000e+03 1.938793401043621412e-01 -1.689625864237837283e-01 2.571722265920593498e-01 -1.853536493978623412e+02
1.730000000000000000e+03 1.935345370372158202e-01 -1.600964837720231515e-01 2.511702632525895096e-01 -1.864379368253189853e+02
1.740000000000000000e+03 1.928642197991239648e-01 -1.513546255409601304e-01 2.451628641360046323e-01 -1.875222016484231347e+02
1.750000000000000000e+03 1.918790511558838008e-01 -1.427445130369005832e-01 2.391517641051894016e-01 -1.886064194363693787e+02
1.760000000000000000e+03 1.905900463841180004e-01 -1.342732269789734256e-01 2.331391542921247839e-01 -1.896905633149684149e+02
1.770000000000000000e+03 1.890083050545537657e-01 -1.259474993109150343e-01 2.271275235682989613e-01 -1.907746046844009129e+02
1.780000000000000000e+03 1.871448245893425899e-01 -1.177737316547882024e-01 2.211195089504086886e-01 -1.918585135408141298e+02
1.790000000000000000e+03 1.850105780558499724e-01 -1.097578536655813009e-01 2.151178756724668739e-01 -1.929422574868306413e+02
1.800000000000000000e+03 1.826168239904743806e-01 -1.019053464782783275e-01 2.091258091322681645e-01 -1.940258007243928660e+02
1.810000000000000000e+03 1.799751946222795107e-01 -9.422137970856429845e-02 2.031470872877896849e-01 -1.951091041119829583e+02
1.820000000000000000e+03 1.770973735697899398e-01 -8.671082832888948877e-02 1.971858196595279444e-01 -1.961921257509487475e+02
1.830000000000000000e+03 1.739948549579375947e-01 -7.937826454823082578e-02 1.912462246281548262e-01 -1.972748211825424676e+02
1.840000000000000000e+03 1.706790533752478578e-01 -7.222801133902435888e-02 1.853327409905247691e-01 -1.983571430206018249e+02
1.850000000000000000e+03 1.671614345961262571e-01 -6.526423822026568289e-02 1.794501769481060827e-01 -1.994390408256684282e+02
1.860000000000000000e+03 1.634533693188281456e-01 -5.849076293606379068e-02 1.736034944651749790e-01 -2.005204600815098956e+02
1.870000000000000000e+03 1.595660686580696597e-01 -5.191085469728370233e-02 1.677976969519972272e-01 -2.016013406478768957e+02
1.880000000000000000e+03 1.555107049306837519e-01 -4.552732358859373774e-02 1.620380095569515233e-01 -2.026816161785851023e+02
1.890000000000000000e+03 1.512985278256332722e-01 -3.934268406377407212e-02 1.563300716802300538e-01 -2.037612141195627657e+02
1.900000000000000000e+03 1.469408260692972590e-01 -3.335927752279041480e-02 1.506799514294121789e-01 -2.048400559575556201e+02
1.910000000000000000e+03 1.424488513058008721e-01 -2.757930484947750116e-02 1.450940842843793654e-01 -2.059180570698804615e+02
1.920000000000000000e+03 1.378338198131887071e-01 -2.200475384452590596e-02 1.395792644917315528e-01 -2.069951257332382966e+02
1.930000000000000000e+03 1.331069548901834265e-01 -1.663719270116556515e-02 1.341426763603330019e-01 -2.080711609833974478e+02
1.940000000000000000e+03 1.282793741870889292e-01 -1.147774557752859192e-02 1.287918339234815357e-01 -2.091460516632575093e+02
1.950000000000000000e+03 1.233619087003292591e-01 -6.527323395316634268e-03 1.235344748193613340e-01 -2.102196773812140407e+02
1.960000000000000000e+03 1.183651365720623932e-01 -1.786772686475891596e-03 1.183786218552831393e-01 -2.112919089768154493e+02
1.970000000000000000e+03 1.132993910463472170e-01 2.743261973674609132e-03 1.133325968013144530e-01 -2.123626069185158656e+02
1.980000000000000000e+03 1.081747137237396017e-01 7.062379146719739362e-03 1.084050085947371594e-01 -2.134316204312067669e+02
1.990000000000000000e+03 1.030009733821750373e-01 1.117023266706998127e-02 1.036048966772903507e-01 -2.144987890309732848e+02
2.000000000000000000e+03 9.778813346099789194e-02 1.506655849878050547e-02 9.894200438025858857e-02 -2.155639432972254497e+02
2.010000000000000000e+03 9.254623737171889519e-02 1.875147469460283420e-02 9.442681745608537403e-02 -2.166269037079229349e+02
2.020000000000000000e+03 8.728497308541463551e-02 2.222561510558616199e-02 9.007021979180031279e-02 -2.176874805441235878e+02
2.030000000000000000e+03 8.201342930009887511e-02 2.548987107289329632e-02 8.588327027352322951e-02 -2.187454782463032643e+02
2.040000000000000000e+03 7.674049071192666494e-02 2.854524598220346474e-02 8.187755481749443842e-02 -2.198007021230598355e+02
2.050000000000000000e+03 7.147509512342492544e-02 3.139294219099025840e-02 7.806539593385469766e-02 -2.208529655855887199e+02
2.060000000000000000e+03 6.622595143791458472e-02 3.403432834484690361e-02 7.445946648843161653e-02 -2.219020993216586817e+02
2.070000000000000000e+03 6.100139940065718580e-02 3.647079910438392331e-02 7.107242725664313088e-02 -2.229479641397454941e+02
2.080000000000000000e+03 5.580946746600564529e-02 3.870378360194429851e-02 6.791671019672018694e-02 -2.239904654720531312e+02
2.090000000000000000e+03 5.065777629998426124e-02 4.073495719994617292e-02 6.500420784642094163e-02 -2.250295662863431403e+02
2.100000000000000000e+03 4.555346321916436264e-02 4.256620813629721778e-02 6.234581049567273353e-02 -2.260653035321646485e+02
2.110000000000000000e+03 4.050332074801001742e-02 4.419942916616812628e-02 5.995088431567371229e-02 -2.270978079670869079e+02
2.120000000000000000e+03 3.551400256915192288e-02 4.563660168278671492e-02 5.782684317542382407e-02 -2.281273190872402665e+02
2.130000000000000000e+03 3.059231811848091287e-02 4.688017807747773408e-02 5.597893375581888820e-02 -2.291541939596480972e+02
2.140000000000000000e+03 2.574501925446105385e-02 4.793323006971837719e-02 5.440956314223745205e-02 -2.301789049482424332e+02
2.150000000000000000e+03 2.097818301183630371e-02 4.879912466338525573e-02 5.311721689236656441e-02 -2.312020223285708767e+02
2.160000000000000000e+03 1.629712418106190122e-02 4.948127825812805719e-02 5.209599941100322845e-02 -2.322241881279015274e+02
2.170000000000000000e+03 1.170680795789508580e-02 4.998316551907658334e-02 5.133581778710106375e-02 -2.332460862953592482e+02
2.180000000000000000e+03 7.212064965194105864e-03 5.030833574091020388e-02 5.082265760546494232e-02 -2.342684054971466026e+02
2.190000000000000000e+03 2.817620265019295418e-03 5.046045962275733099e-02 5.053906379522448561e-02 -2.352917986224295248e+02
2.200000000000000000e+03 -1.471929553174956655e-03 5.044335357941888420e-02 5.046482435268928590e-02 -2.363168467924249398e+02
2.210000000000000000e+03 -5.652256114001533507e-03 5.026093375026695342e-02 5.057775657961700172e-02 -2.373440306425847837e+02
2.220000000000000000e+03 -9.719385798000163001e-03 4.991736655561284514e-02 5.085479273517672094e-02 -2.383737149561436013e+02
2.230000000000000000e+03 -1.366971762121290540e-02 4.941731093073224723e-02 5.127310990634727922e-02 -2.394061485382935643e+02
2.240000000000000000e+03 -1.750012281711461198e-02 4.876591473637510027e-02 5.181089401553983648e-02 -2.404414726011292203e+02
2.250000000000000000e+03 -2.120793355051137433e-02 4.796840659055063433e-02 5.244754023135200782e-02 -2.414797342710937755e+02
2.260000000000000000e+03 -2.479069203210573086e-02 4.702985588263688260e-02 5.316376355914153445e-02 -2.425209056528666451e+02
2.270000000000000000e+03 -2.824586891131868407e-02 4.595543507333613165e-02 5.394192361544971476e-02 -2.435649064870021050e+02
2.280000000000000000e+03 -3.157093648096950811e-02 4.475062664450207839e-02 5.476625434846745660e-02 -2.446116200652121790e+02
2.290000000000000000e+03 -3.476351132864529542e-02 4.342103722302949331e-02 5.562273090581370399e-02 -2.456609028504844900e+02
2.300000000000000000e+03 -3.782155610129073198e-02 4.197231158204123291e-02 5.649907119115352844e-02 -2.467125918364683059e+02
2.310000000000000000e+03 -4.074357462984553452e-02 4.041028917483396876e-02 5.738493133925922501e-02 -2.477665133916191564e+02
2.320000000000000000e+03 -4.352849100249654019e-02 3.874108729851877958e-02 5.827178883495748307e-02 -2.488224940891612960e+02
2.330000000000000000e+03 -4.617543551002136620e-02 3.697093006374121277e-02 5.915251908683337445e-02 -2.498803666880437220e+02
2.340000000000000000e+03 -4.868370849230637537e-02 3.510609906053007573e-02 6.002117679462486838e-02 -2.509399729026984289e+02
2.350000000000000000e+03 -5.105287011707814598e-02 3.315301641928479481e-02 6.087296645382593574e-02 -2.520011654671434655e+02
2.360000000000000000e+03 -5.328275006400359781e-02 3.111825765127029450e-02 6.170411180491878339e-02 -2.530638095892130650e+02
2.370000000000000000e+03 -5.537328374505397915e-02 2.900849918011587023e-02 6.251154755237661731e-02 -2.541277841634603760e+02
2.380000000000000000e+03 -5.732442578195564437e-02 2.683040025271303183e-02 6.329265493682283139e-02 -2.551929802922496719e+02
2.390000000000000000e+03 -5.913622677902199282e-02 2.459060052596039048e-02 6.404522583212024500e-02 -2.562592998076933668e+02
2.400000000000000000e+03 -6.080890334670950581e-02 2.229577412327790609e-02 6.476746305040585738e-02 -2.573266548917655427e+02
2.410000000000000000e+03 -6.234290610356334889e-02 1.995248332021077806e-02 6.545792184358593946e-02 -2.583949650457428220e+02
2.420000000000000000e+03 -6.373894856902506678e-02 1.756700875279460297e-02 6.611545478332267467e-02 -2.594641540655418908e+02
2.430000000000000000e+03 -6.499790988977394157e-02 1.514558852477187675e-02 6.673917246865497532e-02 -2.605341535218454965e+02
2.440000000000000000e+03 -6.612079167886776576e-02 1.269471287191037412e-02 6.732841025258561041e-02 -2.616049066025835828e+02
2.450000000000000000e+03 -6.710875146981702677e-02 1.022102863482166925e-02 6.788264837343571667e-02 -2.626763659401740370e+02
2.460000000000000000e+03 -6.796317686510534861e-02 7.731079485562042039e-03 6.840148389917918847e-02 -2.637484891016906658e+02
2.470000000000000000e+03 -6.868574513446364105e-02 5.231203215258012178e-03 6.888466499705010737e-02 -2.648212367002845440e+02
2.480000000000000000e+03 -6.927840519057329449e-02 2.727633683046585145e-03 6.933208067884695514e-02 -2.658945737760780048e+02
2.490000000000000000e+03 -6.974329864274782242e-02 2.265304300102165497e-04 6.974366653401031790e-02 -2.669684700879722072e+02
2.500000000000000000e+03 -7.008254780104439252e-02 -2.266129627948856515e-03 7.011917604889791877e-02 -2.680428981525966492e+02
2.510000000000000000e+03 -7.029816746359320023e-02 -4.744506385813223280e-03 7.045809172539670151e-02 -2.691178330539297576e+02
2.520000000000000000e+03 -7.039226418028816934e-02 -7.202990326062456809e-03 7.075983271648421391e-02 -2.701932505078789859e+02
2.530000000000000000e+03 -7.036725890391530569e-02 -9.636441060005855250e-03 7.102402496306171875e-02 -2.712691236640040984e+02
2.540000000000000000e+03 -7.022589682024626967e-02 -1.204007727168532500e-02 7.125054417277125463e-02 -2.723454250613726231e+02
2.550000000000000000e+03 -6.997112788188257493e-02 -1.440915639877978806e-02 7.143936257545459301e-02 -2.734221310849763995e+02
2.560000000000000000e+03 -6.960599511875951995e-02 -1.673878024371688519e-02 7.159037170262647076e-02 -2.744992241935626680e+02
2.570000000000000000e+03 -6.913363506992231677e-02 -1.902406784896710015e-02 7.170337966583789635e-02 -2.755766901836989291e+02
2.580000000000000000e+03 -6.855742497577746453e-02 -2.126067179031218557e-02 7.177838591306391625e-02 -2.766545116422045680e+02
2.590000000000000000e+03 -6.788087973526021890e-02 -2.344489298502795346e-02 7.181557519586036220e-02 -2.777326663838160812e+02
2.600000000000000000e+03 -6.710731597576323482e-02 -2.557317591727441275e-02 7.181489527923014260e-02 -2.788111326835726231e+02
2.610000000000000000e+03 -6.624000156988094079e-02 -2.764175401036957080e-02 7.177607103169977854e-02 -2.798898939500239180e+02
2.620000000000000000e+03 -6.528245275448800455e-02 -2.964683794764002428e-02 7.169890960074348785e-02 -2.809689374206513435e+02
2.630000000000000000e+03 -6.423851738752334173e-02 -3.158505880534381166e-02 7.158353900083569421e-02 -2.820482492392745826e+02
2.640000000000000000e+03 -6.311228987061894002e-02 -3.345372378145320541e-02 7.143047506183056172e-02 -2.831278113814707922e+02
2.650000000000000000e+03 -6.190780131422936317e-02 -3.525049210676135109e-02 7.124024885786786609e-02 -2.842076041739159109e+02
2.660000000000000000e+03 -6.062893273166344854e-02 -3.697297450485969444e-02 7.101315601997686133e-02 -2.852876103514026909e+02
2.670000000000000000e+03 -5.927978501257031435e-02 -3.861870732224276237e-02 7.074954039693545638e-02 -2.863678176051786295e+02
2.680000000000000000e+03 -5.786499336207810013e-02 -4.018548089300721243e-02 7.045019752559669723e-02 -2.874482173797535438e+02
2.690000000000000000e+03 -5.638943195510974504e-02 -4.167163185490423832e-02 7.011628154480685493e-02 -2.885287999971516228e+02
2.700000000000000000e+03 -5.485755280466365902e-02 -4.307593162362252648e-02 6.974874181631855741e-02 -2.896095507772875521e+02
2.710000000000000000e+03 -5.327337145239795235e-02 -4.439714587470040830e-02 6.934809779456532763e-02 -2.906904541891444751e+02
2.720000000000000000e+03 -5.164116669581843289e-02 -4.563393053720894710e-02 6.891491648387973457e-02 -2.917715006786870049e+02
2.730000000000000000e+03 -4.996565989680105263e-02 -4.678520614874089739e-02 6.845014743083448205e-02 -2.928526846553959899e+02
2.740000000000000000e+03 -4.825152766565368734e-02 -4.785038887619089132e-02 6.795490885632940459e-02 -2.939339979492983730e+02
2.750000000000000000e+03 -4.650318007910595602e-02 -4.882930337367992479e-02 6.743030939739655394e-02 -2.950154286042110812e+02
2.760000000000000000e+03 -4.472500930531285446e-02 -4.972188400097682370e-02 6.687744168228115793e-02 -2.960969664439898565e+02
2.770000000000000000e+03 -4.292160778077012961e-02 -5.052803186111443079e-02 6.629740883506732296e-02 -2.971786069521427294e+02
2.780000000000000000e+03 -4.109758594792087272e-02 -5.124777019230761926e-02 6.569128953240541136e-02 -2.982603478583072842e+02
2.790000000000000000e+03 -3.925728428574843526e-02 -5.188119497832010402e-02 6.505991670660621340e-02 -2.993421861454568784e+02
2.800000000000000000e+03 -3.740494733904396740e-02 -5.242853619120124015e-02 6.440404872823407567e-02 -3.004241191768771273e+02
2.810000000000000000e+03 -3.554473417244615602e-02 -5.289052755563303926e-02 6.372468934803086904e-02 -3.015061414931355444e+02
2.820000000000000000e+03 -3.368048374202345374e-02 -5.326817240512790597e-02 6.302279886262697473e-02 -3.025882440862760632e+02
2.830000000000000000e+03 -3.181607043605833712e-02 -5.356226703520704235e-02 6.229910744098227093e-02 -3.036704229243766235e+02
2.840000000000000000e+03 -2.995564069761787532e-02 -5.377369470237782639e-02 6.155445273535714579e-02 -3.047526797234373248e+02
2.850000000000000000e+03 -2.810316814237425256e-02 -5.390384944466800748e-02 6.078990906879196132e-02 -3.058350128543450523e+02
2.860000000000000000e+03 -2.626209697387222458e-02 -5.395439967093687561e-02 6.000645783010576800e-02 -3.069174141427598670e+02
2.870000000000000000e+03 -2.443553854006312587e-02 -5.392694659967619403e-02 5.920482339562578578e-02 -3.079998736707428293e+02
2.880000000000000000e+03 -2.262669215517992133e-02 -5.382305731022005851e-02 5.838568913787447329e-02 -3.090823854475577264e+02
2.890000000000000000e+03 -2.083893202651626933e-02 -5.364447554045639194e-02 5.754989873159108843e-02 -3.101649476245237906e+02
2.900000000000000000e+03 -1.907549784861001935e-02 -5.339321827915165936e-02 5.669841599531207782e-02 -3.112475574715376183e+02
2.910000000000000000e+03 -1.733924471575053541e-02 -5.307149229665850121e-02 5.583218338831973104e-02 -3.123302078532102541e+02
2.920000000000000000e+03 -1.563269857033219509e-02 -5.268158686118263462e-02 5.495207783881513042e-02 -3.134128883846612439e+02
2.930000000000000000e+03 -1.395825938897341141e-02 -5.222578926053030035e-02 5.405891294740568925e-02 -3.144955890224314885e+02
2.940000000000000000e+03 -1.231826109494131918e-02 -5.170638207444139267e-02 5.315345241497732715e-02 -3.155783009913304227e+02
2.950000000000000000e+03 -1.071488679848340599e-02 -5.112571174575664817e-02 5.223645470947002600e-02 -3.166610148653585952e+02
2.960000000000000000e+03 -9.150085982699791842e-03 -5.048622170590295888e-02 5.130869960960213194e-02 -3.177437187688445306e+02
2.970000000000000000e+03 -7.625650546876678801e-03 -4.979047051428415332e-02 5.037103830870354876e-02 -3.188263996214610074e+02
2.980000000000000000e+03 -6.143330854402305648e-03 -4.904115215234911007e-02 4.942443847345670549e-02 -3.199090454546569049e+02
2.990000000000000000e+03 -4.704798199429370206e-03 -4.824104207899384406e-02 4.846992126014450925e-02 -3.209916451339183254e+02
3.000000000000000000e+03 -3.311550357851628882e-03 -4.739301557948087662e-02 4.750857071612978044e-02 -3.220741865538667525e+02
3.010000000000000000e+03 -1.964809521735548948e-03 -4.650000947327843220e-02 4.654150145270011252e-02 -3.231566545522416618e+02
3.020000000000000000e+03 -6.655226784048810882e-04 -4.556484803827610952e-02 4.556970810951794376e-02 -3.242390307289402926e+02
3.030000000000000000e+03 5.854908282656316786e-04 -4.459024842271822747e-02 4.459409214133312760e-02 -3.253212959990015634e+02
3.040000000000000000e+03 1.787353024008050744e-03 -4.357903890692112203e-02 4.361567680184930823e-02 -3.264034346332620089e+02
3.050000000000000000e+03 2.939224645316488010e-03 -4.253428489442071664e-02 4.263571780790587767e-02 -3.274854329082693312e+02
3.060000000000000000e+03 4.040566963031888385e-03 -4.145912278775364113e-02 4.165555237555706308e-02 -3.285672734740030023e+02
3.070000000000000000e+03 5.091130027751851299e-03 -4.035646443646934145e-02 4.067633005534657814e-02 -3.296489346186255034e+02
3.080000000000000000e+03 6.090732911828063319e-03 -3.922893784447612636e-02 3.969894950510651638e-02 -3.307303943269269553e+02
3.090000000000000000e+03 7.039194616396855786e-03 -3.807912277293633296e-02 3.872427987715031800e-02 -3.318116321612005208e+02
3.100000000000000000e+03 7.936437507495707963e-03 -3.690982133247751318e-02 3.775343628208956831e-02 -3.328926281644498886e+02
3.110000000000000000e+03 8.782544563806180329e-03 -3.572394208328186216e-02 3.678767629227100433e-02 -3.339733616550539637e+02
3.120000000000000000e+03 9.577641333894701403e-03 -3.452425047261798580e-02 3.582813258065219858e-02 -3.350538130920152753e+02
3.130000000000000000e+03 1.032185619102012758e-02 -3.331340977865399067e-02 3.487583671123346829e-02 -3.361339652184522606e+02
3.140000000000000000e+03 1.101547972359232831e-02 -3.209399472762682060e-02 3.393177406381534672e-02 -3.372137987187123827e+02
3.150000000000000000e+03 1.165911356376329519e-02 -3.086831372975310656e-02 3.299678350402041049e-02 -3.382932857283604449e+02
3.160000000000000000e+03 1.225355090276532451e-02 -2.963841890078679556e-02 3.207156660759147987e-02 -3.393723916121833213e+02
3.170000000000000000e+03 1.279944986531946459e-02 -2.840634546441889174e-02 3.115680310138924103e-02 -3.404510860883142982e+02
3.180000000000000000e+03 1.329720203807766531e-02 -2.717424826160250856e-02 3.025318744570006102e-02 -3.415293496755668912e+02
3.190000000000000000e+03 1.374721174745634038e-02 -2.594435562050866409e-02 2.936146146554733521e-02 -3.426071663412939756e+02
3.200000000000000000e+03 1.415020371146680569e-02 -2.471889721873894719e-02 2.848248838824636586e-02 -3.436845138676630427e+02
3.210000000000000000e+03 1.450716537120197956e-02 -2.349995942660596665e-02 2.761713128041231799e-02 -3.447613629148108316e+02
3.220000000000000000e+03 1.481911101505555169e-02 -2.228937972920822311e-02 2.676606993918567712e-02 -3.458376813300835693e+02
3.230000000000000000e+03 1.508696289906743399e-02 -2.108878902930552690e-02 2.592977964118465747e-02 -3.469134374215453249e+02
3.240000000000000000e+03 1.531164628340866800e-02 -1.989967358791696825e-02 2.510863438767355071e-02 -3.479885973416998581e+02
3.250000000000000000e+03 1.549421712780380510e-02 -1.872345553358096409e-02 2.430305642345242934e-02 -3.490631222715461490e+02
3.260000000000000000e+03 1.563584171466394016e-02 -1.756153187551132838e-02 2.351354817845714706e-02 -3.501369699227407750e+02
3.270000000000000000e+03 1.573766189677026917e-02 -1.641520642057379964e-02 2.274055856409648926e-02 -3.512100970304587690e+02
3.280000000000000000e+03 1.580076899424398551e-02 -1.528576077650888390e-02 2.198451235133769277e-02 -3.522824621391199571e+02
3.290000000000000000e+03 1.582622704076129885e-02 -1.417447748010283552e-02 2.124582957146334966e-02 -3.533540260533642936e+02
3.300000000000000000e+03 1.581523209307096611e-02 -1.308252722358980644e-02 2.052496247776522051e-02 -3.544247433325885481e+02
3.310000000000000000e+03 1.576910625576758221e-02 -1.201094944282509076e-02 1.982240193881126475e-02 -3.554945613374173377e+02
3.320000000000000000e+03 1.568914302976474190e-02 -1.096068918835118797e-02 1.913859755812985855e-02 -3.565634260086077347e+02
3.330000000000000000e+03 1.557659187842536097e-02 -9.932673543009775535e-03 1.847398761120709609e-02 -3.576312855123862846e+02
3.340000000000000000e+03 1.543275130337711486e-02 -8.927748204600013254e-03 1.782903532995060505e-02 -3.586980852515793572e+02
3.350000000000000000e+03 1.525907878167423459e-02 -7.946572779774806194e-03 1.720428737872041827e-02 -3.597637598699665773e+02
3.360000000000000000e+03 1.505707458290123958e-02 -6.989652022149290926e-03 1.660032320124479183e-02 -3.608282377174490989e+02
3.370000000000000000e+03 1.482817872909518095e-02 -6.057453097671662394e-03 1.601772837990714585e-02 -3.618914500161768046e+02
3.380000000000000000e+03 1.457373459739257082e-02 -5.150445058612379730e-03 1.545706390026973555e-02 -3.629533352635451138e+02
3.390000000000000000e+03 1.429497862060342787e-02 -4.269087399376387398e-03 1.491883108648339555e-02 -3.640138402540459310e+02
3.400000000000000000e+03 1.399316089628666396e-02 -3.413867003991408015e-03 1.440357732614739976e-02 -3.650729217533898918e+02
3.410000000000000000e+03 1.366971562168584758e-02 -2.585271377501309389e-03 1.391203627342487911e-02 -3.661305457239491261e+02
3.420000000000000000e+03 1.332620757543095773e-02 -1.783573518278977347e-03 1.344503413303884017e-02 -3.671866782514936745e+02
3.430000000000000000e+03 1.296398183462873881e-02 -1.008846741923843200e-03 1.300317641029584415e-02 -3.682412920709800233e+02
3.440000000000000000e+03 1.258422834742317122e-02 -2.612520784912333274e-04 1.258693988817794103e-02 -3.692943866818939682e+02
3.450000000000000000e+03 1.218822752323320963e-02 4.589579667798825667e-04 1.219686568645282111e-02 -3.703459913269572326e+02
3.460000000000000000e+03 1.177732798965925275e-02 1.151553275151934912e-03 1.183349185665517715e-02 -3.713961620800700416e+02
3.470000000000000000e+03 1.135275263378383165e-02 1.816342694572160941e-03 1.149713412759942495e-02 -3.724449825168022699e+02
3.480000000000000000e+03 1.091560657598097776e-02 2.453122874577412082e-03 1.118786301128924833e-02 -3.734925668369089067e+02
3.490000000000000000e+03 1.046704924301573685e-02 3.061803836717707367e-03 1.090567570534974225e-02 -3.745390505569603192e+02
3.500000000000000000e+03 1.000822386144249038e-02 3.642453648993851205e-03 1.065044663128337891e-02 -3.755845848812023178e+02
3.510000000000000000e+03 9.540212373731118273e-03 4.195166021095894301e-03 1.042185540489071888e-02 -3.766293444857919326e+02
3.520000000000000000e+03 9.064122295150630476e-03 4.720045844177762386e-03 1.021944938597899727e-02 -3.776735282276848693e+02
3.530000000000000000e+03 8.581057909279347570e-03 5.217266804239135275e-03 1.004263051939188224e-02 -3.787173496835514470e+02
3.540000000000000000e+03 8.092027692759925714e-03 5.687080063567440981e-03 9.890591075856882200e-03 -3.797610264492853389e+02
3.550000000000000000e+03 7.597971011732288123e-03 6.129693798721593499e-03 9.762290180137554035e-03 -3.808047836741308743e+02
3.560000000000000000e+03 7.099836828934271912e-03 6.545229622763397773e-03 9.656485582870764917e-03 -3.818488541169730865e+02
3.570000000000000000e+03 6.598613386327217313e-03 6.933877519165549709e-03 9.571852280149653960e-03 -3.828934615352226842e+02
3.580000000000000000e+03 6.095288348447750609e-03 7.296010278725599367e-03 9.507066110950975618e-03 -3.839388060227131518e+02
3.590000000000000000e+03 5.590753239655721005e-03 7.632144158745208379e-03 9.460768797861490026e-03 -3.849850574768237266e+02
3.600000000000000000e+03 5.085767210074761992e-03 7.942803405540391215e-03 9.431497975090470665e-03 -3.860323581712943906e+02
3.610000000000000000e+03 4.580996414997838551e-03 8.228419587687219039e-03 9.417665159967079924e-03 -3.870808274903614006e+02
3.620000000000000000e+03 4.077116871807966517e-03 8.489360690514811611e-03 9.417649755647069382e-03 -3.881305659059271989e+02
3.630000000000000000e+03 3.574916632645389232e-03 8.726008908571187411e-03 9.429913064436403966e-03 -3.891816607555608130e+02
3.640000000000000000e+03 3.075290334511375252e-03 8.938823230650354973e-03 9.453040325226246335e-03 -3.902341862244528556e+02
3.650000000000000000e+03 2.579104816154128687e-03 9.128369943906323655e-03 9.485721874771669074e-03 -3.912881930277380889e+02
3.660000000000000000e+03 2.087119939656279562e-03 9.295257295156225327e-03 9.526692911271249231e-03 -3.923437058203308538e+02
3.670000000000000000e+03 1.600022885815279841e-03 9.440074054853229285e-03 9.574709990190081663e-03 -3.934007300462363332e+02
3.680000000000000000e+03 1.118472538767122191e-03 9.563402526745083676e-03 9.628584979555949303e-03 -3.944592575694420589e+02
3.690000000000000000e+03 6.431575093298736280e-04 9.665816904059470333e-03 9.687190924339686426e-03 -3.955192745027706565e+02
3.700000000000000000e+03 1.748490115158331606e-04 9.747872285052420344e-03 9.749440305090398967e-03 -3.965807682818338549e+02
3.710000000000000000e+03 -2.856459016300099177e-04 9.810214083412642505e-03 9.814371805852159861e-03 -3.976437240897994343e+02
3.720000000000000000e+03 -7.377261541705704790e-04 9.853557074740927624e-03 9.881134899581337991e-03 -3.987081034605252512e+02
3.730000000000000000e+03 -1.180945303225127817e-03 9.878442207813984202e-03 9.948781446103352466e-03 -3.997738500102745434e+02
3.740000000000000000e+03 -1.614735213778174154e-03 9.885373543324853240e-03 1.001638557073769066e-02 -4.008409171296477211e+02
3.750000000000000000e+03 -2.038491140737004430e-03 9.874978151089964726e-03 1.008318598536035379e-02 -4.019092625790476632e+02
3.760000000000000000e+03 -2.451652607242564303e-03 9.847913680538746689e-03 1.014849764083046273e-02 -4.029788414887762542e+02
3.770000000000000000e+03 -2.853695777976773124e-03 9.804807255795454715e-03 1.021165142944771911e-02 -4.040496067407649434e+02
3.780000000000000000e+03 -3.244137982998736465e-03 9.746272533602200888e-03 1.027201341276303900e-02 -4.051215091461608040e+02
3.790000000000000000e+03 -3.622516690870022319e-03 9.672906026508356486e-03 1.032897565943949672e-02 -4.061944996033185475e+02
3.800000000000000000e+03 -3.988389422863013872e-03 9.585271311908448097e-03 1.038193991079223479e-02 -4.072685286088848216e+02
3.810000000000000000e+03 -4.341365658818059810e-03 9.483917917608161025e-03 1.043034778190515995e-02 -4.083435440401656251e+02
3.820000000000000000e+03 -4.681103454180872425e-03 9.369425440885028808e-03 1.047372248252968069e-02 -4.094194936712955268e+02
3.830000000000000000e+03 -5.007272515055132336e-03 9.242418246349174207e-03 1.051166366853861604e-02 -4.104963297821029187e+02
3.840000000000000000e+03 -5.319555253086761734e-03 9.103532816662705460e-03 1.054381230080931285e-02 -4.115740081063255502e+02
3.850000000000000000e+03 -5.617697487022752477e-03 8.953381645813530965e-03 1.056984238062670320e-02 -4.126524820457489113e+02
3.860000000000000000e+03 -5.901523834670176390e-03 8.792547852041313755e-03 1.058947030316514416e-02 -4.137317012450581615e+02
3.870000000000000000e+03 -6.170872579790188939e-03 8.621614065288617929e-03 1.060244771205163389e-02 -4.148116183070732745e+02
3.880000000000000000e+03 -6.425551116761664405e-03 8.441193039124456760e-03 1.060855537186285689e-02 -4.158921937761580239e+02
3.890000000000000000e+03 -6.665392203350111074e-03 8.251908230149540557e-03 1.060761248647829232e-02 -4.169733906954651843e+02
3.900000000000000000e+03 -6.890310684485491909e-03 8.054360578326709430e-03 1.059948610331832609e-02 -4.180551685791115233e+02
3.910000000000000000e+03 -7.100287734891332948e-03 7.849133725357938102e-03 1.058409118237365124e-02 -4.191374850326763521e+02
3.920000000000000000e+03 -7.295334978520856030e-03 7.636824229060827120e-03 1.056139180006122023e-02 -4.202203002915728689e+02
3.930000000000000000e+03 -7.475489415311314945e-03 7.418048397104298232e-03 1.053139990790460598e-02 -4.213035781399800044e+02
3.940000000000000000e+03 -7.640807300900812407e-03 7.193415978277975867e-03 1.049414930549608972e-02 -4.223872846313808509e+02
3.950000000000000000e+03 -7.791361919402197724e-03 6.963522978300947831e-03 1.044968769047362536e-02 -4.234713875637236242e+02
3.960000000000000000e+03 -7.927269732682477865e-03 6.728972429612606505e-03 1.039810922106467958e-02 -4.245558561489910403e+02
3.970000000000000000e+03 -8.048698604747642552e-03 6.490366940709538061e-03 1.033955570878758445e-02 -4.256406601475816842e+02
3.980000000000000000e+03 -8.155848706001693135e-03 6.248301186908404928e-03 1.027419757633220125e-02 -4.267257706166777780e+02
3.990000000000000000e+03 -8.248937469988193785e-03 6.003393639278493954e-03 1.020224017419236670e-02 -4.278111632899191932e+02
4.000000000000000000e+03 -8.328188429477519777e-03 5.756292083706693145e-03 1.012391332785043084e-02 -4.288968198762623842e+02
4.010000000000000000e+03 -8.393830453088077168e-03 5.507637032777135296e-03 1.003944497270675348e-02 -4.299827252818770376e+02
4.020000000000000000e+03 -8.446115902190017705e-03 5.258041878169347760e-03 9.949064188445551349e-03 -4.310688648366445932e+02
4.030000000000000000e+03 -8.485346477961256892e-03 5.008097000388037241e-03 9.853026967198717789e-03 -4.321552231638660828e+02
4.040000000000000000e+03 -8.511888361152230090e-03 4.758378443538502540e-03 9.751636215766598323e-03 -4.332417843052792250e+02
4.050000000000000000e+03 -8.526132077790396155e-03 4.509446144223901339e-03 9.645207760104610589e-03 -4.343285338480772566e+02
4.060000000000000000e+03 -8.528441579761632252e-03 4.261842466841685162e-03 9.534024176158895081e-03 -4.354154612204919204e+02
4.070000000000000000e+03 -8.519151008022519261e-03 4.016097011142545810e-03 9.418331545470205735e-03 -4.365025599486644410e+02
4.080000000000000000e+03 -8.498586399521921436e-03 3.772733417817335753e-03 9.298359437667198454e-03 -4.375898270628145497e+02
4.090000000000000000e+03 -8.467088393410695732e-03 3.532272418067872784e-03 9.174341082457812199e-03 -4.386772624002622365e+02
4.100000000000000000e+03 -8.425038563249670140e-03 3.295221926090427522e-03 9.046533166602064441e-03 -4.397648667207180324e+02
4.110000000000000000e+03 -8.372862386649712260e-03 3.062053588503619878e-03 8.915211535608194224e-03 -4.408526394583141155e+02
4.120000000000000000e+03 -8.310991341639886731e-03 2.833184276918089897e-03 8.780632678104069444e-03 -4.419405782363668322e+02
4.130000000000000000e+03 -8.239835846076787665e-03 2.608979064881208464e-03 8.643012584237072179e-03 -4.430286797086380375e+02
4.140000000000000000e+03 -8.159790275933142753e-03 2.389765129533487093e-03 8.502538134083685584e-03 -4.441169403039724557e+02
4.150000000000000000e+03 -8.071246287956785823e-03 2.175851249953474932e-03 8.359386658289010008e-03 -4.452053576028111479e+02
4.160000000000000000e+03 -7.974610383472422251e-03 1.967538265551165271e-03 8.213745649494770193e-03 -4.462939309726799024e+02
4.170000000000000000e+03 -7.870316985475444768e-03 1.765102412510643213e-03 8.065821469541349306e-03 -4.473826594377794663e+02
4.180000000000000000e+03 -7.758820732035032024e-03 1.568768630764135483e-03 7.915828078522563205e-03 -4.484715387400104873e+02
4.190000000000000000e+03 -7.640580079269634374e-03 1.378706881779109524e-03 7.763974279555351833e-03 -4.495605609766940916e+02
4.200000000000000000e+03 -7.516055847567783103e-03 1.195053618265693807e-03 7.610469673698713050e-03 -4.632160875136021332e+02
