0.000000000000000000e+00 8.838918187113913305e-01 9.780636796664399918e-03
1.000000000000000000e+01 8.815960089103791475e-01 1.207651899940942637e-02
2.000000000000000000e+01 8.777954154491567351e-01 1.587718245435752046e-02
3.000000000000000000e+01 8.725640901530457016e-01 2.110860593522449064e-02
4.000000000000000000e+01 8.660010286828420112e-01 2.767174626928076836e-02
5.000000000000000000e+01 8.582259028226862929e-01 3.544689150522324639e-02
6.000000000000000000e+01 8.493740697996604583e-01 4.429870719449550964e-02
7.000000000000000000e+01 8.395911339033527154e-01 5.408158724385529748e-02
8.000000000000000000e+01 8.290276283190539663e-01 6.464497438160572707e-02
9.000000000000000000e+01 8.178341681387328865e-01 7.583839331266095662e-02
1.000000000000000000e+02 8.061565934296270886e-01 8.751595192126138123e-02
1.100000000000000000e+02 7.941323679162292093e-01 9.954013411771513165e-02
1.200000000000000000e+02 7.818875380848441248e-01 1.117848895720932323e-01
1.300000000000000000e+02 7.695344622495144948e-01 1.241378816017488645e-01
1.400000000000000000e+02 7.571702106621492900e-01 1.365020217826777293e-01
1.500000000000000000e+02 7.448757548505925419e-01 1.487963289343439965e-01
1.600000000000000000e+02 7.327157739175783613e-01 1.609561441708559915e-01
1.700000000000000000e+02 7.207389044417157331e-01 1.729328428206159673e-01
1.800000000000000000e+02 7.089784460975432356e-01 1.846931266707861619e-01
1.900000000000000000e+02 6.974534582822708995e-01 1.962179091099693073e-01
2.000000000000000000e+02 6.861701821636568832e-01 2.075009274699403938e-01
2.100000000000000000e+02 6.751236779188857229e-01 2.185471102508897423e-01
2.200000000000000000e+02 6.642997373150151263e-01 2.293707425370614950e-01
2.300000000000000000e+02 6.536767433165493468e-01 2.399935192909581627e-01
2.400000000000000000e+02 6.432276250263306849e-01 2.504425006980616764e-01
2.500000000000000000e+02 6.329219756996308233e-01 2.607480779326531994e-01
2.600000000000000000e+02 6.227280465661564346e-01 2.709419723105924716e-01
2.700000000000000000e+02 6.126146727606138764e-01 2.810553525018767984e-01
2.800000000000000000e+02 6.025529392310365884e-01 2.911171182675102997e-01
2.900000000000000000e+02 5.925177065799630549e-01 3.011523906927851546e-01
3.000000000000000000e+02 5.824888567799157979e-01 3.111812804585373238e-01
3.100000000000000000e+02 5.724522214420176836e-01 3.212179467007801881e-01
3.200000000000000000e+02 5.624002080165821926e-01 3.312699712902067439e-01
3.300000000000000000e+02 5.523321220255154040e-01 3.413380473924372271e-01
3.400000000000000000e+02 5.422541476247323411e-01 3.514159740079092487e-01
3.500000000000000000e+02 5.321790996536204243e-01 3.614909455989397946e-01
3.600000000000000000e+02 5.221258509111964541e-01 3.715441087533403186e-01
3.700000000000000000e+02 5.121185426734500279e-01 3.815513279297014226e-01
3.800000000000000000e+02 5.021856188700889456e-01 3.914841675350265726e-01
3.900000000000000000e+02 4.923586983272166262e-01 4.013110083187034216e-01
4.000000000000000000e+02 4.826713808933736360e-01 4.109982517349390907e-01
4.100000000000000000e+02 4.731579991203264113e-01 4.205115531436683374e-01
4.200000000000000000e+02 4.638523885920829981e-01 4.298170695248733630e-01
4.300000000000000000e+02 4.547867189010268429e-01 4.388826347528856364e-01
4.400000000000000000e+02 4.459904296992844297e-01 4.476788258605533533e-01
4.500000000000000000e+02 4.374893028216087498e-01 4.561798667349973857e-01
4.600000000000000000e+02 4.293047600028170319e-01 4.643643176315665477e-01
4.700000000000000000e+02 4.214533772271257250e-01 4.722155960762302596e-01
4.800000000000000000e+02 4.139466131653029013e-01 4.797222482770344687e-01
4.900000000000000000e+02 4.067907712444215895e-01 4.868779790225886694e-01
5.000000000000000000e+02 3.999871604644685830e-01 4.936814829196543575e-01
5.100000000000000000e+02 3.935324724556829579e-01 5.001360658257880676e-01
5.200000000000000000e+02 3.874193006959655294e-01 5.062491381775519050e-01
5.300000000000000000e+02 3.816367888169727718e-01 5.120315548118405946e-01
5.400000000000000000e+02 3.761713753775557390e-01 5.174968839776339369e-01
5.500000000000000000e+02 3.710075473563156367e-01 5.226606448263048099e-01
5.600000000000000000e+02 3.661286163862114695e-01 5.275395267092577445e-01
5.700000000000000000e+02 3.615174726257394666e-01 5.321506252907033385e-01
5.800000000000000000e+02 3.571572727699474648e-01 5.365107775818842573e-01
5.900000000000000000e+02 3.530320235296723341e-01 5.406359666141968834e-01
6.000000000000000000e+02 3.491270879899295854e-01 5.445408246673614228e-01
6.100000000000000000e+02 3.454295771351024169e-01 5.482382656326916237e-01
6.200000000000000000e+02 3.419285823712345795e-01 5.517392104562821586e-01
6.300000000000000000e+02 3.386152974816898364e-01 5.550524621050516583e-01
6.400000000000000000e+02 3.354830513278376780e-01 5.581847013399362512e-01
6.500000000000000000e+02 3.325272061367287590e-01 5.611405607149522190e-01
6.600000000000000000e+02 3.297449508506108407e-01 5.639228359531645030e-01
6.700000000000000000e+02 3.271350400305908512e-01 5.665327714081269672e-01
6.800000000000000000e+02 3.246974519952393612e-01 5.689703894758292302e-01
6.900000000000000000e+02 3.224329960830409902e-01 5.712348849122627081e-01
7.000000000000000000e+02 3.203428887487888566e-01 5.733250405753387291e-01
7.100000000000000000e+02 3.184283495877613945e-01 5.752396127174731477e-01
7.200000000000000000e+02 3.166901946705405479e-01 5.769777802622809704e-01
7.300000000000000000e+02 3.151284633824867343e-01 5.785395174756648995e-01
7.400000000000000000e+02 3.137420755015976614e-01 5.799259092042342578e-01
7.500000000000000000e+02 3.125285486210371277e-01 5.811394511538438001e-01
7.600000000000000000e+02 3.114837796562655026e-01 5.821842427279567689e-01
7.700000000000000000e+02 3.106018879436200364e-01 5.830661486281316641e-01
7.800000000000000000e+02 3.098751274700579650e-01 5.837929118174007836e-01
7.900000000000000000e+02 3.092938678741791181e-01 5.843741687378511962e-01
8.000000000000000000e+02 3.088466342833451339e-01 5.848214084346412545e-01
8.100000000000000000e+02 3.085201929946570498e-01 5.851478717117154504e-01
8.200000000000000000e+02 3.082997106295857215e-01 5.853683879776939714e-01
8.300000000000000000e+02 3.081689610279895741e-01 5.854991726258222950e-01
8.400000000000000000e+02 3.081105590640222935e-01 5.855576065081733450e-01
8.500000000000000000e+02 3.081062250428546201e-01 5.855619750124640976e-01
8.600000000000000000e+02 3.081370600689715133e-01 5.855311787907149235e-01
8.700000000000000000e+02 3.081838301011556869e-01 5.854844398379593917e-01
8.800000000000000000e+02 3.082272602098360959e-01 5.854410402340711750e-01
8.900000000000000000e+02 3.082483110781047420e-01 5.854200193733484214e-01
9.000000000000000000e+02 3.082284392183062827e-01 5.854399294904147899e-01
9.100000000000000000e+02 3.081498380341515242e-01 5.855185949290151459e-01
9.200000000000000000e+02 3.079956431950330864e-01 5.856728753690223499e-01
9.300000000000000000e+02 3.077501301709054116e-01 5.859184891680865315e-01
9.400000000000000000e+02 3.073988875410800237e-01 5.862698511292515624e-01
9.500000000000000000e+02 3.069289458907548673e-01 5.867399166085475182e-01
9.600000000000000000e+02 3.063288871684377024e-01 5.873401033137356508e-01
9.700000000000000000e+02 3.055889417739592884e-01 5.880801785563536388e-01
9.800000000000000000e+02 3.047010712799823051e-01 5.889681673527080719e-01
9.900000000000000000e+02 3.036590088875084636e-01 5.900103453713848589e-01
1.000000000000000000e+03 3.024582804353085908e-01 5.912111867936202803e-01
1.010000000000000000e+03 3.010962197842292909e-01 5.925733392053216253e-01
1.020000000000000000e+03 2.995719726538309535e-01 5.940976483765129101e-01
1.030000000000000000e+03 2.978864770211357427e-01 5.957831764296979138e-01
1.040000000000000000e+03 2.960424172496807782e-01 5.976272396852690960e-01
1.050000000000000000e+03 2.940441498825118183e-01 5.996254973402399546e-01
1.060000000000000000e+03 2.918976053607825749e-01 6.017720254416679682e-01
1.070000000000000000e+03 2.896101695834593648e-01 6.040594355753087230e-01
1.080000000000000000e+03 2.871905450239849444e-01 6.064790283568735063e-01
1.090000000000000000e+03 2.846485807669533741e-01 6.090209402559242369e-01
1.100000000000000000e+03 2.819950875623034037e-01 6.116743606274364087e-01
1.110000000000000000e+03 2.792416234969978261e-01 6.144277446556319910e-01
1.120000000000000000e+03 2.764002532703178083e-01 6.172690390027114615e-01
1.130000000000000000e+03 2.734832928421194742e-01 6.201859302739101132e-01
1.140000000000000000e+03 2.705030521593388415e-01 6.231661057158459638e-01
1.150000000000000000e+03 2.674715797622899682e-01 6.261975182250776317e-01
1.160000000000000000e+03 2.644004023551098093e-01 6.292686559898568177e-01
1.170000000000000000e+03 2.613002744700601010e-01 6.323687754451962073e-01
1.180000000000000000e+03 2.581809449624145048e-01 6.354881270184652431e-01
1.190000000000000000e+03 2.550509460491694469e-01 6.386181703454647529e-01
1.200000000000000000e+03 2.519174252681153914e-01 6.417517488968785822e-01
1.210000000000000000e+03 2.487860210465542288e-01 6.448832270405393530e-01
1.220000000000000000e+03 2.456607739283541980e-01 6.480085796062938774e-01
1.230000000000000000e+03 2.425440991141990521e-01 6.511253901616738116e-01
1.240000000000000000e+03 2.394368057608072808e-01 6.542328321003174629e-01
1.250000000000000000e+03 2.363381900153919690e-01 6.573316085374377726e-01
1.260000000000000000e+03 2.332461761835443459e-01 6.604237853490940724e-01
1.270000000000000000e+03 2.301575037687400294e-01 6.635126279971098606e-01
1.280000000000000000e+03 2.270679630018573869e-01 6.666023511401018009e-01
1.290000000000000000e+03 2.239726676541717310e-01 6.696978275670275593e-01
1.300000000000000000e+03 2.208663713940536844e-01 6.728043014708205982e-01
1.310000000000000000e+03 2.177437817816828269e-01 6.759270482989704343e-01
1.320000000000000000e+03 2.145998664706931791e-01 6.790710939639482691e-01
1.330000000000000000e+03 2.114301629972198393e-01 6.822409333089508587e-01
1.340000000000000000e+03 2.082310636143659133e-01 6.854401974654836804e-01
1.350000000000000000e+03 2.050000591702872965e-01 6.886713915355902049e-01
1.360000000000000000e+03 2.017359458958430107e-01 6.919357114362084671e-01
1.370000000000000000e+03 1.984389840355621215e-01 6.952328746911462520e-01
1.380000000000000000e+03 1.951110155428854298e-01 6.985610306637062283e-01
1.390000000000000000e+03 1.917555160748033449e-01 7.019167140228883550e-01
1.400000000000000000e+03 1.883775885093722235e-01 7.052948175260765895e-01
1.410000000000000000e+03 1.849838961605156651e-01 7.086886948691271115e-01
1.420000000000000000e+03 1.815825446049671721e-01 7.120902444358786498e-01
1.430000000000000000e+03 1.781829280876117694e-01 7.154900643637659430e-01
1.440000000000000000e+03 1.747955324693753476e-01 7.188776679658526181e-01
1.450000000000000000e+03 1.714317132006327460e-01 7.222416864397033232e-01
1.460000000000000000e+03 1.681034431407676666e-01 7.255701376750316456e-01
1.470000000000000000e+03 1.648230378262989515e-01 7.288507218637818585e-01
1.480000000000000000e+03 1.616028804158153309e-01 7.320710711467479648e-01
1.490000000000000000e+03 1.584551516288441042e-01 7.352190042664719094e-01
1.500000000000000000e+03 1.553915656600693418e-01 7.382827939070751855e-01
1.510000000000000000e+03 1.524231364574316905e-01 7.412514072635515427e-01
1.520000000000000000e+03 1.495599692093282640e-01 7.441147344386787044e-01
1.530000000000000000e+03 1.468110901175597172e-01 7.468637699144909936e-01
1.540000000000000000e+03 1.441842967987674584e-01 7.494907269207520262e-01
1.550000000000000000e+03 1.416860542653645694e-01 7.519891428455433013e-01
1.560000000000000000e+03 1.393214475833041421e-01 7.543539264690928281e-01
1.570000000000000000e+03 1.370941514149479901e-01 7.565814001396760080e-01
1.580000000000000000e+03 1.350064245886062053e-01 7.586692946507546109e-01
1.590000000000000000e+03 1.330591688699997166e-01 7.606167040650281264e-01
1.600000000000000000e+03 1.312519885718723689e-01 7.624240148939716022e-01
1.610000000000000000e+03 1.295832654530742756e-01 7.640928580492469813e-01
1.620000000000000000e+03 1.280502701723047476e-01 7.656259812711683210e-01
1.630000000000000000e+03 1.266492725071374781e-01 7.670271069889793569e-01
1.640000000000000000e+03 1.253756810242486752e-01 7.683008228211958279e-01
1.650000000000000000e+03 1.242241745471081571e-01 7.694524365625199369e-01
1.660000000000000000e+03 1.231888319277546634e-01 7.704878729893844813e-01
1.670000000000000000e+03 1.222632698836439991e-01 7.714135436540222601e-01
1.680000000000000000e+03 1.214407315710982899e-01 7.722361878589781847e-01
1.690000000000000000e+03 1.207142006353243563e-01 7.729628249394717709e-01
1.700000000000000000e+03 1.200765212659201664e-01 7.736006365762884140e-01
1.710000000000000000e+03 1.195204968038661025e-01 7.741568153784114115e-01
1.720000000000000000e+03 1.190389599015020117e-01 7.746385315925979898e-01
1.730000000000000000e+03 1.186248537900375932e-01 7.750528560128422395e-01
1.740000000000000000e+03 1.182713039842862857e-01 7.754066340797184376e-01
1.750000000000000000e+03 1.179716750176461604e-01 7.757065122156566739e-01
1.760000000000000000e+03 1.177196051724020281e-01 7.759588489492215135e-01
1.770000000000000000e+03 1.175090466288579438e-01 7.761696678929487225e-01
1.780000000000000000e+03 1.173343007550232964e-01 7.763446920492798053e-01
1.790000000000000000e+03 1.171900199791960501e-01 7.764892641538627682e-01
1.800000000000000000e+03 1.170712251961307238e-01 7.766083416370364034e-01
1.810000000000000000e+03 1.169733362430796092e-01 7.767065254379623696e-01
1.820000000000000000e+03 1.168921516966610341e-01 7.767880080627399542e-01
1.830000000000000000e+03 1.168238427063279516e-01 7.768566182910546791e-01
1.840000000000000000e+03 1.167649675774512508e-01 7.769158042932980957e-01
1.850000000000000000e+03 1.167124689856845754e-01 7.769686226208959434e-01
1.860000000000000000e+03 1.166636715633760091e-01 7.770177411867138506e-01
1.870000000000000000e+03 1.166162851771809922e-01 7.770654433354082791e-01
1.880000000000000000e+03 1.165684106056962682e-01 7.771136469533085345e-01
1.890000000000000000e+03 1.165185045015472987e-01 7.771638880055816712e-01
1.900000000000000000e+03 1.164653532759564875e-01 7.772173639273839418e-01
1.910000000000000000e+03 1.164080638774371290e-01 7.772749940724758000e-01
1.920000000000000000e+03 1.163460382966272494e-01 7.773373591954710893e-01
1.930000000000000000e+03 1.162789454602813355e-01 7.774047694758448035e-01
1.940000000000000000e+03 1.162066701923129969e-01 7.774773716200837903e-01
1.950000000000000000e+03 1.161292493317430813e-01 7.775550903844858919e-01
1.960000000000000000e+03 1.160468475659039295e-01 7.776377521689018524e-01
1.970000000000000000e+03 1.159597111097101230e-01 7.777251636896865827e-01
1.980000000000000000e+03 1.158681113988701272e-01 7.778170169813568569e-01
1.990000000000000000e+03 1.157723044683858782e-01 7.779130595017791361e-01
2.000000000000000000e+03 1.156724771323813655e-01 7.780131323279034783e-01
2.010000000000000000e+03 1.155687106893018151e-01 7.781171198087715180e-01
2.020000000000000000e+03 1.154609838449294906e-01 7.782250597209918741e-01
2.030000000000000000e+03 1.153491728928192211e-01 7.783371027437744338e-01
2.040000000000000000e+03 1.152330479456108725e-01 7.784534502723229332e-01
2.050000000000000000e+03 1.151122892357409611e-01 7.785744200128366099e-01
2.060000000000000000e+03 1.149864967657620585e-01 7.787004220142761390e-01
2.070000000000000000e+03 1.148552190343483936e-01 7.788319019588012537e-01
2.080000000000000000e+03 1.147180330949908456e-01 7.789692949166499014e-01
2.090000000000000000e+03 1.145746145191352122e-01 7.791129238320931849e-01
2.100000000000000000e+03 1.144247769322279812e-01 7.792629700061369791e-01
2.110000000000000000e+03 1.142685125874612767e-01 7.794194435448611458e-01
2.120000000000000000e+03 1.141060512603891686e-01 7.795821080106855039e-01
2.130000000000000000e+03 1.139379269955051871e-01 7.797504262075167780e-01
2.140000000000000000e+03 1.137650242913710585e-01 7.799235164629284567e-01
2.150000000000000000e+03 1.135885930356206747e-01 7.801001292706817303e-01
2.160000000000000000e+03 1.134102483322599331e-01 7.802786533443273331e-01
2.170000000000000000e+03 1.132319778173412339e-01 7.804571060517005998e-01
2.180000000000000000e+03 1.130561485866704019e-01 7.806331251319847953e-01
2.190000000000000000e+03 1.128854782196747758e-01 7.808039976778261559e-01
2.200000000000000000e+03 1.127229782926414542e-01 7.809667072558377221e-01
2.210000000000000000e+03 1.125718956658244702e-01 7.811179976162054839e-01
2.220000000000000000e+03 1.124356379290983587e-01 7.812544606445590567e-01
2.230000000000000000e+03 1.123176946728341730e-01 7.813726066369867107e-01
2.240000000000000000e+03 1.122215860279217603e-01 7.814689108876399226e-01
2.250000000000000000e+03 1.121507790329889925e-01 7.815399062807903974e-01
2.260000000000000000e+03 1.121085766967753056e-01 7.815822906233488299e-01
2.270000000000000000e+03 1.120980590933233073e-01 7.815929815711653017e-01
2.280000000000000000e+03 1.121220317933858540e-01 7.815691701410329983e-01
2.290000000000000000e+03 1.121829745213916291e-01 7.815083737250556606e-01
2.300000000000000000e+03 1.122829850125665746e-01 7.814084984071963946e-01
2.310000000000000000e+03 1.124237367465504567e-01 7.812678840895632693e-01
2.320000000000000000e+03 1.126064500469237811e-01 7.810853232031412796e-01
2.330000000000000000e+03 1.128318963605933201e-01 7.808600451106763041e-01
2.340000000000000000e+03 1.131004036904403875e-01 7.805917134881834585e-01
2.350000000000000000e+03 1.134118691609158763e-01 7.802804199859558754e-01
2.360000000000000000e+03 1.137657538904708054e-01 7.799266926342615092e-01
2.370000000000000000e+03 1.141611102307324571e-01 7.795314754280956437e-01
2.380000000000000000e+03 1.145966259306993862e-01 7.790960890755158630e-01
2.390000000000000000e+03 1.150706459370730572e-01 7.786222010696746132e-01
2.400000000000000000e+03 1.155812029102461364e-01 7.781117848146814620e-01
2.410000000000000000e+03 1.161260496847555945e-01 7.775670804613501463e-01
2.420000000000000000e+03 1.167026820585337077e-01 7.769905817954670946e-01
2.430000000000000000e+03 1.173083695353839828e-01 7.763850172388131465e-01
2.440000000000000000e+03 1.179401970267678484e-01 7.757533049876709219e-01
2.450000000000000000e+03 1.185950904907246140e-01 7.750985239128581616e-01
2.460000000000000000e+03 1.192698349735405033e-01 7.744238935467318008e-01
2.470000000000000000e+03 1.199610815479876108e-01 7.737327621826241009e-01
2.480000000000000000e+03 1.206653533488081520e-01 7.730285994858610010e-01
2.490000000000000000e+03 1.213790873168155704e-01 7.723149608053179183e-01
2.500000000000000000e+03 1.220986953733329966e-01 7.715954349452374128e-01
2.510000000000000000e+03 1.228205999800182913e-01 7.708736092439011367e-01
2.520000000000000000e+03 1.235412294081012496e-01 7.701530645521096341e-01
2.530000000000000000e+03 1.242570351146577712e-01 7.694373483733909502e-01
2.540000000000000000e+03 1.249645367541265539e-01 7.687299339919095864e-01
2.550000000000000000e+03 1.256603541311427652e-01 7.680342002314254346e-01
2.560000000000000000e+03 1.263412381637564474e-01 7.673534025938254510e-01
2.570000000000000000e+03 1.270041218356326163e-01 7.666906131324110474e-01
2.580000000000000000e+03 1.276461565673100707e-01 7.660486769323844314e-01
2.590000000000000000e+03 1.282647348510541629e-01 7.654301932329372615e-01
2.600000000000000000e+03 1.288575267177039241e-01 7.648374894330599583e-01
2.610000000000000000e+03 1.294225183742025720e-01 7.642725808383679098e-01
2.620000000000000000e+03 1.299580322399919163e-01 7.637371410080753265e-01
2.630000000000000000e+03 1.304627297005686304e-01 7.632325064099733103e-01
2.640000000000000000e+03 1.309356096933962099e-01 7.627596877512263784e-01
2.650000000000000000e+03 1.313760049581371436e-01 7.623193636324775424e-01
2.660000000000000000e+03 1.317835654205503360e-01 7.619118871357083433e-01
2.670000000000000000e+03 1.321582222291694253e-01 7.615373220049197478e-01
2.680000000000000000e+03 1.325001404071458333e-01 7.611954941100120831e-01
2.690000000000000000e+03 1.328096627055938284e-01 7.608860548968490178e-01
2.700000000000000000e+03 1.330872455070391258e-01 7.606085480747634131e-01
2.710000000000000000e+03 1.333334084978285705e-01 7.603624569770265351e-01
2.720000000000000000e+03 1.335486858233748964e-01 7.601472524970701583e-01
2.730000000000000000e+03 1.337335515508511485e-01 7.599624647618204998e-01
2.740000000000000000e+03 1.338883474035076626e-01 7.598077524928196214e-01
2.750000000000000000e+03 1.340132339431861219e-01 7.596829503829118924e-01
2.760000000000000000e+03 1.341081655702860975e-01 7.595880972576141144e-01
2.770000000000000000e+03 1.341728844356266381e-01 7.595234497041329913e-01
2.780000000000000000e+03 1.342069131272072280e-01 7.594894892050386703e-01
2.790000000000000000e+03 1.342095487697437250e-01 7.594869230331590115e-01
2.800000000000000000e+03 1.341798726723769652e-01 7.595166708772767006e-01
2.810000000000000000e+03 1.341167765474303997e-01 7.595798430616259589e-01
2.820000000000000000e+03 1.340190145065553728e-01 7.596776868263428462e-01
2.830000000000000000e+03 1.338852834931972824e-01 7.598114972899695507e-01
2.840000000000000000e+03 1.337143019006256095e-01 7.599825473201501369e-01
2.850000000000000000e+03 1.335048497014885427e-01 7.601920571659930292e-01
2.860000000000000000e+03 1.332558034740161379e-01 7.604411533054886707e-01
2.870000000000000000e+03 1.329662022440410984e-01 7.607307939322509593e-01
2.880000000000000000e+03 1.326353342823930470e-01 7.610616867187323109e-01
2.890000000000000000e+03 1.322628126858249598e-01 7.614342213642708579e-01
2.900000000000000000e+03 1.318486036806700845e-01 7.618484343913021206e-01
2.910000000000000000e+03 1.313930504934192611e-01 7.623039830389212179e-01
2.920000000000000000e+03 1.308969359102458430e-01 7.628000878813819829e-01
2.930000000000000000e+03 1.303615196165476553e-01 7.633354935014302622e-01
2.940000000000000000e+03 1.297885164065272212e-01 7.639084840645022911e-01
2.950000000000000000e+03 1.291800618149228641e-01 7.645169192796036350e-01
2.960000000000000000e+03 1.285386921180705355e-01 7.651582631187849870e-01
2.970000000000000000e+03 1.278673225619589293e-01 7.658296050269595145e-01
2.980000000000000000e+03 1.271692057228482053e-01 7.665276959380307176e-01
2.990000000000000000e+03 1.264478761285687536e-01 7.672490022983293745e-01
3.000000000000000000e+03 1.257070935080341623e-01 7.679897594547738793e-01
3.010000000000000000e+03 1.249507720508803016e-01 7.687460469628856208e-01
3.020000000000000000e+03 1.241828877651116880e-01 7.695138873209675934e-01
3.030000000000000000e+03 1.234074128741258769e-01 7.702893132252377484e-01
3.040000000000000000e+03 1.226282774738896575e-01 7.710684016770383842e-01
3.050000000000000000e+03 1.218493194830890525e-01 7.718473182026995838e-01
3.060000000000000000e+03 1.210742313054582603e-01 7.726223712530183585e-01
3.070000000000000000e+03 1.203065170122719074e-01 7.733900552586667754e-01
3.080000000000000000e+03 1.195494588328886720e-01 7.741470833405312835e-01
3.090000000000000000e+03 1.188060910720066393e-01 7.748904171889823278e-01
3.100000000000000000e+03 1.180791805429193264e-01 7.756172901396750641e-01
3.110000000000000000e+03 1.173712162153921074e-01 7.763252167175220819e-01
3.120000000000000000e+03 1.166844079918761545e-01 7.770119896050772246e-01
3.130000000000000000e+03 1.160207025167156597e-01 7.776756594808921230e-01
3.140000000000000000e+03 1.153817847579868827e-01 7.783145399963355970e-01
3.150000000000000000e+03 1.147690644551108280e-01 7.789272256390739058e-01
3.160000000000000000e+03 1.141836640739621600e-01 7.795125976122293521e-01
3.170000000000000000e+03 1.136264121617686224e-01 7.800698258904126270e-01
3.180000000000000000e+03 1.130978503291158871e-01 7.805983644974074931e-01
3.190000000000000000e+03 1.125982345949389091e-01 7.810979531380856100e-01
3.200000000000000000e+03 1.121275165603010937e-01 7.815686368694190200e-01
3.210000000000000000e+03 1.116853441670469654e-01 7.820107680459601474e-01
3.220000000000000000e+03 1.112710796378283545e-01 7.824249881072282697e-01
3.230000000000000000e+03 1.108838152781111974e-01 7.828122060030733298e-01
3.240000000000000000e+03 1.105223896950685014e-01 7.831735823434431421e-01
3.250000000000000000e+03 1.101854077947908295e-01 7.835105126719520419e-01
3.260000000000000000e+03 1.098712809238980292e-01 7.838245866356626790e-01
3.270000000000000000e+03 1.095782682641010530e-01 7.841175456497003760e-01
3.280000000000000000e+03 1.093045061365454235e-01 7.843912518581721560e-01
3.290000000000000000e+03 1.090480539206000743e-01 7.846476465052242277e-01
3.300000000000000000e+03 1.088069439453226289e-01 7.848886998299798856e-01
3.310000000000000000e+03 1.085792210265435070e-01 7.851163665702859396e-01
3.320000000000000000e+03 1.083629760615445609e-01 7.853325527497606595e-01
3.330000000000000000e+03 1.081563776118293491e-01 7.855390898477162542e-01
3.340000000000000000e+03 1.079576976652142639e-01 7.857377071518329981e-01
3.350000000000000000e+03 1.077653338348430051e-01 7.859300085079392595e-01
3.360000000000000000e+03 1.075778288023279267e-01 7.861174511199133796e-01
3.370000000000000000e+03 1.073938932376041627e-01 7.863013219621461936e-01
3.380000000000000000e+03 1.072124183274329456e-01 7.864827281223013555e-01
3.390000000000000000e+03 1.070324755339146366e-01 7.866625980651331673e-01
3.400000000000000000e+03 1.068533099587219287e-01 7.868416888983471580e-01
3.410000000000000000e+03 1.066743220198025921e-01 7.870206053318568040e-01
3.420000000000000000e+03 1.064950546565971434e-01 7.871998064122838201e-01
3.430000000000000000e+03 1.063151695111481942e-01 7.873796284223850694e-01
3.440000000000000000e+03 1.061344076476704312e-01 7.875603286026526817e-01
3.450000000000000000e+03 1.059525644433669256e-01 7.877421100549458766e-01
3.460000000000000000e+03 1.057694799537195196e-01 7.879251304974875803e-01
3.470000000000000000e+03 1.055850148229766500e-01 7.881095280070845588e-01
3.480000000000000000e+03 1.053990116935125815e-01 7.882954602736875760e-01
3.490000000000000000e+03 1.052112459425523228e-01 7.884831523472807246e-01
3.500000000000000000e+03 1.050213814606474061e-01 7.886729413386747156e-01
3.510000000000000000e+03 1.048289430965339691e-01 7.888653028074577023e-01
3.520000000000000000e+03 1.046332997471478149e-01 7.890608659021409732e-01
3.530000000000000000e+03 1.044336685692919126e-01 7.892604120920990729e-01
3.540000000000000000e+03 1.042291436698541407e-01 7.894648474008041372e-01
3.550000000000000000e+03 1.040186985207274817e-01 7.896751982843369655e-01
3.560000000000000000e+03 1.038011873713572952e-01 7.898926102031756935e-01
3.570000000000000000e+03 1.035753870217192146e-01 7.901183090418815169e-01
3.580000000000000000e+03 1.033400398639510442e-01 7.903535549040511254e-01
3.590000000000000000e+03 1.030939101512294148e-01 7.905995819368603073e-01
3.600000000000000000e+03 1.028358637445477702e-01 7.908575220905766923e-01
3.610000000000000000e+03 1.025649408749853553e-01 7.911283355265820161e-01
3.620000000000000000e+03 1.022804087298234132e-01 7.914127560747361567e-01
3.630000000000000000e+03 1.019818094741342246e-01 7.917112410473320372e-01
3.640000000000000000e+03 1.016690112464977147e-01 7.920239199149980980e-01
3.650000000000000000e+03 1.013422510357940148e-01 7.923505546198097438e-01
3.660000000000000000e+03 1.010021696463832414e-01 7.926905065822639207e-01
3.670000000000000000e+03 1.006498568517008724e-01 7.930426869773823384e-01
3.680000000000000000e+03 1.002868860597381645e-01 7.934055222181431999e-01
3.690000000000000000e+03 9.991529747481195378e-02 7.937769735551395422e-01
3.700000000000000000e+03 9.953755321232532483e-02 7.941545813808319476e-01
3.710000000000000000e+03 9.915651519270259062e-02 7.945354842437061249e-01
3.720000000000000000e+03 9.877542465745060840e-02 7.949164393653895822e-01
3.730000000000000000e+03 9.839785399094409801e-02 7.952938717967853455e-01
3.740000000000000000e+03 9.802763707609733757e-02 7.956639469454503955e-01
3.750000000000000000e+03 9.766879657665604453e-02 7.960226424439337256e-01
3.760000000000000000e+03 9.732546867958627446e-02 7.963658219137954575e-01
3.770000000000000000e+03 9.700181511070493645e-02 7.966893233012007913e-01
3.780000000000000000e+03 9.670192329902584094e-02 7.969890605582430343e-01
3.790000000000000000e+03 9.642972752059018882e-02 7.972611013974262306e-01
3.800000000000000000e+03 9.618895564255913744e-02 7.975017183965511514e-01
3.810000000000000000e+03 9.598304646289905484e-02 7.977074724012543916e-01
3.820000000000000000e+03 9.581506884968624127e-02 7.978752932188689639e-01
3.830000000000000000e+03 9.568766584831293887e-02 7.980025388168408007e-01
3.840000000000000000e+03 9.560301801571495506e-02 7.980870301160105651e-01
3.850000000000000000e+03 9.556283254651898318e-02 7.981270616074190860e-01
3.860000000000000000e+03 9.556834108770916048e-02 7.981214024031486609e-01
3.870000000000000000e+03 9.562030386543460270e-02 7.980692905662719605e-01
3.880000000000000000e+03 9.571903275570636804e-02 7.979704122893742646e-01
3.890000000000000000e+03 9.586443608520704707e-02 7.978248591337503415e-01
3.900000000000000000e+03 9.605607146122017992e-02 7.976330742261169560e-01
3.910000000000000000e+03 9.629318368396427852e-02 7.973958123756118566e-01
3.920000000000000000e+03 9.657473198839548745e-02 7.971141135920715159e-01
3.930000000000000000e+03 9.689942921937645670e-02 7.967892653691840410e-01
3.940000000000000000e+03 9.726579127721465823e-02 7.964227533121133185e-01
3.950000000000000000e+03 9.767217198172890857e-02 7.960162238776307131e-01
3.960000000000000000e+03 9.811679425158781331e-02 7.955714532428346253e-01
3.970000000000000000e+03 9.859776816907693531e-02 7.950903308786819723e-01
3.980000000000000000e+03 9.911309886462157936e-02 7.945748512852128798e-01
3.990000000000000000e+03 9.966068544538345120e-02 7.940271155944901293e-01
4.000000000000000000e+03 1.002383160985628185e-01 7.934493368311829053e-01
4.010000000000000000e+03 1.008436683557486224e-01 7.928438363100811515e-01
4.020000000000000000e+03 1.014743147632480996e-01 7.922130399635747278e-01
4.030000000000000000e+03 1.021277268553604650e-01 7.915594772057821249e-01
4.040000000000000000e+03 1.028012829734814698e-01 7.908857710875095703e-01
4.050000000000000000e+03 1.034922843713952378e-01 7.901946209049508507e-01
4.060000000000000000e+03 1.041979706935104860e-01 7.894887871793572209e-01
4.070000000000000000e+03 1.049155372862239366e-01 7.887710743588479678e-01
4.080000000000000000e+03 1.056421602161786294e-01 7.880443067849626226e-01
4.090000000000000000e+03 1.063750177002752983e-01 7.873113077640043755e-01
4.100000000000000000e+03 1.071113104643876962e-01 7.865748777275097803e-01
4.110000000000000000e+03 1.078482895439896866e-01 7.858377653849153432e-01
4.120000000000000000e+03 1.085832869473779827e-01 7.851026378161165553e-01
4.130000000000000000e+03 1.093137336065501397e-01 7.843720630317678744e-01
4.140000000000000000e+03 1.100371742565248445e-01 7.836484961116122472e-01
4.150000000000000000e+03 1.107512811613587389e-01 7.829342645238621667e-01
4.160000000000000000e+03 1.114538715302891281e-01 7.822315502180688940e-01
4.170000000000000000e+03 1.121429223035586148e-01 7.815423764053429645e-01
4.180000000000000000e+03 1.128165658503768320e-01 7.808686111465499291e-01
4.190000000000000000e+03 1.134730868850017810e-01 7.802119698068320508e-01
4.200000000000000000e+03 1.141109296419389740e-01 7.795740086942850589e-01
