0.000000000000000000e+00 8.823007899466446258e-01 8.704398540639859613e-03
1.000000000000000000e+01 8.814128613599316875e-01 9.594955995408317034e-03
2.000000000000000000e+01 8.787369672162413936e-01 1.227108339422512684e-02
3.000000000000000000e+01 8.743220340277638725e-01 1.668615618452769928e-02
4.000000000000000000e+01 8.682515116036539915e-01 2.275672492529494384e-02
5.000000000000000000e+01 8.606374618176265701e-01 3.037078040171981713e-02
6.000000000000000000e+01 8.516160155170039436e-01 3.939222060096118916e-02
7.000000000000000000e+01 8.413422737369927740e-01 4.966596745531808715e-02
8.000000000000000000e+01 8.299845603977351605e-01 6.102367355532048454e-02
9.000000000000000000e+01 8.177187834931423094e-01 7.328943062151671572e-02
1.000000000000000000e+02 8.047228890272339896e-01 8.628529592715107610e-02
1.100000000000000000e+02 7.911717556607337221e-01 9.983642093350550417e-02
1.200000000000000000e+02 7.772326498555865992e-01 1.137755371780783675e-01
1.300000000000000000e+02 7.630614385858959237e-01 1.279467643386710263e-01
1.400000000000000000e+02 7.487996311919929981e-01 1.422085880643201294e-01
1.500000000000000000e+02 7.345721673757876768e-01 1.564360736854172873e-01
1.600000000000000000e+02 7.204860379873436749e-01 1.705222331400050584e-01
1.700000000000000000e+02 7.066295375278891511e-01 1.843787435429241617e-01
1.800000000000000000e+02 6.930722309787958890e-01 1.979360605451760124e-01
1.900000000000000000e+02 6.798654637856518246e-01 2.111428135908473835e-01
2.000000000000000000e+02 6.670433467914468340e-01 2.239649085952987173e-01
2.100000000000000000e+02 6.546241467891725785e-01 2.363840845704436311e-01
2.200000000000000000e+02 6.426119564574881426e-01 2.483962449292239083e-01
2.300000000000000000e+02 6.309986081633465194e-01 2.600095678890393947e-01
2.400000000000000000e+02 6.197657848081919996e-01 2.712423652237616056e-01
2.500000000000000000e+02 6.088871610371623389e-01 2.821209870627155447e-01
2.600000000000000000e+02 5.983305556055420471e-01 2.926776153824398596e-01
2.700000000000000000e+02 5.880600377701576953e-01 3.029481677921128102e-01
2.800000000000000000e+02 5.780379235174640806e-01 3.129703185358137518e-01
2.900000000000000000e+02 5.682266108763739387e-01 3.227816811438525280e-01
3.000000000000000000e+02 5.585901855285907436e-01 3.324181590850761037e-01
3.100000000000000000e+02 5.490957499988833312e-01 3.419126449827096792e-01
3.200000000000000000e+02 5.397145075323175334e-01 3.512939439264655128e-01
3.300000000000000000e+02 5.304225899242660525e-01 3.605859222981320222e-01
3.400000000000000000e+02 5.212015788828797680e-01 3.698069890755130706e-01
3.500000000000000000e+02 5.120387731052906677e-01 3.789698447362876421e-01
3.600000000000000000e+02 5.029272035921268369e-01 3.880814527750022780e-01
3.700000000000000000e+02 4.938654641989358995e-01 3.971432219908225814e-01
3.800000000000000000e+02 4.848573049849408401e-01 4.061513930369552994e-01
3.900000000000000000e+02 4.759110818040843682e-01 4.150976210446201686e-01
4.000000000000000000e+02 4.670391068243495147e-01 4.239695927762211491e-01
4.100000000000000000e+02 4.582568931480274221e-01 4.327517982745505698e-01
4.200000000000000000e+02 4.495823292697094797e-01 4.414263512718539229e-01
4.300000000000000000e+02 4.410348423860939171e-01 4.499738269303559246e-01
4.400000000000000000e+02 4.326345642474074271e-01 4.583740965810457202e-01
4.500000000000000000e+02 4.244015582950583787e-01 4.666070946822669097e-01
4.600000000000000000e+02 4.163551058844284780e-01 4.746535383832673483e-01
4.700000000000000000e+02 4.085130900732985570e-01 4.824955418473291791e-01
4.800000000000000000e+02 4.008914960920014203e-01 4.901171188154387348e-01
4.900000000000000000e+02 3.935040321865985735e-01 4.975045596812533999e-01
5.000000000000000000e+02 3.863618841847645813e-01 5.046466803404394685e-01
5.100000000000000000e+02 3.794736126400175547e-01 5.115349221302957217e-01
5.200000000000000000e+02 3.728451617919615879e-01 5.181633489872015108e-01
5.300000000000000000e+02 3.664799768407133174e-01 5.245285222581927975e-01
5.400000000000000000e+02 3.603791978227191550e-01 5.306293050534331979e-01
5.500000000000000000e+02 3.545419278765628568e-01 5.364666000877945651e-01
5.600000000000000000e+02 3.489655507269681656e-01 5.420430214504583510e-01
5.700000000000000000e+02 3.436460791317452190e-01 5.473625495633571703e-01
5.800000000000000000e+02 3.385784949426679513e-01 5.524302027897286527e-01
5.900000000000000000e+02 3.337570810898808915e-01 5.572516907859317303e-01
6.000000000000000000e+02 3.291757415933314612e-01 5.618330982252741634e-01
6.100000000000000000e+02 3.248282578831178657e-01 5.661806503940784996e-01
6.200000000000000000e+02 3.207085079230208580e-01 5.703004618690703520e-01
6.300000000000000000e+02 3.168106423305305230e-01 5.741983760178061003e-01
6.400000000000000000e+02 3.131292081222270540e-01 5.778798547493300131e-01
6.500000000000000000e+02 3.096592089500894152e-01 5.813498952870632674e-01
6.600000000000000000e+02 3.063961345682599813e-01 5.846130129273514608e-01
6.700000000000000000e+02 3.033359312388962392e-01 5.876732723952656778e-01
6.800000000000000000e+02 3.004749299752584313e-01 5.905343427951199597e-01
6.900000000000000000e+02 2.978097511887148330e-01 5.931996050116339347e-01
7.000000000000000000e+02 2.953371859724513993e-01 5.956722676820929152e-01
7.100000000000000000e+02 2.930540446857535231e-01 5.979555133675249490e-01
7.200000000000000000e+02 2.909570116034364551e-01 6.000526481722257000e-01
7.300000000000000000e+02 2.890425071641977706e-01 6.019672545987010404e-01
7.400000000000000000e+02 2.873065406471667083e-01 6.037033243187629461e-01
7.500000000000000000e+02 2.857445821365138805e-01 6.052653812083266249e-01
7.600000000000000000e+02 2.843514658046770172e-01 6.066585914526565482e-01
7.700000000000000000e+02 2.831213057981711856e-01 6.078888444175531980e-01
7.800000000000000000e+02 2.820474428914139797e-01 6.089627968977729955e-01
7.900000000000000000e+02 2.811224331385853148e-01 6.098878965918868023e-01
8.000000000000000000e+02 2.803380459545649073e-01 6.106723726769237581e-01
8.100000000000000000e+02 2.796852831619808244e-01 6.113252170725920198e-01
8.200000000000000000e+02 2.791544419726372239e-01 6.118561346437615400e-01
8.300000000000000000e+02 2.787351781330049127e-01 6.122754797092599954e-01
8.400000000000000000e+02 2.784165785610910882e-01 6.125941698995412965e-01
8.500000000000000000e+02 2.781872541768667384e-01 6.128235902670818858e-01
8.600000000000000000e+02 2.780354321225642633e-01 6.129755093281621381e-01
8.700000000000000000e+02 2.779490489360018635e-01 6.130619860546197009e-01
8.800000000000000000e+02 2.779158596935774606e-01 6.130952598040124712e-01
8.900000000000000000e+02 2.779235321595245889e-01 6.130876643534954873e-01
9.000000000000000000e+02 2.779597270215845017e-01 6.130515419140657452e-01
9.100000000000000000e+02 2.780121759765014633e-01 6.129991640508090089e-01
9.200000000000000000e+02 2.780687434117387058e-01 6.129426790741835385e-01
9.300000000000000000e+02 2.781174730292930719e-01 6.128940427581824890e-01
9.400000000000000000e+02 2.781466505070647743e-01 6.128649663091878530e-01
9.500000000000000000e+02 2.781448372160067462e-01 6.128669003160620576e-01
9.600000000000000000e+02 2.781009035155231901e-01 6.129109699431418701e-01
9.700000000000000000e+02 2.780040664128717864e-01 6.130079446168031909e-01
9.800000000000000000e+02 2.778439199315898556e-01 6.131682348450285813e-01
9.900000000000000000e+02 2.776104722465080887e-01 6.134018333030966108e-01
1.000000000000000000e+03 2.772941956826023846e-01 6.137182675460111092e-01
1.010000000000000000e+03 2.768860521921099882e-01 6.141265781190003992e-01
1.020000000000000000e+03 2.763775455157487793e-01 6.146352539429033035e-01
1.030000000000000000e+03 2.757607821157764816e-01 6.152521801774861743e-01
1.040000000000000000e+03 2.750285383806883033e-01 6.159845705598429033e-01
1.050000000000000000e+03 2.741743471426049128e-01 6.168388901827113191e-01
1.060000000000000000e+03 2.731925795523086342e-01 6.178207839428115911e-01
1.070000000000000000e+03 2.720784975917177051e-01 6.189349953246656710e-01
1.080000000000000000e+03 2.708283260850696816e-01 6.201853020363085056e-01
1.090000000000000000e+03 2.694393089024471055e-01 6.215744636356980157e-01
1.100000000000000000e+03 2.679097655714952064e-01 6.231041440156015465e-01
1.110000000000000000e+03 2.662391455161505771e-01 6.247748927339550340e-01
1.120000000000000000e+03 2.644280456370988741e-01 6.265861234295021509e-01
1.130000000000000000e+03 2.624782118616020288e-01 6.285360900375909221e-01
1.140000000000000000e+03 2.603925289018694245e-01 6.306219121969611763e-01
1.150000000000000000e+03 2.581749728881005401e-01 6.328396120529820035e-01
1.160000000000000000e+03 2.558305622878344066e-01 6.351841580762859207e-01
1.170000000000000000e+03 2.533652987472889695e-01 6.376495554138698063e-01
1.180000000000000000e+03 2.507860761829056040e-01 6.402289128696130316e-01
1.190000000000000000e+03 2.481005748992207716e-01 6.429145440395045430e-01
1.200000000000000000e+03 2.453171445756342217e-01 6.456981024228396482e-01
1.210000000000000000e+03 2.424446705571572103e-01 6.485707034900380918e-01
1.220000000000000000e+03 2.394924636054373834e-01 6.515230349775344987e-01
1.230000000000000000e+03 2.364701404768313198e-01 6.545454834005779432e-01
1.240000000000000000e+03 2.333874929370579054e-01 6.576282605073873189e-01
1.250000000000000000e+03 2.302543721799089338e-01 6.607615152005400505e-01
1.260000000000000000e+03 2.270805740959074559e-01 6.639354502682360826e-01
1.270000000000000000e+03 2.238757405855918980e-01 6.671404197980917994e-01
1.280000000000000000e+03 2.206492888170734634e-01 6.703670049472252312e-01
1.290000000000000000e+03 2.174103430121439584e-01 6.736060862441379804e-01
1.300000000000000000e+03 2.141676719338913015e-01 6.768489054107408309e-01
1.310000000000000000e+03 2.109296543930232470e-01 6.800870855119005576e-01
1.320000000000000000e+03 2.077042429192202666e-01 6.833126703737999463e-01
1.330000000000000000e+03 2.044989593166954833e-01 6.865181331957357358e-01
1.340000000000000000e+03 2.013208995014657554e-01 6.896963687014199262e-01
1.350000000000000000e+03 1.981767440659400747e-01 6.928406899236752015e-01
1.360000000000000000e+03 1.950727756231126209e-01 6.959448167135141583e-01
1.370000000000000000e+03 1.920148985296005195e-01 6.990028442621361027e-01
1.380000000000000000e+03 1.890086543680305764e-01 7.020092355233660264e-01
1.390000000000000000e+03 1.860592367984138518e-01 7.049587913406799577e-01
1.400000000000000000e+03 1.831715026267271840e-01 7.078466488238973620e-01
1.410000000000000000e+03 1.803499904536151333e-01 7.106682737247416171e-01
1.420000000000000000e+03 1.775989394411353339e-01 7.134194326487375282e-01
1.430000000000000000e+03 1.749222843033141073e-01 7.160961935535875567e-01
1.440000000000000000e+03 1.723236434345670198e-01 7.186949399720974352e-01
1.450000000000000000e+03 1.698063182949163252e-01 7.212123703854153023e-01
1.460000000000000000e+03 1.673732938823483396e-01 7.236455023513896911e-01
1.470000000000000000e+03 1.650272273494597930e-01 7.259916783632536230e-01
1.480000000000000000e+03 1.627704367728787793e-01 7.282485781192707952e-01
1.490000000000000000e+03 1.606048938094867540e-01 7.304142281979764117e-01
1.500000000000000000e+03 1.585322223722428481e-01 7.324870068199544892e-01
1.510000000000000000e+03 1.565536863131577194e-01 7.344656506036758570e-01
1.520000000000000000e+03 1.546701774276421359e-01 7.363492670357649761e-01
1.530000000000000000e+03 1.528822294445678909e-01 7.381373237336570359e-01
1.540000000000000000e+03 1.511900226290963933e-01 7.398296369122718819e-01
1.550000000000000000e+03 1.495933959998818896e-01 7.414263742717236427e-01
1.560000000000000000e+03 1.480918464669302437e-01 7.429280439410447245e-01
1.570000000000000000e+03 1.466845294133398425e-01 7.443354835342026465e-01
1.580000000000000000e+03 1.453702919786177827e-01 7.456498449554691543e-01
1.590000000000000000e+03 1.441476984624576185e-01 7.468725657810422192e-01
1.600000000000000000e+03 1.430150425190724328e-01 7.480053479587136511e-01
1.610000000000000000e+03 1.419703957673073003e-01 7.490501173203515384e-01
1.620000000000000000e+03 1.410116344528166976e-01 7.500090025339102295e-01
1.630000000000000000e+03 1.401364447255172840e-01 7.508843186816760440e-01
1.640000000000000000e+03 1.393423509526149073e-01 7.516785365829499188e-01
1.650000000000000000e+03 1.386267488498655331e-01 7.523942651370533197e-01
1.660000000000000000e+03 1.379869212362308806e-01 7.530342305691096749e-01
1.670000000000000000e+03 1.374200560480867139e-01 7.536012489798932235e-01
1.680000000000000000e+03 1.369232466095483824e-01 7.540982308191994665e-01
1.690000000000000000e+03 1.364935058416021085e-01 7.545281592459213149e-01
1.700000000000000000e+03 1.361277999897598789e-01 7.548940631476157570e-01
1.710000000000000000e+03 1.358230499164130578e-01 7.551990157214261146e-01
1.720000000000000000e+03 1.355761182551142585e-01 7.554461488139264658e-01
1.730000000000000000e+03 1.353838104940610076e-01 7.556386556159451207e-01
1.740000000000000000e+03 1.352428826229567504e-01 7.557797811181868886e-01
1.750000000000000000e+03 1.351500591424847908e-01 7.558727968706198119e-01
1.760000000000000000e+03 1.351020436633776634e-01 7.559210032409093838e-01
1.770000000000000000e+03 1.350955087247747433e-01 7.559277342348414974e-01
1.780000000000000000e+03 1.351270962801215947e-01 7.558963395694041632e-01
1.790000000000000000e+03 1.351934419905911067e-01 7.558301801348844551e-01
1.800000000000000000e+03 1.352912125132838261e-01 7.557325923911348831e-01
1.810000000000000000e+03 1.354171280453308479e-01 7.556068568958456133e-01
1.820000000000000000e+03 1.355679753861308567e-01 7.554561927874379190e-01
1.830000000000000000e+03 1.357406399027503430e-01 7.552837246940709015e-01
1.840000000000000000e+03 1.359321273343025438e-01 7.550924375085935614e-01
1.850000000000000000e+03 1.361395935462512974e-01 7.548851734381277767e-01
1.860000000000000000e+03 1.363603731320637280e-01 7.546646069309339566e-01
1.870000000000000000e+03 1.365919945866669871e-01 7.544332051874900191e-01
1.880000000000000000e+03 1.368321917970279078e-01 7.541932282520169561e-01
1.890000000000000000e+03 1.370789294953719539e-01 7.539467046678990370e-01
1.900000000000000000e+03 1.373304289725946203e-01 7.536954023684343529e-01
1.910000000000000000e+03 1.375851914515331953e-01 7.534408279455968582e-01
1.920000000000000000e+03 1.378419974838564488e-01 7.531841984104866716e-01
1.930000000000000000e+03 1.380998918383049279e-01 7.529264689278388767e-01
1.940000000000000000e+03 1.383581754715476342e-01 7.526683574708445956e-01
1.950000000000000000e+03 1.386164093595817492e-01 7.524102949605000479e-01
1.960000000000000000e+03 1.388743798471321622e-01 7.521524931507316269e-01
1.970000000000000000e+03 1.391320735455683355e-01 7.518949755125017287e-01
1.980000000000000000e+03 1.393896691588964176e-01 7.516375519041608166e-01
1.990000000000000000e+03 1.396475046286307919e-01 7.513798878974705664e-01
2.000000000000000000e+03 1.399060446590096873e-01 7.511215217439646263e-01
2.010000000000000000e+03 1.401658477789766155e-01 7.508618906476194343e-01
2.020000000000000000e+03 1.404275242767514253e-01 7.506004057091110182e-01
2.030000000000000000e+03 1.406917031629561221e-01 7.503364382607468075e-01
2.040000000000000000e+03 1.409590007121809263e-01 7.500693511819851444e-01
2.050000000000000000e+03 1.412300007390920320e-01 7.497985623038045944e-01
2.060000000000000000e+03 1.415052398737276784e-01 7.495235324255562492e-01
2.070000000000000000e+03 1.417851875897681302e-01 7.492437895686033800e-01
2.080000000000000000e+03 1.420702428269298712e-01 7.489589411090429305e-01
2.090000000000000000e+03 1.423607217400459368e-01 7.486686707495658899e-01
2.100000000000000000e+03 1.426568573848736032e-01 7.483727402600283130e-01
2.110000000000000000e+03 1.429588183873518881e-01 7.480709834513459278e-01
2.120000000000000000e+03 1.432667143339697857e-01 7.477632955165082196e-01
2.130000000000000000e+03 1.435805929501575706e-01 7.474496320331035504e-01
2.140000000000000000e+03 1.439004522058900948e-01 7.471299948084221265e-01
2.150000000000000000e+03 1.442262739707211860e-01 7.468043981484617788e-01
2.160000000000000000e+03 1.445580482914844977e-01 7.464728484837105382e-01
2.170000000000000000e+03 1.448957796444907686e-01 7.461353373682334533e-01
2.180000000000000000e+03 1.452394874329350494e-01 7.457918458725727451e-01
2.190000000000000000e+03 1.455892159453351098e-01 7.454423313036908638e-01
2.200000000000000000e+03 1.459450480359580915e-01 7.450867146959365694e-01
2.210000000000000000e+03 1.463071151746514198e-01 7.447248676739625095e-01
2.220000000000000000e+03 1.466756041761060614e-01 7.443566037689858250e-01
2.230000000000000000e+03 1.470507698560081511e-01 7.439816642725036733e-01
2.240000000000000000e+03 1.474329393532126109e-01 7.435997185676341825e-01
2.250000000000000000e+03 1.478225066606448090e-01 7.432103697091330119e-01
2.260000000000000000e+03 1.482199353614616077e-01 7.428131553829024902e-01
2.270000000000000000e+03 1.486257671470025687e-01 7.424075401595052748e-01
2.280000000000000000e+03 1.490406187806975757e-01 7.419929075997849788e-01
2.290000000000000000e+03 1.494651601856154810e-01 7.415685821329134342e-01
2.300000000000000000e+03 1.499000852071300793e-01 7.411338684321739922e-01
2.310000000000000000e+03 1.503461126092356104e-01 7.406880475384716167e-01
2.320000000000000000e+03 1.508039614870890499e-01 7.402304034940201394e-01
2.330000000000000000e+03 1.512743180241374608e-01 7.397602549444386444e-01
2.340000000000000000e+03 1.517578261794698402e-01 7.392769609223970306e-01
2.350000000000000000e+03 1.522550350946612341e-01 7.387799688984766355e-01
2.360000000000000000e+03 1.527663541268646230e-01 7.382688628383602403e-01
2.370000000000000000e+03 1.532920366413517421e-01 7.377433861770741341e-01
2.380000000000000000e+03 1.538321561145781780e-01 7.372034657802447599e-01
2.390000000000000000e+03 1.543865531238184652e-01 7.366492621118763129e-01
2.400000000000000000e+03 1.549548087686182796e-01 7.360811943126359669e-01
2.410000000000000000e+03 1.555362303138753954e-01 7.354999532498344150e-01
2.420000000000000000e+03 1.561298208655178543e-01 7.349065333506611397e-01
2.430000000000000000e+03 1.567342578111896589e-01 7.343022598144247626e-01
2.440000000000000000e+03 1.573479245839138063e-01 7.336887539875167619e-01
2.450000000000000000e+03 1.579688979641314384e-01 7.330679391494340225e-01
2.460000000000000000e+03 1.585949340488258530e-01 7.324420569270579939e-01
2.470000000000000000e+03 1.592234747683171914e-01 7.318136655784657219e-01
2.480000000000000000e+03 1.598516707558046146e-01 7.311856158525462668e-01
2.490000000000000000e+03 1.604764095430651072e-01 7.305610198373396758e-01
2.500000000000000000e+03 1.610943550383961975e-01 7.299432141636627014e-01
2.510000000000000000e+03 1.617019962061071181e-01 7.293357107348613644e-01
2.520000000000000000e+03 1.622956818528281664e-01 7.287421583816384718e-01
2.530000000000000000e+03 1.628716678193699585e-01 7.281662988548063264e-01
2.540000000000000000e+03 1.634261842786867980e-01 7.276119032904274642e-01
2.550000000000000000e+03 1.639554860695085492e-01 7.270827207336887366e-01
2.560000000000000000e+03 1.644559112495605491e-01 7.265824168020955653e-01
2.570000000000000000e+03 1.649239674412604773e-01 7.261144846047176138e-01
2.580000000000000000e+03 1.653563899297543494e-01 7.256821877026019552e-01
2.590000000000000000e+03 1.657501780263659630e-01 7.252885263249952974e-01
2.600000000000000000e+03 1.661026453359737698e-01 7.249361871846250471e-01
2.610000000000000000e+03 1.664114734047203170e-01 7.246274886569098461e-01
2.620000000000000000e+03 1.666747488175254199e-01 7.243643436703801619e-01
2.630000000000000000e+03 1.668909822424170242e-01 7.241482391990783363e-01
2.640000000000000000e+03 1.670591140677891717e-01 7.239802310247740458e-01
2.650000000000000000e+03 1.671785153849786876e-01 7.238609468156343985e-01
2.660000000000000000e+03 1.672489894224951090e-01 7.237905847341914445e-01
2.670000000000000000e+03 1.672707698655098718e-01 7.237689131097866380e-01
2.680000000000000000e+03 1.672444979135262466e-01 7.237952935688531930e-01
2.690000000000000000e+03 1.671711708632122317e-01 7.238687313742158125e-01
2.700000000000000000e+03 1.670520821582976434e-01 7.239879325340587979e-01
2.710000000000000000e+03 1.668887946494579666e-01 7.241513330450135566e-01
2.720000000000000000e+03 1.666831229991867780e-01 7.243571182538132147e-01
2.730000000000000000e+03 1.664370957311542554e-01 7.246032592558002694e-01
2.740000000000000000e+03 1.661529128327365601e-01 7.248875568461061736e-01
2.750000000000000000e+03 1.658329008872311550e-01 7.252076861963111520e-01
2.760000000000000000e+03 1.654794629846247089e-01 7.255612442274823604e-01
2.770000000000000000e+03 1.650950328500936093e-01 7.259457960850617120e-01
2.780000000000000000e+03 1.646820357702899196e-01 7.263589164359006700e-01
2.790000000000000000e+03 1.642428629609741508e-01 7.267982150798547591e-01
2.800000000000000000e+03 1.637798548679644250e-01 7.272613505792600019e-01
2.810000000000000000e+03 1.632952873400665139e-01 7.277460426828507023e-01
2.820000000000000000e+03 1.627913541365145489e-01 7.282500948319319267e-01
2.830000000000000000e+03 1.622701435913217749e-01 7.287714193120425898e-01
2.840000000000000000e+03 1.617336158295906712e-01 7.293080566182976732e-01
2.850000000000000000e+03 1.611835920341736506e-01 7.298581846421291486e-01
2.860000000000000000e+03 1.606217580182247584e-01 7.304201175872189200e-01
2.870000000000000000e+03 1.600496708224198872e-01 7.309923009363819002e-01
2.880000000000000000e+03 1.594687551849694462e-01 7.315733125304997309e-01
2.890000000000000000e+03 1.588802999355996559e-01 7.321618639301668008e-01
2.900000000000000000e+03 1.582854756377035932e-01 7.327567827276058043e-01
2.910000000000000000e+03 1.576853617875818292e-01 7.333569875552550243e-01
2.920000000000000000e+03 1.570809642413824592e-01 7.339614729766018586e-01
2.930000000000000000e+03 1.564732323078721066e-01 7.345692922643428657e-01
2.940000000000000000e+03 1.558630855951808891e-01 7.351795275460814016e-01
2.950000000000000000e+03 1.552514386999917506e-01 7.357912633097116739e-01
2.960000000000000000e+03 1.546392054938304228e-01 7.364035852102790436e-01
2.970000000000000000e+03 1.540273217468204892e-01 7.370155583839759217e-01
2.980000000000000000e+03 1.534168026978733612e-01 7.376261680836884160e-01
2.990000000000000000e+03 1.528087681854549684e-01 7.382342934341569185e-01
3.000000000000000000e+03 1.522044507743333663e-01 7.388387003312694157e-01
3.010000000000000000e+03 1.516052067791580638e-01 7.394380312140328426e-01
3.020000000000000000e+03 1.510125168227036685e-01 7.400308046613920387e-01
3.030000000000000000e+03 1.504279725373895149e-01 7.406154301332102952e-01
3.040000000000000000e+03 1.498532596555906815e-01 7.411902248065219689e-01
3.050000000000000000e+03 1.492901389477170049e-01 7.417534288150450239e-01
3.060000000000000000e+03 1.487404259779604165e-01 7.423032253057884056e-01
3.070000000000000000e+03 1.482059713577552895e-01 7.428377630856802805e-01
3.080000000000000000e+03 1.476886369525161613e-01 7.433551821370585344e-01
3.090000000000000000e+03 1.471902634547328226e-01 7.438536437454804640e-01
3.100000000000000000e+03 1.467126351602213441e-01 7.443313627686524159e-01
3.110000000000000000e+03 1.462574486014609210e-01 7.447866397881074407e-01
3.120000000000000000e+03 1.458262876099259142e-01 7.452178882942475102e-01
3.130000000000000000e+03 1.454206048356869452e-01 7.456236553081655449e-01
3.140000000000000000e+03 1.450416990335152423e-01 7.460026433741870910e-01
3.150000000000000000e+03 1.446906799218402317e-01 7.463537433368057084e-01
3.160000000000000000e+03 1.443684333561529587e-01 7.466760692566818403e-01
3.170000000000000000e+03 1.440755984209330931e-01 7.469689815649829256e-01
3.180000000000000000e+03 1.438125490051039845e-01 7.472321054669642804e-01
3.190000000000000000e+03 1.435793761047522710e-01 7.474653501732103633e-01
3.200000000000000000e+03 1.433758676623253514e-01 7.476689297163942038e-01
3.210000000000000000e+03 1.432014839722485777e-01 7.478433855948567466e-01
3.220000000000000000e+03 1.430553349904175875e-01 7.479896080326099428e-01
3.230000000000000000e+03 1.429361667894090138e-01 7.481088494699891234e-01
3.240000000000000000e+03 1.428423601191511350e-01 7.482027283558343456e-01
3.250000000000000000e+03 1.427719392384776687e-01 7.482732210468927558e-01
3.260000000000000000e+03 1.427225897237396901e-01 7.483226420077307983e-01
3.270000000000000000e+03 1.426916826983340159e-01 7.483536189752614254e-01
3.280000000000000000e+03 1.426763047132208750e-01 7.483690646171967664e-01
3.290000000000000000e+03 1.426732945536691444e-01 7.483721406713952362e-01
3.300000000000000000e+03 1.426792882862031875e-01 7.483662122630536651e-01
3.310000000000000000e+03 1.426907758476194665e-01 7.483547909387812114e-01
3.320000000000000000e+03 1.427041708230769035e-01 7.483414641253716137e-01
3.330000000000000000e+03 1.427158865989729686e-01 7.483298184717608326e-01
3.340000000000000000e+03 1.427224091405429607e-01 7.483233670191054010e-01
3.350000000000000000e+03 1.427203649111472294e-01 7.483254811061795797e-01
3.360000000000000000e+03 1.427065871895163152e-01 7.483393253923728006e-01
3.370000000000000000e+03 1.426781788910509163e-01 7.483677968972424210e-01
3.380000000000000000e+03 1.426325660810468798e-01 7.484134705520760766e-01
3.390000000000000000e+03 1.425675453926311398e-01 7.484785497607865379e-01
3.400000000000000000e+03 1.424813241015486509e-01 7.485648277990981647e-01
3.410000000000000000e+03 1.423725516001745905e-01 7.486736560155949904e-01
3.420000000000000000e+03 1.422403418341449677e-01 7.488059199182244274e-01
3.430000000000000000e+03 1.420842854385480636e-01 7.489620275710240360e-01
3.440000000000000000e+03 1.419044517163301766e-01 7.491419091276386721e-01
3.450000000000000000e+03 1.417013780800067679e-01 7.493450276422907175e-01
3.460000000000000000e+03 1.414760497110060244e-01 7.495703980528919397e-01
3.470000000000000000e+03 1.412298721392254985e-01 7.498166149041108897e-01
3.480000000000000000e+03 1.409646359380942182e-01 7.500818883918987101e-01
3.490000000000000000e+03 1.406824714060058990e-01 7.503640892596047385e-01
3.500000000000000000e+03 1.403857941554524646e-01 7.506608028050414383e-01
3.510000000000000000e+03 1.400772432024617598e-01 7.509693903954827165e-01
3.520000000000000000e+03 1.397596117682866623e-01 7.512870582910247119e-01
3.530000000000000000e+03 1.394357760422607617e-01 7.516109295235200438e-01
3.540000000000000000e+03 1.391086260230754157e-01 7.519381141082182030e-01
3.550000000000000000e+03 1.387809987856442606e-01 7.522657768318945504e-01
3.560000000000000000e+03 1.384556150620449566e-01 7.525911984671211918e-01
3.570000000000000000e+03 1.381350203515213648e-01 7.529118339740767940e-01
3.580000000000000000e+03 1.378215352058264065e-01 7.532253629212778412e-01
3.590000000000000000e+03 1.375172174265249236e-01 7.535297261911118039e-01
3.600000000000000000e+03 1.372238381812010688e-01 7.538231527852572444e-01
3.610000000000000000e+03 1.369428672208797548e-01 7.541041735676516922e-01
3.620000000000000000e+03 1.366754668380573690e-01 7.543716244521291303e-01
3.630000000000000000e+03 1.364225029732859529e-01 7.546246378510421682e-01
3.640000000000000000e+03 1.361845669924413027e-01 7.548626207418434042e-01
3.650000000000000000e+03 1.359620053923770722e-01 7.550852256935538520e-01
3.660000000000000000e+03 1.357549627137151493e-01 7.552923104237277974e-01
3.670000000000000000e+03 1.355634273179900928e-01 7.554838890471080592e-01
3.680000000000000000e+03 1.353872765811227064e-01 7.556600833072408818e-01
3.690000000000000000e+03 1.352263258207792029e-01 7.558210766554112059e-01
3.700000000000000000e+03 1.350803743616255936e-01 7.559670714870947439e-01
3.710000000000000000e+03 1.349492475340749731e-01 7.560982440137926641e-01
3.720000000000000000e+03 1.348328359175425817e-01 7.562147030044832352e-01
3.730000000000000000e+03 1.347311331785999156e-01 7.563164537401307896e-01
3.740000000000000000e+03 1.346442636386515623e-01 7.564033712355041628e-01
3.750000000000000000e+03 1.345725052345036199e-01 7.564751778879075239e-01
3.760000000000000000e+03 1.345163130955954467e-01 7.565314204444116841e-01
3.770000000000000000e+03 1.344763330315393857e-01 7.565714532021240446e-01
3.780000000000000000e+03 1.344534082131846886e-01 7.565944319920889782e-01
3.790000000000000000e+03 1.344485788304670970e-01 7.565993147804719321e-01
3.800000000000000000e+03 1.344630758005377624e-01 7.565848684534491886e-01
3.810000000000000000e+03 1.344983105416214519e-01 7.565496827549422765e-01
3.820000000000000000e+03 1.345558566310345039e-01 7.564921876845625004e-01
3.830000000000000000e+03 1.346374217405429119e-01 7.564106761090940712e-01
3.840000000000000000e+03 1.347448163196104942e-01 7.563033344493016452e-01
3.850000000000000000e+03 1.348799194904242993e-01 7.561682842006685057e-01
3.860000000000000000e+03 1.350446292809953375e-01 7.560036283662949774e-01
3.870000000000000000e+03 1.352408128132501774e-01 7.558074979249129743e-01
3.880000000000000000e+03 1.354702581494218738e-01 7.555781039265806465e-01
3.890000000000000000e+03 1.357346199484966431e-01 7.553137928305519999e-01
3.900000000000000000e+03 1.360353644089981884e-01 7.550131001073856485e-01
3.910000000000000000e+03 1.363737171133123094e-01 7.546748020487339392e-01
3.920000000000000000e+03 1.367506109382804202e-01 7.542979653624689584e-01
3.930000000000000000e+03 1.371666444391420603e-01 7.538819896378723406e-01
3.940000000000000000e+03 1.376220491930674472e-01 7.534266422410457187e-01
3.950000000000000000e+03 1.381166652922453386e-01 7.529320824617143915e-01
3.960000000000000000e+03 1.386499292828139995e-01 7.523988740699040223e-01
3.970000000000000000e+03 1.392208682943358311e-01 7.518279915365254640e-01
3.980000000000000000e+03 1.398281000173774713e-01 7.512208175431338564e-01
3.990000000000000000e+03 1.404698457677290568e-01 7.505791302862876435e-01
4.000000000000000000e+03 1.411439563088640048e-01 7.499050804659991298e-01
4.010000000000000000e+03 1.418479446746106487e-01 7.492011549883915711e-01
4.020000000000000000e+03 1.425790215585701903e-01 7.484701395424386838e-01
4.030000000000000000e+03 1.433341412831723727e-01 7.477150780851015144e-01
4.040000000000000000e+03 1.441100470067574191e-01 7.469392296121228902e-01
4.050000000000000000e+03 1.449033152254182166e-01 7.461460190661900471e-01
4.060000000000000000e+03 1.457103986067486701e-01 7.453389908142393772e-01
4.070000000000000000e+03 1.465276802862301997e-01 7.445217640671542014e-01
4.080000000000000000e+03 1.473515098309108318e-01 7.436979914672070535e-01
4.090000000000000000e+03 1.481782405412337411e-01 7.428713169801147709e-01
4.100000000000000000e+03 1.490042773610118498e-01 7.420453349691217282e-01
4.110000000000000000e+03 1.498261101762372594e-01 7.412235550288100994e-01
4.120000000000000000e+03 1.506403423712774081e-01 7.404093742895945240e-01
4.130000000000000000e+03 1.514437205948305776e-01 7.396060444522621902e-01
4.140000000000000000e+03 1.522331631851421563e-01 7.388166484098910303e-01
4.150000000000000000e+03 1.530057837940876908e-01 7.380440750081581625e-01
4.160000000000000000e+03 1.537589182707384816e-01 7.372909880910182290e-01
4.170000000000000000e+03 1.544901466257961042e-01 7.365598067252697723e-01
4.180000000000000000e+03 1.551973052978194434e-01 7.358526948772717846e-01
4.190000000000000000e+03 1.558785038224964059e-01 7.351715442116347754e-01
4.200000000000000000e+03 1.565321357133223068e-01 7.345179622220878723e-01
