0.000000000000000000e+00 8.404569130993571946e+00 0.000000000000000000e+00 8.404569130993571946e+00 0.000000000000000000e+00
1.000000000000000000e+01 8.396660633373171478e+00 -3.138116754416456970e-04 8.396660639237275348e+00 -1.110037373390327264e+00
2.000000000000000000e+01 8.372491971978131886e+00 5.274367092620535448e-04 8.372491988591434620e+00 -2.219937003617282745e+00
3.000000000000000000e+01 8.332329986415370371e+00 3.675909065574256736e-03 8.332330797251405130e+00 -3.329558837824103001e+00
4.000000000000000000e+01 8.276724251752989758e+00 1.017910509391393471e-02 8.276730511121925815e+00 -4.438770153547194397e+00
5.000000000000000000e+01 8.206409626288770909e+00 2.096381850948776659e-02 8.206436402978550149e+00 -5.547445439130829214e+00
6.000000000000000000e+01 8.122277259855993137e+00 3.680985384863495052e-02 8.122360669861572902e+00 -6.655468068785949320e+00
7.000000000000000000e+01 8.025338176557580638e+00 5.832952098341426944e-02 8.025550148191133104e+00 -7.762731958127876197e+00
8.000000000000000000e+01 7.916686263365036780e+00 8.595810397291042682e-02 7.917152909233930558e+00 -8.869142587768539698e+00
9.000000000000000000e+01 7.797462495651368286e+00 1.199546207284884897e-01 7.798385120146591909e+00 -9.974617411207315598e+00
1.000000000000000000e+02 7.668818801397012663e+00 1.604055900364025899e-01 7.670496187468920368e+00 -1.107908645286426363e+01
1.100000000000000000e+02 7.531888367316247113e+00 2.072392843766685810e-01 7.534738913771515278e+00 -1.218249202328090952e+01
1.200000000000000000e+02 7.387761515855842731e+00 2.602433749664881391e-01 7.392343798104533903e+00 -1.328478827721636968e+01
1.300000000000000000e+02 7.237466412433795959e+00 3.190860887728681483e-01 7.244496946176158580e+00 -1.438594043977088788e+01
1.400000000000000000e+02 7.081955585775310702e+00 3.833364212022528084e-01 7.092322731708863515e+00 -1.548592415987881843e+01
1.500000000000000000e+02 6.922097327608319972e+00 4.524872559100951430e-01 6.936870773601255813e+00 -1.658472434976586385e+01
1.600000000000000000e+02 6.758671756369629691e+00 5.259748785967405249e-01 6.779107130239452772e+00 -1.768233431079611861e+01
1.700000000000000000e+02 6.592371343787050364e+00 6.032003690204138513e-01 6.619910167031803461e+00 -1.877875432054964833e+01
1.800000000000000000e+02 6.423803615744808404e+00 6.835444670057904126e-01 6.460068570226658480e+00 -1.987399084356430023e+01
1.900000000000000000e+02 6.253495864632645507e+00 7.663830034593370755e-01 6.300282012495071804e+00 -2.096805534439941354e+01
2.000000000000000000e+02 6.081901698601064332e+00 8.510991980929563105e-01 6.141164231352307823e+00 -2.206096324839385403e+01
2.100000000000000000e+02 5.909408578954852942e+00 9.370928605831504443e-01 5.983247678508814893e+00 -2.315273309064959051e+01
2.200000000000000000e+02 5.736344943291214804e+00 1.023788016263554868e+00 5.826988519867493110e+00 -2.424338563278259073e+01
2.300000000000000000e+02 5.562987640560214331e+00 1.110638872970654445e+00 5.672772707872159259e+00 -2.533294300816925215e+01
2.400000000000000000e+02 5.389570562792153297e+00 1.197133866308615513e+00 5.520923866997147655e+00 -2.642142803427788422e+01
2.500000000000000000e+02 5.216290421620830564e+00 1.282798463504796427e+00 5.371709007444789741e+00 -2.750886350329777486e+01
2.600000000000000000e+02 5.043313267823953616e+00 1.367196551153064821e+00 5.225345455268384676e+00 -2.859527162764749519e+01
2.700000000000000000e+02 4.870781432125860455e+00 1.449930161737931211e+00 5.082008385811600526e+00 -2.968067376735895024e+01
2.800000000000000000e+02 4.698818627319076846e+00 1.530639513673302865e+00 4.941837088903151987e+00 -3.076509002705346063e+01
2.900000000000000000e+02 4.527533880244986264e+00 1.609002152822700760e+00 4.804940266491802170e+00 -3.184853896609842039e+01
3.000000000000000000e+02 4.357025215546384445e+00 1.684731233689533481e+00 4.671401080904536762e+00 -3.293103749539425706e+01
3.100000000000000000e+02 4.187383300618820137e+00 1.757573745985408165e+00 4.541282239508852570e+00 -3.401260086352719014e+01
3.200000000000000000e+02 4.018694348092808788e+00 1.827309126758798863e+00 4.414630551714275875e+00 -3.509324261616760765e+01
3.300000000000000000e+02 3.851041722156007374e+00 1.893746523235183554e+00 4.291479726161088415e+00 -3.617297482458624813e+01
3.400000000000000000e+02 3.684507466966561839e+00 1.956722799401182877e+00 4.171853231817815200e+00 -3.725180825683528951e+01
3.500000000000000000e+02 3.519173490699452511e+00 2.016100538023252842e+00 4.055766689179669982e+00 -3.832975262238009151e+01
3.600000000000000000e+02 3.355122945609065876e+00 2.071765568219436915e+00 3.943229964104561169e+00 -3.940681706189837996e+01
3.700000000000000000e+02 3.192440118535886384e+00 2.123625517151837450e+00 3.834248198478527492e+00 -4.048301035232872636e+01
3.800000000000000000e+02 3.031210696592621989e+00 2.171607922920058442e+00 3.728822771066854891e+00 -4.155834132264230618e+01
3.900000000000000000e+02 2.871521971440845977e+00 2.215658294057525790e+00 3.626951903250638320e+00 -4.263281936054404753e+01
4.000000000000000000e+02 2.713462698861188294e+00 2.255738573073348352e+00 3.528630942470752263e+00 -4.370645485420043030e+01
4.100000000000000000e+02 2.557123002741244377e+00 2.291825822507616017e+00 3.433852596117239919e+00 -4.477925964955421989e+01
4.200000000000000000e+02 2.402593868282717260e+00 2.323911192837324613e+00 3.342606846176245927e+00 -4.585124741452663244e+01
4.300000000000000000e+02 2.249966934553164766e+00 2.351998457522631369e+00 3.254880635410675627e+00 -4.692243417544256090e+01
4.400000000000000000e+02 2.099334316721458205e+00 2.376102978576085878e+00 3.170657650734701516e+00 -4.799283878940106263e+01
4.500000000000000000e+02 1.950787613005936283e+00 2.396250758222647548e+00 3.089917475813878767e+00 -4.906248320595167201e+01
4.600000000000000000e+02 1.804417409844502940e+00 2.412477757235836240e+00 3.012635244782812194e+00 -5.013139273215536917e+01
4.700000000000000000e+02 1.660313021242222575e+00 2.424829236608285754e+00 2.938781406504539451e+00 -5.119959631576011105e+01
4.800000000000000000e+02 1.518561989592976058e+00 2.433358992728963610e+00 2.868321199540158517e+00 -5.226712674097908717e+01
4.900000000000000000e+02 1.379250054255551250e+00 2.438128552209057887e+00 2.801214299060494461e+00 -5.333402089748954467e+01
5.000000000000000000e+02 1.242461010343660410e+00 2.439206360340315793e+00 2.737414296475570108e+00 -5.440031995617789562e+01
5.100000000000000000e+02 1.108276055283582640e+00 2.436667329289223360e+00 2.676868223940135572e+00 -5.546606922562926201e+01
5.200000000000000000e+02 9.767734175297639876e-01 2.430592384444700382e+00 2.619516300486284255e+00 -5.653131798177675194e+01
5.300000000000000000e+02 8.480281043026365317e-01 2.421068130285648046e+00 2.565291904866182637e+00 -5.759611921667805490e+01
5.400000000000000000e+02 7.221117950127429186e-01 2.408186369408189087e+00 2.514121523375495215e+00 -5.866052936695232489e+01
5.500000000000000000e+02 5.990927034421569264e-01 2.392043627434666142e+00 2.465924731793009972e+00 -5.972460793605134199e+01
5.600000000000000000e+02 4.790353122833087562e-01 2.372740680219175946e+00 2.420614212546337463e+00 -6.078841697035039005e+01
5.700000000000000000e+02 3.620003211604793658e-01 2.350382031407442174e+00 2.378095861415864931e+00 -6.185202052990186417e+01
5.800000000000000000e+02 2.480445891152528171e-01 2.325075584111623517e+00 2.338269144051078108e+00 -6.291548406928220771e+01
5.900000000000000000e+02 1.372207788354488367e-01 2.296932204504936514e+00 2.301027399714335342e+00 -6.397887364580786596e+01
6.000000000000000000e+02 2.957723236019159027e-02 2.266065489518022780e+00 2.266258505876733498e+00 -6.504225517284906743e+01
6.100000000000000000e+02 -7.484187712048707974e-02 2.232591406185751026e+00 2.233845494555383837e+00 -6.610569379710017301e+01
6.200000000000000000e+02 -1.759967802742203047e-01 2.196627842560714416e+00 2.203667113104842645e+00 -6.716925311393991649e+01
6.300000000000000000e+02 -2.738521420446870525e-01 2.158294328093751435e+00 2.175598630810407830e+00 -6.823299449464416000e+01
6.400000000000000000e+02 -3.683769766703544613e-01 2.117711773721142166e+00 2.149512678143103539e+00 -6.929697652275940811e+01
6.500000000000000000e+02 -4.595445620440697931e-01 2.075002125133329045e+00 2.125279987157481898e+00 -7.036125449417406230e+01
6.600000000000000000e+02 -5.473323289024524252e-01 2.030288084336970389e+00 2.102770169006225043e+00 -7.142588000564056472e+01
6.700000000000000000e+02 -6.317221668260548650e-01 1.983692768748416713e+00 2.081852515632210743e+00 -7.249090042478387375e+01
6.800000000000000000e+02 -7.127002022223475342e-01 1.935339542374137745e+00 2.062396839244259539e+00 -7.355635870930198905e+01
6.900000000000000000e+02 -7.902564983044032543e-01 1.885352056726039782e+00 2.044274372708674736e+00 -7.462229339877563916e+01
7.000000000000000000e+02 -8.643851103120683277e-01 1.833853890910643880e+00 2.027358308769644957e+00 -7.568873847623244444e+01
7.100000000000000000e+02 -9.350839396601405840e-01 1.780968164008883248e+00 2.011524192104957365e+00 -7.675572337176528492e+01
7.200000000000000000e+02 -1.002354598966588517e+00 1.726817214672873080e+00 1.996650303623558997e+00 -7.782327302047242767e+01
7.300000000000000000e+02 -1.066202173262990716e+00 1.671522148085490933e+00 1.982617806288206053e+00 -7.889140796866266214e+01
7.400000000000000000e+02 -1.126635044923147033e+00 1.615202589903761421e+00 1.969311029492497367e+00 -7.996014452209335843e+01
7.500000000000000000e+02 -1.183665004187726133e+00 1.557976546640859494e+00 1.956617939716823740e+00 -8.102949483569307176e+01
7.600000000000000000e+02 -1.237307179467372453e+00 1.499960141979462591e+00 1.944430375171235958e+00 -8.209946707720342829e+01
7.700000000000000000e+02 -1.287579787080341598e+00 1.441267342429996212e+00 1.932644111173363877e+00 -8.317006566764928266e+01
7.800000000000000000e+02 -1.334504142330901422e+00 1.382009542103134203e+00 1.921158941983314827e+00 -8.424129136245542782e+01
7.900000000000000000e+02 -1.378104663331271462e+00 1.322295020191493586e+00 1.909878682932143690e+00 -8.531314127277538262e+01
8.000000000000000000e+02 -1.418408984394229133e+00 1.262228714037114230e+00 1.898711503507063858e+00 -8.638560894284606206e+01
8.100000000000000000e+02 -1.455448243618867377e+00 1.201912090957253376e+00 1.887570466033647865e+00 -8.745868441509752245e+01
8.200000000000000000e+02 -1.489257146622952055e+00 1.141442925863707991e+00 1.876373843819999276e+00 -8.853235435287754740e+01
8.300000000000000000e+02 -1.519874093363981382e+00 1.080915416631578863e+00 1.865045682440728880e+00 -8.960660228682199602e+01
8.400000000000000000e+02 -1.547341179688848767e+00 1.020420322300434224e+00 1.853516215338997242e+00 -9.068140893348750353e+01
8.500000000000000000e+02 -1.571704059073088189e+00 9.600448879933419777e-01 1.841721975833749525e+00 -9.175675246501391769e+01
8.600000000000000000e+02 -1.593012162106138163e+00 8.998729493880707198e-01 1.829606261920432519e+00 -9.283260874503022819e+01
8.700000000000000000e+02 -1.611318903793356405e+00 8.399848428492322494e-01 1.817119463859840245e+00 -9.390895149111791795e+01
8.800000000000000000e+02 -1.626681527386581116e+00 7.804573818308689903e-01 1.804219087692798817e+00 -9.498575255960065533e+01
8.900000000000000000e+02 -1.639160838151114241e+00 7.213642891904465948e-01 1.790869814098026813e+00 -9.606298246338315039e+01
9.000000000000000000e+02 -1.648820936580705609e+00 6.627764972649606845e-01 1.777043377701761573e+00 -9.714061081636739914e+01
9.100000000000000000e+02 -1.655729028132771896e+00 6.047623004538258407e-01 1.762718370770469001e+00 -9.821860666884663260e+01
9.200000000000000000e+02 -1.659955431837385254e+00 5.473874563601848209e-01 1.747880162673320470e+00 -9.929693876123171492e+01
9.300000000000000000e+02 -1.661573449228636257e+00 4.907152573777787130e-01 1.732520646631631633e+00 -1.003755757833092588e+02
9.400000000000000000e+02 -1.660659064657497463e+00 4.348066279832165648e-01 1.716637798945150228e+00 -1.014544866600635800e+02
9.500000000000000000e+02 -1.657290481469175791e+00 3.797203629420067283e-01 1.700235070218568900e+00 -1.025336409151821755e+02
9.600000000000000000e+02 -1.651547782414112042e+00 3.255131881504731983e-01 1.683320799270554113e+00 -1.036130088861175409e+02
9.700000000000000000e+02 -1.643512495313800947e+00 2.722396962607525617e-01 1.665907492771655507e+00 -1.046925618462274628e+02
9.800000000000000000e+02 -1.633267319559292385e+00 2.199524080164990125e-01 1.648011286045290458e+00 -1.057722721460568636e+02
9.900000000000000000e+02 -1.620895851826419376e+00 1.687013278380587455e-01 1.629651343227261684e+00 -1.068521130266568662e+02
1.000000000000000000e+03 -1.606482330963016736e+00 1.185337322888826428e-01 1.610849380105632500e+00 -1.079320585306388693e+02
1.010000000000000000e+03 -1.590111573217490859e+00 6.949422169684392470e-02 1.591629436184645918e+00 -1.090120835436974005e+02
1.020000000000000000e+03 -1.571868706823112527e+00 2.162491188214583915e-02 1.572017451653662468e+00 -1.100921639328510224e+02
1.030000000000000000e+03 -1.551838839245044177e+00 -2.503445611923815067e-02 1.552040755580404108e+00 -1.111722766219274661e+02
1.040000000000000000e+03 -1.530107011184492327e+00 -7.044674705976386453e-02 1.531727851103857896e+00 -1.122523994306316411e+02
1.050000000000000000e+03 -1.506758347178763779e+00 -1.145774935202078931e-01 1.511108440454970614e+00 -1.133325110284452535e+02
1.060000000000000000e+03 -1.481877766566244592e+00 -1.573948397667229715e-01 1.490213021896048984e+00 -1.144125909635065597e+02
1.070000000000000000e+03 -1.455549521084512188e+00 -1.988698735659072403e-01 1.469072372261309711e+00 -1.154926193935052225e+02
1.080000000000000000e+03 -1.427857138847326457e+00 -2.389768994965906779e-01 1.447717502640027298e+00 -1.165725768412003447e+02
1.090000000000000000e+03 -1.398883758425970791e+00 -2.776932649804418896e-01 1.426179974268138251e+00 -1.176524443038697427e+02
1.100000000000000000e+03 -1.368712168763133397e+00 -3.149990979076481290e-01 1.404491877015638712e+00 -1.187322034433970828e+02
1.110000000000000000e+03 -1.337424542997527555e+00 -3.508771702605579246e-01 1.382685501776236281e+00 -1.198118366642266466e+02
1.120000000000000000e+03 -1.305102134643567613e+00 -3.853128422163952238e-01 1.360792992423194958e+00 -1.208913271099947764e+02
1.130000000000000000e+03 -1.271825212867679467e+00 -4.182939850507590984e-01 1.338846230907628332e+00 -1.219706587025498123e+02
1.140000000000000000e+03 -1.237673212590899352e+00 -4.498110669846091536e-01 1.316876978744373927e+00 -1.230498161259129688e+02
1.150000000000000000e+03 -1.202724627503559907e+00 -4.798574455624165513e-01 1.294916869017183059e+00 -1.241287846243803727e+02
1.160000000000000000e+03 -1.167057073336781992e+00 -5.084293120119706133e-01 1.272997477506684127e+00 -1.252075500993164638e+02
1.170000000000000000e+03 -1.130747339512456318e+00 -5.355251965662750635e-01 1.251150183619794687e+00 -1.262860995515718230e+02
1.180000000000000000e+03 -1.093871162112383777e+00 -5.611457155287252752e-01 1.229405804995788110e+00 -1.273644212820147885e+02
1.190000000000000000e+03 -1.056502993994660411e+00 -5.852938143947095107e-01 1.207794446703738700e+00 -1.284425047115871621e+02
1.200000000000000000e+03 -1.018715835361293065e+00 -6.079747006392267616e-01 1.186345308008260435e+00 -1.295203404251277846e+02
1.210000000000000000e+03 -9.805812869584598079e-01 -6.291952776242871748e-01 1.165086416416315940e+00 -1.305979206623478035e+02
1.220000000000000000e+03 -9.421693936934574243e-01 -6.489640288402600543e-01 1.144044351037702967e+00 -1.316752393966329180e+02
1.230000000000000000e+03 -9.035485825844373764e-01 -6.672915392958722602e-01 1.123244425539784430e+00 -1.327522919796232088e+02
1.240000000000000000e+03 -8.647859569681961567e-01 -6.841903406246715447e-01 1.102710829534879755e+00 -1.338290754712987507e+02
1.250000000000000000e+03 -8.259472492024427792e-01 -6.996744035776086834e-01 1.082466225563996298e+00 -1.349055890796374513e+02
1.260000000000000000e+03 -7.870963896400758886e-01 -7.137591413598388668e-01 1.062531335283424250e+00 -1.359818339781006102e+02
1.270000000000000000e+03 -7.482952672844634945e-01 -7.264614666051001368e-01 1.042924766942639803e+00 -1.370578131199249015e+02
1.280000000000000000e+03 -7.096038463959556397e-01 -7.377995212825355642e-01 1.023662909567731427e+00 -1.381335314687914320e+02
1.290000000000000000e+03 -6.710801179099891156e-01 -7.477925861037340027e-01 1.004759810345634552e+00 -1.392089959847245382e+02
1.300000000000000000e+03 -6.327798955513660450e-01 -7.564613280278591478e-01 9.862272238260663126e-01 -1.402842152359670536e+02
1.310000000000000000e+03 -5.947567501014421332e-01 -7.638278028753155979e-01 9.680746377405831105e-01 -1.413591992390030612e+02
1.320000000000000000e+03 -5.570622019752932141e-01 -7.699152311375335733e-01 9.503092970223557812e-01 -1.424339596324626598e+02
1.330000000000000000e+03 -5.197457722400316005e-01 -7.747478939555255684e-01 9.329362073314065862e-01 -1.435085096601334840e+02
1.340000000000000000e+03 -4.828547108551183298e-01 -7.783511424673715817e-01 9.159580627819390308e-01 -1.445828637731258084e+02
1.350000000000000000e+03 -4.464338177685360232e-01 -7.807512357412513815e-01 8.993751418395338204e-01 -1.456570373411525168e+02
1.360000000000000000e+03 -4.105254713541871547e-01 -7.819752076409764996e-01 8.831853644596505681e-01 -1.467310464796839256e+02
1.370000000000000000e+03 -3.751697461251609633e-01 -7.820510814034810076e-01 8.673847083802963542e-01 -1.478049077688325497e+02
1.380000000000000000e+03 -3.404047220564377918e-01 -7.810080390071127976e-01 8.519676823636307406e-01 -1.488786382526618581e+02
1.390000000000000000e+03 -3.062664837587752431e-01 -7.788762224634564468e-01 8.369273140440022241e-01 -1.499522553538673435e+02
1.400000000000000000e+03 -2.727887126594246148e-01 -7.756865502780684318e-01 8.222550127768614159e-01 -1.510257762830375157e+02
1.410000000000000000e+03 -2.400025501931159488e-01 -7.714704934628070498e-01 8.079405586941071915e-01 -1.520992176657551909e+02
1.420000000000000000e+03 -2.079368248710562472e-01 -7.662599701593889590e-01 7.939723326452402530e-01 -1.531725955056533337e+02
1.430000000000000000e+03 -1.766181014128331006e-01 -7.600875967143878587e-01 7.803378168624969247e-01 -1.542459248543821104e+02
1.440000000000000000e+03 -1.460707053772328234e-01 -7.529868290236670925e-01 7.670239993980108029e-01 -1.553192195629969490e+02
1.450000000000000000e+03 -1.163169895289091899e-01 -7.449917613867946820e-01 7.540174842715964276e-01 -1.563924924875964280e+02
1.460000000000000000e+03 -8.737731950488922261e-02 -7.361369270948415755e-01 7.413045065264985967e-01 -1.574657553451865510e+02
1.470000000000000000e+03 -5.926994669837017116e-02 -7.264571768413308206e-01 7.288710149031200070e-01 -1.585390183761298033e+02
1.480000000000000000e+03 -3.201087564275482966e-02 -7.159877428253598186e-01 7.167029677876111116e-01 -1.596122899586201811e+02
1.490000000000000000e+03 -5.613892747118113570e-03 -7.047644213034577332e-01 7.047867800455495102e-01 -1.606855764813295480e+02
1.500000000000000000e+03 1.990901440892236390e-02 -6.928236554946368697e-01 6.931096496714541644e-01 -1.617588828765464939e+02
1.510000000000000000e+03 4.454738248191109778e-02 -6.802022523108817165e-01 6.816594262054813669e-01 -1.628322130353592456e+02
1.520000000000000000e+03 6.829231698892497537e-02 -6.669369501913136045e-01 6.704242955697582440e-01 -1.639055697057871157e+02
1.530000000000000000e+03 9.113667772473078854e-02 -6.530644150483017052e-01 6.593929209728308649e-01 -1.649789541439537288e+02
1.540000000000000000e+03 1.130752869053829462e-01 -6.386216888864778563e-01 6.485550724687549895e-01 -1.660523658545715762e+02
1.550000000000000000e+03 1.341046611951971779e-01 -6.236463149737878631e-01 6.379018626204688847e-01 -1.671258031291003476e+02
1.560000000000000000e+03 1.542227192638741806e-01 -6.081759320144294323e-01 6.274253831482781152e-01 -1.681992635277838701e+02
1.570000000000000000e+03 1.734288066038556508e-01 -5.922479825813223853e-01 6.171184844352693988e-01 -1.692727438274241933e+02
1.580000000000000000e+03 1.917236581384629268e-01 -5.758995870294028041e-01 6.069747074060259928e-01 -1.703462400651293933e+02
1.590000000000000000e+03 2.091091535422619774e-01 -5.591674062313380933e-01 5.969881291002724355e-01 -1.714197478756247222e+02
1.600000000000000000e+03 2.255882551361290678e-01 -5.420879217027456676e-01 5.871536219009173552e-01 -1.724932627858426883e+02
1.610000000000000000e+03 2.411652858887708695e-01 -5.246976824432637576e-01 5.774671878809606307e-01 -1.735667800788521618e+02
1.620000000000000000e+03 2.558460062808732838e-01 -5.070329379634812561e-01 5.679256809739740008e-01 -1.746402946098420443e+02
1.630000000000000000e+03 2.696371583316647391e-01 -4.891293620610491222e-01 5.585263914833605847e-01 -1.757138014136316428e+02
1.640000000000000000e+03 2.825461755201832958e-01 -4.710220642485052900e-01 5.492668989753571873e-01 -1.767872962153915637e+02
1.650000000000000000e+03 2.945811263270350366e-01 -4.527455330280060197e-01 5.401449413490029272e-01 -1.778607755085411100e+02
1.660000000000000000e+03 3.057508987229409780e-01 -4.343336104974170886e-01 5.311584483726189410e-01 -1.789342362653987379e+02
1.670000000000000000e+03 3.160655170269631720e-01 -4.158194519581590587e-01 5.223056841355503410e-01 -1.800076754305178497e+02
1.680000000000000000e+03 3.255361057132437064e-01 -3.972355507035941757e-01 5.135852790586310501e-01 -1.810810900474058371e+02
1.690000000000000000e+03 3.341746841818774572e-01 -3.786137820253776543e-01 5.049961539334906213e-01 -1.821544776883732482e+02
1.700000000000000000e+03 3.419939658393897353e-01 -3.599853324536770871e-01 4.965373221141972659e-01 -1.832278367298531236e+02
1.710000000000000000e+03 3.490071191499544700e-01 -3.413802001554573917e-01 4.882073435288849517e-01 -1.843011660010201922e+02
1.720000000000000000e+03 3.552279982570645256e-01 -3.228269327195970595e-01 4.800043325167641650e-01 -1.853744638673487373e+02
1.730000000000000000e+03 3.606715579574760744e-01 -3.043530137469781516e-01 4.719266147361698693e-01 -1.864477280294866546e+02
1.740000000000000000e+03 3.653536029237700600e-01 -2.859850932080991170e-01 4.639727672036635386e-01 -1.875209562216033135e+02
1.750000000000000000e+03 3.692905711164054527e-01 -2.677489414843282067e-01 4.561414490938738853e-01 -1.885941464513428230e+02
1.760000000000000000e+03 3.724995376144539794e-01 -2.496692365455601692e-01 4.484313026542915970e-01 -1.896672965976093224e+02
1.770000000000000000e+03 3.749981653346855515e-01 -2.317696457574828506e-01 4.408410061449924422e-01 -1.907404045539301194e+02
1.780000000000000000e+03 3.768046542354485662e-01 -2.140728816739368712e-01 4.333692953148380878e-01 -1.918134683581968432e+02
1.790000000000000000e+03 3.779376783216528701e-01 -1.966004208721441604e-01 4.260148051209786124e-01 -1.928864856564291586e+02
1.800000000000000000e+03 3.784164243459624544e-01 -1.793724332571074165e-01 4.187761454851016141e-01 -1.939594533800076022e+02
1.810000000000000000e+03 3.782607544955896017e-01 -1.624082118303301903e-01 4.116523116192815634e-01 -1.950323684204070389e+02
1.820000000000000000e+03 3.774912048741135284e-01 -1.457263467816380664e-01 4.046427781434288606e-01 -1.961052281395992907e+02
1.830000000000000000e+03 3.761288785812469393e-01 -1.293446159412039720e-01 3.977473607401612599e-01 -1.971780303962351866e+02
1.840000000000000000e+03 3.741953117317454724e-01 -1.132796426308767535e-01 3.909659943736761289e-01 -1.982507729547183715e+02
1.850000000000000000e+03 3.717123568223692498e-01 -9.754681980526003215e-02 3.842986576460555859e-01 -1.993234533716575640e+02
1.860000000000000000e+03 3.687021967037056314e-01 -8.216078060943780847e-02 3.777455542087692630e-01 -2.003960701566986131e+02
1.870000000000000000e+03 3.651873113653085756e-01 -6.713543525437695725e-02 3.713070684070227667e-01 -2.014686230244855665e+02
1.880000000000000000e+03 3.611906322610465292e-01 -5.248371549162011290e-02 3.649838533756526449e-01 -2.025411122901751924e+02
1.890000000000000000e+03 3.567354678970244275e-01 -3.821755908564921506e-02 3.587767772280893164e-01 -2.036135390078033538e+02
1.900000000000000000e+03 3.518450466571437230e-01 -2.434788149570845522e-02 3.526864842753358320e-01 -2.046859051289350759e+02
1.910000000000000000e+03 3.465424386222804576e-01 -1.088455612675774675e-02 3.467133330697761973e-01 -2.057582133838075720e+02
1.920000000000000000e+03 3.408508858774236816e-01 2.163366527244462399e-03 3.408577512073852067e-01 -2.068304678192520214e+02
1.930000000000000000e+03 3.347938646154918207e-01 1.478744966059971321e-02 3.351202775894664421e-01 -2.079026745628468973e+02
1.940000000000000000e+03 3.283946867998139285e-01 2.697992466436246670e-02 3.295011178330698454e-01 -2.089748417876277529e+02
1.950000000000000000e+03 3.216762059636212312e-01 3.873391026528556075e-02 3.239998414931545279e-01 -2.100469789152362523e+02
1.960000000000000000e+03 3.146608424578957175e-01 5.004342425963172192e-02 3.186154266320797013e-01 -2.111190963399079692e+02
1.970000000000000000e+03 3.073707087781483160e-01 6.090312560926120639e-02 3.133463631889776835e-01 -2.121912060619488329e+02
1.980000000000000000e+03 2.998277889068599045e-01 7.130827972670075732e-02 3.081908073878225629e-01 -2.132633217883708880e+02
1.990000000000000000e+03 2.920537928928468863e-01 8.125508404720788169e-02 3.031465101673062601e-01 -2.143354577332969768e+02
2.000000000000000000e+03 2.840699564491200313e-01 9.074068726534777196e-02 2.982106847220478141e-01 -2.154076281813062792e+02
2.010000000000000000e+03 2.758969582896753647e-01 9.976311446990468457e-02 2.933799764848142866e-01 -2.164798473331999560e+02
2.020000000000000000e+03 2.675551205636164664e-01 1.083211749410378510e-01 2.886506876493078466e-01 -2.175521295195503058e+02
2.030000000000000000e+03 2.590646514542687684e-01 1.164145101266595844e-01 2.840190694322335396e-01 -2.186244892058859079e+02
2.040000000000000000e+03 2.504453794689968094e-01 1.240436609131166518e-01 2.794811584169817897e-01 -2.196969403540649921e+02
2.050000000000000000e+03 2.417162815937844988e-01 1.312099991876021221e-01 2.750324065893622327e-01 -2.207694956574102036e+02
2.060000000000000000e+03 2.328955436280766844e-01 1.379155057263337092e-01 2.706677316592573934e-01 -2.218421668699200211e+02
2.070000000000000000e+03 2.240009646653008946e-01 1.441625866372789333e-01 2.663818378886524951e-01 -2.229149657564378231e+02
2.080000000000000000e+03 2.150500158703312070e-01 1.499543550703588413e-01 2.621694450739768256e-01 -2.239879031741335496e+02
2.090000000000000000e+03 2.060595474645183223e-01 1.552949916515319606e-01 2.580253311853924481e-01 -2.250609872024226661e+02
2.100000000000000000e+03 1.970457544520328175e-01 1.601897473193580335e-01 2.539444515909149991e-01 -2.261342228572436852e+02
2.110000000000000000e+03 1.880243178317038966e-01 1.646446312474690032e-01 2.499219852167725020e-01 -2.272076132464691511e+02
2.120000000000000000e+03 1.790103964585357255e-01 1.686661696232803487e-01 2.459532451821510590e-01 -2.282811601969599451e+02
2.130000000000000000e+03 1.700185539189056072e-01 1.722614067737405774e-01 2.420336772855049001e-01 -2.293548639379415590e+02
2.140000000000000000e+03 1.610627798558669499e-01 1.754379361622186162e-01 2.381589563710719559e-01 -2.304287229466343945e+02
2.150000000000000000e+03 1.521566609020038874e-01 1.782038734707583616e-01 2.343251373131561011e-01 -2.315027344954138186e+02
2.160000000000000000e+03 1.433134233643991728e-01 1.805678530204752885e-01 2.305287115759064864e-01 -2.325768948721841980e+02
2.170000000000000000e+03 1.345458436834119920e-01 1.825390908907099652e-01 2.267666283995244392e-01 -2.336511990205638369e+02
2.180000000000000000e+03 1.258659868021513306e-01 1.841275065920313370e-01 2.230362869971563022e-01 -2.347256393732984634e+02
2.190000000000000000e+03 1.172850709579924683e-01 1.853436234603330623e-01 2.193354659580321053e-01 -2.358002055768791365e+02
2.200000000000000000e+03 1.088137503934140798e-01 1.861982240864973326e-01 2.156622612504229819e-01 -2.368748863311905097e+02
2.210000000000000000e+03 1.004624745414225279e-01 1.867022710710151412e-01 2.120152042049361918e-01 -2.379496710376523936e+02
2.220000000000000000e+03 9.224157147629739872e-02 1.868671079388983247e-01 2.083934344883848766e-01 -2.390245499491471151e+02
2.230000000000000000e+03 8.416102729619856504e-02 1.867044921623267906e-01 2.047965964295887231e-01 -2.400995135235963289e+02
2.240000000000000000e+03 7.623024655322881149e-02 1.862265158087537953e-01 2.012246646905743452e-01 -2.411745517548958730e+02
2.250000000000000000e+03 6.845803018962316744e-02 1.854455212544791620e-01 1.976778774946474360e-01 -2.422496543038834602e+02
2.260000000000000000e+03 6.085256710264558971e-02 1.843739827853478341e-01 1.941566389570898166e-01 -2.433248106931122265e+02
2.270000000000000000e+03 5.342145249801293072e-02 1.830245070430800980e-01 1.906615371944743731e-01 -2.444000103778985817e+02
2.280000000000000000e+03 4.617179249030080312e-02 1.814098258551283815e-01 1.871933741844390431e-01 -2.454752433070636926e+02
2.290000000000000000e+03 3.911019894371593059e-02 1.795428243735866791e-01 1.837531862185296516e-01 -2.465504999602473788e+02
2.300000000000000000e+03 3.224281524664263793e-02 1.774364132885012380e-01 1.803421190285756370e-01 -2.476257717516250807e+02
2.310000000000000000e+03 2.557528785954170034e-02 1.751033302118440438e-01 1.769612149607266982e-01 -2.487010511005922240e+02
2.320000000000000000e+03 1.911276872706351229e-02 1.725563400657555424e-01 1.736116022197332631e-01 -2.497763311977383012e+02
2.330000000000000000e+03 1.286000258976779075e-02 1.698083172288972209e-01 1.702945808495344437e-01 -2.508516065426207149e+02
2.340000000000000000e+03 6.821410061755166059e-03 1.668719632137738718e-01 1.670113281847962483e-01 -2.519268737270176359e+02
2.350000000000000000e+03 1.001002027302061188e-03 1.637597474132598263e-01 1.637628067600006565e-01 -2.530021309155145559e+02
2.360000000000000000e+03 -4.597610349702767850e-03 1.604841487735365613e-01 1.605499923030029585e-01 -2.540773778229829247e+02
2.370000000000000000e+03 -9.971236112347120831e-03 1.570577164205530785e-01 1.573739236241094852e-01 -2.551526157414544400e+02
2.380000000000000000e+03 -1.511722397455981040e-02 1.534928366301624714e-01 1.542354737324418135e-01 -2.562278468276614376e+02
2.390000000000000000e+03 -2.003347839319152487e-02 1.498015708482234032e-01 1.511352072983848660e-01 -2.573030737429668307e+02
2.400000000000000000e+03 -2.471839006923628665e-02 1.459957598479244556e-01 1.480734976327220676e-01 -2.583782999166650711e+02
2.410000000000000000e+03 -2.917089281975536463e-02 1.420870330184867969e-01 1.450505633904888014e-01 -2.594535290154261133e+02
2.420000000000000000e+03 -3.339042493874255085e-02 1.380866808780722155e-01 1.420663644692590766e-01 -2.605287648252022450e+02
2.430000000000000000e+03 -3.737679215102427538e-02 1.340056148789710577e-01 1.391205571099827787e-01 -2.616040118007359752e+02
2.440000000000000000e+03 -4.113017191681384022e-02 1.298543746760308371e-01 1.362125165482587497e-01 -2.626792747173394673e+02
2.450000000000000000e+03 -4.465107672415354750e-02 1.256431617550094193e-01 1.333413767306371733e-01 -2.637545586667528710e+02
2.460000000000000000e+03 -4.794038616342499032e-02 1.213820157656335386e-01 1.305062235176040197e-01 -2.648298690196462530e+02
2.470000000000000000e+03 -5.099944536390744326e-02 1.170808490040114030e-01 1.277061808642255825e-01 -2.659052107718705997e+02
2.480000000000000000e+03 -5.383015195299416938e-02 1.127492439177273376e-01 1.249402947943601405e-01 -2.669805872102317608e+02
2.490000000000000000e+03 -5.643488394546748721e-02 1.083963395647768446e-01 1.222074570432622603e-01 -2.680559996829484817e+02
2.500000000000000000e+03 -5.881633142538039011e-02 1.040309964111559848e-01 1.195065230714965482e-01 -2.691314490196913880e+02
2.510000000000000000e+03 -6.097748560529120398e-02 9.966186563312230684e-02 1.168363865078769909e-01 -2.702069357396625833e+02
2.520000000000000000e+03 -6.292167696605953375e-02 9.529726224673802648e-02 1.141959089632579999e-01 -2.712824591081496806e+02
2.530000000000000000e+03 -6.465261182757454927e-02 9.094510007325429246e-02 1.115839210794336289e-01 -2.723580162617246856e+02
2.540000000000000000e+03 -6.617434393424920236e-02 8.661286973421965241e-02 1.089992339364144747e-01 -2.734336019085188241e+02
2.550000000000000000e+03 -6.749125621584406431e-02 8.230762857167815694e-02 1.064406660383428876e-01 -2.745092079753268308e+02
2.560000000000000000e+03 -6.860811412949145704e-02 7.803623855823293987e-02 1.039073041355744464e-01 -2.755848242850606766e+02
2.570000000000000000e+03 -6.952996093551218337e-02 7.380541206604576687e-02 1.013984926807724452e-01 -2.766604396653445974e+02
2.580000000000000000e+03 -7.026198347323492355e-02 6.962148978620942563e-02 9.891358936791445899e-02 -2.777360414686564809e+02
2.590000000000000000e+03 -7.080959561824096138e-02 6.549055301714386268e-02 9.645211955219097633e-02 -2.788116155135093663e+02
2.600000000000000000e+03 -7.117855768044696607e-02 6.141839422180282032e-02 9.401386186224612584e-02 -2.798871449589095164e+02
2.610000000000000000e+03 -7.137498842598598292e-02 5.741048248657495273e-02 9.159886719905963037e-02 -2.809626098875829712e+02
2.620000000000000000e+03 -7.140520573270367488e-02 5.347198254506511927e-02 8.920737818717400236e-02 -2.820379884844703042e+02
2.630000000000000000e+03 -7.127557559073775806e-02 4.960766829485552254e-02 8.683967082758539680e-02 -2.831132571414342465e+02
2.640000000000000000e+03 -7.099243933006181562e-02 4.582198869408751069e-02 8.449604185944802059e-02 -2.841883912046433807e+02
2.650000000000000000e+03 -7.056222667035857987e-02 4.211925014678215978e-02 8.217699839739994738e-02 -2.852633658754676276e+02
2.660000000000000000e+03 -6.999164469430022018e-02 3.850354135175419745e-02 7.988337138378305557e-02 -2.863381544998622417e+02
2.670000000000000000e+03 -6.928761285223350441e-02 3.497869819060188401e-02 7.761625230497933015e-02 -2.874127288534214131e+02
2.680000000000000000e+03 -6.845706434546676433e-02 3.154836454166955878e-02 7.537684633926687583e-02 -2.884870612188445307e+02
2.690000000000000000e+03 -6.750695756245971013e-02 2.821591187237207365e-02 7.316643357530284997e-02 -2.895611235408170501e+02
2.700000000000000000e+03 -6.644435321939411165e-02 2.498425206546277602e-02 7.098637141039249032e-02 -2.906348846302918787e+02
2.710000000000000000e+03 -6.527623127042800344e-02 2.185590230511055831e-02 6.883797523490170489e-02 -2.917083115743172925e+02
2.720000000000000000e+03 -6.400938641185047184e-02 1.883328334821007810e-02 6.672251576863356959e-02 -2.927813740326243419e+02
2.730000000000000000e+03 -6.265057598592693733e-02 1.591868033938925731e-02 6.464131074719992043e-02 -2.938540433278589035e+02
2.740000000000000000e+03 -6.120662159229844218e-02 1.311402701078738867e-02 6.259575250112801859e-02 -2.949262891665681536e+02
2.750000000000000000e+03 -5.968432307984784108e-02 1.042092883717096567e-02 6.058724436157365834e-02 -2.959980803136985514e+02
2.760000000000000000e+03 -5.809031990041823440e-02 7.840778537203224249e-03 5.861708858517619691e-02 -2.970693868504044417e+02
2.770000000000000000e+03 -5.643112939533290878e-02 5.374760128071818903e-03 5.668650995842940826e-02 -2.981401801880202811e+02
2.780000000000000000e+03 -5.471315515675252705e-02 3.023838784561660043e-03 5.479665088490258407e-02 -2.992104329968023535e+02
2.790000000000000000e+03 -5.294259955474975299e-02 7.887429782083902035e-04 5.294847460598144789e-02 -3.002801190151641322e+02
2.800000000000000000e+03 -5.112550224849105734e-02 -1.330078256899013293e-03 5.114280094333844423e-02 -3.013492119612552642e+02
2.810000000000000000e+03 -4.926779200322735364e-02 -3.332465637076588265e-03 4.938036711179422805e-02 -3.024176850696869110e+02
2.820000000000000000e+03 -4.737527060714460253e-02 -5.218481384452255262e-03 4.766181713971943956e-02 -3.034855123201268725e+02
2.830000000000000000e+03 -4.545359306612813122e-02 -6.988356436043247771e-03 4.598767496078007277e-02 -3.045526695120194063e+02
2.840000000000000000e+03 -4.350831771280073285e-02 -8.642529522822213831e-03 4.435839296853373581e-02 -3.056191336884490966e+02
2.850000000000000000e+03 -4.154491738972523190e-02 -1.018173596316475360e-02 4.277438378448830680e-02 -3.066848813957965376e+02
2.860000000000000000e+03 -3.956870050906429598e-02 -1.160698704641950282e-02 4.123595771013176259e-02 -3.077498887042928004e+02
2.870000000000000000e+03 -3.758465365378895612e-02 -1.291950769612374220e-02 3.974317387156531961e-02 -3.088141311259666963e+02
2.880000000000000000e+03 -3.559737718380538013e-02 -1.412068936389159098e-02 3.829578476121920511e-02 -3.098775829021096797e+02
2.890000000000000000e+03 -3.361124017788832963e-02 -1.521213220659356317e-02 3.689341990879371064e-02 -3.109402158368912410e+02
2.900000000000000000e+03 -3.163048813979175283e-02 -1.619568411289868878e-02 3.553572799094322637e-02 -3.120019986838313457e+02
2.910000000000000000e+03 -2.965930742356022443e-02 -1.707338499611321669e-02 3.422243404655429116e-02 -3.130628992859147957e+02
2.920000000000000000e+03 -2.770183884386874865e-02 -1.784745611172539048e-02 3.295335438148352947e-02 -3.141228856844922461e+02
2.930000000000000000e+03 -2.576207031623070631e-02 -1.852026338877563530e-02 3.172829057746474890e-02 -3.151819260875953432e+02
2.940000000000000000e+03 -2.384375609635850518e-02 -1.909432062347618184e-02 3.054697668926895787e-02 -3.162399873308104361e+02
2.950000000000000000e+03 -2.195037752355254168e-02 -1.957238156791660938e-02 2.940913452767018182e-02 -3.172970310873328685e+02
2.960000000000000000e+03 -2.008522092928085798e-02 -1.995740652487376643e-02 2.831455765109347142e-02 -3.183530158234763121e+02
2.970000000000000000e+03 -1.825148597247739854e-02 -2.025244945612432804e-02 2.726313351719515318e-02 -3.194079028169904859e+02
2.980000000000000000e+03 -1.645232617750752926e-02 -2.046061089636107277e-02 2.625482117446982511e-02 -3.204616601443428863e+02
2.990000000000000000e+03 -1.469075082123963427e-02 -2.058509094713975585e-02 2.528960515693687294e-02 -3.215142605846081096e+02
3.000000000000000000e+03 -1.296945295939442265e-02 -2.062926499754194967e-02 2.436746364324268721e-02 -3.225656755132078501e+02
3.010000000000000000e+03 -1.129091131355402892e-02 -2.059660984627006280e-02 2.348840172191397208e-02 -3.236158803077764787e+02
3.020000000000000000e+03 -9.657513981946414319e-03 -2.049059652252268465e-02 2.265241978598112743e-02 -3.246648626686840657e+02
3.030000000000000000e+03 -8.071474707856424874e-03 -2.031475020340410900e-02 2.185950090432700610e-02 -3.257126203837171943e+02
3.040000000000000000e+03 -6.534903407972753563e-03 -2.007268098249733942e-02 2.110965381944110084e-02 -3.267591658932397536e+02
3.050000000000000000e+03 -5.049864100780085928e-03 -1.976792911123321714e-02 2.040274855952229835e-02 -3.278045341354167022e+02
3.060000000000000000e+03 -3.618243335604072897e-03 -1.940399761225465591e-02 1.973846012666711711e-02 -3.288487774572016633e+02
3.070000000000000000e+03 -2.241670160107117962e-03 -1.898447119739635203e-02 1.911636031653218132e-02 -3.298919606247041543e+02
3.080000000000000000e+03 -9.215873382607779737e-04 -1.851301086432533341e-02 1.853593522012500147e-02 -3.309341651747487276e+02
3.090000000000000000e+03 3.407362325395750643e-04 -1.799332043670637954e-02 1.799654637751812308e-02 -3.319754911576484346e+02
3.100000000000000000e+03 1.544234265176676422e-03 -1.742907081842172759e-02 1.749734748638506060e-02 -3.330160554037281031e+02
3.110000000000000000e+03 2.687975032582244194e-03 -1.682383482433782995e-02 1.703721303419041683e-02 -3.340559929238256700e+02
3.120000000000000000e+03 3.771137996064551946e-03 -1.618111535368891088e-02 1.661475175483367525e-02 -3.350954549346562317e+02
3.130000000000000000e+03 4.792968683980574317e-03 -1.550434097289279251e-02 1.622828203505659664e-02 -3.361346073812916302e+02
3.140000000000000000e+03 5.752871837410531222e-03 -1.479688527734361429e-02 1.587587315042985128e-02 -3.371736208641140138e+02
3.150000000000000000e+03 6.650555454789010106e-03 -1.406206047132489700e-02 1.555543096659240884e-02 -3.382126569020066427e+02
3.160000000000000000e+03 7.485956505549735095e-03 -1.330308806748542981e-02 1.526472066348597174e-02 -3.392518667033085649e+02
3.170000000000000000e+03 8.259153918663953917e-03 -1.252315557028253062e-02 1.500143489435862287e-02 -3.402913936807539699e+02
3.180000000000000000e+03 8.970274133924899251e-03 -1.172539074044047155e-02 1.476315027539072504e-02 -3.413313746767457815e+02
3.190000000000000000e+03 9.619504763701346162e-03 -1.091288732192402348e-02 1.454737026406776289e-02 -3.423719367262789319e+02
3.200000000000000000e+03 1.020722822574923229e-02 -1.008873415918733370e-02 1.435165722093741970e-02 -3.434131893080118516e+02
3.210000000000000000e+03 1.073405903610814144e-02 -9.255893996432982412e-03 1.417362328636749720e-02 -3.444552164861457300e+02
3.220000000000000000e+03 1.120074332507879113e-02 -8.417150392265516923e-03 1.401089118365825455e-02 -3.454980779231577799e+02
3.230000000000000000e+03 1.160808841819990431e-02 -7.575158947256585909e-03 1.386112368464217579e-02 -3.465418133134789400e+02
3.240000000000000000e+03 1.195703292930805177e-02 -6.732481998521154878e-03 1.372213359259297043e-02 -3.475864412895843998e+02
3.250000000000000000e+03 1.224868299548885660e-02 -5.891694863481587718e-03 1.359199409536191762e-02 -3.486319669817453928e+02
3.260000000000000000e+03 1.248426285572655503e-02 -5.055416152316409562e-03 1.346900336045601422e-02 -3.496783897825690701e+02
3.270000000000000000e+03 1.266501215922232956e-02 -4.226113950810847682e-03 1.335150074405448695e-02 -3.507256956513014643e+02
3.280000000000000000e+03 1.279216828853268519e-02 -3.406018070628015829e-03 1.323784456093913403e-02 -3.517738502709440809e+02
3.290000000000000000e+03 1.286710160634448388e-02 -2.597252490832538657e-03 1.312661511011611187e-02 -3.528228052503966410e+02
3.300000000000000000e+03 1.289134415643787904e-02 -1.801899257808751596e-03 1.301666605145176264e-02 -3.538725055302760438e+02
3.310000000000000000e+03 1.286646481804219408e-02 -1.021977210751757494e-03 1.290698858499586196e-02 -3.549228925002149708e+02
3.320000000000000000e+03 1.279406426426749413e-02 -2.594385263574992178e-04 1.279669444611244468e-02 -3.559739046452843922e+02
3.330000000000000000e+03 1.267585853235280932e-02 4.838408894804955814e-04 1.268508933900565003e-02 -3.570254776412816682e+02
3.340000000000000000e+03 1.251369465748805761e-02 1.206134772771725499e-03 1.257168704156026370e-02 -3.580775410241489567e+02
3.350000000000000000e+03 1.230950831168487782e-02 1.905942386374638977e-03 1.245618766941228132e-02 -3.591300142448469614e+02
3.360000000000000000e+03 1.206523095778114403e-02 2.581965358165543966e-03 1.233840926438118345e-02 -3.601828087689086715e+02
3.370000000000000000e+03 1.178270457442052825e-02 3.232959675018066276e-03 1.221818952825513144e-02 -3.612358380023254085e+02
3.380000000000000000e+03 1.146373446526412557e-02 3.857615816745654617e-03 1.209538786809628667e-02 -3.622890261238604239e+02
3.390000000000000000e+03 1.111024687754059992e-02 4.454654394352666573e-03 1.197002637645490711e-02 -3.633423042409182813e+02
3.400000000000000000e+03 1.072424610390614215e-02 5.023004988115430808e-03 1.184229849344199496e-02 -3.643955975463348409e+02
3.410000000000000000e+03 1.030769338501893659e-02 5.561838970699019800e-03 1.171249741325689625e-02 -3.654488203223857568e+02
3.420000000000000000e+03 9.862559798392723370e-03 6.070469058055699349e-03 1.158104832740473357e-02 -3.665018860467938566e+02
3.430000000000000000e+03 9.390899486809467164e-03 6.548274620316939937e-03 1.144853238080957049e-02 -3.675547177720175682e+02
3.440000000000000000e+03 8.894821567661746406e-03 6.994714593940195603e-03 1.131564770444982125e-02 -3.686072483384204475e+02
3.450000000000000000e+03 8.376425902684227556e-03 7.409327722744603155e-03 1.118314124949653689e-02 -3.696594187329271222e+02
3.460000000000000000e+03 7.837799830818023214e-03 7.791726038640684089e-03 1.105179174836380500e-02 -3.707111790825370008e+02
3.470000000000000000e+03 7.281058662502690702e-03 8.141580597913587389e-03 1.092241502045808617e-02 -3.717624929926170125e+02
3.480000000000000000e+03 6.708334548829676842e-03 8.458654260633097915e-03 1.079585959152620268e-02 -3.728133362329093643e+02
3.490000000000000000e+03 6.121661475422391155e-03 8.742865811952492058e-03 1.067297717722090651e-02 -3.738636860882782571e+02
3.500000000000000000e+03 5.522974423874641922e-03 8.994245079598771689e-03 1.055460520524856630e-02 -3.749135241405605825e+02
3.510000000000000000e+03 4.914205136300598027e-03 9.212881341792648893e-03 1.044158008826223151e-02 -3.759628468691706757e+02
3.520000000000000000e+03 4.297330085068102982e-03 9.398944509152898016e-03 1.033475707243120684e-02 -3.770116700242656975e+02
3.530000000000000000e+03 3.674340830714897376e-03 9.552660807652470221e-03 1.023494548330953179e-02 -3.780600288261819628e+02
3.540000000000000000e+03 3.047185431212340138e-03 9.674248436353598962e-03 1.014280147989118398e-02 -3.791079748102902727e+02
3.550000000000000000e+03 2.417734150564915512e-03 9.763976234519217146e-03 1.005886028986703595e-02 -3.801555683819084379e+02
3.560000000000000000e+03 1.787785009400823938e-03 9.822269709892510886e-03 9.983644499565787894e-03 -3.812028755532801938e+02
3.570000000000000000e+03 1.159103194980195487e-03 9.849683364705064462e-03 9.917650054401041040e-03 -3.822499735393673177e+02
3.580000000000000000e+03 5.334008310105659793e-04 9.846836389281960270e-03 9.861272905858054286e-03 -3.832969499341472215e+02
3.590000000000000000e+03 -8.770031111879929276e-05 9.814379438957399754e-03 9.814771271731201688e-03 -3.843438973968943060e+02
3.600000000000000000e+03 -7.026334756327320182e-04 9.753005254915708688e-03 9.778282328890547728e-03 -3.853909145439494637e+02
3.610000000000000000e+03 -1.309892533051575103e-03 9.663472452546756353e-03 9.751846916829358738e-03 -3.864381033161744199e+02
3.620000000000000000e+03 -1.908067602924446533e-03 9.546586407575460495e-03 9.735401071072234333e-03 -3.874855633706135905e+02
3.630000000000000000e+03 -2.495819170242675675e-03 9.403182753026907703e-03 9.728769666169177072e-03 -3.885333923051641136e+02
3.640000000000000000e+03 -3.071856846598667885e-03 9.234136279902604993e-03 9.731679059741368126e-03 -3.895816857922106919e+02
3.650000000000000000e+03 -3.634960441385490671e-03 9.040348279799909070e-03 9.743758742421662275e-03 -3.906305332270889039e+02
3.660000000000000000e+03 -4.183963604648603500e-03 8.822791077235728197e-03 9.764588769506605398e-03 -3.916800195092714603e+02
3.670000000000000000e+03 -4.717744296564138975e-03 8.582566136982536231e-03 9.793750698452702297e-03 -3.927302284630255826e+02
3.680000000000000000e+03 -5.235257697506437262e-03 8.320826615808745927e-03 9.830772031211567827e-03 -3.937812369894135145e+02
3.690000000000000000e+03 -5.735543754777644096e-03 8.038650794260308180e-03 9.875037658410761379e-03 -3.948331068051965644e+02
3.700000000000000000e+03 -6.217714431639427379e-03 7.737066832810573884e-03 9.925833764918423965e-03 -3.958858845488801421e+02
3.710000000000000000e+03 -6.680960914744777865e-03 7.417171343820211198e-03 9.982468106031448796e-03 -3.969396079280074332e+02
3.720000000000000000e+03 -7.124560723225639366e-03 7.080149474084367241e-03 1.004429599694804838e-02 -3.979943083899572116e+02
3.730000000000000000e+03 -7.547851331193127129e-03 6.727214476801088652e-03 1.011066141924829749e-02 -3.990500106678536554e+02
3.740000000000000000e+03 -7.950199300556286264e-03 6.359554587753604368e-03 1.018084492923763094e-02 -4.001067312821917312e+02
3.750000000000000000e+03 -8.331023650655961302e-03 5.978302316202424929e-03 1.025407497786612852e-02 -4.011644741847784985e+02
3.760000000000000000e+03 -8.689859299952487626e-03 5.584552348064810920e-03 1.032961178269769034e-02 -4.022232287897597303e+02
3.770000000000000000e+03 -9.026351153869814625e-03 5.179435696072431060e-03 1.040680398982878063e-02 -4.032829783307258822e+02
3.780000000000000000e+03 -9.340197703787167169e-03 4.764146919879120277e-03 1.048505550867637366e-02 -4.043437071933494735e+02
3.790000000000000000e+03 -9.631135891153226603e-03 4.339881972181497058e-03 1.056377556020222409e-02 -4.054053974588320557e+02
3.800000000000000000e+03 -9.898970329221077474e-03 3.907789379648412588e-03 1.064238842621768703e-02 -4.064680240016417656e+02
3.810000000000000000e+03 -1.014358345157249236e-02 3.468962790045060536e-03 1.072035391569385251e-02 -4.075315543027247713e+02
3.820000000000000000e+03 -1.036488463180715476e-02 3.024473593211604583e-03 1.079714193417436081e-02 -4.085959537397623649e+02
3.830000000000000000e+03 -1.056282342026474905e-02 2.575413191320471105e-03 1.087225789400348037e-02 -4.096611892322022186e+02
3.840000000000000000e+03 -1.073743430956521257e-02 2.122893356103502417e-03 1.094528079829917323e-02 -4.107272289737310871e+02
3.850000000000000000e+03 -1.088882889158666357e-02 1.668009124702005694e-03 1.101584536340001474e-02 -4.117940404766478650e+02
3.860000000000000000e+03 -1.101717852784717643e-02 1.211809727321530149e-03 1.108362330331051811e-02 -4.128615890922492895e+02
3.870000000000000000e+03 -1.112270900253131342e-02 7.552970799193055914e-04 1.114832405493874044e-02 -4.139298385002990699e+02
3.880000000000000000e+03 -1.120572283826267064e-02 2.994513733660184984e-04 1.120972325496808961e-02 -4.149987534487265179e+02
3.890000000000000000e+03 -1.126660084528058846e-02 -1.547579863668203297e-04 1.126766367270613800e-02 -4.160683015996475547e+02
3.900000000000000000e+03 -1.130575099088569624e-02 -6.063608725988359769e-04 1.132199977811922283e-02 -4.171384551100417752e+02
3.910000000000000000e+03 -1.132358223256508221e-02 -1.054356684258318192e-03 1.137256271010645206e-02 -4.182091928416377868e+02
3.920000000000000000e+03 -1.132053266302165614e-02 -1.497716626713855356e-03 1.141917750402695816e-02 -4.192804997390611561e+02
3.930000000000000000e+03 -1.129706918832204358e-02 -1.935451471565370661e-03 1.146166413068014540e-02 -4.203523607003167513e+02
3.940000000000000000e+03 -1.125365822871998364e-02 -2.366685070970446416e-03 1.149982703148144658e-02 -4.214247537590806019e+02
3.950000000000000000e+03 -1.119079231791837541e-02 -2.790643900608399258e-03 1.153349583096052386e-02 -4.224976514327427708e+02
3.960000000000000000e+03 -1.110904328004473814e-02 -3.206568828628621366e-03 1.156256572957057270e-02 -4.235710297278334906e+02
3.970000000000000000e+03 -1.100904766879686608e-02 -3.613658392682276514e-03 1.158696066934054858e-02 -4.246448731764522222e+02
3.980000000000000000e+03 -1.089145416723860671e-02 -4.011081931921183126e-03 1.160657366071674891e-02 -4.257191723891083370e+02
3.990000000000000000e+03 -1.075690378663560383e-02 -4.398041839541751326e-03 1.162126288736706897e-02 -4.267939178935353652e+02
4.000000000000000000e+03 -1.060603729386066542e-02 -4.773829754794410400e-03 1.163088464419296565e-02 -4.278690955431137581e+02
4.010000000000000000e+03 -1.043951359446367369e-02 -5.137821520551457723e-03 1.163531925071390263e-02 -4.289446876716629617e+02
4.020000000000000000e+03 -1.025802064051470168e-02 -5.489452361811153654e-03 1.163447784362580187e-02 -4.300206757664038264e+02
4.030000000000000000e+03 -1.006224386057191257e-02 -5.828203169433780924e-03 1.162827174148485000e-02 -4.310970404935699207e+02
4.040000000000000000e+03 -9.852861937540117673e-03 -6.153583370610294853e-03 1.161660349066276701e-02 -4.321737626512850170e+02
4.050000000000000000e+03 -9.630575948895618923e-03 -6.465096786611648251e-03 1.159937367135411429e-02 -4.332508267674468811e+02
4.060000000000000000e+03 -9.396111002006360749e-03 -6.762254624475192571e-03 1.157648433542157566e-02 -4.343282201501914415e+02
4.070000000000000000e+03 -9.150214030054809600e-03 -7.044618464408694547e-03 1.154785980625413523e-02 -4.354059298061408754e+02
4.080000000000000000e+03 -8.893644471002413315e-03 -7.311814067866830892e-03 1.151345026217801860e-02 -4.364839412821008295e+02
4.090000000000000000e+03 -8.627160530633370614e-03 -7.563537141236072701e-03 1.147322940188052684e-02 -4.375622377967313241e+02
4.100000000000000000e+03 -8.351494491284795069e-03 -7.799546496514225651e-03 1.142717750755835489e-02 -4.386407994179390926e+02
4.110000000000000000e+03 -8.067346439610484712e-03 -8.019633040981547986e-03 1.137526231296223482e-02 -4.397196045237463977e+02
4.120000000000000000e+03 -7.775407790062801444e-03 -8.223602522723425304e-03 1.131744691851975862e-02 -4.407986319898401462e+02
4.130000000000000000e+03 -7.476374139560229733e-03 -8.411289640025809006e-03 1.125370888565589526e-02 -4.418778609777468205e+02
4.140000000000000000e+03 -7.170941986023146933e-03 -8.582577215949002691e-03 1.118405296100821039e-02 -4.429572696436752040e+02
4.150000000000000000e+03 -6.859798651131183977e-03 -8.737405961670212384e-03 1.110851477350106344e-02 -4.440368340540649115e+02
4.160000000000000000e+03 -6.543609723058649123e-03 -8.875773886392584328e-03 1.102715694501879388e-02 -4.451165274682722384e+02
4.170000000000000000e+03 -6.223025529399173889e-03 -8.997716482660636506e-03 1.094006163793864381e-02 -4.461963219078394332e+02
4.180000000000000000e+03 -5.898720487606315226e-03 -9.103304339061349740e-03 1.084735236269568706e-02 -4.472761912888989855e+02
4.190000000000000000e+03 -5.571380983947474622e-03 -9.192648443275103567e-03 1.074918934012884970e-02 -4.483561105977058219e+02
4.200000000000000000e+03 -5.241681841335671908e-03 -9.265877684771793577e-03 1.064573707147325847e-02 -4.682856112660952022e+02
