0.000000000000000000e+00 8.846401218627520935e-01 9.028584691340442447e-03
1.000000000000000000e+01 8.838669741466221863e-01 9.803539850971796504e-03
2.000000000000000000e+01 8.815432445815308826e-01 1.212754133530851743e-02
3.000000000000000000e+01 8.777107917367100720e-01 1.596007027291111019e-02
4.000000000000000000e+01 8.724404496100270912e-01 2.123045317484862846e-02
5.000000000000000000e+01 8.658267393267531364e-01 2.784418820809878362e-02
6.000000000000000000e+01 8.579839106786359970e-01 3.568700726549228069e-02
7.000000000000000000e+01 8.490412099335737928e-01 4.462970253473345222e-02
8.000000000000000000e+01 8.391378102580392406e-01 5.453310145466334219e-02
9.000000000000000000e+01 8.284178357624610856e-01 6.525308462107605456e-02
1.000000000000000000e+02 8.170255918068634049e-01 7.664536527237975072e-02
1.100000000000000000e+02 8.051013306856760199e-01 8.856967554334374548e-02
1.200000000000000000e+02 7.927776016515987179e-01 1.008934587486402246e-01
1.300000000000000000e+02 7.801763143292507197e-01 1.134947888642438008e-01
1.400000000000000000e+02 7.674065658648925314e-01 1.262645691024390504e-01
1.500000000000000000e+02 7.545631662817854357e-01 1.391079990452235016e-01
1.600000000000000000e+02 7.417257984630403200e-01 1.519453981394755515e-01
1.700000000000000000e+02 7.289587562972378310e-01 1.647124576533741114e-01
1.800000000000000000e+02 7.163112071626098754e-01 1.773600152982077738e-01
1.900000000000000000e+02 7.038178546171298677e-01 1.898533743863347334e-01
2.000000000000000000e+02 6.914999825094773067e-01 2.021712526040208846e-01
2.100000000000000000e+02 6.793667865094105140e-01 2.143044483708450854e-01
2.200000000000000000e+02 6.674169525773874234e-01 2.262542763627182485e-01
2.300000000000000000e+02 6.556404022508062202e-01 2.380308093547700010e-01
2.400000000000000000e+02 6.440201952670915331e-01 2.496509878581258945e-01
2.500000000000000000e+02 6.325344898310825137e-01 2.611366625569109812e-01
2.600000000000000000e+02 6.211585241759847165e-01 2.725126054000230891e-01
2.700000000000000000e+02 6.098665263454019492e-01 2.838045923746016497e-01
2.800000000000000000e+02 5.986335160270224165e-01 2.950376077491891347e-01
2.900000000000000000e+02 5.874369374014876133e-01 3.062341982561992415e-01
3.000000000000000000e+02 5.762580931409112539e-01 3.174130559808885921e-01
3.100000000000000000e+02 5.650832810482026014e-01 3.285878809274256351e-01
3.200000000000000000e+02 5.539046230299057294e-01 3.397665531501488090e-01
3.300000000000000000e+02 5.427206098918447852e-01 3.509505863617943255e-01
3.400000000000000000e+02 5.315363128163403950e-01 3.621349119959401675e-01
3.500000000000000000e+02 5.203632850792109243e-01 3.733079707067203934e-01
3.600000000000000000e+02 5.092191934970127232e-01 3.844520840062963796e-01
3.700000000000000000e+02 4.981271980797177812e-01 3.955440931920770620e-01
3.800000000000000000e+02 4.871150705585716723e-01 4.065562257589044326e-01
3.900000000000000000e+02 4.762141896297185095e-01 4.174571200853217090e-01
4.000000000000000000e+02 4.654583652664732729e-01 4.282129713853997099e-01
4.100000000000000000e+02 4.548825968623338989e-01 4.387887721941693409e-01
4.200000000000000000e+02 4.445218352758179559e-01 4.491495617298283394e-01
4.300000000000000000e+02 4.344097446864796930e-01 4.592616744199816692e-01
4.400000000000000000e+02 4.245775723550967995e-01 4.690938577280984179e-01
4.500000000000000000e+02 4.150531609230632690e-01 4.786182694062104392e-01
4.600000000000000000e+02 4.058600997500939611e-01 4.878113253847506936e-01
4.700000000000000000e+02 3.970171005622316618e-01 4.966543125810048975e-01
4.800000000000000000e+02 3.885376294996685798e-01 5.051337686278287720e-01
4.900000000000000000e+02 3.804297332716045643e-01 5.132416502081454945e-01
5.000000000000000000e+02 3.726961299340474931e-01 5.209752373707888795e-01
5.100000000000000000e+02 3.653345187615328338e-01 5.283368358156731448e-01
5.200000000000000000e+02 3.583380511017140724e-01 5.353332919002150581e-01
5.300000000000000000e+02 3.516959695934628871e-01 5.419753598065818467e-01
5.400000000000000000e+02 3.453943698413570185e-01 5.482769480981346533e-01
5.500000000000000000e+02 3.394170001052481678e-01 5.542543079011702511e-01
5.600000000000000000e+02 3.337461033654190445e-01 5.599251973960288620e-01
5.700000000000000000e+02 3.283632502700585265e-01 5.653080515472325152e-01
5.800000000000000000e+02 3.232500955322126224e-01 5.704212157516955761e-01
5.900000000000000000e+02 3.183890821440164554e-01 5.752822458091880753e-01
6.000000000000000000e+02 3.137640373205474731e-01 5.799073052121054284e-01
6.100000000000000000e+02 3.093606192077790196e-01 5.843107274270781248e-01
6.200000000000000000e+02 3.051666774868784793e-01 5.885046654171856018e-01
6.300000000000000000e+02 3.011724504816971071e-01 5.924988863639828462e-01
6.400000000000000000e+02 2.973706396880061442e-01 5.963007030688801668e-01
6.500000000000000000e+02 2.937563374406352845e-01 5.999150262853928384e-01
6.600000000000000000e+02 2.903268558982515235e-01 6.033445353489480523e-01
6.700000000000000000e+02 2.870814588863839778e-01 6.065899609421104843e-01
6.800000000000000000e+02 2.840210242450670886e-01 6.096504226598484788e-01
6.900000000000000000e+02 2.811476201283928944e-01 6.125238534394179535e-01
7.000000000000000000e+02 2.784640454844359292e-01 6.152074539852445678e-01
7.100000000000000000e+02 2.759733650972484575e-01 6.176981578172682230e-01
7.200000000000000000e+02 2.736784328401045685e-01 6.199931120929323969e-01
7.300000000000000000e+02 2.715814417755456622e-01 6.220901217883577639e-01
7.400000000000000000e+02 2.696835150663766667e-01 6.239880605751709775e-01
7.500000000000000000e+02 2.679843540060605211e-01 6.256872283184428118e-01
7.600000000000000000e+02 2.664819406146284320e-01 6.271896441818924917e-01
7.700000000000000000e+02 2.651723060540939758e-01 6.284992776897236899e-01
7.800000000000000000e+02 2.640493790528434803e-01 6.296221983179494108e-01
7.900000000000000000e+02 2.631049149493692174e-01 6.305666520264411323e-01
8.000000000000000000e+02 2.623285071237216326e-01 6.313430476131178803e-01
8.100000000000000000e+02 2.617076542190625021e-01 6.319638888362177909e-01
8.200000000000000000e+02 2.612278940842812092e-01 6.324436420573548157e-01
8.300000000000000000e+02 2.608730193711367162e-01 6.327985180040609503e-01
8.400000000000000000e+02 2.606253010705046891e-01 6.330462450708620459e-01
8.500000000000000000e+02 2.604657783883384536e-01 6.332057809298470286e-01
8.600000000000000000e+02 2.603745875793681552e-01 6.332969889940717190e-01
8.700000000000000000e+02 2.603312787200587342e-01 6.333403159664378057e-01
8.800000000000000000e+02 2.603151635999358393e-01 6.333564499171863149e-01
8.900000000000000000e+02 2.603056547136488041e-01 6.333659769989388177e-01
9.000000000000000000e+02 2.602825842796586131e-01 6.333890675906225232e-01
9.100000000000000000e+02 2.602265070000683300e-01 6.334451678203378844e-01
9.200000000000000000e+02 2.601189827358575957e-01 6.335527162445772076e-01
9.300000000000000000e+02 2.599428182135157805e-01 6.337289056226969031e-01
9.400000000000000000e+02 2.596822701144769208e-01 6.339894739182186933e-01
9.500000000000000000e+02 2.593232325709807218e-01 6.343485243574094046e-01
9.600000000000000000e+02 2.588533873850980549e-01 6.348183801418834094e-01
9.700000000000000000e+02 2.582623074928301343e-01 6.354094756213819473e-01
9.800000000000000000e+02 2.575415426999677626e-01 6.361302629886823601e-01
9.900000000000000000e+02 2.566846676824441342e-01 6.369871643086019164e-01
1.000000000000000000e+03 2.556873040349724180e-01 6.379845579908997033e-01
1.010000000000000000e+03 2.545471341967863177e-01 6.391247627370886253e-01
1.020000000000000000e+03 2.532638697933056737e-01 6.404080614936314975e-01
1.030000000000000000e+03 2.518392032462088426e-01 6.418327516534896304e-01
1.040000000000000000e+03 2.502767398941139754e-01 6.433952220919590959e-01
1.050000000000000000e+03 2.485818861416105585e-01 6.450900693963625976e-01
1.060000000000000000e+03 2.467617171737386539e-01 6.469102294484452287e-01
1.070000000000000000e+03 2.448248108446020588e-01 6.488471286121924031e-01
1.080000000000000000e+03 2.427810588839584283e-01 6.508908721168314981e-01
1.090000000000000000e+03 2.406414677855797657e-01 6.530304505635209367e-01
1.100000000000000000e+03 2.384179205185792683e-01 6.552539775619480311e-01
1.110000000000000000e+03 2.361229080402627578e-01 6.575489603477808753e-01
1.120000000000000000e+03 2.337692475705362427e-01 6.599025849780708608e-01
1.130000000000000000e+03 2.313697909491535532e-01 6.623020059862584352e-01
1.140000000000000000e+03 2.289371363029692463e-01 6.647346272798594358e-01
1.150000000000000000e+03 2.264833340020339647e-01 6.671883958033379969e-01
1.160000000000000000e+03 2.240195979811727689e-01 6.696520962509482366e-01
1.170000000000000000e+03 2.215560557855879575e-01 6.721156012460438589e-01
1.180000000000000000e+03 2.191015074216253189e-01 6.745701107392393370e-01
1.190000000000000000e+03 2.166632174865332494e-01 6.770083597768619121e-01
1.200000000000000000e+03 2.142467592227143003e-01 6.794247771328729701e-01
1.210000000000000000e+03 2.118558965619201095e-01 6.818156038077556325e-01
1.220000000000000000e+03 2.094925217525513417e-01 6.841789536428045659e-01
1.230000000000000000e+03 2.071566652256846275e-01 6.865147995086889887e-01
1.240000000000000000e+03 2.048465651039060587e-01 6.888249005223912036e-01
1.250000000000000000e+03 2.025587969989176285e-01 6.911126736755972555e-01
1.260000000000000000e+03 2.002884635486001375e-01 6.933830098525508578e-01
1.270000000000000000e+03 1.980294338566489787e-01 6.956420385988886235e-01
1.280000000000000000e+03 1.957746253452250229e-01 6.978968433151225836e-01
1.290000000000000000e+03 1.935163245775876617e-01 7.001551359726743140e-01
1.300000000000000000e+03 1.912465398929262816e-01 7.024249045930430757e-01
1.310000000000000000e+03 1.889573584547657448e-01 7.047140603178261298e-01
1.320000000000000000e+03 1.866412948463610777e-01 7.070300917023721876e-01
1.330000000000000000e+03 1.842916334042684900e-01 7.093797192243777028e-01
1.340000000000000000e+03 1.819027357747889373e-01 7.117685820499244365e-01
1.350000000000000000e+03 1.794702952646025640e-01 7.142009850260699899e-01
1.360000000000000000e+03 1.769915488344397658e-01 7.166796934635191185e-01
1.370000000000000000e+03 1.744654295760749152e-01 7.192057749906146658e-01
1.380000000000000000e+03 1.718926582180737850e-01 7.217785090071663356e-01
1.390000000000000000e+03 1.692757730744168521e-01 7.243953601307225876e-01
1.400000000000000000e+03 1.666190936812326218e-01 7.270520069172492494e-01
1.410000000000000000e+03 1.639286305150046141e-01 7.297424324708293719e-01
1.420000000000000000e+03 1.612119441759220229e-01 7.324590731482290007e-01
1.430000000000000000e+03 1.584779476095129758e-01 7.351930146710072833e-01
1.440000000000000000e+03 1.557366742085490585e-01 7.379342283218975895e-01
1.450000000000000000e+03 1.529990209343715657e-01 7.406718245204368944e-01
1.460000000000000000e+03 1.502764778822308356e-01 7.433943165322888236e-01
1.470000000000000000e+03 1.475808340646262429e-01 7.460899152941611323e-01
1.480000000000000000e+03 1.449238742959948756e-01 7.487468309900995322e-01
1.490000000000000000e+03 1.423171119308675736e-01 7.513535442898175987e-01
1.500000000000000000e+03 1.397715479825396290e-01 7.538990520148171059e-01
1.510000000000000000e+03 1.372974490993145447e-01 7.563730880469357043e-01
1.520000000000000000e+03 1.349041494966234100e-01 7.587663200365581950e-01
1.530000000000000000e+03 1.325998954242721128e-01 7.610705074542991611e-01
1.540000000000000000e+03 1.303917330096832083e-01 7.632786122878324475e-01
1.550000000000000000e+03 1.282854353078969056e-01 7.653848698159739783e-01
1.560000000000000000e+03 1.262854698122475028e-01 7.673848122553968976e-01
1.570000000000000000e+03 1.243950027000974429e-01 7.692752660880863846e-01
1.580000000000000000e+03 1.226159315505052916e-01 7.710543281560914286e-01
1.590000000000000000e+03 1.209489378884395228e-01 7.727213148102204388e-01
1.600000000000000000e+03 1.193935751737703194e-01 7.742766730135209885e-01
1.610000000000000000e+03 1.179483752147854614e-01 7.757218774472212086e-01
1.620000000000000000e+03 1.166109623120352851e-01 7.770593056941098586e-01
1.630000000000000000e+03 1.153781800084426046e-01 7.782921094684298602e-01
1.640000000000000000e+03 1.142462057247382590e-01 7.794241086604740687e-01
1.650000000000000000e+03 1.132106733160400530e-01 7.804596667084773287e-01
1.660000000000000000e+03 1.122668000317071507e-01 7.814035622854050844e-01
1.670000000000000000e+03 1.114095089971142566e-01 7.822608708183086401e-01
1.680000000000000000e+03 1.106335368438294553e-01 7.830368558396032519e-01
1.690000000000000000e+03 1.099335217139573995e-01 7.837368852489818849e-01
1.700000000000000000e+03 1.093040832849310057e-01 7.843663415236546976e-01
1.710000000000000000e+03 1.087399027377460997e-01 7.849305437397854357e-01
1.720000000000000000e+03 1.082357951089397141e-01 7.854346769529712002e-01
1.730000000000000000e+03 1.077867524028173624e-01 7.858837477126723314e-01
1.740000000000000000e+03 1.073879716944599466e-01 7.862825550360398319e-01
1.750000000000000000e+03 1.070348837073336334e-01 7.866356626829258403e-01
1.760000000000000000e+03 1.067231721513442477e-01 7.869473920522840338e-01
1.770000000000000000e+03 1.064487647520462044e-01 7.872218197558921160e-01
1.780000000000000000e+03 1.062078280728741275e-01 7.874627836205400078e-01
1.790000000000000000e+03 1.059967713491765801e-01 7.876738791331859835e-01
1.800000000000000000e+03 1.058122318923573890e-01 7.878584550331479974e-01
1.810000000000000000e+03 1.056510460392049711e-01 7.880196718796625976e-01
1.820000000000000000e+03 1.055102174264687942e-01 7.881605392188903991e-01
1.830000000000000000e+03 1.053869140100783808e-01 7.882838844239377085e-01
1.840000000000000000e+03 1.052784791207810461e-01 7.883923577765761248e-01
1.850000000000000000e+03 1.051824228345915602e-01 7.884884477284215265e-01
1.860000000000000000e+03 1.050964147324077169e-01 7.885744781014458749e-01
1.870000000000000000e+03 1.050182847122954066e-01 7.886526243421658755e-01
1.880000000000000000e+03 1.049460147399745996e-01 7.887249079137734764e-01
1.890000000000000000e+03 1.048777427174474308e-01 7.887931929675449094e-01
1.900000000000000000e+03 1.048117770059102949e-01 7.888591763773636911e-01
1.910000000000000000e+03 1.047466259221409984e-01 7.889243521966859962e-01
1.920000000000000000e+03 1.046810038448839075e-01 7.889900005271766048e-01
1.930000000000000000e+03 1.046137963154477185e-01 7.890572311096301084e-01
1.940000000000000000e+03 1.045440404941530982e-01 7.891270018158677013e-01
1.950000000000000000e+03 1.044709410184818110e-01 7.892001086819646627e-01
1.960000000000000000e+03 1.043938699810689347e-01 7.892771830221240181e-01
1.970000000000000000e+03 1.043123356470405383e-01 7.893587208209046358e-01
1.980000000000000000e+03 1.042259469366578761e-01 7.894451208112799323e-01
1.990000000000000000e+03 1.041343951561016501e-01 7.895366931124186971e-01
2.000000000000000000e+03 1.040374377754787055e-01 7.896336809835443615e-01
2.010000000000000000e+03 1.039348716218544272e-01 7.897362821280633494e-01
2.020000000000000000e+03 1.038265134851136529e-01 7.898446728376969928e-01
2.030000000000000000e+03 1.037121809273752332e-01 7.899590387259551871e-01
2.040000000000000000e+03 1.035916859665092088e-01 7.900795682146054544e-01
2.050000000000000000e+03 1.034648610915077926e-01 7.902064280454720313e-01
2.060000000000000000e+03 1.033315852666783358e-01 7.903397365374448258e-01
2.070000000000000000e+03 1.031917919071599632e-01 7.904795581310559704e-01
2.080000000000000000e+03 1.030454645613550074e-01 7.906259118554410659e-01
2.090000000000000000e+03 1.028926570750120367e-01 7.907787495438410863e-01
2.100000000000000000e+03 1.027335504663204196e-01 7.909378913812223910e-01
2.110000000000000000e+03 1.025685004285991075e-01 7.911029802319660131e-01
2.120000000000000000e+03 1.023980662822285698e-01 7.912734594566376289e-01
2.130000000000000000e+03 1.022230327685236667e-01 7.914485460151846619e-01
2.140000000000000000e+03 1.020444358026603993e-01 7.916272008818312500e-01
2.150000000000000000e+03 1.018635967392483160e-01 7.918080973492241936e-01
2.160000000000000000e+03 1.016821309032818477e-01 7.919896184116144155e-01
2.170000000000000000e+03 1.015019415212594783e-01 7.921698628652517060e-01
2.180000000000000000e+03 1.013252192275565511e-01 7.923466431514959440e-01
2.190000000000000000e+03 1.011544276434756667e-01 7.925174974304083353e-01
2.200000000000000000e+03 1.009922758673220122e-01 7.926797166779264714e-01
2.210000000000000000e+03 1.008416738551480979e-01 7.928303897756059371e-01
2.220000000000000000e+03 1.007056761470481593e-01 7.929664608512974056e-01
2.230000000000000000e+03 1.005874216003451449e-01 7.930847898536464990e-01
2.240000000000000000e+03 1.004900797170899529e-01 7.931822067651165264e-01
2.250000000000000000e+03 1.004167973596542252e-01 7.932555653889388214e-01
2.260000000000000000e+03 1.003706281286823598e-01 7.933018128456911233e-01
2.270000000000000000e+03 1.003544554772359682e-01 7.933180648494728704e-01
2.280000000000000000e+03 1.003709282358956206e-01 7.933016707784531496e-01
2.290000000000000000e+03 1.004224194282915400e-01 7.932502559518079810e-01
2.300000000000000000e+03 1.005109948606497106e-01 7.931617514283305637e-01
2.310000000000000000e+03 1.006383697089061058e-01 7.930344401692763778e-01
2.320000000000000000e+03 1.008058753833180471e-01 7.928669933851113516e-01
2.330000000000000000e+03 1.010144571484674764e-01 7.926584691135294403e-01
2.340000000000000000e+03 1.012646650793084940e-01 7.924083162192195884e-01
2.350000000000000000e+03 1.015566359420986553e-01 7.921163957530280575e-01
2.360000000000000000e+03 1.018900996902920575e-01 7.917829782347552969e-01
2.370000000000000000e+03 1.022643941501637926e-01 7.914087272906282777e-01
2.380000000000000000e+03 1.026784716888156368e-01 7.909946910030876133e-01
2.390000000000000000e+03 1.031308932641978593e-01 7.905423092666565843e-01
2.400000000000000000e+03 1.036198464498629540e-01 7.900533958141341406e-01
2.410000000000000000e+03 1.041431888774329018e-01 7.895300921054315690e-01
2.420000000000000000e+03 1.046984710745911956e-01 7.889748461448881089e-01
2.430000000000000000e+03 1.052829481795476835e-01 7.883904033507587172e-01
2.440000000000000000e+03 1.058935930871559294e-01 7.877797924871893231e-01
2.450000000000000000e+03 1.065271229427707383e-01 7.871462972922921297e-01
2.460000000000000000e+03 1.071800372334357349e-01 7.864934173259696681e-01
2.470000000000000000e+03 1.078486767512673722e-01 7.858248095833666458e-01
2.480000000000000000e+03 1.085292741484275153e-01 7.851442418263473444e-01
2.490000000000000000e+03 1.092179781590534582e-01 7.844555676769388031e-01
2.500000000000000000e+03 1.099108800356022042e-01 7.837626956146014345e-01
2.510000000000000000e+03 1.106040793991107662e-01 7.830695249427098714e-01
2.520000000000000000e+03 1.112937454986661912e-01 7.823798865422052495e-01
2.530000000000000000e+03 1.119761618740183762e-01 7.816974981861443128e-01
2.540000000000000000e+03 1.126477837484064770e-01 7.810259053737770296e-01
2.550000000000000000e+03 1.133052829417242613e-01 7.803684353829848375e-01
2.560000000000000000e+03 1.139455753539090760e-01 7.797281721990303449e-01
2.570000000000000000e+03 1.145658395457408024e-01 7.791079368185070964e-01
2.580000000000000000e+03 1.151635336771360818e-01 7.785102698410989452e-01
2.590000000000000000e+03 1.157364111912892041e-01 7.779374184526079983e-01
2.600000000000000000e+03 1.162825435042147693e-01 7.773913133596351832e-01
2.610000000000000000e+03 1.168003224682428176e-01 7.768735641504045386e-01
2.620000000000000000e+03 1.172884341069183600e-01 7.763854855084511009e-01
2.630000000000000000e+03 1.177458304939977274e-01 7.759281260064265773e-01
2.640000000000000000e+03 1.181717150864224491e-01 7.755022820784925885e-01
2.650000000000000000e+03 1.185655359599703390e-01 7.751085037652314380e-01
2.660000000000000000e+03 1.189269394396465507e-01 7.747471411345235870e-01
2.670000000000000000e+03 1.192557104903898962e-01 7.744184063896848436e-01
2.680000000000000000e+03 1.195517439205484311e-01 7.741224046322296992e-01
2.690000000000000000e+03 1.198150153379863025e-01 7.738591614728370649e-01
2.700000000000000000e+03 1.200455464600058419e-01 7.736286569311493500e-01
2.710000000000000000e+03 1.202433732222568108e-01 7.734308569552698076e-01
2.720000000000000000e+03 1.204084962385305879e-01 7.732657617215334955e-01
2.730000000000000000e+03 1.205408278832025282e-01 7.731334577156971921e-01
2.740000000000000000e+03 1.206401527504807197e-01 7.730341594069823907e-01
2.750000000000000000e+03 1.207061142227897482e-01 7.729682255576374450e-01
2.760000000000000000e+03 1.207382243845792763e-01 7.729361466821773607e-01
2.770000000000000000e+03 1.207358652846461378e-01 7.729385404609118160e-01
2.780000000000000000e+03 1.206982965211554487e-01 7.729761456127032249e-01
2.790000000000000000e+03 1.206246641469150699e-01 7.730498157830091310e-01
2.800000000000000000e+03 1.205139956511518257e-01 7.731605222637266683e-01
2.810000000000000000e+03 1.203652161797075792e-01 7.733093369282939555e-01
2.820000000000000000e+03 1.201772105606268293e-01 7.734973738076883487e-01
2.830000000000000000e+03 1.199488950990689889e-01 7.737257176668274061e-01
2.840000000000000000e+03 1.196792583194882936e-01 7.739953816429745448e-01
2.850000000000000000e+03 1.193673924271850956e-01 7.743072763627424360e-01
2.860000000000000000e+03 1.190125355998219586e-01 7.746621664553556830e-01
2.870000000000000000e+03 1.186141309653519355e-01 7.750606071570955713e-01
2.880000000000000000e+03 1.181718922460990029e-01 7.755028799779014603e-01
2.890000000000000000e+03 1.176858500116909761e-01 7.759889510060078432e-01
2.900000000000000000e+03 1.171563876568958301e-01 7.765184360971454369e-01
2.910000000000000000e+03 1.165842898021867968e-01 7.770905520088612350e-01
2.920000000000000000e+03 1.159707721954177928e-01 7.777040846400519181e-01
2.930000000000000000e+03 1.153174805521655216e-01 7.783573894582356267e-01
2.940000000000000000e+03 1.146264797556755671e-01 7.790484034559630455e-01
2.950000000000000000e+03 1.139002427769331138e-01 7.797746551725535102e-01
2.960000000000000000e+03 1.131416265882365380e-01 7.805332855567266304e-01
2.970000000000000000e+03 1.123538354649342291e-01 7.813210864983095583e-01
2.980000000000000000e+03 1.115403785706096940e-01 7.821345473838746676e-01
2.990000000000000000e+03 1.107050085841885106e-01 7.829699161962827558e-01
3.000000000000000000e+03 1.098516492424459062e-01 7.838232699156142402e-01
3.010000000000000000e+03 1.089843290768325867e-01 7.846905794622446306e-01
3.020000000000000000e+03 1.081071126185754183e-01 7.855677786634076565e-01
3.030000000000000000e+03 1.072240382489676458e-01 7.864508292676790635e-01
3.040000000000000000e+03 1.063390519728307643e-01 7.873357869470167802e-01
3.050000000000000000e+03 1.054559559741474611e-01 7.882188507657454934e-01
3.060000000000000000e+03 1.045783812567621790e-01 7.890963892278261005e-01
3.070000000000000000e+03 1.037097522907279579e-01 7.899649773509426209e-01
3.080000000000000000e+03 1.028532456915355608e-01 7.908214401973236996e-01
3.090000000000000000e+03 1.020117630118662355e-01 7.916628777635051906e-01
3.100000000000000000e+03 1.011879178133701235e-01 7.924866756903404807e-01
3.110000000000000000e+03 1.003840284756064155e-01 7.932905138551903379e-01
3.120000000000000000e+03 9.960211112302856662e-02 7.940723750122880009e-01
3.130000000000000000e+03 9.884388028999972764e-02 7.948305443372000179e-01
3.140000000000000000e+03 9.811075224460369393e-02 7.955636065385967015e-01
3.150000000000000000e+03 9.740382867549730872e-02 7.962704606206119085e-01
3.160000000000000000e+03 9.672390853313463099e-02 7.969503074667412257e-01
3.170000000000000000e+03 9.607152189339994430e-02 7.976026183339578468e-01
3.180000000000000000e+03 9.544692991309455810e-02 7.982271350329722681e-01
3.190000000000000000e+03 9.485013703711837885e-02 7.988238547237501708e-01
3.200000000000000000e+03 9.428090460138507933e-02 7.993930152876087547e-01
3.210000000000000000e+03 9.373877872718613946e-02 7.999350693696488657e-01
3.220000000000000000e+03 9.322314267915272901e-02 8.004506317174806540e-01
3.230000000000000000e+03 9.273325655958492009e-02 8.009404392025388786e-01
3.240000000000000000e+03 9.226826818619471293e-02 8.014053431495111735e-01
3.250000000000000000e+03 9.182722614746594014e-02 8.018462967749367953e-01
3.260000000000000000e+03 9.140911958703148987e-02 8.022643129841919851e-01
3.270000000000000000e+03 9.101292402404581594e-02 8.026604169906209618e-01
3.280000000000000000e+03 9.063763315287999556e-02 8.030356147757644614e-01
3.290000000000000000e+03 9.028229021552790223e-02 8.033908614549217786e-01
3.300000000000000000e+03 8.994600363199797832e-02 8.037270475460698282e-01
3.310000000000000000e+03 8.962792378982921415e-02 8.040450232037553713e-01
3.320000000000000000e+03 8.932724095976246614e-02 8.043455992272154909e-01
3.330000000000000000e+03 8.904321547919424873e-02 8.046295160909334721e-01
3.340000000000000000e+03 8.877515806457303427e-02 8.048974640900397048e-01
3.350000000000000000e+03 8.852238524753104632e-02 8.051501268567122782e-01
3.360000000000000000e+03 8.828421711657943871e-02 8.053881829220428390e-01
3.370000000000000000e+03 8.805997565177581254e-02 8.056123072506604643e-01
3.380000000000000000e+03 8.784894639238301217e-02 8.058232128637835556e-01
3.390000000000000000e+03 8.765034686998286750e-02 8.060216839437605030e-01
3.400000000000000000e+03 8.746331301183393747e-02 8.062085868434314406e-01
3.410000000000000000e+03 8.728690885929800414e-02 8.063848593309026480e-01
3.420000000000000000e+03 8.712012625230890206e-02 8.065515098895589263e-01
3.430000000000000000e+03 8.696186830347960028e-02 8.067096345196432816e-01
3.440000000000000000e+03 8.681093947629116292e-02 8.068604283589593251e-01
3.450000000000000000e+03 8.666603981243731214e-02 8.070051915475726645e-01
3.460000000000000000e+03 8.652577233257272016e-02 8.071453203798277798e-01
3.470000000000000000e+03 8.638865782132336413e-02 8.072822925445702902e-01
3.480000000000000000e+03 8.625313572564677345e-02 8.074176677024983428e-01
3.490000000000000000e+03 8.611757374224453254e-02 8.075530788656873904e-01
3.500000000000000000e+03 8.598028900696558230e-02 8.076902100265384021e-01
3.510000000000000000e+03 8.583956014611085483e-02 8.078307832054993920e-01
3.520000000000000000e+03 8.569362890726149595e-02 8.079765579670697973e-01
3.530000000000000000e+03 8.554071472549171218e-02 8.081293159235005685e-01
3.540000000000000000e+03 8.537904232174399477e-02 8.082908319580874856e-01
3.550000000000000000e+03 8.520686450686665303e-02 8.084628529811833664e-01
3.560000000000000000e+03 8.502248896690445257e-02 8.086470712613237355e-01
3.570000000000000000e+03 8.482431157944431144e-02 8.088450903215472776e-01
3.580000000000000000e+03 8.461085910009834288e-02 8.090583840167347995e-01
3.590000000000000000e+03 8.438084220342846609e-02 8.092882427264388445e-01
3.600000000000000000e+03 8.413320950171657153e-02 8.095357179676561099e-01
3.610000000000000000e+03 8.386718844455783028e-02 8.098015823728197393e-01
3.620000000000000000e+03 8.358233208772285205e-02 8.100862839611266963e-01
3.630000000000000000e+03 8.327857957683565404e-02 8.103898842506499500e-01
3.640000000000000000e+03 8.295630193529635044e-02 8.107120108238040634e-01
3.650000000000000000e+03 8.261631770174504563e-02 8.110518430055188022e-01
3.660000000000000000e+03 8.225990054583862121e-02 8.114081071926724231e-01
3.670000000000000000e+03 8.188878922642449376e-02 8.117790661254778994e-01
3.680000000000000000e+03 8.150517603120924215e-02 8.121625270051362477e-01
3.690000000000000000e+03 8.111167425032103639e-02 8.125558752207658886e-01
3.700000000000000000e+03 8.071127417239321034e-02 8.129561198351890061e-01
3.710000000000000000e+03 8.030728168789916244e-02 8.133599554425802181e-01
3.720000000000000000e+03 7.990324283730491917e-02 8.137638369850498377e-01
3.730000000000000000e+03 7.950286828116291671e-02 8.141640548958497536e-01
3.740000000000000000e+03 7.910996970699660236e-02 8.145567986165679342e-01
3.750000000000000000e+03 7.872839791302915780e-02 8.149382174679179469e-01
3.760000000000000000e+03 7.836195964570726036e-02 8.153045030615678757e-01
3.770000000000000000e+03 7.801435195501585373e-02 8.156519565831441554e-01
3.780000000000000000e+03 7.768912597899758909e-02 8.159770267809210997e-01
3.790000000000000000e+03 7.738964553190252893e-02 8.162763509223774916e-01
3.800000000000000000e+03 7.711904428962412794e-02 8.165467955353947760e-01
3.810000000000000000e+03 7.688020181486138194e-02 8.167854808027302793e-01
3.820000000000000000e+03 7.667571591310194667e-02 8.169898093819389917e-01
3.830000000000000000e+03 7.650786872835278751e-02 8.171574999622780444e-01
3.840000000000000000e+03 7.637860671395040046e-02 8.172866063443965379e-01
3.850000000000000000e+03 7.628952532005212062e-02 8.173755318253922431e-01
3.860000000000000000e+03 7.624185208602486663e-02 8.174230472206187592e-01
3.870000000000000000e+03 7.623643738016462612e-02 8.174283018420940294e-01
3.880000000000000000e+03 7.627374700555407394e-02 8.173908297366573317e-01
3.890000000000000000e+03 7.635385110811289400e-02 8.173105604548273062e-01
3.900000000000000000e+03 7.647642996967139728e-02 8.171878144083226658e-01
3.910000000000000000e+03 7.664080635326948887e-02 8.170232703302066080e-01
3.920000000000000000e+03 7.684599760669595658e-02 8.168179119253209386e-01
3.930000000000000000e+03 7.709077000491375287e-02 8.165729717993235326e-01
3.940000000000000000e+03 7.737368559952365055e-02 8.162898867134981140e-01
3.950000000000000000e+03 7.769315465924102326e-02 8.159702471276507607e-01
3.960000000000000000e+03 7.804749367393426507e-02 8.156157379728705692e-01
3.970000000000000000e+03 7.843496666449116528e-02 8.152280965906899546e-01
3.980000000000000000e+03 7.885379383113194640e-02 8.148091023612450412e-01
3.990000000000000000e+03 7.930222121869652530e-02 8.143605070050498052e-01
4.000000000000000000e+03 7.977857155375366049e-02 8.138839869064070642e-01
4.010000000000000000e+03 8.028121992072696778e-02 8.133811674938056235e-01
4.020000000000000000e+03 8.080856535224455184e-02 8.128536505959407243e-01
4.030000000000000000e+03 8.135902436161315809e-02 8.123030204368827389e-01
4.040000000000000000e+03 8.193103238191518090e-02 8.117308415862336535e-01
4.050000000000000000e+03 8.252299414547249745e-02 8.111387112167581792e-01
4.060000000000000000e+03 8.313325064819486465e-02 8.105282869337104845e-01
4.070000000000000000e+03 8.376006543367926771e-02 8.099013033978165188e-01
4.080000000000000000e+03 8.440160936067080122e-02 8.092595887608897698e-01
4.090000000000000000e+03 8.505595151605216397e-02 8.086050736224256186e-01
4.100000000000000000e+03 8.572105525169226858e-02 8.079397957336041936e-01
4.110000000000000000e+03 8.639476048163981237e-02 8.072659160235107212e-01
4.120000000000000000e+03 8.707479404091039710e-02 8.065857083273754169e-01
4.130000000000000000e+03 8.775879543960501961e-02 8.059015332993242353e-01
4.140000000000000000e+03 8.844433777835705723e-02 8.052158168326325471e-01
4.150000000000000000e+03 8.912894908022812868e-02 8.045310311126290248e-01
4.160000000000000000e+03 8.981012756887570003e-02 8.038496792896067111e-01
4.170000000000000000e+03 9.048535739878071915e-02 8.031742776516753723e-01
4.180000000000000000e+03 9.115212862239943648e-02 8.025073359417266294e-01
4.190000000000000000e+03 9.180796370201782519e-02 8.018513322020798251e-01
4.200000000000000000e+03 9.245044232316269872e-02 8.012086875393418239e-01
