0.000000000000000000e+00 8.846401218627520935e-01 9.028584691340442447e-03
1.000000000000000000e+01 8.838872683424958687e-01 9.783921584271134189e-03
2.000000000000000000e+01 8.815842875894372987e-01 1.208689438645958042e-02
3.000000000000000000e+01 8.777733671903075185e-01 1.589781811670832809e-02
4.000000000000000000e+01 8.725265778055607546e-01 2.114459428060742191e-02
5.000000000000000000e+01 8.659404365379095303e-01 2.773072285558876582e-02
6.000000000000000000e+01 8.581317282358118526e-01 3.553942175362563571e-02
7.000000000000000000e+01 8.492326185706309261e-01 4.443852766993789533e-02
8.000000000000000000e+01 8.393854607385687894e-01 5.428568305177931125e-02
9.000000000000000000e+01 8.287376345639069219e-01 6.493350042555816326e-02
1.000000000000000000e+02 8.174366400078555417e-01 7.623448562430867881e-02
1.100000000000000000e+02 8.056257062293652460e-01 8.804540409411601432e-02
1.200000000000000000e+02 7.934400634453664392e-01 1.002310316461955952e-01
1.300000000000000000e+02 7.810039364330795264e-01 1.126671405806690812e-01
1.400000000000000000e+02 7.684283054584259975e-01 1.252427489099080804e-01
1.500000000000000000e+02 7.558093976455473317e-01 1.378616281208372707e-01
1.600000000000000000e+02 7.432278171122800314e-01 1.504431777435226436e-01
1.700000000000000000e+02 7.307483081560584015e-01 1.629226508695499620e-01
1.800000000000000000e+02 7.184200324270593185e-01 1.752508923042397915e-01
1.900000000000000000e+02 7.062772343978732659e-01 1.873936560411383900e-01
2.000000000000000000e+02 6.943403096725296875e-01 1.993305483069784112e-01
2.100000000000000000e+02 6.826171683583748262e-01 2.110536601113555955e-01
2.200000000000000000e+02 6.711048323996735565e-01 2.225659633331379117e-01
2.300000000000000000e+02 6.597912281412483537e-01 2.338795416588506093e-01
2.400000000000000000e+02 6.486570936938945708e-01 2.450136515392351833e-01
2.500000000000000000e+02 6.376779817986339971e-01 2.559927391714045264e-01
2.600000000000000000e+02 6.268262654774841014e-01 2.668444461222895248e-01
2.700000000000000000e+02 6.160731050358295713e-01 2.775976016891654186e-01
2.800000000000000000e+02 6.053903007470957665e-01 2.882804106260870580e-01
2.900000000000000000e+02 5.947519654027769720e-01 2.989187541236973944e-01
3.000000000000000000e+02 5.841359999672429693e-01 3.095347343342437774e-01
3.100000000000000000e+02 5.735252783034455737e-01 3.201454777883865344e-01
3.200000000000000000e+02 5.629085497495436297e-01 3.307622333831053973e-01
3.300000000000000000e+02 5.522810409438568824e-01 3.413897654987199659e-01
3.400000000000000000e+02 5.416447130932761089e-01 3.520261206291684930e-01
3.500000000000000000e+02 5.310082451717280660e-01 3.626626213010334387e-01
3.600000000000000000e+02 5.203867064405011122e-01 3.732841928536759224e-01
3.700000000000000000e+02 5.098009602926154571e-01 3.838699718828625373e-01
3.800000000000000000e+02 4.992768677568331648e-01 3.943940949935511031e-01
3.900000000000000000e+02 4.888442828818659325e-01 4.048266999273000266e-01
4.000000000000000000e+02 4.785359314698443556e-01 4.151350641506840744e-01
4.100000000000000000e+02 4.683861753357576041e-01 4.252848293405454005e-01
4.200000000000000000e+02 4.584297602007920136e-01 4.352412449548112017e-01
4.300000000000000000e+02 4.487005845131796233e-01 4.449704211532417575e-01
4.400000000000000000e+02 4.392305317970437994e-01 4.544404771797360687e-01
4.500000000000000000e+02 4.300484360300049214e-01 4.636225749323008016e-01
4.600000000000000000e+02 4.211792105157259325e-01 4.724918024611539091e-01
4.700000000000000000e+02 4.126431546541826645e-01 4.810278638615246849e-01
4.800000000000000000e+02 4.044555150994126325e-01 4.892155132005363005e-01
4.900000000000000000e+02 3.966262638973047094e-01 4.970447840399492279e-01
5.000000000000000000e+02 3.891601095637119423e-01 5.045109600801943595e-01
5.100000000000000000e+02 3.820567331673935252e-01 5.116143563437373087e-01
5.200000000000000000e+02 3.753112049679187545e-01 5.183599071644621192e-01
5.300000000000000000e+02 3.689145567399817471e-01 5.247565772496252112e-01
5.400000000000000000e+02 3.628544883182542313e-01 5.308166740189110833e-01
5.500000000000000000e+02 3.571161251783755430e-01 5.365550695182204066e-01
5.600000000000000000e+02 3.516828399252550641e-01 5.419883830777646461e-01
5.700000000000000000e+02 3.465370588911034777e-01 5.471341917126422150e-01
5.800000000000000000e+02 3.416610198659881803e-01 5.520102606848494853e-01
5.900000000000000000e+02 3.370374651027754909e-01 5.566338502585985726e-01
6.000000000000000000e+02 3.326502298066815744e-01 5.610211261553156303e-01
6.100000000000000000e+02 3.284847376746917180e-01 5.651866583119165011e-01
6.200000000000000000e+02 3.245283722298109574e-01 5.691430587248018647e-01
6.300000000000000000e+02 3.207707065414401870e-01 5.729007575691624776e-01
6.400000000000000000e+02 3.172036095471441053e-01 5.764678868412351775e-01
6.500000000000000000e+02 3.138212289610351480e-01 5.798502994609679995e-01
6.600000000000000000e+02 3.106198615253503714e-01 5.830517050801393708e-01
6.700000000000000000e+02 3.075977180555890533e-01 5.860738948250664437e-01
6.800000000000000000e+02 3.047546033766271312e-01 5.889170625600932407e-01
6.900000000000000000e+02 3.020915385934573316e-01 5.915801846831629796e-01
7.000000000000000000e+02 2.996103477235495527e-01 5.940614353582343021e-01
7.100000000000000000e+02 2.973132080590291104e-01 5.963586389489867745e-01
7.200000000000000000e+02 2.952021978950558068e-01 5.984697152347434601e-01
7.300000000000000000e+02 2.932788703837757582e-01 6.003931055902642644e-01
7.400000000000000000e+02 2.915438576370773527e-01 6.021281754070525460e-01
7.500000000000000000e+02 2.899965209082991935e-01 6.036755628942164220e-01
7.600000000000000000e+02 2.886346597472426723e-01 6.050374739733251905e-01
7.700000000000000000e+02 2.874542810026999851e-01 6.062179047598623693e-01
7.800000000000000000e+02 2.864494412093062659e-01 6.072227937012626420e-01
7.900000000000000000e+02 2.856121722611253411e-01 6.080601039643142025e-01
8.000000000000000000e+02 2.849324641453911400e-01 6.087398510959359799e-01
8.100000000000000000e+02 2.843983064753698442e-01 6.092740442471552553e-01
8.200000000000000000e+02 2.839958251503632014e-01 6.096765618529197406e-01
8.300000000000000000e+02 2.837094481807113100e-01 6.099629824609978934e-01
8.400000000000000000e+02 2.835221242038588607e-01 6.101503574658112550e-01
8.500000000000000000e+02 2.834155911503479786e-01 6.102569449631106702e-01
8.600000000000000000e+02 2.833706670276263107e-01 6.103019246554252097e-01
8.700000000000000000e+02 2.833675584007841475e-01 6.103050977479987926e-01
8.800000000000000000e+02 2.833861741589269734e-01 6.102865560698563785e-01
8.900000000000000000e+02 2.834064423424699775e-01 6.102663680989659500e-01
9.000000000000000000e+02 2.834086090230278909e-01 6.102642858738381859e-01
9.100000000000000000e+02 2.833735214695490279e-01 6.102994589140102732e-01
9.200000000000000000e+02 2.832828964173461639e-01 6.103901680840834176e-01
9.300000000000000000e+02 2.831195548361865599e-01 6.105535909302782782e-01
9.400000000000000000e+02 2.828676216256021947e-01 6.108056016518974563e-01
9.500000000000000000e+02 2.825127068331279578e-01 6.111605927962088236e-01
9.600000000000000000e+02 2.820420515747338874e-01 6.116313208840064020e-01
9.700000000000000000e+02 2.814446377517500486e-01 6.122287987650056884e-01
9.800000000000000000e+02 2.807112762378360937e-01 6.129622185687065850e-01
9.900000000000000000e+02 2.798346750547447415e-01 6.138388754449468632e-01
1.000000000000000000e+03 2.788094783495478346e-01 6.148641265873191486e-01
1.010000000000000000e+03 2.776322702459758096e-01 6.160413841710304927e-01
1.020000000000000000e+03 2.763015812552980788e-01 6.173721138516148343e-01
1.030000000000000000e+03 2.748178712671172086e-01 6.188558553154163144e-01
1.040000000000000000e+03 2.731834742948129890e-01 6.204902784387318349e-01
1.050000000000000000e+03 2.714025194260198393e-01 6.222712628649177402e-01
1.060000000000000000e+03 2.694808275551895949e-01 6.241929856968493340e-01
1.070000000000000000e+03 2.674257881697239547e-01 6.262480563811498868e-01
1.080000000000000000e+03 2.652461973451904487e-01 6.284276829485367921e-01
1.090000000000000000e+03 2.629520671271049492e-01 6.307218501540656774e-01
1.100000000000000000e+03 2.605544305513011749e-01 6.331195240457110351e-01
1.110000000000000000e+03 2.580651080693540100e-01 6.356088828357374654e-01
1.120000000000000000e+03 2.554964603101924081e-01 6.381775595487403363e-01
1.130000000000000000e+03 2.528611290577094661e-01 6.408129127219828192e-01
1.140000000000000000e+03 2.501717548857316231e-01 6.435023053229009804e-01
1.150000000000000000e+03 2.474407051701738303e-01 6.462333729105902425e-01
1.160000000000000000e+03 2.446797895269715029e-01 6.489943075165746089e-01
1.170000000000000000e+03 2.418999778218579588e-01 6.517741339938790679e-01
1.180000000000000000e+03 2.391111803684498605e-01 6.545629453707737522e-01
1.190000000000000000e+03 2.363220123036752496e-01 6.573521301386306970e-01
1.200000000000000000e+03 2.335396089746085146e-01 6.601345501642592595e-01
1.210000000000000000e+03 2.307695012337066531e-01 6.629046762018403482e-01
1.220000000000000000e+03 2.280155042786801145e-01 6.656586933598385158e-01
1.230000000000000000e+03 2.252796778735163818e-01 6.683945435538757307e-01
1.240000000000000000e+03 2.225623457061031707e-01 6.711119073309697036e-01
1.250000000000000000e+03 2.198621742130019152e-01 6.738121144984454691e-01
1.260000000000000000e+03 2.171763149050710828e-01 6.764980134384404042e-01
1.270000000000000000e+03 2.145005988879951642e-01 6.791737781760286419e-01
1.280000000000000000e+03 2.118297738365119698e-01 6.818446614075067691e-01
1.290000000000000000e+03 2.091577883099232371e-01 6.845167103796612196e-01
1.300000000000000000e+03 2.064781053689953294e-01 6.871964607366416455e-01
1.310000000000000000e+03 2.037840449550276378e-01 6.898905932324016499e-01
1.320000000000000000e+03 2.010691259922881002e-01 6.926055842864580203e-01
1.330000000000000000e+03 1.983273859616802304e-01 6.953473915109240622e-01
1.340000000000000000e+03 1.955536709683036167e-01 6.981211687502517638e-01
1.350000000000000000e+03 1.927439065087328540e-01 7.009309947132216223e-01
1.360000000000000000e+03 1.898953450421291822e-01 7.037796107938135703e-01
1.370000000000000000e+03 1.870067690542456529e-01 7.066682293118693448e-01
1.380000000000000000e+03 1.840786217490073262e-01 7.095964118283855093e-01
1.390000000000000000e+03 1.811130609491710397e-01 7.125620048942276075e-01
1.400000000000000000e+03 1.781139493873998003e-01 7.155611549874395516e-01
1.410000000000000000e+03 1.750868109512176973e-01 7.185883400273255228e-01
1.420000000000000000e+03 1.720387412809680217e-01 7.216364646910242708e-01
1.430000000000000000e+03 1.689782434742488626e-01 7.246970306816943319e-01
1.440000000000000000e+03 1.659150267147170010e-01 7.277603201095400598e-01
1.450000000000000000e+03 1.628597707305757536e-01 7.308156503563302264e-01
1.460000000000000000e+03 1.598238809835736407e-01 7.338516131490533390e-01
1.470000000000000000e+03 1.568192437486922997e-01 7.368563220538868475e-01
1.480000000000000000e+03 1.538579287929257577e-01 7.398177111651820237e-01
1.490000000000000000e+03 1.509519025538500481e-01 7.427238161167034614e-01
1.500000000000000000e+03 1.481127704299937675e-01 7.455630345139866444e-01
1.510000000000000000e+03 1.453515320101251007e-01 7.483243694164860571e-01
1.520000000000000000e+03 1.426783739358165048e-01 7.509976316040766209e-01
1.530000000000000000e+03 1.401024992115849077e-01 7.535736136444541877e-01
1.540000000000000000e+03 1.376319832732376125e-01 7.560442399482087961e-01
1.550000000000000000e+03 1.352736583702054685e-01 7.584026793610142425e-01
1.560000000000000000e+03 1.330330241416907422e-01 7.606434297373575459e-01
1.570000000000000000e+03 1.309142300455413133e-01 7.627623448022853303e-01
1.580000000000000000e+03 1.289200934053376935e-01 7.647566055722171408e-01
1.590000000000000000e+03 1.270521272572068538e-01 7.666246933600916469e-01
1.600000000000000000e+03 1.253105863161307065e-01 7.683663554935880047e-01
1.610000000000000000e+03 1.236945454366809166e-01 7.699825177496566475e-01
1.620000000000000000e+03 1.222020217965384264e-01 7.714751633184866453e-01
1.630000000000000000e+03 1.208300917464954910e-01 7.728472283456332415e-01
1.640000000000000000e+03 1.195749965158211803e-01 7.741024652533863293e-01
1.650000000000000000e+03 1.184322673929190245e-01 7.752453413065748533e-01
1.660000000000000000e+03 1.173968488145878675e-01 7.762809102077206092e-01
1.670000000000000000e+03 1.164632309357649803e-01 7.772146738905265639e-01
1.680000000000000000e+03 1.156255663972810543e-01 7.780524824049964705e-01
1.690000000000000000e+03 1.148777607543922386e-01 7.788004302454711869e-01
1.700000000000000000e+03 1.142135669856718383e-01 7.794647645456992402e-01
1.710000000000000000e+03 1.136266701402176421e-01 7.800517964323320230e-01
1.720000000000000000e+03 1.131107754632885987e-01 7.805678170928433968e-01
1.730000000000000000e+03 1.126596962444718353e-01 7.810190209902359015e-01
1.740000000000000000e+03 1.122674128146098210e-01 7.814114283723374577e-01
1.750000000000000000e+03 1.119281140126396484e-01 7.817508514182376356e-01
1.760000000000000000e+03 1.116362232500194562e-01 7.820428669475453232e-01
1.770000000000000000e+03 1.113864200425667417e-01 7.822927890936642870e-01
1.780000000000000000e+03 1.111736696909872979e-01 7.825056561400691724e-01
1.790000000000000000e+03 1.109932462795563124e-01 7.826861933667489390e-01
1.800000000000000000e+03 1.108407295464651499e-01 7.828388177673279991e-01
1.810000000000000000e+03 1.107119958344077171e-01 7.829676570721039175e-01
1.820000000000000000e+03 1.106032138701147499e-01 7.830765395124917871e-01
1.830000000000000000e+03 1.105108456186859878e-01 7.831690045847904402e-01
1.840000000000000000e+03 1.104316516974159501e-01 7.832482962997133757e-01
1.850000000000000000e+03 1.103626850863005382e-01 7.833173547114407054e-01
1.860000000000000000e+03 1.103012877157611565e-01 7.833788469881339811e-01
1.870000000000000000e+03 1.102450837037024373e-01 7.834351460480701856e-01
1.880000000000000000e+03 1.101919668887539200e-01 7.834883501713725273e-01
1.890000000000000000e+03 1.101401073649473372e-01 7.835403061307696371e-01
1.900000000000000000e+03 1.100879629481431587e-01 7.835925476095244591e-01
1.910000000000000000e+03 1.100342794285033426e-01 7.836463214168849500e-01
1.920000000000000000e+03 1.099780515149530458e-01 7.837026412530888608e-01
1.930000000000000000e+03 1.099184691705617917e-01 7.837623201151886487e-01
1.940000000000000000e+03 1.098549115190871062e-01 7.838259752953575799e-01
1.950000000000000000e+03 1.097869574863936659e-01 7.838940302143346806e-01
1.960000000000000000e+03 1.097143539930395678e-01 7.839667371003092855e-01
1.970000000000000000e+03 1.096369676252974823e-01 7.840442361314333697e-01
1.980000000000000000e+03 1.095547442014804251e-01 7.841265813154484343e-01
1.990000000000000000e+03 1.094676733652689832e-01 7.842137813305533056e-01
2.000000000000000000e+03 1.093757485631040027e-01 7.843058424269818696e-01
2.010000000000000000e+03 1.092789433960514589e-01 7.844027889473135229e-01
2.020000000000000000e+03 1.091772129267838815e-01 7.845046581505111805e-01
2.030000000000000000e+03 1.090704765059842818e-01 7.846115261841426491e-01
2.040000000000000000e+03 1.089586103742181261e-01 7.847235161301374662e-01
2.050000000000000000e+03 1.088414412112860274e-01 7.848408044106629511e-01
2.060000000000000000e+03 1.087187541562847637e-01 7.849636072162986533e-01
2.070000000000000000e+03 1.085903140690674396e-01 7.850921618065878071e-01
2.080000000000000000e+03 1.084559055780581344e-01 7.852266848757901707e-01
2.090000000000000000e+03 1.083153842568033293e-01 7.853673216354359887e-01
2.100000000000000000e+03 1.081687214187895679e-01 7.855140996928214880e-01
2.110000000000000000e+03 1.080160401620014476e-01 7.856668920888290053e-01
2.120000000000000000e+03 1.078576530006747636e-01 7.858253825757528510e-01
2.130000000000000000e+03 1.076941045242905542e-01 7.859890280367586302e-01
2.140000000000000000e+03 1.075262137066554241e-01 7.861570146891069255e-01
2.150000000000000000e+03 1.073550941800980874e-01 7.863282337753664253e-01
2.160000000000000000e+03 1.071821595772594338e-01 7.865012742757593323e-01
2.170000000000000000e+03 1.070091385314096699e-01 7.866744066906553590e-01
2.180000000000000000e+03 1.068380836000070444e-01 7.868455760657133702e-01
2.190000000000000000e+03 1.066713591697982938e-01 7.870124157774353035e-01
2.200000000000000000e+03 1.065116162925243831e-01 7.871722728161494320e-01
2.210000000000000000e+03 1.063617446534862315e-01 7.873222584831155446e-01
2.220000000000000000e+03 1.062248283313340647e-01 7.874592906596264985e-01
2.230000000000000000e+03 1.061040803305034336e-01 7.875801566331795955e-01
2.240000000000000000e+03 1.060027754441188880e-01 7.876815792459797017e-01
2.250000000000000000e+03 1.059242027238342099e-01 7.877602664792600073e-01
2.260000000000000000e+03 1.058715976846606177e-01 7.878129812475797022e-01
2.270000000000000000e+03 1.058480534167274834e-01 7.878366297363070814e-01
2.280000000000000000e+03 1.058564491661695695e-01 7.878283328407996722e-01
2.290000000000000000e+03 1.058994048808143129e-01 7.877854730712111619e-01
2.300000000000000000e+03 1.059792334223910865e-01 7.877057406242806703e-01
2.310000000000000000e+03 1.060978961383020752e-01 7.875871757132725248e-01
2.320000000000000000e+03 1.062569710708952814e-01 7.874281972438504917e-01
2.330000000000000000e+03 1.064576259506501144e-01 7.872276337571824101e-01
2.340000000000000000e+03 1.067006182656409508e-01 7.869847300126360246e-01
2.350000000000000000e+03 1.069862934233428015e-01 7.866991441437922727e-01
2.360000000000000000e+03 1.073145758508319142e-01 7.863709499985394036e-01
2.370000000000000000e+03 1.076849830408640879e-01 7.860006268053421064e-01
2.380000000000000000e+03 1.080966374073542569e-01 7.855890534261580349e-01
2.390000000000000000e+03 1.085482686683664766e-01 7.851375027142289964e-01
2.400000000000000000e+03 1.090382211619898151e-01 7.846476295513105104e-01
2.410000000000000000e+03 1.095644675834374360e-01 7.841214603227515401e-01
2.420000000000000000e+03 1.101246276503442534e-01 7.835613763058069114e-01
2.430000000000000000e+03 1.107160027932540952e-01 7.829700769523889603e-01
2.440000000000000000e+03 1.113356165098933065e-01 7.823505390606698695e-01
2.450000000000000000e+03 1.119802621389977132e-01 7.817059686426442999e-01
2.460000000000000000e+03 1.126465160369583968e-01 7.810397872993790624e-01
2.470000000000000000e+03 1.133307567031527352e-01 7.803556145908934205e-01
2.480000000000000000e+03 1.140292212489663476e-01 7.796572142612753220e-01
2.490000000000000000e+03 1.147380619735502288e-01 7.789484368339865128e-01
2.500000000000000000e+03 1.154533822230179169e-01 7.782331802217393735e-01
2.510000000000000000e+03 1.161712922319776825e-01 7.775153338787585966e-01
2.520000000000000000e+03 1.168879581236821619e-01 7.767987315678711591e-01
2.530000000000000000e+03 1.175996391556351772e-01 7.760871144935662658e-01
2.540000000000000000e+03 1.183027481091291355e-01 7.753840700042867740e-01
2.550000000000000000e+03 1.189938953661119903e-01 7.746929880925447209e-01
2.560000000000000000e+03 1.196699142500777385e-01 7.740170358810117834e-01
2.570000000000000000e+03 1.203278940640035849e-01 7.733591238987752581e-01
2.580000000000000000e+03 1.209652014175883333e-01 7.727218855245795437e-01
2.590000000000000000e+03 1.215794801263914704e-01 7.721076777454848328e-01
2.600000000000000000e+03 1.221686512945236308e-01 7.715185785178567679e-01
2.610000000000000000e+03 1.227309309450926311e-01 7.709563700156141230e-01
2.620000000000000000e+03 1.232648396731216844e-01 7.704225313950493481e-01
2.630000000000000000e+03 1.237691864288263527e-01 7.699182532115054212e-01
2.640000000000000000e+03 1.242430392794930671e-01 7.694444659313395274e-01
2.650000000000000000e+03 1.246857046499489918e-01 7.690018614962580434e-01
2.660000000000000000e+03 1.250967138088474040e-01 7.685909089613021106e-01
2.670000000000000000e+03 1.254757921219334105e-01 7.682118862595491704e-01
2.680000000000000000e+03 1.258228021635863780e-01 7.678649337315927026e-01
2.690000000000000000e+03 1.261376892112148207e-01 7.675501071000314646e-01
2.700000000000000000e+03 1.264204634578656450e-01 7.672673968360508301e-01
2.710000000000000000e+03 1.266711870035353293e-01 7.670167403009777729e-01
2.720000000000000000e+03 1.268899309289687471e-01 7.667980644376907184e-01
2.730000000000000000e+03 1.270767130188243943e-01 7.666113500027121885e-01
2.740000000000000000e+03 1.272314633207527190e-01 7.664566664211435176e-01
2.750000000000000000e+03 1.273540106398261817e-01 7.663341836009821550e-01
2.760000000000000000e+03 1.274440708844883363e-01 7.662441837551104973e-01
2.770000000000000000e+03 1.275012365344130594e-01 7.661870745343329903e-01
2.780000000000000000e+03 1.275249784634844841e-01 7.661633868718501494e-01
2.790000000000000000e+03 1.275146422861653250e-01 7.661737750524553192e-01
2.800000000000000000e+03 1.274694377679747859e-01 7.662190277716637299e-01
2.810000000000000000e+03 1.273884472676209134e-01 7.663000627766280992e-01
2.820000000000000000e+03 1.272706344492761932e-01 7.664179179838761513e-01
2.830000000000000000e+03 1.271148893055384643e-01 7.665737047765005530e-01
2.840000000000000000e+03 1.269201030637541749e-01 7.667685317873921269e-01
2.850000000000000000e+03 1.266852107633809621e-01 7.670034615914791409e-01
2.860000000000000000e+03 1.264092164590298328e-01 7.672794870397694478e-01
2.870000000000000000e+03 1.260912474053778320e-01 7.675974794961613057e-01
2.880000000000000000e+03 1.257306203800923339e-01 7.679581241899799959e-01
2.890000000000000000e+03 1.253269068494168581e-01 7.683618516352358485e-01
2.900000000000000000e+03 1.248799884951157235e-01 7.688087796565599152e-01
2.910000000000000000e+03 1.243901055892333990e-01 7.692986672779412727e-01
2.920000000000000000e+03 1.238579015097804603e-01 7.698308724321014651e-01
2.930000000000000000e+03 1.232844376544826731e-01 7.704043355368564994e-01
2.940000000000000000e+03 1.226712023690591791e-01 7.710175685714613092e-01
2.950000000000000000e+03 1.220201269417569984e-01 7.716686394880615252e-01
2.960000000000000000e+03 1.213335859065139272e-01 7.723551730909830049e-01
2.970000000000000000e+03 1.206143810479349820e-01 7.730743680131362261e-01
2.980000000000000000e+03 1.198656960147218425e-01 7.738230415579901988e-01
2.990000000000000000e+03 1.190910385398504800e-01 7.745976854038034709e-01
3.000000000000000000e+03 1.182941767167269842e-01 7.753945292140396184e-01
3.010000000000000000e+03 1.174790641293256277e-01 7.762096172937842375e-01
3.020000000000000000e+03 1.166497615267244464e-01 7.770388894206222696e-01
3.030000000000000000e+03 1.158103569596355686e-01 7.778782617469136573e-01
3.040000000000000000e+03 1.149649063703927637e-01 7.787236824395071810e-01
3.050000000000000000e+03 1.141173920218462728e-01 7.795711693638810447e-01
3.060000000000000000e+03 1.132716724441132083e-01 7.804168602173162661e-01
3.070000000000000000e+03 1.124314322189522569e-01 7.812570669762147757e-01
3.080000000000000000e+03 1.116001285018436429e-01 7.820883322003069349e-01
3.090000000000000000e+03 1.107809511401350450e-01 7.829074667067155158e-01
3.100000000000000000e+03 1.099768305756438913e-01 7.837115392924197677e-01
3.110000000000000000e+03 1.091904431752463434e-01 7.844978736212362413e-01
3.120000000000000000e+03 1.084241851366679471e-01 7.852640755303184061e-01
3.130000000000000000e+03 1.076801626654003557e-01 7.860080415991157476e-01
3.140000000000000000e+03 1.069601892165618628e-01 7.867279598310230604e-01
3.150000000000000000e+03 1.062657816694097396e-01 7.874223108219847722e-01
3.160000000000000000e+03 1.055981672809310074e-01 7.880898640622061579e-01
3.170000000000000000e+03 1.049582913064083523e-01 7.887296761156366021e-01
3.180000000000000000e+03 1.043468158454708694e-01 7.893410892989770611e-01
3.190000000000000000e+03 1.037641293951149374e-01 7.899237160589256401e-01
3.200000000000000000e+03 1.032103625079306281e-01 7.904774224455590748e-01
3.210000000000000000e+03 1.026853869919520656e-01 7.910023325368222835e-01
3.220000000000000000e+03 1.021888354148632883e-01 7.914988130176087155e-01
3.230000000000000000e+03 1.017201316169064618e-01 7.919674426712272064e-01
3.240000000000000000e+03 1.012784942824444118e-01 7.924090057639630036e-01
3.250000000000000000e+03 1.008629291089404023e-01 7.928244970218910614e-01
3.260000000000000000e+03 1.004722569164483575e-01 7.932150942398186189e-01
3.270000000000000000e+03 1.001051631116484930e-01 7.935821109731024947e-01
3.280000000000000000e+03 9.976023170105501048e-02 7.939269631225760460e-01
3.290000000000000000e+03 9.943596702430318457e-02 7.942511464801580434e-01
3.300000000000000000e+03 9.913080995690487507e-02 7.945562201583734607e-01
3.310000000000000000e+03 9.884316719004293539e-02 7.948437762194182632e-01
3.320000000000000000e+03 9.857146114199603903e-02 7.951153899904148670e-01
3.330000000000000000e+03 9.831416954214874937e-02 7.953725823651949245e-01
3.340000000000000000e+03 9.806984945094980588e-02 7.956167976349540760e-01
3.350000000000000000e+03 9.783714965735507141e-02 7.958493899070648858e-01
3.360000000000000000e+03 9.761480830882132698e-02 7.960716228132234118e-01
3.370000000000000000e+03 9.740166187133707243e-02 7.962846595127772709e-01
3.380000000000000000e+03 9.719667161775893960e-02 7.964895381922416639e-01
3.390000000000000000e+03 9.699893770233605772e-02 7.966871590983680695e-01
3.400000000000000000e+03 9.680769335523418950e-02 7.968782891569601290e-01
3.410000000000000000e+03 9.662227401720013820e-02 7.970635924571546349e-01
3.420000000000000000e+03 9.644207398464846315e-02 7.972436741025260565e-01
3.430000000000000000e+03 9.626651513023296025e-02 7.974191121679208294e-01
3.440000000000000000e+03 9.609502450980525468e-02 7.975904798359734205e-01
3.450000000000000000e+03 9.592700343482181424e-02 7.977583767958805749e-01
3.460000000000000000e+03 9.576179693007180749e-02 7.979234584844787648e-01
3.470000000000000000e+03 9.559866406072901890e-02 7.980864655415090825e-01
3.480000000000000000e+03 9.543674865461124202e-02 7.982482550807542543e-01
3.490000000000000000e+03 9.527505746565718969e-02 7.984098202048860449e-01
3.500000000000000000e+03 9.511246671841981637e-02 7.985722833484844019e-01
3.510000000000000000e+03 9.494772328992884258e-02 7.987368978618838433e-01
3.520000000000000000e+03 9.477945429628724383e-02 7.989050374851290881e-01
3.530000000000000000e+03 9.460618782266901061e-02 7.990781739074843681e-01
3.540000000000000000e+03 9.442637026355438223e-02 7.992578595567343402e-01
3.550000000000000000e+03 9.423839793136871978e-02 7.994456967983887274e-01
3.560000000000000000e+03 9.404067334533683375e-02 7.996432835897361313e-01
3.570000000000000000e+03 9.383166190793314210e-02 7.998521549382625606e-01
3.580000000000000000e+03 9.360994373130135382e-02 8.000737294204320893e-01
3.590000000000000000e+03 9.337426190501910139e-02 8.003092624912589992e-01
3.600000000000000000e+03 9.312357660599569764e-02 8.005597947984824936e-01
3.610000000000000000e+03 9.285711727584598785e-02 8.008260992302540515e-01
3.620000000000000000e+03 9.257442456338858816e-02 8.011086368172530836e-01
3.630000000000000000e+03 9.227539531891683355e-02 8.014075115216179324e-01
3.640000000000000000e+03 9.196031427050750662e-02 8.017224397489494114e-01
3.650000000000000000e+03 9.162987308650918927e-02 8.020527303570808009e-01
3.660000000000000000e+03 9.128517810639931451e-02 8.023972758343853595e-01
3.670000000000000000e+03 9.092773567403869550e-02 8.027545678013566777e-01
3.680000000000000000e+03 9.055943707036198664e-02 8.031227136091225738e-01
3.690000000000000000e+03 9.018254074298885647e-02 8.034994551279860397e-01
3.700000000000000000e+03 8.979963444483039792e-02 8.038822050328087165e-01
3.710000000000000000e+03 8.941358857333103760e-02 8.042680927629067833e-01
3.720000000000000000e+03 8.902750546905079110e-02 8.046540166391361604e-01
3.730000000000000000e+03 8.864466384772894114e-02 8.050366990047665983e-01
3.740000000000000000e+03 8.826845608986923220e-02 8.054127477763827203e-01
3.750000000000000000e+03 8.790233093565498479e-02 8.057787138328211807e-01
3.760000000000000000e+03 8.754975939325596035e-02 8.061311254211043220e-01
3.770000000000000000e+03 8.721419445032516093e-02 8.064665296260977723e-01
3.780000000000000000e+03 8.689900223960540793e-02 8.067815607922502741e-01
3.790000000000000000e+03 8.660742706487363496e-02 8.070729735928061643e-01
3.800000000000000000e+03 8.634257470013322056e-02 8.073376611674667469e-01
3.810000000000000000e+03 8.610737774203387762e-02 8.075726904227108482e-01
3.820000000000000000e+03 8.590457483316214782e-02 8.077753226987853807e-01
3.830000000000000000e+03 8.573666881485805802e-02 8.079430563118641384e-01
3.840000000000000000e+03 8.560588910721804445e-02 8.080736634369869442e-01
3.850000000000000000e+03 8.551418372744799823e-02 8.081651958623407017e-01
3.860000000000000000e+03 8.546320964033859990e-02 8.082159957355057323e-01
3.870000000000000000e+03 8.545430831472664024e-02 8.082247214391650170e-01
3.880000000000000000e+03 8.548849366693227203e-02 8.081903588737444633e-01
3.890000000000000000e+03 8.556645182442913777e-02 8.081122214897511480e-01
3.900000000000000000e+03 8.568852001211516023e-02 8.079899720058080215e-01
3.910000000000000000e+03 8.585467845182337410e-02 8.078236300433526695e-01
3.920000000000000000e+03 8.606458553242246623e-02 8.076135366336193444e-01
3.930000000000000000e+03 8.631761333947655934e-02 8.073603190438580768e-01
3.940000000000000000e+03 8.661285189448715560e-02 8.070648876646817627e-01
3.950000000000000000e+03 8.694912525834401495e-02 8.067284200406530381e-01
3.960000000000000000e+03 8.732502381150389348e-02 8.063523272736853320e-01
3.970000000000000000e+03 8.773892451172941864e-02 8.059382329497478681e-01
3.980000000000000000e+03 8.818901578601058555e-02 8.054879481700976118e-01
3.990000000000000000e+03 8.867333619684392154e-02 8.050034335759391757e-01
4.000000000000000000e+03 8.918980702410302108e-02 8.044867669634316876e-01
4.010000000000000000e+03 8.973625287801136052e-02 8.039401233709621009e-01
4.020000000000000000e+03 9.031042302141716049e-02 8.033657535247482606e-01
4.030000000000000000e+03 9.091001036802158486e-02 8.027659652720532391e-01
4.040000000000000000e+03 9.153266111160665575e-02 8.021431144701930416e-01
4.050000000000000000e+03 9.217598901033120795e-02 8.014995882454423182e-01
4.060000000000000000e+03 9.283758473935135869e-02 8.008377948684922698e-01
4.070000000000000000e+03 9.351501977566614721e-02 8.001601616262126182e-01
4.080000000000000000e+03 9.420584519637194287e-02 7.994691375823772539e-01
4.090000000000000000e+03 9.490759043214737345e-02 7.987671937499921659e-01
4.100000000000000000e+03 9.561777331637062727e-02 7.980568119424050755e-01
4.110000000000000000e+03 9.633390733248431426e-02 7.973404789691305172e-01
4.120000000000000000e+03 9.705349917117651881e-02 7.966206886028140977e-01
4.130000000000000000e+03 9.777404828090181799e-02 7.958999411381624256e-01
4.140000000000000000e+03 9.849305911355500653e-02 7.951807321407829976e-01
4.150000000000000000e+03 9.920805579527677831e-02 7.944655370978106479e-01
4.160000000000000000e+03 9.991659525911736339e-02 7.937567989583222960e-01
4.170000000000000000e+03 1.006162754664428477e-01 7.930569196110677233e-01
4.180000000000000000e+03 1.013047436787239131e-01 7.923682509459138990e-01
4.190000000000000000e+03 1.019797179903224049e-01 7.916930753390961639e-01
4.200000000000000000e+03 1.026390166544380173e-01 7.910335745300753896e-01
