0.000000000000000000e+00 2.246658247057304603e-01 6.671107203225459248e-01
1.000000000000000000e+01 2.248839658921371887e-01 6.668820062516854774e-01
2.000000000000000000e+01 2.248971022416878796e-01 6.668599955443733629e-01
3.000000000000000000e+01 2.247219280841842581e-01 6.670271314720128686e-01
4.000000000000000000e+01 2.243855737960085972e-01 6.673564765379886854e-01
5.000000000000000000e+01 2.239264653121620929e-01 6.678095933014235319e-01
6.000000000000000000e+01 2.233917498829142423e-01 6.683388261210472248e-01
7.000000000000000000e+01 2.228353410007923308e-01 6.688899989786781797e-01
8.000000000000000000e+01 2.223149743829832825e-01 6.694055469199812203e-01
9.000000000000000000e+01 2.218883614208052024e-01 6.698280652061936458e-01
1.000000000000000000e+02 2.216092527913109678e-01 6.701039437083149419e-01
1.100000000000000000e+02 2.215239588915709767e-01 6.701867501498794955e-01
1.200000000000000000e+02 2.216686883498324434e-01 6.700401802306833465e-01
1.300000000000000000e+02 2.220676802853159271e-01 6.696400409046067148e-01
1.400000000000000000e+02 2.227322961539906221e-01 6.689750598426034145e-01
1.500000000000000000e+02 2.236611680434901495e-01 6.680466456513408646e-01
1.600000000000000000e+02 2.248412696330072125e-01 6.668677806793275042e-01
1.700000000000000000e+02 2.262496937625543825e-01 6.654612559394955662e-01
1.800000000000000000e+02 2.278559029700689964e-01 6.638574561674652763e-01
1.900000000000000000e+02 2.296242149772947383e-01 6.620919126864570625e-01
2.000000000000000000e+02 2.315163025606009062e-01 6.602028299628235342e-01
2.100000000000000000e+02 2.334935290864328938e-01 6.582287531020902804e-01
2.200000000000000000e+02 2.355189904672251588e-01 6.562065071278002648e-01
2.300000000000000000e+02 2.375591808100341318e-01 6.541695192606278297e-01
2.400000000000000000e+02 2.395852365165561659e-01 6.521465934904685513e-01
2.500000000000000000e+02 2.415737438419303662e-01 6.501611206170013757e-01
2.600000000000000000e+02 2.435071270774113172e-01 6.482306739945572494e-01
2.700000000000000000e+02 2.453736645821145979e-01 6.463669859060170442e-01
2.800000000000000000e+02 2.471671977700948541e-01 6.445762519144454528e-01
2.900000000000000000e+02 2.488865971910238784e-01 6.428596615464012842e-01
3.000000000000000000e+02 2.505350540868963582e-01 6.412140867210996964e-01
3.100000000000000000e+02 2.521192647911367768e-01 6.396328966538493699e-01
3.200000000000000000e+02 2.536485723610909515e-01 6.381068114103709554e-01
3.300000000000000000e+02 2.551341225746652785e-01 6.366247296626454943e-01
3.400000000000000000e+02 2.565880714159076703e-01 6.351745250424308820e-01
3.500000000000000000e+02 2.580228678671995235e-01 6.337437544910323739e-01
3.600000000000000000e+02 2.594506377687107457e-01 6.323202681024929772e-01
3.700000000000000000e+02 2.608826894142556307e-01 6.308927174893944612e-01
3.800000000000000000e+02 2.623291441655998812e-01 6.294509361622321331e-01
3.900000000000000000e+02 2.637986798084303586e-01 6.279861989546842160e-01
4.000000000000000000e+02 2.652983802183497275e-01 6.264913778303277114e-01
4.100000000000000000e+02 2.668336817080729784e-01 6.249609944056816468e-01
4.200000000000000000e+02 2.684083939082744785e-01 6.233911912985469206e-01
4.300000000000000000e+02 2.700247760552992315e-01 6.217796571335989508e-01
4.400000000000000000e+02 2.716836477454523946e-01 6.201255080791672203e-01
4.500000000000000000e+02 2.733845212225016752e-01 6.184291728213371364e-01
4.600000000000000000e+02 2.751257390925637702e-01 6.166922813940749482e-01
4.700000000000000000e+02 2.769046053552607356e-01 6.149175306945176001e-01
4.800000000000000000e+02 2.787175017923324560e-01 6.131085540101793852e-01
4.900000000000000000e+02 2.805599818231891973e-01 6.112698099217670489e-01
5.000000000000000000e+02 2.824268477033587410e-01 6.094064853089381506e-01
5.100000000000000000e+02 2.843122237218571602e-01 6.075244100193269992e-01
5.200000000000000000e+02 2.862096366393848124e-01 6.056299873466735040e-01
5.300000000000000000e+02 2.881121002645508078e-01 6.037301342149566930e-01
5.400000000000000000e+02 2.900121992326896159e-01 6.018322109531523134e-01
5.500000000000000000e+02 2.919021832066103772e-01 5.999439247354951821e-01
5.600000000000000000e+02 2.937740769416529174e-01 5.980732103617190099e-01
5.700000000000000000e+02 2.956198116516916552e-01 5.962280990094107613e-01
5.800000000000000000e+02 2.974313700853246090e-01 5.944165609591346433e-01
5.900000000000000000e+02 2.992009345932820641e-01 5.926463654069532572e-01
6.000000000000000000e+02 3.009210409021807475e-01 5.909249538058390927e-01
6.100000000000000000e+02 3.025847195456222161e-01 5.892592685324207213e-01
6.200000000000000000e+02 3.041856331066011832e-01 5.876556082803754411e-01
6.300000000000000000e+02 3.057181998068311812e-01 5.861195194671247055e-01
6.400000000000000000e+02 3.071776944069797843e-01 5.846557148840083595e-01
6.500000000000000000e+02 3.085603031039199640e-01 5.832680047557567971e-01
6.600000000000000000e+02 3.098631359398594798e-01 5.819592704210374556e-01
6.700000000000000000e+02 3.110842180187959882e-01 5.807314947271650096e-01
6.800000000000000000e+02 3.122224554093466220e-01 5.795858076489701638e-01
6.900000000000000000e+02 3.132775595705930005e-01 5.785225496712799176e-01
7.000000000000000000e+02 3.142499396353114482e-01 5.775413459046986331e-01
7.100000000000000000e+02 3.151405800870643037e-01 5.766412112812437929e-01
7.200000000000000000e+02 3.159509121642967711e-01 5.758206907124606699e-01
7.300000000000000000e+02 3.166826916314209317e-01 5.750780171239490146e-01
7.400000000000000000e+02 3.173378817724629153e-01 5.744112620136940794e-01
7.500000000000000000e+02 3.179185353111463330e-01 5.738184348960986281e-01
7.600000000000000000e+02 3.184266903553285011e-01 5.732975474735561017e-01
7.700000000000000000e+02 3.188642922825393189e-01 5.728466844478088404e-01
7.800000000000000000e+02 3.192331477445609633e-01 5.724640770646798327e-01
7.900000000000000000e+02 3.195348970534591659e-01 5.721481283277238816e-01
8.000000000000000000e+02 3.197710047481146511e-01 5.718974200967102961e-01
8.100000000000000000e+02 3.199427639473123586e-01 5.717107140048900416e-01
8.200000000000000000e+02 3.200513013562543141e-01 5.715869288957325933e-01
8.300000000000000000e+02 3.200976133133861534e-01 5.715251118401017960e-01
8.400000000000000000e+02 3.200826264391593012e-01 5.715243778109088124e-01
8.500000000000000000e+02 3.200072600865884742e-01 5.715838303570152101e-01
8.600000000000000000e+02 3.198724976051696700e-01 5.717025013141662226e-01
8.700000000000000000e+02 3.196794888741409935e-01 5.718792922838733528e-01
8.800000000000000000e+02 3.194296347013987347e-01 5.721128657966467745e-01
8.900000000000000000e+02 3.191246395745939157e-01 5.724015116761278499e-01
9.000000000000000000e+02 3.187665906381523251e-01 5.727431228597624768e-01
9.100000000000000000e+02 3.183580365978544990e-01 5.731352214340816875e-01
9.200000000000000000e+02 3.179019981016353302e-01 5.735748680637493546e-01
9.300000000000000000e+02 3.174019576357872685e-01 5.740585862743148304e-01
9.400000000000000000e+02 3.168618531037656894e-01 5.745824088298098209e-01
9.500000000000000000e+02 3.162860450682051239e-01 5.751419477729725616e-01
9.600000000000000000e+02 3.156792645640105754e-01 5.757324875564905353e-01
9.700000000000000000e+02 3.150465165448108618e-01 5.763490468424730118e-01
9.800000000000000000e+02 3.143929699674809508e-01 5.769864904432432384e-01
9.900000000000000000e+02 3.137238329638790679e-01 5.776396496801380342e-01
1.000000000000000000e+03 3.130442261718385244e-01 5.783034378828298960e-01
1.010000000000000000e+03 3.123590713607293790e-01 5.789729758043593577e-01
1.020000000000000000e+03 3.116729673535019729e-01 5.796437053103636883e-01
1.030000000000000000e+03 3.109900584725117656e-01 5.803115258155381317e-01
1.040000000000000000e+03 3.103138917910499561e-01 5.809729346521150806e-01
1.050000000000000000e+03 3.096472859688633172e-01 5.816251381458331648e-01
1.060000000000000000e+03 3.089922420662131741e-01 5.822661613107781298e-01
1.070000000000000000e+03 3.083498605047675922e-01 5.828949459302237290e-01
1.080000000000000000e+03 3.077202307850661067e-01 5.835114132048276891e-01
1.090000000000000000e+03 3.071023523173532777e-01 5.841165492387260239e-01
1.100000000000000000e+03 3.064941010418765766e-01 5.847124904683103086e-01
1.110000000000000000e+03 3.058922043827672632e-01 5.853025319558957662e-01
1.120000000000000000e+03 3.052922628534333049e-01 5.858911217353943712e-01
1.130000000000000000e+03 3.046887925939658071e-01 5.864837875919254317e-01
1.140000000000000000e+03 3.040753237194356307e-01 5.870869917395047377e-01
1.150000000000000000e+03 3.034445882334931288e-01 5.877079623448804302e-01
1.160000000000000000e+03 3.027887535182882672e-01 5.883544913788187891e-01
1.170000000000000000e+03 3.020996814057493873e-01 5.890346410238634922e-01
1.180000000000000000e+03 3.013692713138441115e-01 5.897564690172372170e-01
1.190000000000000000e+03 3.005898197846050834e-01 5.905277082874330619e-01
1.200000000000000000e+03 2.997543174801989840e-01 5.913553856202560244e-01
1.210000000000000000e+03 2.988567573108285025e-01 5.922454960486522868e-01
1.220000000000000000e+03 2.978924451685443509e-01 5.932027015658455360e-01
1.230000000000000000e+03 2.968582762186371404e-01 5.942300931113787543e-01
1.240000000000000000e+03 2.957529079448740217e-01 5.953290065372806028e-01
1.250000000000000000e+03 2.945768211519861346e-01 5.964988733217566619e-01
1.260000000000000000e+03 2.933323555023537588e-01 5.977372408257827230e-01
1.270000000000000000e+03 2.920236565063092926e-01 5.990398969467769508e-01
1.280000000000000000e+03 2.906564884375306690e-01 6.004010190937220104e-01
1.290000000000000000e+03 2.892379737079103785e-01 6.018134078873728088e-01
1.300000000000000000e+03 2.877762887190250529e-01 6.032688416420273203e-01
1.310000000000000000e+03 2.862803012996261165e-01 6.047584427863158529e-01
1.320000000000000000e+03 2.847591687245699665e-01 6.062730486285824449e-01
1.330000000000000000e+03 2.832219402275132358e-01 6.078036609016097547e-01
1.340000000000000000e+03 2.816771436771332571e-01 6.093418016436665807e-01
1.350000000000000000e+03 2.801324417341773398e-01 6.108798711947337479e-01
1.360000000000000000e+03 2.785943688177058286e-01 6.124114650556793382e-01
1.370000000000000000e+03 2.770681178049305138e-01 6.139315202798212301e-01
1.380000000000000000e+03 2.755574283044464057e-01 6.154363523129271485e-01
1.390000000000000000e+03 2.740646231494187068e-01 6.169237040885354739e-01
1.400000000000000000e+03 2.725907125285510491e-01 6.183926608082874754e-01
1.410000000000000000e+03 2.711355671106674414e-01 6.198434088583439916e-01
1.420000000000000000e+03 2.696981609913191580e-01 6.212768910556489832e-01
1.430000000000000000e+03 2.682769086693917449e-01 6.226945599316390245e-01
1.440000000000000000e+03 2.668700354749271586e-01 6.240981248467097897e-01
1.450000000000000000e+03 2.654758835874646006e-01 6.254891282044102718e-01
1.460000000000000000e+03 2.640932334632338230e-01 6.268686855988059303e-01
1.470000000000000000e+03 2.627215552291133349e-01 6.282372936152861298e-01
1.480000000000000000e+03 2.613611480018641631e-01 6.295946367693485701e-01
1.490000000000000000e+03 2.600131998128201172e-01 6.309395736442929836e-01
1.500000000000000000e+03 2.586797551588698174e-01 6.322701718645231672e-01
1.510000000000000000e+03 2.573635915326099033e-01 6.335837732935194477e-01
1.520000000000000000e+03 2.560680221843742443e-01 6.348771213065985686e-01
1.530000000000000000e+03 2.547966735906259106e-01 6.361466283802246213e-01
1.540000000000000000e+03 2.535531982257848704e-01 6.373886181572813170e-01
1.550000000000000000e+03 2.523410023849332884e-01 6.385996020823618835e-01
1.560000000000000000e+03 2.511630395303844909e-01 6.397766250325841453e-01
1.570000000000000000e+03 2.500216029810157226e-01 6.409174378346781387e-01
1.580000000000000000e+03 2.489181821541685824e-01 6.420205910374123803e-01
1.590000000000000000e+03 2.478534181251369206e-01 6.430855035164148026e-01
1.600000000000000000e+03 2.468271059497779973e-01 6.441123867631686206e-01
1.610000000000000000e+03 2.458382473226637666e-01 6.451022088676318100e-01
1.620000000000000000e+03 2.448851684845408383e-01 6.460566331804585838e-01
1.630000000000000000e+03 2.439656872392561571e-01 6.469778081112159684e-01
1.640000000000000000e+03 2.430772925905134441e-01 6.478681804977889369e-01
1.650000000000000000e+03 2.422173198249344683e-01 6.487303407867351934e-01
1.660000000000000000e+03 2.413831334677580542e-01 6.495669099036276428e-01
1.670000000000000000e+03 2.405722576808483615e-01 6.503803467491259260e-01
1.680000000000000000e+03 2.397824944852787465e-01 6.511727991314134600e-01
1.690000000000000000e+03 2.390119992570496898e-01 6.519459228929714856e-01
1.700000000000000000e+03 2.382593602623232776e-01 6.527008405534708846e-01
1.710000000000000000e+03 2.375236879225753328e-01 6.534382682790205177e-01
1.720000000000000000e+03 2.368046232803217022e-01 6.541585989726361738e-01
1.730000000000000000e+03 2.361022763814265013e-01 6.548619315988964962e-01
1.740000000000000000e+03 2.354171177700049300e-01 6.555479430035180410e-01
1.750000000000000000e+03 2.347498974970533281e-01 6.562158292346815802e-01
1.760000000000000000e+03 2.341015975386012415e-01 6.568644150769425982e-01
1.770000000000000000e+03 2.334734473361311791e-01 6.574924997377921132e-01
1.780000000000000000e+03 2.328668500057242408e-01 6.580990094931500334e-01
1.790000000000000000e+03 2.322832360007154873e-01 6.586828917129041727e-01
1.800000000000000000e+03 2.317239313089365649e-01 6.592429788770526322e-01
1.810000000000000000e+03 2.311900802508423391e-01 6.597779608943942220e-01
1.820000000000000000e+03 2.306826844716912128e-01 6.602866005329839361e-01
1.830000000000000000e+03 2.302025848973172917e-01 6.607678649350733346e-01
1.840000000000000000e+03 2.297504035173870418e-01 6.612209698564418536e-01
1.850000000000000000e+03 2.293265480512096111e-01 6.616454655144888841e-01
1.860000000000000000e+03 2.289311903089365219e-01 6.620411648137836114e-01
1.870000000000000000e+03 2.285642542733175853e-01 6.624081925551644767e-01
1.880000000000000000e+03 2.282254059951198677e-01 6.627469946646874499e-01
1.890000000000000000e+03 2.279140419032644749e-01 6.630582279542732715e-01
1.900000000000000000e+03 2.276292999903523351e-01 6.633426426159244604e-01
1.910000000000000000e+03 2.273701030535544843e-01 6.636012264066687427e-01
1.920000000000000000e+03 2.271351405043738891e-01 6.638352628265999922e-01
1.930000000000000000e+03 2.269229131638130503e-01 6.640463691269107294e-01
1.940000000000000000e+03 2.267317613136873855e-01 6.642364198137550302e-01
1.950000000000000000e+03 2.265598154687554489e-01 6.644073647467629851e-01
1.960000000000000000e+03 2.264049774177955832e-01 6.645610948344350399e-01
1.970000000000000000e+03 2.262650194304772211e-01 6.646996191921207275e-01
1.980000000000000000e+03 2.261377036516976080e-01 6.648253478301164865e-01
1.990000000000000000e+03 2.260207515148375534e-01 6.649408446855088473e-01
2.000000000000000000e+03 2.259118517465333875e-01 6.650486218883917555e-01
2.010000000000000000e+03 2.258086940863359426e-01 6.651510534430495891e-01
2.020000000000000000e+03 2.257090343170539415e-01 6.652503279916796020e-01
2.030000000000000000e+03 2.256107495100356242e-01 6.653484234298774336e-01
2.040000000000000000e+03 2.255119192744998724e-01 6.654471947701050549e-01
2.050000000000000000e+03 2.254108538226279046e-01 6.655482669205906587e-01
2.060000000000000000e+03 2.253061408925415010e-01 6.656530053625901999e-01
2.070000000000000000e+03 2.251966766683900500e-01 6.657625922058926227e-01
2.080000000000000000e+03 2.250816455126342652e-01 6.658779222101988138e-01
2.090000000000000000e+03 2.249605290795604062e-01 6.659995807829411918e-01
2.100000000000000000e+03 2.248330673846213323e-01 6.661278155388994371e-01
2.110000000000000000e+03 2.246992701234279133e-01 6.662626913850325794e-01
2.120000000000000000e+03 2.245593700595352737e-01 6.664039704774339379e-01
2.130000000000000000e+03 2.244137659075402802e-01 6.665510794259015270e-01
2.140000000000000000e+03 2.242630228951003335e-01 6.667033447246436539e-01
2.150000000000000000e+03 2.241078650914927750e-01 6.668601457440614944e-01
2.160000000000000000e+03 2.239490981512487766e-01 6.670208410604954175e-01
2.170000000000000000e+03 2.237874871921744224e-01 6.671844944384180964e-01
2.180000000000000000e+03 2.236238129865416313e-01 6.673501739288918433e-01
2.190000000000000000e+03 2.234588572447486488e-01 6.675169571630635845e-01
2.200000000000000000e+03 2.232934114285129445e-01 6.676838999297183275e-01
2.210000000000000000e+03 2.231283988792182871e-01 6.678502947552137359e-01
2.220000000000000000e+03 2.229648211886141040e-01 6.680155275359682676e-01
2.230000000000000000e+03 2.228037016002265835e-01 6.681788749304694575e-01
2.240000000000000000e+03 2.226460651750297448e-01 6.683391399334288607e-01
2.250000000000000000e+03 2.224930683201115089e-01 6.684947568865702294e-01
2.260000000000000000e+03 2.223461332507606358e-01 6.686440785322559366e-01
2.270000000000000000e+03 2.222069439534476443e-01 6.687852516619544607e-01
2.280000000000000000e+03 2.220774844296498352e-01 6.689163319300046595e-01
2.290000000000000000e+03 2.219600319362468599e-01 6.690353304709112381e-01
2.300000000000000000e+03 2.218570713462555966e-01 6.691400268585191435e-01
2.310000000000000000e+03 2.217712320532909953e-01 6.692278212659137360e-01
2.320000000000000000e+03 2.217052578582222322e-01 6.692958217406352883e-01
2.330000000000000000e+03 2.216619635720325776e-01 6.693409628300529546e-01
2.340000000000000000e+03 2.216442870648978047e-01 6.693603117641319100e-01
2.350000000000000000e+03 2.216551973796213326e-01 6.693509896838618634e-01
2.360000000000000000e+03 2.216976095825751447e-01 6.693101348027616915e-01
2.370000000000000000e+03 2.217742954323495275e-01 6.692347250498129618e-01
2.380000000000000000e+03 2.218879928452877071e-01 6.691218576888000591e-01
2.390000000000000000e+03 2.220414530015579202e-01 6.689690358574553741e-01
2.400000000000000000e+03 2.222372685139397397e-01 6.687738919467280940e-01
2.410000000000000000e+03 2.224778104311097016e-01 6.685340709987696028e-01
2.420000000000000000e+03 2.227652906425456880e-01 6.682474381088543414e-01
2.430000000000000000e+03 2.231017081268757141e-01 6.679121977018237510e-01
2.440000000000000000e+03 2.234885727420504176e-01 6.675266662967448417e-01
2.450000000000000000e+03 2.239267805218698448e-01 6.670895201580150369e-01
2.460000000000000000e+03 2.244166662864621742e-01 6.666003496948597062e-01
2.470000000000000000e+03 2.249578505412738183e-01 6.660596740571937957e-01
2.480000000000000000e+03 2.255489623716951109e-01 6.654688362426799397e-01
2.490000000000000000e+03 2.261876011115043494e-01 6.648304913075677725e-01
2.500000000000000000e+03 2.268701432626406556e-01 6.641484916222986090e-01
2.510000000000000000e+03 2.275916041797366729e-01 6.634278547651966118e-01
2.520000000000000000e+03 2.283457534984023318e-01 6.626750606936656629e-01
2.530000000000000000e+03 2.291251178851821668e-01 6.618978213517142661e-01
2.540000000000000000e+03 2.299210305480564043e-01 6.611046450185684709e-01
2.550000000000000000e+03 2.307239650445861712e-01 6.603045957387128073e-01
2.560000000000000000e+03 2.315239835409499680e-01 6.595074488656659240e-01
2.570000000000000000e+03 2.323111436237647875e-01 6.587233535815205654e-01
2.580000000000000000e+03 2.330757947419123954e-01 6.579621362881309388e-01
2.590000000000000000e+03 2.338088546391858258e-01 6.572327123542692773e-01
2.600000000000000000e+03 2.345023541956390012e-01 6.565429858214344438e-01
2.610000000000000000e+03 2.351497670532225470e-01 6.558993121409335547e-01
2.620000000000000000e+03 2.357462690461523680e-01 6.553064904906679145e-01
2.630000000000000000e+03 2.362888506766741836e-01 6.547674879826443917e-01
2.640000000000000000e+03 2.367762798917692757e-01 6.542830904999091812e-01
2.650000000000000000e+03 2.372092572177948722e-01 6.538527776159565041e-01
2.660000000000000000e+03 2.375901738928472839e-01 6.534746248683166447e-01
2.670000000000000000e+03 2.379226749246271255e-01 6.531449236735128450e-01
2.680000000000000000e+03 2.382115553895786664e-01 6.528589826150636988e-01
2.690000000000000000e+03 2.384623951075555692e-01 6.526117227622553196e-01
2.700000000000000000e+03 2.386809543984667603e-01 6.523972443268774013e-01
2.710000000000000000e+03 2.388731501775914756e-01 6.522096449493931525e-01
2.720000000000000000e+03 2.390448973989121595e-01 6.520435444734909991e-01
2.730000000000000000e+03 2.392014886319323852e-01 6.518933019307595611e-01
2.740000000000000000e+03 2.393475367479683813e-01 6.517537277924984052e-01
2.750000000000000000e+03 2.394871026356203136e-01 6.516203660732617919e-01
2.760000000000000000e+03 2.396238194461096094e-01 6.514895007305313568e-01
2.770000000000000000e+03 2.397607876911837244e-01 6.513582091188809819e-01
2.780000000000000000e+03 2.399004456180268974e-01 6.512239924582006179e-01
2.790000000000000000e+03 2.400447694527778064e-01 6.510849870785525573e-01
2.800000000000000000e+03 2.401952158450930686e-01 6.509397764850448631e-01
2.810000000000000000e+03 2.403527919595344897e-01 6.507873735648239677e-01
2.820000000000000000e+03 2.405181280916728059e-01 6.506271148556450612e-01
2.830000000000000000e+03 2.406915566878944923e-01 6.504587136184587504e-01
2.840000000000000000e+03 2.408732078382269937e-01 6.502823788545660788e-01
2.850000000000000000e+03 2.410629248285915405e-01 6.500981645444960932e-01
2.860000000000000000e+03 2.412605256946205312e-01 6.499060099970932480e-01
2.870000000000000000e+03 2.414659484326850958e-01 6.497060028142026544e-01
2.880000000000000000e+03 2.416791405989799357e-01 6.494980165510545467e-01
2.890000000000000000e+03 2.419003234774626254e-01 6.492822217142411034e-01
2.900000000000000000e+03 2.421298437514733115e-01 6.490584757738000476e-01
2.910000000000000000e+03 2.423680360927176480e-01 6.488259216146109454e-01
2.920000000000000000e+03 2.426155344123845092e-01 6.485839371121845387e-01
2.930000000000000000e+03 2.428731995419945999e-01 6.483322678023094587e-01
2.940000000000000000e+03 2.431416400079052242e-01 6.480702897928427575e-01
2.950000000000000000e+03 2.434213048516388200e-01 6.477972340085661473e-01
2.960000000000000000e+03 2.437123286183266457e-01 6.475122987510151251e-01
2.970000000000000000e+03 2.440145503289757323e-01 6.472154469816965294e-01
2.980000000000000000e+03 2.443274815473542860e-01 6.469076513115020743e-01
2.990000000000000000e+03 2.446499436337045141e-01 6.465901110617915393e-01
3.000000000000000000e+03 2.449802265850079819e-01 6.462644822249384857e-01
3.010000000000000000e+03 2.453162913477241469e-01 6.459337875878813362e-01
3.020000000000000000e+03 2.456553011693611011e-01 6.456011632974670844e-01
3.030000000000000000e+03 2.459937474080027553e-01 6.452699091713666180e-01
3.040000000000000000e+03 2.463276056121541380e-01 6.449434932135770238e-01
3.050000000000000000e+03 2.466526085213995023e-01 6.446259219837008336e-01
3.060000000000000000e+03 2.469642535830109675e-01 6.443214333651702264e-01
3.070000000000000000e+03 2.472579738872726640e-01 6.440343403483298479e-01
3.080000000000000000e+03 2.475294869951770171e-01 6.437696106476729074e-01
3.090000000000000000e+03 2.477744809783331281e-01 6.435317932158535204e-01
3.100000000000000000e+03 2.479886822263217827e-01 6.433247935975894283e-01
3.110000000000000000e+03 2.481681113408004125e-01 6.431522773159803474e-01
3.120000000000000000e+03 2.483092913537840452e-01 6.430181717699593458e-01
3.130000000000000000e+03 2.484089577628315615e-01 6.429260782711248012e-01
3.140000000000000000e+03 2.484639915427069579e-01 6.428789003908135236e-01
3.150000000000000000e+03 2.484715945304819540e-01 6.428788786787877907e-01
3.160000000000000000e+03 2.484294614582424066e-01 6.429279807895702525e-01
3.170000000000000000e+03 2.483358342522030138e-01 6.430285649817023552e-01
3.180000000000000000e+03 2.481890896671019586e-01 6.431821123231417081e-01
3.190000000000000000e+03 2.479880342227196721e-01 6.433895639994199334e-01
3.200000000000000000e+03 2.477322882195433507e-01 6.436520328409534031e-01
3.210000000000000000e+03 2.474217597668589286e-01 6.439699323565737377e-01
3.220000000000000000e+03 2.470564979829577290e-01 6.443423712444271700e-01
3.230000000000000000e+03 2.466373772380387741e-01 6.447685039906797533e-01
3.240000000000000000e+03 2.461659608666049714e-01 6.452469051573582748e-01
3.250000000000000000e+03 2.456442468031040383e-01 6.457754441011455127e-01
3.260000000000000000e+03 2.450746901206009853e-01 6.463517431771604871e-01
3.270000000000000000e+03 2.444602847831501835e-01 6.469728725044940898e-01
3.280000000000000000e+03 2.438045447998980486e-01 6.476356238491478567e-01
3.290000000000000000e+03 2.431112448189950426e-01 6.483358474586194964e-01
3.300000000000000000e+03 2.423844664920764003e-01 6.490688913993881703e-01
3.310000000000000000e+03 2.416289351484904313e-01 6.498309353490484552e-01
3.320000000000000000e+03 2.408495603207807811e-01 6.506179266482496892e-01
3.330000000000000000e+03 2.400509452925844167e-01 6.514249450751733450e-01
3.340000000000000000e+03 2.392374758376125121e-01 6.522466878262511703e-01
3.350000000000000000e+03 2.384133087865558942e-01 6.530782924771247888e-01
3.360000000000000000e+03 2.375823981752654690e-01 6.539163530976591643e-01
3.370000000000000000e+03 2.367480389381899641e-01 6.547579119191461183e-01
3.380000000000000000e+03 2.359126451678347225e-01 6.556002591928968837e-01
3.390000000000000000e+03 2.350779681540818844e-01 6.564414331498245048e-01
3.400000000000000000e+03 2.342453440749642513e-01 6.572806616935138457e-01
3.410000000000000000e+03 2.334152089346663572e-01 6.581171427726916212e-01
3.420000000000000000e+03 2.325873363088647727e-01 6.589504276092864599e-01
3.430000000000000000e+03 2.317616809348171103e-01 6.597816199540104121e-01
3.440000000000000000e+03 2.309383775355214330e-01 6.606123718146734713e-01
3.450000000000000000e+03 2.301171139251298736e-01 6.614421679349343774e-01
3.460000000000000000e+03 2.292978810920099919e-01 6.622694758332625664e-01
3.470000000000000000e+03 2.284817295236190871e-01 6.630932646472856851e-01
3.480000000000000000e+03 2.276704676158875507e-01 6.639118741649114863e-01
3.490000000000000000e+03 2.268667214357595330e-01 6.647230574468409037e-01
3.500000000000000000e+03 2.260737779033094863e-01 6.655233563422412457e-01
3.510000000000000000e+03 2.252958458322774082e-01 6.663084163937434967e-01
3.520000000000000000e+03 2.245380557076170069e-01 6.670735687079799581e-01
3.530000000000000000e+03 2.238062113386615759e-01 6.678133312336140825e-01
3.540000000000000000e+03 2.231066166072392942e-01 6.685208550306979136e-01
3.550000000000000000e+03 2.224460297624267224e-01 6.691890952990762198e-01
3.560000000000000000e+03 2.218313401160832143e-01 6.698113536246304012e-01
3.570000000000000000e+03 2.212691276441088040e-01 6.703805351507848842e-01
3.580000000000000000e+03 2.207657986878561462e-01 6.708900835463686985e-01
3.590000000000000000e+03 2.203273004616513042e-01 6.713346703405623783e-01
3.600000000000000000e+03 2.199585749014645319e-01 6.717094194424156894e-01
3.610000000000000000e+03 2.196636727954526247e-01 6.720101357503029949e-01
3.620000000000000000e+03 2.194459379824084400e-01 6.722342473507655347e-01
3.630000000000000000e+03 2.193074955836219475e-01 6.723795163582627632e-01
3.640000000000000000e+03 2.192490212511836178e-01 6.724438691837231197e-01
3.650000000000000000e+03 2.192705916629854035e-01 6.724276388516958747e-01
3.660000000000000000e+03 2.193717497094114788e-01 6.723327314450547876e-01
3.670000000000000000e+03 2.195513204930611695e-01 6.721605275297825033e-01
3.680000000000000000e+03 2.198077765332029643e-01 6.719123551332826239e-01
3.690000000000000000e+03 2.201391655758577759e-01 6.715897725652729688e-01
3.700000000000000000e+03 2.205431205540987760e-01 6.711936136400734609e-01
3.710000000000000000e+03 2.210176545403829407e-01 6.707258004965528375e-01
3.720000000000000000e+03 2.215615024033108227e-01 6.701899111131706110e-01
3.730000000000000000e+03 2.221729659161591486e-01 6.695877128423594060e-01
3.740000000000000000e+03 2.228498983799108712e-01 6.689192874926811472e-01
3.750000000000000000e+03 2.235905365424796232e-01 6.681858245789034090e-01
3.760000000000000000e+03 2.243936326386130053e-01 6.673897961991427374e-01
3.770000000000000000e+03 2.252579182674367686e-01 6.665331941864969245e-01
3.780000000000000000e+03 2.261818230577739564e-01 6.656169963559664948e-01
3.790000000000000000e+03 2.271638553731283039e-01 6.646425589592044325e-01
3.800000000000000000e+03 2.282025234750182374e-01 6.636111387387572114e-01
3.810000000000000000e+03 2.292961074456951465e-01 6.625227793819855604e-01
3.820000000000000000e+03 2.304435611679944429e-01 6.613793814188683173e-01
3.830000000000000000e+03 2.316442148521683508e-01 6.601834944577311681e-01
3.840000000000000000e+03 2.328971621784253765e-01 6.589356106876906871e-01
3.850000000000000000e+03 2.342016998140379336e-01 6.576364990908678543e-01
3.860000000000000000e+03 2.355574331558035195e-01 6.562880797030585800e-01
3.870000000000000000e+03 2.369637278689362136e-01 6.548903381708262028e-01
3.880000000000000000e+03 2.384197884857441885e-01 6.534423262571056323e-01
3.890000000000000000e+03 2.399252813863025913e-01 6.519440298693447433e-01
3.900000000000000000e+03 2.414803049876735330e-01 6.503958256267285964e-01
3.910000000000000000e+03 2.430850171070242094e-01 6.487985206535076266e-01
3.920000000000000000e+03 2.447391851046517297e-01 6.471521546564578120e-01
3.930000000000000000e+03 2.464421640934589819e-01 6.454556382373440870e-01
3.940000000000000000e+03 2.481934818306192614e-01 6.437097126574204964e-01
3.950000000000000000e+03 2.499926477108239675e-01 6.419167387173850825e-01
3.960000000000000000e+03 2.518382331050015299e-01 6.400780487600293833e-01
3.970000000000000000e+03 2.537283491994020701e-01 6.381952408147858469e-01
3.980000000000000000e+03 2.556611927141712037e-01 6.362708213478888153e-01
3.990000000000000000e+03 2.576342334691788527e-01 6.343064159726251594e-01
4.000000000000000000e+03 2.596443186086283550e-01 6.323042210859161072e-01
4.010000000000000000e+03 2.616880506338108425e-01 6.302674443117827208e-01
4.020000000000000000e+03 2.637618484995944423e-01 6.281998551677072662e-01
4.030000000000000000e+03 2.658617240806991355e-01 6.261047416138521005e-01
4.040000000000000000e+03 2.679837033911914301e-01 6.239859825714132446e-01
4.050000000000000000e+03 2.701237959518205112e-01 6.218489973345369126e-01
4.060000000000000000e+03 2.722774856411231403e-01 6.196991551989675662e-01
4.070000000000000000e+03 2.744398959214521816e-01 6.175409196302905634e-01
4.080000000000000000e+03 2.766057754610581898e-01 6.153791762069864557e-01
4.090000000000000000e+03 2.787694967610455099e-01 6.132202335979061170e-01
4.100000000000000000e+03 2.809247656443814023e-01 6.110702076343957900e-01
4.110000000000000000e+03 2.830647528958036285e-01 6.089349414351732381e-01
4.120000000000000000e+03 2.851828889867810690e-01 6.068222968666403538e-01
4.130000000000000000e+03 2.872720453873164881e-01 6.047394417248933562e-01
4.140000000000000000e+03 2.893249516178558745e-01 6.026924367125011672e-01
4.150000000000000000e+03 2.913348298101938183e-01 6.006877992652176479e-01
4.160000000000000000e+03 2.932949653588572403e-01 5.987320215826198444e-01
4.170000000000000000e+03 2.951993755609834125e-01 5.968322258521273627e-01
4.180000000000000000e+03 2.970424940433508687e-01 5.949949903857236766e-01
4.190000000000000000e+03 2.988194412350437812e-01 5.932255523861431623e-01
4.200000000000000000e+03 3.005263077011900985e-01 5.915277540240381215e-01
