0.000000000000000000e+00 1.356450602019649287e-01 7.580253554708942243e-01
1.000000000000000000e+01 1.361077409159019147e-01 7.575616209567609394e-01
2.000000000000000000e+01 1.364065710108667007e-01 7.572639217667972433e-01
3.000000000000000000e+01 1.365651809148436813e-01 7.571077972987574345e-01
4.000000000000000000e+01 1.366183655295306054e-01 7.570578229695000827e-01
5.000000000000000000e+01 1.366092709404236882e-01 7.570705605499956636e-01
6.000000000000000000e+01 1.365806296032997247e-01 7.571032229041548822e-01
7.000000000000000000e+01 1.365701280348734781e-01 7.571180409708874182e-01
8.000000000000000000e+01 1.366086493696856696e-01 7.570840644186911383e-01
9.000000000000000000e+01 1.367194355883542822e-01 7.569780214789971762e-01
1.000000000000000000e+02 1.369174985373287079e-01 7.567848281804822053e-01
1.100000000000000000e+02 1.372094533544956363e-01 7.564977197469395787e-01
1.200000000000000000e+02 1.375939297082394708e-01 7.561178944663532464e-01
1.300000000000000000e+02 1.380624776848836666e-01 7.556536699231488630e-01
1.400000000000000000e+02 1.386008307850902788e-01 7.551192281169375464e-01
1.500000000000000000e+02 1.391904261804785270e-01 7.545330743911013993e-01
1.600000000000000000e+02 1.398100646226756449e-01 7.539163671724047333e-01
1.700000000000000000e+02 1.404375617110615315e-01 7.532912663661217589e-01
1.800000000000000000e+02 1.410512362728146007e-01 7.526794430312053752e-01
1.900000000000000000e+02 1.416311161457082801e-01 7.521008740278646298e-01
2.000000000000000000e+02 1.421597923690948451e-01 7.515729879822593551e-01
2.100000000000000000e+02 1.426229028143796151e-01 7.511101805679759602e-01
2.200000000000000000e+02 1.430092720671223283e-01 7.507236711764384562e-01
2.300000000000000000e+02 1.433107656174420486e-01 7.504216424328542523e-01
2.400000000000000000e+02 1.435219399588592293e-01 7.502095871417129302e-01
2.500000000000000000e+02 1.436395741162838358e-01 7.500907823265184904e-01
2.600000000000000000e+02 1.436621773051848239e-01 7.500667796530677833e-01
2.700000000000000000e+02 1.435895578142807882e-01 7.501378280331312265e-01
2.800000000000000000e+02 1.434225060652750128e-01 7.503031932977788365e-01
2.900000000000000000e+02 1.431626136685383022e-01 7.505613456923182492e-01
3.000000000000000000e+02 1.428122245701021198e-01 7.509100030873633314e-01
3.100000000000000000e+02 1.423744952661330498e-01 7.513460606159569899e-01
3.200000000000000000e+02 1.418535205360685614e-01 7.518654647120998069e-01
3.300000000000000000e+02 1.412544717313893305e-01 7.524630745397132836e-01
3.400000000000000000e+02 1.405836984045543137e-01 7.531325605655649902e-01
3.500000000000000000e+02 1.398487572571354698e-01 7.538663807068226586e-01
3.600000000000000000e+02 1.390583518694536447e-01 7.546558329665160603e-01
3.700000000000000000e+02 1.382221868125501074e-01 7.554911901578089672e-01
3.800000000000000000e+02 1.373507519086623052e-01 7.563619213136035802e-01
3.900000000000000000e+02 1.364550596521942605e-01 7.572569664108376175e-01
4.000000000000000000e+02 1.355463636600415522e-01 7.581650284535462747e-01
4.100000000000000000e+02 1.346358792186229114e-01 7.590748594739683552e-01
4.200000000000000000e+02 1.337345182604955107e-01 7.599755269070685992e-01
4.300000000000000000e+02 1.328526496754340314e-01 7.608566480671463683e-01
4.400000000000000000e+02 1.319998952943982340e-01 7.617085879329918985e-01
4.500000000000000000e+02 1.311849660582738164e-01 7.625226188241378544e-01
4.600000000000000000e+02 1.304155408004667172e-01 7.632910446246020664e-01
4.700000000000000000e+02 1.296981891990537927e-01 7.640072898517688005e-01
4.800000000000000000e+02 1.290383334530247339e-01 7.646659468110413860e-01
4.900000000000000000e+02 1.284402450683933827e-01 7.652627724714695656e-01
5.000000000000000000e+02 1.279070802956223385e-01 7.657946424619723746e-01
5.100000000000000000e+02 1.274409554450030013e-01 7.662594670484853543e-01
5.200000000000000000e+02 1.270430543487477137e-01 7.666560893962455214e-01
5.300000000000000000e+02 1.267137551211382773e-01 7.669841644126283997e-01
5.400000000000000000e+02 1.264527673855954937e-01 7.672440150107602275e-01
5.500000000000000000e+02 1.262592735427612856e-01 7.674364836023556125e-01
5.600000000000000000e+02 1.261320666740787244e-01 7.675627863964762376e-01
5.700000000000000000e+02 1.260696796212046611e-01 7.676243774542154119e-01
5.800000000000000000e+02 1.260705030704829810e-01 7.676228321026338230e-01
5.900000000000000000e+02 1.261328841574237136e-01 7.675597570485537258e-01
6.000000000000000000e+02 1.262551931738530586e-01 7.674367324513369226e-01
6.100000000000000000e+02 1.264358532623319209e-01 7.672552858235026640e-01
6.200000000000000000e+02 1.266733332294867620e-01 7.670168934442266329e-01
6.300000000000000000e+02 1.269661063187252359e-01 7.667230204852467645e-01
6.400000000000000000e+02 1.273125785374009944e-01 7.663752041144455962e-01
6.500000000000000000e+02 1.277109946843167920e-01 7.659751576741753443e-01
6.600000000000000000e+02 1.281593316674042859e-01 7.655248732945052481e-01
6.700000000000000000e+02 1.286551937048128480e-01 7.650267219513375849e-01
6.800000000000000000e+02 1.291957278196252945e-01 7.644835428147869205e-01
6.900000000000000000e+02 1.297775710916284631e-01 7.638986977414827795e-01
7.000000000000000000e+02 1.303968405484364212e-01 7.632760742988836666e-01
7.100000000000000000e+02 1.310491756637099936e-01 7.626200421581547095e-01
7.200000000000000000e+02 1.317298315538729392e-01 7.619353645877071646e-01
7.300000000000000000e+02 1.324338124089457502e-01 7.612270633797967312e-01
7.400000000000000000e+02 1.331560322383796291e-01 7.605002522489527905e-01
7.500000000000000000e+02 1.338914906072841138e-01 7.597599652451085817e-01
7.600000000000000000e+02 1.346354480269520426e-01 7.590109946018346321e-01
7.700000000000000000e+02 1.353835794607448351e-01 7.582577447993672504e-01
7.800000000000000000e+02 1.361320906083165749e-01 7.575041065321479472e-01
7.900000000000000000e+02 1.368777944795925294e-01 7.567533586635925014e-01
8.000000000000000000e+02 1.376181411177133107e-01 7.560081215820468881e-01
8.100000000000000000e+02 1.383512000370858697e-01 7.552703681847681150e-01
8.200000000000000000e+02 1.390756047579747301e-01 7.545414838418968984e-01
8.300000000000000000e+02 1.397904680275708078e-01 7.538223635895338059e-01
8.400000000000000000e+02 1.404952680410495591e-01 7.531135338772981802e-01
8.500000000000000000e+02 1.411897108761531738e-01 7.524152873200146141e-01
8.600000000000000000e+02 1.418735825605386136e-01 7.517278248003019803e-01
8.700000000000000000e+02 1.425466023587430575e-01 7.510514065702034170e-01
8.800000000000000000e+02 1.432082879772026696e-01 7.503865020124257379e-01
8.900000000000000000e+02 1.438578450925823704e-01 7.497339138402705494e-01
9.000000000000000000e+02 1.444940942860911404e-01 7.490948523539123771e-01
9.100000000000000000e+02 1.451154441909635051e-01 7.484709516677402474e-01
9.200000000000000000e+02 1.457199085394440818e-01 7.478642394251739933e-01
9.300000000000000000e+02 1.463051606005714989e-01 7.472770713207040894e-01
9.400000000000000000e+02 1.468686117296253424e-01 7.467120410382135365e-01
9.500000000000000000e+02 1.474075052275238829e-01 7.461718768823635273e-01
9.600000000000000000e+02 1.479190270556349773e-01 7.456593368324899718e-01
9.700000000000000000e+02 1.484004243198336903e-01 7.451771089945593562e-01
9.800000000000000000e+02 1.488491221371019690e-01 7.447277136068051195e-01
9.900000000000000000e+02 1.492628355058808198e-01 7.443133977707903082e-01
1.000000000000000000e+03 1.496396750662168373e-01 7.439360261244307715e-01
1.010000000000000000e+03 1.499782426813313085e-01 7.435969799609150055e-01
1.020000000000000000e+03 1.502777080001472532e-01 7.432970761099563228e-01
1.030000000000000000e+03 1.505378599476796253e-01 7.430365133435639091e-01
1.040000000000000000e+03 1.507591340045481842e-01 7.428148506378462468e-01
1.050000000000000000e+03 1.509426096238174753e-01 7.426310179667537925e-01
1.060000000000000000e+03 1.510899655258093888e-01 7.424833602804952193e-01
1.070000000000000000e+03 1.512033888293783379e-01 7.423697183986773807e-01
1.080000000000000000e+03 1.512854437874301128e-01 7.422875514633857641e-01
1.090000000000000000e+03 1.513389058783108365e-01 7.422340970367204971e-01
1.100000000000000000e+03 1.513665709109884294e-01 7.422065561491872909e-01
1.110000000000000000e+03 1.513710607576952138e-01 7.422022839989375065e-01
1.120000000000000000e+03 1.513546485281091203e-01 7.422189663873501875e-01
1.130000000000000000e+03 1.513191208777094898e-01 7.422547708639569697e-01
1.140000000000000000e+03 1.512656917956346492e-01 7.423084539487920797e-01
1.150000000000000000e+03 1.511949733026509424e-01 7.423793998330007193e-01
1.160000000000000000e+03 1.511070008661709874e-01 7.424675878250729388e-01
1.170000000000000000e+03 1.510013091156071630e-01 7.425735041069243536e-01
1.180000000000000000e+03 1.508770507869039990e-01 7.426980125009289280e-01
1.190000000000000000e+03 1.507331493026033975e-01 7.428421973645965570e-01
1.200000000000000000e+03 1.505684742703297940e-01 7.430071901269891255e-01
1.210000000000000000e+03 1.503820229030591871e-01 7.431939943590099018e-01
1.220000000000000000e+03 1.501730827428416348e-01 7.434033267884265772e-01
1.230000000000000000e+03 1.499413604279892787e-01 7.436354906370916673e-01
1.240000000000000000e+03 1.496870722960577105e-01 7.438902887352979443e-01
1.250000000000000000e+03 1.494109965939586504e-01 7.441669688523564474e-01
1.260000000000000000e+03 1.491144892104587782e-01 7.444641965389765526e-01
1.270000000000000000e+03 1.487994644771546415e-01 7.447800627206818680e-01
1.280000000000000000e+03 1.484683442382498386e-01 7.451121324818711367e-01
1.290000000000000000e+03 1.481239793676528971e-01 7.454575287582536625e-01
1.300000000000000000e+03 1.477695503718297887e-01 7.458130354633175640e-01
1.310000000000000000e+03 1.474084583084581401e-01 7.461752151154934509e-01
1.320000000000000000e+03 1.470442130117189661e-01 7.465405324462316417e-01
1.330000000000000000e+03 1.466803251570033273e-01 7.469054654569228235e-01
1.340000000000000000e+03 1.463202152218028851e-01 7.472665968067375708e-01
1.350000000000000000e+03 1.459671449836681956e-01 7.476206844634399884e-01
1.360000000000000000e+03 1.456241703196338444e-01 7.479647023409600193e-01
1.370000000000000000e+03 1.452941199359354674e-01 7.482958460016722047e-01
1.380000000000000000e+03 1.449796079930931736e-01 7.486115123075761657e-01
1.390000000000000000e+03 1.446830794097395123e-01 7.489092600957671930e-01
1.400000000000000000e+03 1.444068728491366693e-01 7.491867493123472999e-01
1.410000000000000000e+03 1.441532869566782837e-01 7.494416652033221160e-01
1.420000000000000000e+03 1.439246419971524638e-01 7.496716506058996865e-01
1.430000000000000000e+03 1.437233287951368010e-01 7.498742692630862017e-01
1.440000000000000000e+03 1.435518363684706311e-01 7.500470063999421511e-01
1.450000000000000000e+03 1.434127523236897739e-01 7.501872868634025249e-01
1.460000000000000000e+03 1.433087340378607355e-01 7.502924860573683130e-01
1.470000000000000000e+03 1.432424528009784703e-01 7.503599444483147751e-01
1.480000000000000000e+03 1.432165202251089176e-01 7.503870233641584120e-01
1.490000000000000000e+03 1.432334078638541897e-01 7.503712066498375854e-01
1.500000000000000000e+03 1.432953686508848801e-01 7.503102087554076594e-01
1.510000000000000000e+03 1.434043664875915836e-01 7.502020581795598719e-01
1.520000000000000000e+03 1.435620219906033057e-01 7.500451498025612063e-01
1.530000000000000000e+03 1.437695866269098621e-01 7.498382625306460048e-01
1.540000000000000000e+03 1.440279504612178019e-01 7.495805397669725867e-01
1.550000000000000000e+03 1.443376763035657817e-01 7.492714414466780104e-01
1.560000000000000000e+03 1.446990506962196332e-01 7.489106787998387471e-01
1.570000000000000000e+03 1.451121477706296403e-01 7.484981404382082815e-01
1.580000000000000000e+03 1.455769016850998743e-01 7.480338283989220738e-01
1.590000000000000000e+03 1.460931814762363723e-01 7.475178214367953489e-01
1.600000000000000000e+03 1.466608614843773195e-01 7.469502497027534771e-01
1.610000000000000000e+03 1.472798772512679266e-01 7.463312469446760078e-01
1.620000000000000000e+03 1.479502573367350027e-01 7.456608888854732164e-01
1.630000000000000000e+03 1.486721284088809159e-01 7.449391556549030957e-01
1.640000000000000000e+03 1.494456922323140480e-01 7.441659318992949190e-01
1.650000000000000000e+03 1.502711729710795030e-01 7.433410412472012396e-01
1.660000000000000000e+03 1.511487381133427566e-01 7.424643191187261237e-01
1.670000000000000000e+03 1.520783974508184144e-01 7.415357248997177519e-01
1.680000000000000000e+03 1.530598877018992943e-01 7.405554774382995253e-01
1.690000000000000000e+03 1.540925560827448026e-01 7.395241862918993103e-01
1.700000000000000000e+03 1.551752518427101102e-01 7.384429641389727017e-01
1.710000000000000000e+03 1.563062301833030576e-01 7.373135219009913088e-01
1.720000000000000000e+03 1.574830798261000475e-01 7.361382456183005463e-01
1.730000000000000000e+03 1.587026849797019967e-01 7.349202415696426405e-01
1.740000000000000000e+03 1.599612294343830399e-01 7.336633250069031220e-01
1.750000000000000000e+03 1.612542528733124925e-01 7.323719433281519198e-01
1.760000000000000000e+03 1.625767605095850832e-01 7.310510583725915446e-01
1.770000000000000000e+03 1.639233679498374729e-01 7.297060213657848848e-01
1.780000000000000000e+03 1.652884545938974048e-01 7.283424478134007396e-01
1.790000000000000000e+03 1.666663085291500701e-01 7.269660789805435508e-01
1.800000000000000000e+03 1.680512573203722104e-01 7.255826337114174018e-01
1.810000000000000000e+03 1.694377791901728880e-01 7.241976757617220040e-01
1.820000000000000000e+03 1.708205850511050616e-01 7.228165125357606247e-01
1.830000000000000000e+03 1.721946664523209547e-01 7.214441407977578713e-01
1.840000000000000000e+03 1.735553128421583324e-01 7.200852507026921367e-01
1.850000000000000000e+03 1.748981006173736530e-01 7.187442648102074783e-01
1.860000000000000000e+03 1.762188539382805452e-01 7.174253722748924478e-01
1.870000000000000000e+03 1.775135846645864712e-01 7.161325504511742990e-01
1.880000000000000000e+03 1.787784332160538003e-01 7.148696001040298897e-01
1.890000000000000000e+03 1.800096303380106511e-01 7.136402066803188005e-01
1.900000000000000000e+03 1.812034736423696057e-01 7.124480045474539391e-01
1.910000000000000000e+03 1.823563058444593876e-01 7.112966236174406154e-01
1.920000000000000000e+03 1.834644999669244603e-01 7.101897079584387207e-01
1.930000000000000000e+03 1.845244577472379410e-01 7.091308964371679791e-01
1.940000000000000000e+03 1.855326203910554750e-01 7.081237778762377033e-01
1.950000000000000000e+03 1.864854960455896438e-01 7.071718467012353404e-01
1.960000000000000000e+03 1.873797090185893022e-01 7.062784621779797378e-01
1.970000000000000000e+03 1.882120646254558938e-01 7.054468037819432435e-01
1.980000000000000000e+03 1.889796164877201867e-01 7.046798221936687590e-01
1.990000000000000000e+03 1.896797209335486789e-01 7.039801796910282183e-01
2.000000000000000000e+03 1.903100725381740299e-01 7.033501857692557868e-01
2.010000000000000000e+03 1.908687327572888837e-01 7.027917588212843070e-01
2.020000000000000000e+03 1.913541559085379928e-01 7.023064285140083740e-01
2.030000000000000000e+03 1.917651962665165299e-01 7.018953545676880346e-01
2.040000000000000000e+03 1.921010867457605131e-01 7.015593348505179128e-01
2.050000000000000000e+03 1.923613955071892534e-01 7.012988121652236062e-01
2.060000000000000000e+03 1.925459756638452924e-01 7.011139019356092961e-01
2.070000000000000000e+03 1.926549301505496581e-01 7.010044453444724821e-01
2.080000000000000000e+03 1.926885940397113361e-01 7.009700722690731522e-01
2.090000000000000000e+03 1.926475216959834813e-01 7.010102413875863858e-01
2.100000000000000000e+03 1.925324844932622959e-01 7.011242355345166377e-01
2.110000000000000000e+03 1.923444880176214955e-01 7.013111180741801176e-01
2.120000000000000000e+03 1.920848075872024774e-01 7.015696672360368646e-01
2.130000000000000000e+03 1.917550306458249698e-01 7.018983154228621846e-01
2.140000000000000000e+03 1.913570926347625822e-01 7.022951138115803849e-01
2.150000000000000000e+03 1.908932978412219983e-01 7.027577271732579067e-01
2.160000000000000000e+03 1.903663246087365646e-01 7.032834527124255386e-01
2.170000000000000000e+03 1.897792144643824230e-01 7.038692383976546951e-01
2.180000000000000000e+03 1.891353419716508832e-01 7.045116908053541405e-01
2.190000000000000000e+03 1.884383670062867999e-01 7.052071102583913342e-01
2.200000000000000000e+03 1.876921723425192534e-01 7.059515754803188381e-01
2.210000000000000000e+03 1.869007934394946724e-01 7.067410371742718356e-01
2.220000000000000000e+03 1.860683544788995503e-01 7.075713854004924697e-01
2.230000000000000000e+03 1.851990130070393092e-01 7.084385067431133720e-01
2.240000000000000000e+03 1.842969079584162173e-01 7.093383323897447523e-01
2.250000000000000000e+03 1.833661173755227192e-01 7.102668449151560148e-01
2.260000000000000000e+03 1.824106360793213422e-01 7.112200544361754195e-01
2.270000000000000000e+03 1.814343819209341402e-01 7.121939905325977982e-01
2.280000000000000000e+03 1.804412273587969462e-01 7.131847227454646276e-01
2.290000000000000000e+03 1.794350372086092604e-01 7.141883802440641693e-01
2.300000000000000000e+03 1.784196959023186535e-01 7.152011384421517182e-01
2.310000000000000000e+03 1.773991177157092092e-01 7.162191755802564952e-01
2.320000000000000000e+03 1.763772376233271599e-01 7.172386316871942613e-01
2.330000000000000000e+03 1.753579834683836602e-01 7.182555991975527743e-01
2.340000000000000000e+03 1.743452370677393559e-01 7.192661647062610353e-01
2.350000000000000000e+03 1.733427901518846681e-01 7.202664907322328114e-01
2.360000000000000000e+03 1.723542939757668480e-01 7.212528971764218255e-01
2.370000000000000000e+03 1.713832041607978585e-01 7.222219206228666089e-01
2.380000000000000000e+03 1.704327259374037729e-01 7.231703649671806788e-01
2.390000000000000000e+03 1.695057671967575563e-01 7.240953557092638659e-01
2.400000000000000000e+03 1.686049030883087774e-01 7.249943851960415353e-01
2.410000000000000000e+03 1.677323539756125359e-01 7.258653119088502859e-01
2.420000000000000000e+03 1.668899884030700387e-01 7.267063023552994272e-01
2.430000000000000000e+03 1.660793547681506943e-01 7.275157897909183546e-01
2.440000000000000000e+03 1.653017214238548249e-01 7.282924640957215701e-01
2.450000000000000000e+03 1.645581103525294853e-01 7.290352374088878706e-01
2.460000000000000000e+03 1.638493268013369586e-01 7.297432044109454230e-01
2.470000000000000000e+03 1.631759975296866727e-01 7.304156268169966770e-01
2.480000000000000000e+03 1.625386167857267306e-01 7.310519218685849197e-01
2.490000000000000000e+03 1.619375893508624986e-01 7.316516323097872476e-01
2.500000000000000000e+03 1.613732672333159646e-01 7.322143955109872149e-01
2.510000000000000000e+03 1.608459772622791994e-01 7.327399250721665647e-01
2.520000000000000000e+03 1.603560320791524996e-01 7.332279861924354547e-01
2.530000000000000000e+03 1.599037219112217634e-01 7.336783578686773000e-01
2.540000000000000000e+03 1.594892952225543947e-01 7.340908067800282488e-01
2.550000000000000000e+03 1.591129337872534688e-01 7.344651057079535361e-01
2.560000000000000000e+03 1.587747226699619818e-01 7.348011002794426760e-01
2.570000000000000000e+03 1.584746195243111333e-01 7.350987918108152774e-01
2.580000000000000000e+03 1.582124230771085049e-01 7.353584002426596378e-01
2.590000000000000000e+03 1.579877358954593636e-01 7.355803927996498182e-01
2.600000000000000000e+03 1.577999263739118530e-01 7.357654895504051051e-01
2.610000000000000000e+03 1.576481049939469081e-01 7.359146627917017014e-01
2.620000000000000000e+03 1.575311213435138247e-01 7.360291238609784070e-01
2.630000000000000000e+03 1.574475776970507279e-01 7.361102981384378685e-01
2.640000000000000000e+03 1.573958484725866969e-01 7.361598116539820325e-01
2.650000000000000000e+03 1.573740920343469907e-01 7.361794926125235783e-01
2.660000000000000000e+03 1.573802552248581843e-01 7.361713731989604215e-01
2.670000000000000000e+03 1.574120869002146317e-01 7.361376818382127096e-01
2.680000000000000000e+03 1.574671706713023089e-01 7.360808275088825958e-01
2.690000000000000000e+03 1.575429726466881786e-01 7.360033760180753060e-01
2.700000000000000000e+03 1.576368962810194285e-01 7.359079942393290663e-01
2.710000000000000000e+03 1.577463391786490809e-01 7.357973550816311326e-01
2.720000000000000000e+03 1.578687500562713786e-01 7.356740506134422652e-01
2.730000000000000000e+03 1.580016798128849043e-01 7.355405378735901945e-01
2.740000000000000000e+03 1.581428238943404785e-01 7.353990956057810946e-01
2.750000000000000000e+03 1.582900642647302736e-01 7.352517923175275749e-01
2.760000000000000000e+03 1.584415143803235837e-01 7.351004688441470369e-01
2.770000000000000000e+03 1.585955560131517839e-01 7.349467118079920924e-01
2.780000000000000000e+03 1.587508564768382868e-01 7.347918120115025653e-01
2.790000000000000000e+03 1.589063703394790472e-01 7.346367430522033892e-01
2.800000000000000000e+03 1.590613315464027011e-01 7.344821872263340712e-01
2.810000000000000000e+03 1.592152374851729113e-01 7.343285838370243734e-01
2.820000000000000000e+03 1.593678232269793993e-01 7.341761729358597943e-01
2.830000000000000000e+03 1.595190217319725212e-01 7.340250436584894178e-01
2.840000000000000000e+03 1.596689086092141219e-01 7.338751806083764206e-01
2.850000000000000000e+03 1.598176401021558224e-01 7.337264866638938399e-01
2.860000000000000000e+03 1.599654006421245556e-01 7.335787874082552174e-01
2.870000000000000000e+03 1.601123719041713245e-01 7.334318486619302302e-01
2.880000000000000000e+03 1.602587233104013353e-01 7.332854224547337152e-01
2.890000000000000000e+03 1.604046163931651114e-01 7.331393060657412919e-01
2.900000000000000000e+03 1.605502125937391944e-01 7.329933796766926468e-01
2.910000000000000000e+03 1.606956707560182884e-01 7.328475945029891969e-01
2.920000000000000000e+03 1.608411252977051953e-01 7.327019208577815190e-01
2.930000000000000000e+03 1.609866530811752960e-01 7.325563163460608873e-01
2.940000000000000000e+03 1.611322412400821025e-01 7.324107591878793455e-01
2.950000000000000000e+03 1.612777573050822033e-01 7.322653290162738360e-01
2.960000000000000000e+03 1.614229164411925543e-01 7.321202783578678597e-01
2.970000000000000000e+03 1.615672457052162725e-01 7.319760537715888082e-01
2.980000000000000000e+03 1.617100551294039790e-01 7.318333027978303207e-01
2.990000000000000000e+03 1.618504258661611628e-01 7.316929108009411209e-01
3.000000000000000000e+03 1.619872205899479667e-01 7.315560279531063692e-01
3.010000000000000000e+03 1.621191156063553351e-01 7.314240409481094218e-01
3.020000000000000000e+03 1.622446509215663690e-01 7.312984886197051448e-01
3.030000000000000000e+03 1.623622978494966840e-01 7.311809457119653466e-01
3.040000000000000000e+03 1.624705420234655306e-01 7.310729153457861118e-01
3.050000000000000000e+03 1.625679761400671552e-01 7.309757396325649026e-01
3.060000000000000000e+03 1.626534019339100356e-01 7.308905290368232777e-01
3.070000000000000000e+03 1.627259320632683526e-01 7.308181173393657470e-01
3.080000000000000000e+03 1.627850737542343440e-01 7.307590150458249667e-01
3.090000000000000000e+03 1.628307854482817230e-01 7.307133319208426459e-01
3.100000000000000000e+03 1.628635082357681729e-01 7.306807031701365585e-01
3.110000000000000000e+03 1.628841733898966082e-01 7.306602572550252583e-01
3.120000000000000000e+03 1.628941866432331020e-01 7.306506155889413989e-01
3.130000000000000000e+03 1.628953899221843304e-01 7.306499193652213897e-01
3.140000000000000000e+03 1.628899970846135192e-01 7.306558900929875922e-01
3.150000000000000000e+03 1.628805051240690971e-01 7.306659248936268058e-01
3.160000000000000000e+03 1.628695885601260940e-01 7.306772444718580006e-01
3.170000000000000000e+03 1.628599765240617836e-01 7.306870848461509693e-01
3.180000000000000000e+03 1.628543086317390809e-01 7.306928585514113061e-01
3.190000000000000000e+03 1.628549769912811807e-01 7.306922512678613035e-01
3.200000000000000000e+03 1.628639770689962463e-01 7.306832918062338145e-01
3.210000000000000000e+03 1.628828013072487202e-01 7.306644442950124274e-01
3.220000000000000000e+03 1.629124017115669010e-01 7.306347199158390593e-01
3.230000000000000000e+03 1.629532177058155562e-01 7.305937352484639380e-01
3.240000000000000000e+03 1.630052429578042472e-01 7.305416363062101626e-01
3.250000000000000000e+03 1.630681067567177067e-01 7.304788998358324736e-01
3.260000000000000000e+03 1.631411774919504509e-01 7.304061498147945697e-01
3.270000000000000000e+03 1.632236930416836318e-01 7.303240617920088162e-01
3.280000000000000000e+03 1.633148909049918218e-01 7.302333081955728611e-01
3.290000000000000000e+03 1.634141205697102195e-01 7.301345063796217394e-01
3.300000000000000000e+03 1.635209243796525436e-01 7.300281368420205030e-01
3.310000000000000000e+03 1.636350732980845490e-01 7.299144606764065291e-01
3.320000000000000000e+03 1.637565637062017299e-01 7.297935053443854736e-01
3.330000000000000000e+03 1.638855822347343449e-01 7.296651115418173461e-01
3.340000000000000000e+03 1.640224377247183618e-01 7.295289937140218006e-01
3.350000000000000000e+03 1.641674768741072654e-01 7.293848067233930088e-01
3.360000000000000000e+03 1.643210060254182148e-01 7.292322277501345207e-01
3.370000000000000000e+03 1.644832167196907391e-01 7.290710324835786293e-01
3.380000000000000000e+03 1.646541154054202705e-01 7.289011759755027464e-01
3.390000000000000000e+03 1.648334786205520597e-01 7.287228876832516633e-01
3.400000000000000000e+03 1.650208395165090602e-01 7.285367117659029557e-01
3.410000000000000000e+03 1.652154895088671360e-01 7.283434512914651604e-01
3.420000000000000000e+03 1.654164875695454950e-01 7.281440577331204089e-01
3.430000000000000000e+03 1.656226941999687508e-01 7.279395554542357205e-01
3.440000000000000000e+03 1.658328365125929793e-01 7.277310478485645717e-01
3.450000000000000000e+03 1.660455837991251515e-01 7.275197401163323585e-01
3.460000000000000000e+03 1.662596143472907240e-01 7.273069267462265453e-01
3.470000000000000000e+03 1.664736647595427832e-01 7.270939633761865917e-01
3.480000000000000000e+03 1.666865545348177879e-01 7.268822161104879775e-01
3.490000000000000000e+03 1.668971832213471118e-01 7.266729586815693365e-01
3.500000000000000000e+03 1.671045150521636991e-01 7.264672687976571064e-01
3.510000000000000000e+03 1.673075803105356640e-01 7.262660099677019643e-01
3.520000000000000000e+03 1.675054956126046934e-01 7.260699016888134683e-01
3.530000000000000000e+03 1.676974725036545211e-01 7.258796245829348681e-01
3.540000000000000000e+03 1.678827994866357864e-01 7.256958856325081975e-01
3.550000000000000000e+03 1.680608190035297045e-01 7.255194203244476059e-01
3.560000000000000000e+03 1.682309169713780417e-01 7.253509565119194979e-01
3.570000000000000000e+03 1.683925165127810875e-01 7.251911618131843262e-01
3.580000000000000000e+03 1.685450698651854429e-01 7.250406228301073952e-01
3.590000000000000000e+03 1.686880512546621302e-01 7.248998782247730865e-01
3.600000000000000000e+03 1.688209395550560876e-01 7.247694491761321745e-01
3.610000000000000000e+03 1.689431820249263083e-01 7.246498433431891595e-01
3.620000000000000000e+03 1.690541522802621044e-01 7.245415982525121867e-01
3.630000000000000000e+03 1.691531114095294330e-01 7.244453773102315086e-01
3.640000000000000000e+03 1.692391665908540288e-01 7.243620201691274296e-01
3.650000000000000000e+03 1.693112437572800166e-01 7.242925346979138812e-01
3.660000000000000000e+03 1.693680942469759920e-01 7.242381098838984732e-01
3.670000000000000000e+03 1.694083196071316244e-01 7.242001262594106592e-01
3.680000000000000000e+03 1.694304010529856797e-01 7.241801048633510485e-01
3.690000000000000000e+03 1.694327398169434284e-01 7.241796322949750619e-01
3.700000000000000000e+03 1.694137183344909259e-01 7.242003345706811146e-01
3.710000000000000000e+03 1.693717726978017646e-01 7.242438656324639012e-01
3.720000000000000000e+03 1.693054475559466199e-01 7.243118323785460166e-01
3.730000000000000000e+03 1.692134144929047512e-01 7.244056808074054166e-01
3.740000000000000000e+03 1.690944652222911293e-01 7.245266231540848922e-01
3.750000000000000000e+03 1.689475194503285149e-01 7.246756561373488559e-01
3.760000000000000000e+03 1.687716528667901617e-01 7.248536271660024344e-01
3.770000000000000000e+03 1.685661034159489924e-01 7.250612787218487787e-01
3.780000000000000000e+03 1.683302389249059505e-01 7.252992587653784851e-01
3.790000000000000000e+03 1.680635198981922374e-01 7.255681434406223707e-01
3.800000000000000000e+03 1.677654826391016540e-01 7.258684910093170517e-01
3.810000000000000000e+03 1.674357232795503081e-01 7.262008404226296676e-01
3.820000000000000000e+03 1.670738735345320691e-01 7.265656324824648626e-01
3.830000000000000000e+03 1.666795858223177884e-01 7.269631284609379129e-01
3.840000000000000000e+03 1.662525427636369901e-01 7.273934039810058261e-01
3.850000000000000000e+03 1.657924992989898427e-01 7.278564624961250118e-01
3.860000000000000000e+03 1.652993379118692374e-01 7.283523380057078667e-01
3.870000000000000000e+03 1.647731110743929084e-01 7.288810560088087032e-01
3.880000000000000000e+03 1.642140676775518948e-01 7.294424940438003491e-01
3.890000000000000000e+03 1.636226760943251257e-01 7.300362576152509275e-01
3.900000000000000000e+03 1.629996547724826828e-01 7.306616409856138139e-01
3.910000000000000000e+03 1.623459982735069029e-01 7.313176529355600586e-01
3.920000000000000000e+03 1.616629825048297719e-01 7.320030479857386752e-01
3.930000000000000000e+03 1.609521528809210178e-01 7.327163464542363336e-01
3.940000000000000000e+03 1.602152816602522289e-01 7.334558567830247178e-01
3.950000000000000000e+03 1.594542764274463065e-01 7.342197088428120688e-01
3.960000000000000000e+03 1.586710584328669682e-01 7.350059315331980425e-01
3.970000000000000000e+03 1.578674488276205212e-01 7.358125946815534668e-01
3.980000000000000000e+03 1.570450806174498171e-01 7.366379645260573428e-01
3.990000000000000000e+03 1.562053283195406206e-01 7.374805960702370822e-01
4.000000000000000000e+03 1.553492658241560909e-01 7.383393630300791877e-01
4.010000000000000000e+03 1.544776703136425677e-01 7.392134493153408314e-01
4.020000000000000000e+03 1.535910762313952016e-01 7.401023184416848366e-01
4.030000000000000000e+03 1.526898593808252158e-01 7.410056586599972350e-01
4.040000000000000000e+03 1.517743258399527340e-01 7.419232690295128885e-01
4.050000000000000000e+03 1.508448107698651119e-01 7.428549134151615219e-01
4.060000000000000000e+03 1.499017898909939805e-01 7.438001880929426823e-01
4.070000000000000000e+03 1.489459820798212097e-01 7.447584020998048171e-01
4.080000000000000000e+03 1.479784232500780117e-01 7.457284847524244809e-01
4.090000000000000000e+03 1.470005034636633345e-01 7.467089728561844275e-01
4.100000000000000000e+03 1.460139614618162773e-01 7.476980662924216370e-01
4.110000000000000000e+03 1.450208389742667914e-01 7.486936825237379134e-01
4.120000000000000000e+03 1.440234181930383217e-01 7.496935154975120641e-01
4.130000000000000000e+03 1.430241546194940538e-01 7.506951115597797486e-01
4.140000000000000000e+03 1.420255944470246723e-01 7.516959194688430657e-01
4.150000000000000000e+03 1.410302838069330544e-01 7.526933546815121057e-01
4.160000000000000000e+03 1.400406951138110090e-01 7.536849091618795793e-01
4.170000000000000000e+03 1.390591896262035609e-01 7.546682393238871578e-01
4.180000000000000000e+03 1.380880072271710168e-01 7.556411658647727014e-01
4.190000000000000000e+03 1.371292689603995363e-01 7.566016203998404688e-01
4.200000000000000000e+03 1.361849952034299982e-01 7.575476069884784502e-01
