0.000000000000000000e+00 8.846401218627520935e-01 9.028584691340442447e-03
1.000000000000000000e+01 8.838908451319141824e-01 9.778528060351416445e-03
2.000000000000000000e+01 8.815846130061990582e-01 1.208501528470884955e-02
3.000000000000000000e+01 8.777604347789671468e-01 1.590948578478738537e-02
4.000000000000000000e+01 8.724903625844518951e-01 2.117972709899684086e-02
5.000000000000000000e+01 8.658709568589214589e-01 2.779917967596089515e-02
6.000000000000000000e+01 8.580187871344830963e-01 3.565135515076344602e-02
7.000000000000000000e+01 8.490649956685717425e-01 4.460513902217746324e-02
8.000000000000000000e+01 8.391501468775476313e-01 5.451996774824102027e-02
9.000000000000000000e+01 8.284189984358000247e-01 6.525109493981919029e-02
1.000000000000000000e+02 8.170156007132139964e-01 7.665444993300338239e-02
1.100000000000000000e+02 8.050789916095899557e-01 8.859098633476869544e-02
1.200000000000000000e+02 7.927396261855549353e-01 1.009303091855958956e-01
1.300000000000000000e+02 7.801165291541573010e-01 1.135533600768360712e-01
1.400000000000000000e+02 7.673152744065877551e-01 1.263546052595866387e-01
1.500000000000000000e+02 7.544266678842852514e-01 1.392431755238509317e-01
1.600000000000000000e+02 7.415260913252444963e-01 1.521437479904604317e-01
1.700000000000000000e+02 7.286733608757566261e-01 1.649964459408789497e-01
1.800000000000000000e+02 7.159129990251633657e-01 1.777567510824356878e-01
1.900000000000000000e+02 7.032749097804660288e-01 1.903947701790859315e-01
2.000000000000000000e+02 6.907753801235169133e-01 2.028942373522818476e-01
2.100000000000000000e+02 6.784183155057006420e-01 2.152512156313827196e-01
2.200000000000000000e+02 6.661967362291600914e-01 2.274727293422003360e-01
2.300000000000000000e+02 6.540944714441847552e-01 2.395748929172311359e-01
2.400000000000000000e+02 6.420880446030534650e-01 2.515811691965244012e-01
2.500000000000000000e+02 6.301486986081201724e-01 2.635203383639858066e-01
2.600000000000000000e+02 6.182444704615182030e-01 2.754243604148578495e-01
2.700000000000000000e+02 6.063422698138045686e-01 2.873263305023275316e-01
2.800000000000000000e+02 5.944098769689233341e-01 2.992584847844703133e-01
2.900000000000000000e+02 5.824178210268020628e-01 3.112503044583922462e-01
3.000000000000000000e+02 5.703410559755606180e-01 3.233268357448816910e-01
3.100000000000000000e+02 5.581603682737295014e-01 3.355073014205058324e-01
3.200000000000000000e+02 5.458634697316506745e-01 3.478040066874571457e-01
3.300000000000000000e+02 5.334457433623996936e-01 3.602215804611263450e-01
3.400000000000000000e+02 5.209106536489325201e-01 3.727565481425768601e-01
3.500000000000000000e+02 5.082698276240116275e-01 3.853972651036535191e-01
3.600000000000000000e+02 4.955428265724003967e-01 3.981241617131321409e-01
3.700000000000000000e+02 4.827566168539525471e-01 4.109102697481455957e-01
3.800000000000000000e+02 4.699447800412125398e-01 4.237220167210205002e-01
3.900000000000000000e+02 4.571464904752784442e-01 4.365202255652206875e-01
4.000000000000000000e+02 4.444053210846183322e-01 4.492613078558856388e-01
4.100000000000000000e+02 4.317679337823999153e-01 4.618985847208290640e-01
4.200000000000000000e+02 4.192826783198815854e-01 4.743836991156160088e-01
4.300000000000000000e+02 4.069981422873490962e-01 4.866680618485203502e-01
4.400000000000000000e+02 3.949617214644305929e-01 4.987042795854588206e-01
4.500000000000000000e+02 3.832182709462033099e-01 5.104474998328273339e-01
4.600000000000000000e+02 3.718088760454444919e-01 5.218566399902854203e-01
4.700000000000000000e+02 3.607698186369932003e-01 5.328954183971644776e-01
4.800000000000000000e+02 3.501317809947762094e-01 5.435331563789157494e-01
4.900000000000000000e+02 3.399192968802056125e-01 5.537453277642788718e-01
5.000000000000000000e+02 3.301504909059836401e-01 5.635138187461576909e-01
5.100000000000000000e+02 3.208370974453914060e-01 5.728269090254469731e-01
5.200000000000000000e+02 3.119847303603771049e-01 5.816789904847384785e-01
5.300000000000000000e+02 3.035933915297431840e-01 5.900700567511483197e-01
5.400000000000000000e+02 2.956581800654568548e-01 5.980050064201881677e-01
5.500000000000000000e+02 2.881701373859076321e-01 6.054928009980475867e-01
5.600000000000000000e+02 2.811171629668385297e-01 6.125455437623690269e-01
5.700000000000000000e+02 2.744849671201473051e-01 6.191775275718778282e-01
5.800000000000000000e+02 2.682580099071042445e-01 6.254042946250103485e-01
5.900000000000000000e+02 2.624203844964687615e-01 6.312417490934598696e-01
6.000000000000000000e+02 2.569565982039948571e-01 6.367053778378397588e-01
6.100000000000000000e+02 2.518522396213213610e-01 6.418095883941344892e-01
6.200000000000000000e+02 2.470945038767219382e-01 6.465671849302567775e-01
6.300000000000000000e+02 2.426725616655284468e-01 6.509889975469471679e-01
6.400000000000000000e+02 2.385777783967963361e-01 6.550836664190562431e-01
6.500000000000000000e+02 2.348037735795864278e-01 6.588575780428331807e-01
6.600000000000000000e+02 2.313463311356494245e-01 6.623149521380194971e-01
6.700000000000000000e+02 2.282031824054228386e-01 6.654580563837424467e-01
6.800000000000000000e+02 2.253736788298528193e-01 6.682875338351740302e-01
6.900000000000000000e+02 2.228583659912675707e-01 6.708028352157600072e-01
7.000000000000000000e+02 2.206584877913302378e-01 6.730027142235153192e-01
7.100000000000000000e+02 2.187754512214799829e-01 6.748857594185212472e-01
7.200000000000000000e+02 2.172102855944926803e-01 6.764509415600266085e-01
7.300000000000000000e+02 2.159631118740749089e-01 6.776981437647355833e-01
7.400000000000000000e+02 2.150326456590638258e-01 6.786286472211556786e-01
7.500000000000000000e+02 2.144157747267580738e-01 6.792455528654907093e-01
7.600000000000000000e+02 2.141072200857065955e-01 6.795541345499207520e-01
7.700000000000000000e+02 2.140992834934271061e-01 6.795620900248036111e-01
7.800000000000000000e+02 2.143816825070304355e-01 6.792797037150664075e-01
7.900000000000000000e+02 2.149414823064128011e-01 6.787199170185418406e-01
8.000000000000000000e+02 2.157631072430948316e-01 6.778983082223019041e-01
8.100000000000000000e+02 2.168284420812053026e-01 6.768329888737584232e-01
8.200000000000000000e+02 2.181170056656743239e-01 6.755444353420999581e-01
8.300000000000000000e+02 2.196061848985855214e-01 6.740552632662070165e-01
8.400000000000000000e+02 2.212715159873169246e-01 6.723899398409074468e-01
8.500000000000000000e+02 2.230869999684750582e-01 6.705744668641865358e-01
8.600000000000000000e+02 2.250254488503764805e-01 6.686360307192994457e-01
8.700000000000000000e+02 2.270588470280029136e-01 6.666026436695593471e-01
8.800000000000000000e+02 2.291587109480474616e-01 6.645027924432514999e-01
8.900000000000000000e+02 2.312964435544762054e-01 6.623650719052608382e-01
9.000000000000000000e+02 2.334436863236480364e-01 6.602178309368889053e-01
9.100000000000000000e+02 2.355726505108854951e-01 6.580888607113608568e-01
9.200000000000000000e+02 2.376564088211786108e-01 6.560050942606895363e-01
9.300000000000000000e+02 2.396691498430535139e-01 6.539923428926474047e-01
9.400000000000000000e+02 2.415864002607100436e-01 6.520750848700463953e-01
9.500000000000000000e+02 2.433852112680173763e-01 6.502762737220805223e-01
9.600000000000000000e+02 2.450443030328778582e-01 6.486171888085970894e-01
9.700000000000000000e+02 2.465441823693701739e-01 6.471173246893076048e-01
9.800000000000000000e+02 2.478672330833188442e-01 6.457943024496062279e-01
9.900000000000000000e+02 2.489977814394127298e-01 6.446637930352353552e-01
1.000000000000000000e+03 2.499221542117594508e-01 6.437394650098103854e-01
1.010000000000000000e+03 2.506287358230274709e-01 6.430329356272067587e-01
1.020000000000000000e+03 2.511080161119322307e-01 6.425537158384911907e-01
1.030000000000000000e+03 2.513526374047693190e-01 6.423091603106395597e-01
1.040000000000000000e+03 2.513574508056341528e-01 6.423044150070982283e-01
1.050000000000000000e+03 2.511195773712823209e-01 6.425423557282196052e-01
1.060000000000000000e+03 2.506384682259201191e-01 6.430235315387740069e-01
1.070000000000000000e+03 2.499159669377696014e-01 6.437461042018391977e-01
1.080000000000000000e+03 2.489563596651506727e-01 6.447057948125981541e-01
1.090000000000000000e+03 2.477663973192425761e-01 6.458958505349555734e-01
1.100000000000000000e+03 2.463553045834573907e-01 6.473070409996796171e-01
1.110000000000000000e+03 2.447347394582922719e-01 6.489277058749300942e-01
1.120000000000000000e+03 2.429187091505265739e-01 6.507438384647319385e-01
1.130000000000000000e+03 2.409234276260761032e-01 6.527392270744758473e-01
1.140000000000000000e+03 2.387671062686514967e-01 6.548956597741448782e-01
1.150000000000000000e+03 2.364696895342356942e-01 6.571931831325389384e-01
1.160000000000000000e+03 2.340525334880894370e-01 6.596104321308632334e-01
1.170000000000000000e+03 2.315380183214996168e-01 6.621250274903204280e-01
1.180000000000000000e+03 2.289490928616114696e-01 6.647140246377868378e-01
1.190000000000000000e+03 2.263087846249887680e-01 6.673544030757705414e-01
1.200000000000000000e+03 2.236396957804186181e-01 6.700235676435917220e-01
1.210000000000000000e+03 2.209634729905624317e-01 6.726998722967553190e-01
1.220000000000000000e+03 2.183002865252529900e-01 6.753631400067687807e-01
1.230000000000000000e+03 2.156683507276856149e-01 6.779951540467152871e-01
1.240000000000000000e+03 2.130834707930103766e-01 6.805801162548144045e-01
1.250000000000000000e+03 2.105586594668076850e-01 6.831050222971485342e-01
1.260000000000000000e+03 2.081038465059471265e-01 6.855599400163492341e-01
1.270000000000000000e+03 2.057256919902779868e-01 6.879381996784453834e-01
1.280000000000000000e+03 2.034275077652312747e-01 6.902364889546078741e-01
1.290000000000000000e+03 2.012092837092583075e-01 6.924548201315887663e-01
1.300000000000000000e+03 1.990678493741433741e-01 6.945963629605220735e-01
1.310000000000000000e+03 1.969971553523542085e-01 6.966671695777216788e-01
1.320000000000000000e+03 1.949886650635411500e-01 6.986757750716469095e-01
1.330000000000000000e+03 1.930318483855327227e-01 7.006327114049784033e-01
1.340000000000000000e+03 1.911147358050214184e-01 7.025499476421455114e-01
1.350000000000000000e+03 1.892245275877757760e-01 7.044402780893403992e-01
1.360000000000000000e+03 1.873482425055896516e-01 7.063166830505560601e-01
1.370000000000000000e+03 1.854733592099649664e-01 7.081916855107422970e-01
1.380000000000000000e+03 1.835884286500555351e-01 7.100767333091959621e-01
1.390000000000000000e+03 1.816836375011425531e-01 7.119816387668087554e-01
1.400000000000000000e+03 1.797512900805696145e-01 7.139141037027142422e-01
1.410000000000000000e+03 1.777861852913847907e-01 7.158793332718604852e-01
1.420000000000000000e+03 1.757858944881519059e-01 7.178797529904088481e-01
1.430000000000000000e+03 1.737509256532892565e-01 7.199148535714759989e-01
1.440000000000000000e+03 1.716847564044077512e-01 7.219811575275073556e-01
1.450000000000000000e+03 1.695937548236567949e-01 7.240722960480084902e-01
1.460000000000000000e+03 1.674869989388494962e-01 7.261791914808470860e-01
1.470000000000000000e+03 1.653760006970723395e-01 7.282903301251166805e-01
1.480000000000000000e+03 1.632743482655677203e-01 7.303921262871077014e-01
1.490000000000000000e+03 1.611972724802742674e-01 7.324693532927343265e-01
1.500000000000000000e+03 1.591611728585487773e-01 7.345056101405345039e-01
1.510000000000000000e+03 1.571831222433177078e-01 7.364838245490286095e-01
1.520000000000000000e+03 1.552803601623416740e-01 7.383867521516691568e-01
1.530000000000000000e+03 1.534697892139849362e-01 7.401974860875525364e-01
1.540000000000000000e+03 1.517674869724228714e-01 7.418999428938576335e-01
1.550000000000000000e+03 1.501882679581611757e-01 7.434793020214962578e-01
1.560000000000000000e+03 1.487453055937348889e-01 7.449223905622487374e-01
1.570000000000000000e+03 1.474498117879209369e-01 7.462180026071580929e-01
1.580000000000000000e+03 1.463107811440133299e-01 7.473571506163430023e-01
1.590000000000000000e+03 1.453347973701435980e-01 7.483332611640739485e-01
1.600000000000000000e+03 1.445259197171655241e-01 7.491422770823873423e-01
1.610000000000000000e+03 1.438856575784563663e-01 7.497826847211433998e-01
1.620000000000000000e+03 1.434130160854944491e-01 7.502554787933467528e-01
1.630000000000000000e+03 1.431046046547310158e-01 7.505640483068518609e-01
1.640000000000000000e+03 1.429547915271377478e-01 7.507140246367625114e-01
1.650000000000000000e+03 1.429558925465249097e-01 7.507130918612617831e-01
1.660000000000000000e+03 1.430984042116026089e-01 7.505707487925756816e-01
1.670000000000000000e+03 1.433712608393122312e-01 7.502980575979961708e-01
1.680000000000000000e+03 1.437621024755282029e-01 7.499073783675163085e-01
1.690000000000000000e+03 1.442575460704529355e-01 7.494120930858561014e-01
1.700000000000000000e+03 1.448434554320972567e-01 7.488263361738211055e-01
1.710000000000000000e+03 1.455052081910696016e-01 7.481647311020855895e-01
1.720000000000000000e+03 1.462279410987655515e-01 7.474421405725552026e-01
1.730000000000000000e+03 1.469967668423044493e-01 7.466734510833428207e-01
1.740000000000000000e+03 1.477969770462660148e-01 7.458733718342301922e-01
1.750000000000000000e+03 1.486142379580480954e-01 7.450562382228068659e-01
1.760000000000000000e+03 1.494347675714735868e-01 7.442358403296374103e-01
1.770000000000000000e+03 1.502454968965082627e-01 7.434252564748765613e-01
1.780000000000000000e+03 1.510342103751959875e-01 7.426367000965931053e-01
1.790000000000000000e+03 1.517896450133063568e-01 7.418814276134412244e-01
1.800000000000000000e+03 1.525015690615577346e-01 7.411696708756538854e-01
1.810000000000000000e+03 1.531608557721166053e-01 7.405105579451713993e-01
1.820000000000000000e+03 1.537595214452128489e-01 7.399120673317794994e-01
1.830000000000000000e+03 1.542907439263071501e-01 7.393810249892659447e-01
1.840000000000000000e+03 1.547488837575811960e-01 7.389230724051166765e-01
1.850000000000000000e+03 1.551294635323677285e-01 7.385426797613852123e-01
1.860000000000000000e+03 1.554291364165463762e-01 7.382431936661980609e-01
1.870000000000000000e+03 1.556456416604634629e-01 7.380268782241515835e-01
1.880000000000000000e+03 1.557777348391235495e-01 7.378949698833738857e-01
1.890000000000000000e+03 1.558251263766542993e-01 7.378477598958050887e-01
1.900000000000000000e+03 1.557884123195774351e-01 7.378846581268252436e-01
1.910000000000000000e+03 1.556689915621636278e-01 7.380042582282702046e-01
1.920000000000000000e+03 1.554689851221122132e-01 7.382044375766694255e-01
1.930000000000000000e+03 1.551911475371625104e-01 7.384824481276628383e-01
1.940000000000000000e+03 1.548387724544007249e-01 7.388349942094761813e-01
1.950000000000000000e+03 1.544155944734998398e-01 7.392583448282209480e-01
1.960000000000000000e+03 1.539256782187157779e-01 7.397484426317885164e-01
1.970000000000000000e+03 1.533733042717242423e-01 7.403009950467923650e-01
1.980000000000000000e+03 1.527628508629814974e-01 7.409116186251905045e-01
1.990000000000000000e+03 1.520986731561747018e-01 7.415759626478789501e-01
2.000000000000000000e+03 1.513850003301462077e-01 7.422897984735963295e-01
2.010000000000000000e+03 1.506258430799415904e-01 7.430491065622896185e-01
2.020000000000000000e+03 1.498249039529258309e-01 7.438501892922841918e-01
2.030000000000000000e+03 1.489855175490228112e-01 7.446897171690989303e-01
2.040000000000000000e+03 1.481105996383786372e-01 7.455647726108025619e-01
2.050000000000000000e+03 1.472026114926801021e-01 7.464729039357462792e-01
2.060000000000000000e+03 1.462635613157254322e-01 7.474121078031518151e-01
2.070000000000000000e+03 1.452950445720844752e-01 7.483807841891468859e-01
2.080000000000000000e+03 1.442982829354085561e-01 7.493777023271939175e-01
2.090000000000000000e+03 1.432741933214961016e-01 7.504019644875955519e-01
2.100000000000000000e+03 1.422234828044052490e-01 7.514528778121047914e-01
2.110000000000000000e+03 1.411467416903978145e-01 7.525298361855213836e-01
2.120000000000000000e+03 1.400445487155448920e-01 7.536322510389790175e-01
2.130000000000000000e+03 1.389175932648426814e-01 7.547594432236304218e-01
2.140000000000000000e+03 1.377667920167253979e-01 7.559104704495440696e-01
2.150000000000000000e+03 1.365934144458562371e-01 7.570840679555947972e-01
2.160000000000000000e+03 1.353991844926751009e-01 7.582785205396108674e-01
2.170000000000000000e+03 1.341863728460470362e-01 7.594915444014692651e-01
2.180000000000000000e+03 1.329578770507692520e-01 7.607202439564073604e-01
2.190000000000000000e+03 1.317172764269431973e-01 7.619610480692629029e-01
2.200000000000000000e+03 1.304688613401880359e-01 7.632096714875478138e-01
2.210000000000000000e+03 1.292176358044268281e-01 7.644611039827069465e-01
2.220000000000000000e+03 1.279692974299308783e-01 7.657096462534412895e-01
2.230000000000000000e+03 1.267301849298805849e-01 7.669489606479239496e-01
2.240000000000000000e+03 1.255071895953671912e-01 7.681721563312275958e-01
2.250000000000000000e+03 1.243076344223513069e-01 7.693719121575298692e-01
2.260000000000000000e+03 1.231391469459166416e-01 7.705405970770283774e-01
2.270000000000000000e+03 1.220095334082296895e-01 7.716703958225429316e-01
2.280000000000000000e+03 1.209266389779481421e-01 7.727534616796569722e-01
2.290000000000000000e+03 1.198981905015941568e-01 7.737820689577320499e-01
2.300000000000000000e+03 1.189316482366532951e-01 7.747487581219015818e-01
2.310000000000000000e+03 1.180340786304898415e-01 7.756464672975588170e-01
2.320000000000000000e+03 1.172120476638099928e-01 7.764686358937153976e-01
2.330000000000000000e+03 1.164715206421404470e-01 7.772093030325888385e-01
2.340000000000000000e+03 1.158177880924258080e-01 7.778631812971190662e-01
2.350000000000000000e+03 1.152554033093328850e-01 7.784257158056344661e-01
2.360000000000000000e+03 1.147881242524891043e-01 7.788931448976612604e-01
2.370000000000000000e+03 1.144188801048563048e-01 7.792625339866621204e-01
2.380000000000000000e+03 1.141497519611434225e-01 7.795318006748603867e-01
2.390000000000000000e+03 1.139819610058187688e-01 7.796997261988151129e-01
2.400000000000000000e+03 1.139158741245692857e-01 7.797659460006860499e-01
2.410000000000000000e+03 1.139510143001741110e-01 7.797309404484956685e-01
2.420000000000000000e+03 1.140860794885363294e-01 7.795960137142481372e-01
2.430000000000000000e+03 1.143189878152190558e-01 7.793632495899657231e-01
2.440000000000000000e+03 1.146469294996931981e-01 7.790354561362804464e-01
2.450000000000000000e+03 1.150664196183987797e-01 7.786161124838151260e-01
2.460000000000000000e+03 1.155733581382938635e-01 7.781093173668753860e-01
2.470000000000000000e+03 1.161631054829693754e-01 7.775197124373398605e-01
2.480000000000000000e+03 1.168305702903477683e-01 7.768523857750004868e-01
2.490000000000000000e+03 1.175702918489455878e-01 7.761127936251955850e-01
2.500000000000000000e+03 1.183765137572847931e-01 7.753066929537765217e-01
2.510000000000000000e+03 1.192432623591750673e-01 7.744400606608752291e-01
2.520000000000000000e+03 1.201644290902462719e-01 7.735190087720196228e-01
2.530000000000000000e+03 1.211338392758204152e-01 7.725497138683283804e-01
2.540000000000000000e+03 1.221453202856817993e-01 7.715383475831774085e-01
2.550000000000000000e+03 1.231927786878192765e-01 7.704910014284090947e-01
2.560000000000000000e+03 1.242702621851735079e-01 7.694136271956768525e-01
2.570000000000000000e+03 1.253720135450710482e-01 7.683119820346976381e-01
2.580000000000000000e+03 1.264925283550444590e-01 7.671915698112751203e-01
2.590000000000000000e+03 1.276266057115701680e-01 7.660575900957222739e-01
2.600000000000000000e+03 1.287693929910331825e-01 7.649148962712347677e-01
2.610000000000000000e+03 1.299164261681365895e-01 7.637679554789866820e-01
2.620000000000000000e+03 1.310636501562736089e-01 7.626208242071820242e-01
2.630000000000000000e+03 1.322074254106441471e-01 7.614771394630654999e-01
2.640000000000000000e+03 1.333445300450998294e-01 7.603401213587628327e-01
2.650000000000000000e+03 1.344721528108334951e-01 7.592125835239952325e-01
2.660000000000000000e+03 1.355878734180724077e-01 7.580969491142185435e-01
2.670000000000000000e+03 1.366896319365766277e-01 7.569952792662749674e-01
2.680000000000000000e+03 1.377756853694905859e-01 7.559093175122787445e-01
2.690000000000000000e+03 1.388445550801879202e-01 7.548405416989573125e-01
2.700000000000000000e+03 1.398949632602435877e-01 7.537902249231893670e-01
2.710000000000000000e+03 1.409257661303854603e-01 7.527595080478084455e-01
2.720000000000000000e+03 1.419358907150562177e-01 7.517494655234454592e-01
2.730000000000000000e+03 1.429242744467405235e-01 7.507611603872508255e-01
2.740000000000000000e+03 1.438898022701434187e-01 7.497957064742256650e-01
2.750000000000000000e+03 1.448312464563664137e-01 7.488543313480904295e-01
2.760000000000000000e+03 1.457472153093188061e-01 7.479384287233097339e-01
2.770000000000000000e+03 1.466361082782686454e-01 7.470496022020437499e-01
2.780000000000000000e+03 1.474960757152855018e-01 7.461897033859935524e-01
2.790000000000000000e+03 1.483249865303354065e-01 7.453608624811184358e-01
2.800000000000000000e+03 1.491204115695743404e-01 7.445655053614365082e-01
2.810000000000000000e+03 1.498796249260291591e-01 7.438063537210242160e-01
2.820000000000000000e+03 1.505996187571143619e-01 7.430864138853204848e-01
2.830000000000000000e+03 1.512771336153601598e-01 7.424089483507766429e-01
2.840000000000000000e+03 1.519087059964929209e-01 7.417774243631053421e-01
2.850000000000000000e+03 1.524907298209291495e-01 7.411954496223962519e-01
2.860000000000000000e+03 1.530195269009763659e-01 7.406667021181740918e-01
2.870000000000000000e+03 1.534914233324826405e-01 7.401948541403260418e-01
2.880000000000000000e+03 1.539028305569073718e-01 7.397834942445844497e-01
2.890000000000000000e+03 1.542503305050671458e-01 7.394360418636549692e-01
2.900000000000000000e+03 1.545307705203538551e-01 7.391556484350587652e-01
2.910000000000000000e+03 1.547413624548650002e-01 7.389450989960806293e-01
2.920000000000000000e+03 1.548797699638798653e-01 7.388067287940295325e-01
2.930000000000000000e+03 1.549441813953662817e-01 7.387423497254841376e-01
2.940000000000000000e+03 1.549333745062037582e-01 7.387531864139935678e-01
2.950000000000000000e+03 1.548467696433043217e-01 7.388398211512278158e-01
2.960000000000000000e+03 1.546844661716305358e-01 7.390021558223320852e-01
2.970000000000000000e+03 1.544472609857868994e-01 7.392393940510766370e-01
2.980000000000000000e+03 1.541366417683190104e-01 7.395500469405366095e-01
2.990000000000000000e+03 1.537547509145160973e-01 7.399319706286108245e-01
3.000000000000000000e+03 1.533043296301446479e-01 7.403824230107591831e-01
3.010000000000000000e+03 1.527886533025920035e-01 7.408981276569034380e-01
3.020000000000000000e+03 1.522114561425117196e-01 7.414753501826327753e-01
3.030000000000000000e+03 1.515768422058577369e-01 7.421099877764963937e-01
3.040000000000000000e+03 1.508891900574202971e-01 7.427976617075162657e-01
3.050000000000000000e+03 1.501530599648611408e-01 7.435338121824451862e-01
3.060000000000000000e+03 1.493731030007832972e-01 7.443137899025101811e-01
3.070000000000000000e+03 1.485539709664895069e-01 7.451329430152684452e-01
3.080000000000000000e+03 1.477002329934997693e-01 7.459867000855111563e-01
3.090000000000000000e+03 1.468163044110347426e-01 7.468706429884628406e-01
3.100000000000000000e+03 1.459063882336921192e-01 7.477805656652858346e-01
3.110000000000000000e+03 1.449744314705530834e-01 7.487125221218959847e-01
3.120000000000000000e+03 1.440240956358464774e-01 7.496628527790817342e-01
3.130000000000000000e+03 1.430587379716068697e-01 7.506282037169124122e-01
3.140000000000000000e+03 1.420814002143687416e-01 7.516055347451983115e-01
3.150000000000000000e+03 1.410948112999217685e-01 7.525921162950091059e-01
3.160000000000000000e+03 1.401014055840674455e-01 7.535855133531403904e-01
3.170000000000000000e+03 1.391033492881291744e-01 7.545835605745780938e-01
3.180000000000000000e+03 1.381025677601411539e-01 7.555843324929133464e-01
3.190000000000000000e+03 1.371007764813985952e-01 7.565861150252524148e-01
3.200000000000000000e+03 1.360995123123011907e-01 7.575873718847433436e-01
3.210000000000000000e+03 1.351001601503415417e-01 7.585867162478843184e-01
3.220000000000000000e+03 1.341039746607541605e-01 7.595828914505933227e-01
3.230000000000000000e+03 1.331120993829802424e-01 7.605747550385167921e-01
3.240000000000000000e+03 1.321255822243345146e-01 7.615612608234778591e-01
3.250000000000000000e+03 1.311453868028790715e-01 7.625414442349609523e-01
3.260000000000000000e+03 1.301724023698488109e-01 7.635144121967188946e-01
3.270000000000000000e+03 1.292074576943922637e-01 7.644793335455888350e-01
3.280000000000000000e+03 1.282513364585539939e-01 7.654354238644901498e-01
3.290000000000000000e+03 1.273047912043655527e-01 7.663819318655420432e-01
3.300000000000000000e+03 1.263685594999282291e-01 7.673181227315473141e-01
3.310000000000000000e+03 1.254433834234352785e-01 7.682432574537454428e-01
3.320000000000000000e+03 1.245300298756004537e-01 7.691565690217435636e-01
3.330000000000000000e+03 1.236293159102513639e-01 7.700572390059979844e-01
3.340000000000000000e+03 1.227421378753014575e-01 7.709443714378645396e-01
3.350000000000000000e+03 1.218694962908237617e-01 7.718169663003139336e-01
3.360000000000000000e+03 1.210125150099310709e-01 7.726738980332862328e-01
3.370000000000000000e+03 1.201724567686093537e-01 7.735139020575008129e-01
3.380000000000000000e+03 1.193507318762955099e-01 7.743355676807970323e-01
3.390000000000000000e+03 1.185488960427341504e-01 7.751373398594028075e-01
3.400000000000000000e+03 1.177686383685329491e-01 7.759175297985738684e-01
3.410000000000000000e+03 1.170117632423916532e-01 7.766743334097795382e-01
3.420000000000000000e+03 1.162801646377463888e-01 7.774058576767922668e-01
3.430000000000000000e+03 1.155757906998829410e-01 7.781101540857257026e-01
3.440000000000000000e+03 1.149006010783427539e-01 7.787852613602146423e-01
3.450000000000000000e+03 1.142565182794958306e-01 7.794292563616814773e-01
3.460000000000000000e+03 1.136453745140203336e-01 7.800403084769146345e-01
3.470000000000000000e+03 1.130688567864899796e-01 7.806167318892358598e-01
3.480000000000000000e+03 1.125284510683139394e-01 7.811570397752471973e-01
3.490000000000000000e+03 1.120253856235806922e-01 7.816600033016426474e-01
3.500000000000000000e+03 1.115605753526368038e-01 7.821247072908402709e-01
3.510000000000000000e+03 1.111345721709649931e-01 7.825505998869658475e-01
3.520000000000000000e+03 1.107475235861606205e-01 7.829375354342154036e-01
3.530000000000000000e+03 1.103991375394560159e-01 7.832858057658810269e-01
3.540000000000000000e+03 1.100886573927920137e-01 7.835961665661643760e-01
3.550000000000000000e+03 1.098148498111931881e-01 7.838698527695500129e-01
3.560000000000000000e+03 1.095760064609289097e-01 7.841085749025947793e-01
3.570000000000000000e+03 1.093699610545629530e-01 7.843144980135825506e-01
3.580000000000000000e+03 1.091941228011281406e-01 7.844902099191436440e-01
3.590000000000000000e+03 1.090455260050643832e-01 7.846386756391156014e-01
3.600000000000000000e+03 1.089208959440030600e-01 7.847631699146537798e-01
3.610000000000000000e+03 1.088167289513682356e-01 7.848671971284210125e-01
3.620000000000000000e+03 1.087293801179156777e-01 7.849544042022649215e-01
3.630000000000000000e+03 1.086551587741793196e-01 7.850284817917190239e-01
3.640000000000000000e+03 1.085904382328449908e-01 7.850930549093049216e-01
3.650000000000000000e+03 1.085317742070135844e-01 7.851515670915287792e-01
3.660000000000000000e+03 1.084760220554892435e-01 7.852071632518389244e-01
3.670000000000000000e+03 1.084204500870393634e-01 7.852625759707144715e-01
3.680000000000000000e+03 1.083628475974537791e-01 7.853200177929565706e-01
3.690000000000000000e+03 1.083016218452811791e-01 7.853810817039874603e-01
3.700000000000000000e+03 1.082358794948237030e-01 7.854466592937812131e-01
3.710000000000000000e+03 1.081654897050801367e-01 7.855168800331733259e-01
3.720000000000000000e+03 1.080911274574024861e-01 7.855910689245926282e-01
3.730000000000000000e+03 1.080142919137948715e-01 7.856677282593443890e-01
3.740000000000000000e+03 1.079372950527860558e-01 7.857445469625194967e-01
3.750000000000000000e+03 1.078632229266492659e-01 7.858184388795270703e-01
3.760000000000000000e+03 1.077958687052041897e-01 7.858856106770445438e-01
3.770000000000000000e+03 1.077396370231853001e-01 7.859416567479640126e-01
3.780000000000000000e+03 1.076994241405318103e-01 7.859816804090841158e-01
3.790000000000000000e+03 1.076804794329303122e-01 7.860004327470102581e-01
3.800000000000000000e+03 1.076882504041103139e-01 7.859924660113485340e-01
3.810000000000000000e+03 1.077282185221559163e-01 7.859522979837192391e-01
3.820000000000000000e+03 1.078057384918556377e-01 7.858745725099559598e-01
3.830000000000000000e+03 1.079258882917735196e-01 7.857542112849197347e-01
3.840000000000000000e+03 1.080933282595922251e-01 7.855865552840755051e-01
3.850000000000000000e+03 1.083121750706212139e-01 7.853674894762654457e-01
3.860000000000000000e+03 1.085858975712121199e-01 7.850935456640094623e-01
3.870000000000000000e+03 1.089172364834438689e-01 7.847619826201575055e-01
3.880000000000000000e+03 1.093081479633292441e-01 7.843708434759897319e-01
3.890000000000000000e+03 1.097597708973049729e-01 7.839189901152631146e-01
3.900000000000000000e+03 1.102724154775919507e-01 7.834061139901473680e-01
3.910000000000000000e+03 1.108455689734849647e-01 7.828327285605150010e-01
3.920000000000000000e+03 1.114779146950674732e-01 7.822001493550078122e-01
3.930000000000000000e+03 1.121673648857849925e-01 7.815104630139175779e-01
3.940000000000000000e+03 1.129111079273567575e-01 7.807664803881595450e-01
3.950000000000000000e+03 1.137056679347811100e-01 7.799716762816742976e-01
3.960000000000000000e+03 1.145469725964623903e-01 7.791301226129311308e-01
3.970000000000000000e+03 1.154304282628397099e-01 7.782464137428241058e-01
3.980000000000000000e+03 1.163510040166733650e-01 7.773255817319021377e-01
3.990000000000000000e+03 1.173033211964643330e-01 7.763730061442288832e-01
4.000000000000000000e+03 1.182817447380658527e-01 7.753943225580177678e-01
4.010000000000000000e+03 1.192804757256654413e-01 7.743953295903869272e-01
4.020000000000000000e+03 1.202936424642489649e-01 7.733818984866974722e-01
4.030000000000000000e+03 1.213153884816616374e-01 7.723598856555348169e-01
4.040000000000000000e+03 1.223399549837025369e-01 7.713350501212438148e-01
4.050000000000000000e+03 1.233617531928121180e-01 7.703129801502922591e-01
4.060000000000000000e+03 1.243754266924552015e-01 7.692990317159161817e-01
4.070000000000000000e+03 1.253759074079804359e-01 7.682982731419135680e-01
4.080000000000000000e+03 1.263584655469073004e-01 7.673154347112204343e-01
4.090000000000000000e+03 1.273187536982913204e-01 7.663548642133172217e-01
4.100000000000000000e+03 1.282528467915952930e-01 7.654204864164680933e-01
4.110000000000000000e+03 1.291572778200810179e-01 7.645157682096989094e-01
4.120000000000000000e+03 1.300290667802165012e-01 7.636436901043927028e-01
4.130000000000000000e+03 1.308657447634631876e-01 7.628067214693622367e-01
4.140000000000000000e+03 1.316653751365986225e-01 7.620067996028709878e-01
4.150000000000000000e+03 1.324265674756701372e-01 7.612453157840932683e-01
4.160000000000000000e+03 1.331484818980861740e-01 7.605231100944662703e-01
4.170000000000000000e+03 1.338308211716896790e-01 7.598404790286369392e-01
4.180000000000000000e+03 1.344738105260364913e-01 7.591971964123601646e-01
4.190000000000000000e+03 1.350781676513295726e-01 7.585925443574623728e-01
4.200000000000000000e+03 1.356450602019649287e-01 7.580253554708942243e-01
