0.000000000000000000e+00 1.122910264469802222e+01 -1.306981810661922870e-14 1.122910264469802222e+01 -1.163923647344191414e-15
1.000000000000000000e+01 1.112344668461932429e+01 1.268052217503225831e+00 1.119549117153345286e+01 -9.964918700231621962e-01
2.000000000000000000e+01 1.082511788474295322e+01 2.496739548513352336e+00 1.110931526205339104e+01 -1.993320838306348763e+00
3.000000000000000000e+01 1.034634227439558884e+01 3.651244707705267878e+00 1.097170845285687513e+01 -2.990742237819175919e+00
4.000000000000000000e+01 9.706500972587049247e+00 4.700651652714020301e+00 1.078481743429142981e+01 -3.989008348376674729e+00
5.000000000000000000e+01 8.930764743791659299e+00 5.619513580324475122e+00 1.055165824827563803e+01 -4.988363987834599556e+00
6.000000000000000000e+01 8.048517367165031189e+00 6.388868652363014711e+00 1.027600479109969633e+01 -5.989054382475976546e+00
7.000000000000000000e+01 7.091585946300952514e+00 6.996850114455158476e+00 9.962253899491035014e+00 -6.991326103482276011e+00
8.000000000000000000e+01 6.092423366165018450e+00 7.438803367715880022e+00 9.615270043848722636e+00 -7.995426579254786503e+00
9.000000000000000000e+01 5.082397535402538580e+00 7.716920308462026590e+00 9.240217733095875019e+00 -9.001603907157269546e+00
1.000000000000000000e+02 4.090323032697788186e+00 7.839471185285109556e+00 8.842400747349870471e+00 -1.001010741227145573e+01
1.100000000000000000e+02 3.141320566671999881e+00 7.819746859812847006e+00 8.427119072028672164e+00 -1.102118883019527118e+01
1.200000000000000000e+02 2.256043217049604532e+00 7.674830983655255068e+00 7.999547588762142780e+00 -1.203510400469845187e+01
1.300000000000000000e+02 1.450270583895266086e+00 7.424316769600780574e+00 7.564639070166354173e+00 -1.305211506465383309e+01
1.400000000000000000e+02 7.348403283344285830e-01 7.089066027531309544e+00 7.127050403276602886e+00 -1.407249304904694220e+01
1.500000000000000000e+02 1.158645953519750610e-01 6.690086576701926191e+00 6.691089822160764200e+00 -1.509652079038569816e+01
1.600000000000000000e+02 -4.048325505007094871e-01 6.247584063109496988e+00 6.260686545384992918e+00 -1.612449588150977675e+01
1.700000000000000000e+02 -8.291242290187120778e-01 5.780215887103267391e+00 5.839378621794179658e+00 -1.715673375956913205e+01
1.800000000000000000e+02 -1.161900556234141568e+00 5.304549804153436909e+00 5.430309524080692007e+00 -1.819357067851827736e+01
1.900000000000000000e+02 -1.410358638231340445e+00 4.834721783014412466e+00 5.036233335300084768e+00 -1.923536544502068324e+01
2.000000000000000000e+02 -1.583312539640537420e+00 4.382278671413261328e+00 4.659532696752599179e+00 -2.028249867749413582e+01
2.100000000000000000e+02 -1.690556931288080156e+00 3.956175752719743866e+00 4.302244684386721474e+00 -2.133536877173046520e+01
2.200000000000000000e+02 -1.742305172639031507e+00 3.562894838409006670e+00 3.966087107485949836e+00 -2.239438349118265137e+01
2.300000000000000000e+02 -1.748714867087967306e+00 3.206651911115490083e+00 3.652481370990837917e+00 -2.345994540095156822e+01
2.400000000000000000e+02 -1.719509831853077930e+00 2.889666507774105053e+00 3.362571424964946765e+00 -2.453242830770993521e+01
2.500000000000000000e+02 -1.663701416230572327e+00 2.612464318103329575e+00 3.097236222139136075e+00 -2.561214101474090654e+01
2.600000000000000000e+02 -1.589400172230998498e+00 2.374188695634840585e+00 2.857090280332106325e+00 -2.669927675203549455e+01
2.700000000000000000e+02 -1.503703214727439619e+00 2.172904812151223553e+00 2.642468293215943120e+00 -2.779385052010215773e+01
2.800000000000000000e+02 -1.412645905832391913e+00 2.005886107559865739e+00 2.453395103069762051e+00 -2.889563084647928903e+01
2.900000000000000000e+02 -1.321207684170889518e+00 1.869873253814111624e+00 2.289544873996047780e+00 -3.000407786440590741e+01
3.000000000000000000e+02 -1.233360932053391368e+00 1.761296649700943684e+00 2.150196520544896295e+00 -3.111830500869254479e+01
3.100000000000000000e+02 -1.152149391413303636e+00 1.676460139901093438e+00 2.034199307052098948e+00 -3.223708523294398987e+01
3.200000000000000000e+02 -1.079782590310651491e+00 1.611687804657432332e+00 1.939965984758360129e+00 -3.335891758403141694e+01
3.300000000000000000e+02 -1.017739691691934789e+00 1.563436412405762699e+00 1.865509982734318450e+00 -3.448215157819075927e+01
3.400000000000000000e+02 -9.668788808289300318e-01 1.528378530518573530e+00 1.808534130931213069e+00 -3.560514540694182983e+01
3.500000000000000000e+02 -9.275446611006342712e-01 1.503458352752430338e+00 1.766557702651498918e+00 -3.672642080626631866e+01
3.600000000000000000e+02 -8.996667491214328516e-01 1.485923718605198562e+00 1.737057729895074232e+00 -3.784477944399912275e+01
3.700000000000000000e+02 -8.828496360597384296e-01 1.473339722823950648e+00 1.717601065073542710e+00 -3.895936039309498966e+01
3.800000000000000000e+02 -8.764511077996558486e-01 1.463588063802155448e+00 1.705947409760156130e+00 -4.006963954632942659e+01
3.900000000000000000e+02 -8.796486236192726516e-01 1.454856580585517589e+00 1.700114517057090824e+00 -4.117538737380907321e+01
4.000000000000000000e+02 -8.914965736606039748e-01 1.445621859524607089e+00 1.698407695926976047e+00 -4.227660440830376842e+01
4.100000000000000000e+02 -9.109745470172140314e-01 1.434625745228680360e+00 1.699419210844153261e+00 -4.337345200243049703e+01
4.200000000000000000e+02 -9.370253137094346485e-01 1.420850009346930509e+00 1.702007986935853534e+00 -4.446619142589339901e+01
4.300000000000000000e+02 -9.685841401033021825e-01 1.403492009684446318e+00 1.705269790299394073e+00 -4.555513639523663016e+01
4.400000000000000000e+02 -1.004599857692104914e+00 1.381939594878612176e+00 1.708501658754904451e+00 -4.664061903563619893e+01
4.500000000000000000e+02 -1.044048943836647370e+00 1.355747069535009119e+00 1.711165776211990508e+00 -4.772296767766903969e+01
4.600000000000000000e+02 -1.085945807492341819e+00 1.324613161078610046e+00 1.712856772562394436e+00 -4.880249300994714901e+01
4.700000000000000000e+02 -1.129349390577545797e+00 1.288360802757648749e+00 1.713272775736603970e+00 -4.987948035026554550e+01
4.800000000000000000e+02 -1.173366636960401443e+00 1.246919352489170629e+00 1.712190741811137951e+00 -5.095418625199905449e+01
4.900000000000000000e+02 -1.217154974933494449e+00 1.200309528328124875e+00 1.709447044163884266e+00 -5.202683739344433889e+01
5.000000000000000000e+02 -1.259922206071007356e+00 1.148631392146234553e+00 1.704921710922419731e+00 -5.309763185941874752e+01
5.100000000000000000e+02 -1.300923509883549656e+00 1.092055577886319906e+00 1.698525055381980176e+00 -5.416674251416011288e+01
5.200000000000000000e+02 -1.339458608357521729e+00 1.030817937394514994e+00 1.690187854517169130e+00 -5.523432111310980730e+01
5.300000000000000000e+02 -1.374870788957758272e+00 9.652159753779497864e-01 1.679854626285898433e+00 -5.630050194834337418e+01
5.400000000000000000e+02 -1.406546873044774548e+00 8.956057618288734146e-01 1.667478271730432393e+00 -5.736540496005034839e+01
5.500000000000000000e+02 -1.433917468280918817e+00 8.224001109358376471e-01 1.653015804010487422e+00 -5.842913902752793831e+01
5.600000000000000000e+02 -1.456458613518345047e+00 7.460684864321298626e-01 1.636425946793471420e+00 -5.949180553424360340e+01
5.700000000000000000e+02 -1.473696012127893917e+00 6.671384379842216772e-01 1.617669197208652099e+00 -6.055350221467736560e+01
5.800000000000000000e+02 -1.485212159676620347e+00 5.861979760125483052e-01 1.596710125956649406e+00 -6.161432753277252772e+01
5.900000000000000000e+02 -1.490655898900619558e+00 5.038962205253216808e-01 1.573520387534561804e+00 -6.267438483260427518e+01
6.000000000000000000e+02 -1.489752007378147391e+00 4.209397952979059276e-01 1.548079892884298925e+00 -6.373378553830330873e+01
6.100000000000000000e+02 -1.482311075415994051e+00 3.380870013144304798e-01 1.520377895379535049e+00 -6.479265239256731945e+01
6.200000000000000000e+02 -1.468241656022732045e+00 2.561403972936429629e-01 1.490416540302113013e+00 -6.585112303445072257e+01
6.300000000000000000e+02 -1.447563176433083187e+00 1.759352075433967821e-01 1.458215466595514931e+00 -6.690935303008728852e+01
6.400000000000000000e+02 -1.420417522341433259e+00 9.832392019370778113e-02 1.423816537007782657e+00 -6.796751894462799726e+01
6.500000000000000000e+02 -1.387078679749902399e+00 2.415992496414449270e-02 1.387289070738685348e+00 -6.902582343284957744e+01
6.600000000000000000e+02 -1.347960006537745059e+00 -4.572216420033441836e-02 1.348735220688034087e+00 -7.008450082017662908e+01
6.700000000000000000e+02 -1.303616718861060120e+00 -1.105323839019053955e-01 1.308294293186786916e+00 -7.114382064232843561e+01
6.800000000000000000e+02 -1.254742240390076313e+00 -1.695544609383810297e-01 1.266146439020073622e+00 -7.220409005368099997e+01
6.900000000000000000e+02 -1.202158887891077610e+00 -2.221746384972032307e-01 1.222516896295047228e+00 -7.326565635937197385e+01
7.000000000000000000e+02 -1.146802930931080322e+00 -2.679091064409353518e-01 1.177680878551611965e+00 -7.432890934856945364e+01
7.100000000000000000e+02 -1.089703418422019343e+00 -3.064288548276284940e-01 1.131968278350416579e+00 -7.539428261336078663e+01
7.200000000000000000e+02 -1.031954166050168098e+00 -3.375810905111883975e-01 1.085767191205840865e+00 -7.646225196011481273e+01
7.300000000000000000e+02 -9.746799015737273031e-01 -3.614060722406687298e-01 1.039526459299713101e+00 -7.753332866472027263e+01
7.400000000000000000e+02 -9.189972093876154213e-01 -3.781478427698333755e-01 9.937563392772411630e-01 -7.860804480964210939e+01
7.500000000000000000e+02 -8.659721464988217043e-01 -3.882546096200569230e-01 9.490255003965907266e-01 -7.968693025671643682e+01
7.600000000000000000e+02 -8.165786973694726392e-01 -3.923672208554185858e-01 9.059540854808424415e-01 -8.077047992772763507e+01
7.700000000000000000e+02 -7.716588353086888397e-01 -3.913007040516349178e-01 8.652014789060795685e-01 -8.185910360581949874e+01
7.800000000000000000e+02 -7.318852645129810819e-01 -3.860187194518881482e-01 8.274457638893994993e-01 -8.295305679471076132e+01
7.900000000000000000e+02 -6.977312522769100189e-01 -3.775983175373253675e-01 7.933532566334645653e-01 -8.405236080686201205e+01
8.000000000000000000e+02 -6.694498419063523720e-01 -3.671869992275920147e-01 7.635374144272196739e-01 -8.515672366066851851e+01
8.100000000000000000e+02 -6.470629492315932429e-01 -3.559549556961013606e-01 7.385082198275797483e-01 -8.626548068693828952e+01
8.200000000000000000e+02 -6.303613345463990880e-01 -3.450446403463620637e-01 7.186175727901925603e-01 -8.737758098590691702e+01
8.300000000000000000e+02 -6.189148636479642196e-01 -3.355214475938767538e-01 7.040101208362481433e-01 -8.849164000486548787e+01
8.400000000000000000e+02 -6.120946636843646038e-01 -3.283286548254467085e-01 6.945931059910994687e-01 -8.960606415107784528e+01
8.500000000000000000e+02 -6.091070598594057195e-01 -3.242488018278033568e-01 6.900352859508966930e-01 -9.071922785355683061e+01
8.600000000000000000e+02 -6.090345268788612820e-01 -3.238740472079613131e-01 6.897952256905111046e-01 -9.182965800954821134e+01
8.700000000000000000e+02 -6.108806372782511485e-01 -3.275880670207083623e-01 6.931732068219647047e-01 -9.293617778185043221e+01
8.800000000000000000e+02 -6.136173007279459579e-01 -3.355581064797346635e-01 6.993750314222801912e-01 -9.403798391428186676e+01
8.900000000000000000e+02 -6.162323325533896057e-01 -3.477360484834466359e-01 7.075751883009135934e-01 -9.513465632581748821e+01
9.000000000000000000e+02 -6.177746312067501355e-01 -3.638718717218293874e-01 7.169715712585705836e-01 -9.622611220422024303e+01
9.100000000000000000e+02 -6.173939198835467490e-01 -3.835388064657632712e-01 7.268268489635983931e-01 -9.731252926810331871e+01
9.200000000000000000e+02 -6.143721863350066759e-01 -4.061640628301906863e-01 7.364933328121736622e-01 -9.839426554000134217e+01
9.300000000000000000e+02 -6.081458179874704717e-01 -4.310630680834701134e-01 7.454238422543136844e-01 -9.947178953392852918e+01
9.400000000000000000e+02 -5.983186017840239623e-01 -4.574772234559836837e-01 7.531736580774619494e-01 -1.005456245560371542e+02
9.500000000000000000e+02 -5.846658594508247209e-01 -4.846134247698007935e-01 7.593973522962053080e-01 -1.016163075035300096e+02
9.600000000000000000e+02 -5.671305523054488429e-01 -5.116812228642160232e-01 7.638420891716448669e-01 -1.026843625137255032e+02
9.700000000000000000e+02 -5.458117547727412422e-01 -5.379245546322791727e-01 7.663375875711924134e-01 -1.037502868397867104e+02
9.800000000000000000e+02 -5.209465780182713779e-01 -5.626484475273675345e-01 7.667845933858503660e-01 -1.048145434287989701e+02
9.900000000000000000e+02 -4.928880057821042882e-01 -5.852409392748968431e-01 7.651441323353549429e-01 -1.058775574036414042e+02
1.000000000000000000e+03 -4.620803238634331733e-01 -6.051888425932770987e-01 7.614274495322096437e-01 -1.069397157509322653e+02
1.010000000000000000e+03 -4.290339191216202552e-01 -6.220875279838499194e-01 7.556871020666651173e-01 -1.080013691089930887e+02
1.020000000000000000e+03 -3.943008599887128374e-01 -6.356459378899717017e-01 7.480099775697248710e-01 -1.090628344206888443e+02
1.030000000000000000e+03 -3.584507593408957637e-01 -6.456857361747805335e-01 7.385099977465661159e-01 -1.101243975795093206e+02
1.040000000000000000e+03 -3.220485181488267346e-01 -6.521351071996639437e-01 7.273207312349706521e-01 -1.111863161746616129e+02
1.050000000000000000e+03 -2.856358754580373693e-01 -6.550193561207151571e-01 7.145895396949746292e-01 -1.122488226018309376e+02
1.060000000000000000e+03 -2.497169268455126101e-01 -6.544492250834204050e-01 7.004729343561081345e-01 -1.133121275259217526e+02
1.070000000000000000e+03 -2.147471048993006837e-01 -6.506076508911171619e-01 6.851325670705553650e-01 -1.143764231424353568e+02
1.080000000000000000e+03 -1.811249844507657192e-01 -6.437359255332770758e-01 6.687317861553128129e-01 -1.154418853626563219e+02
1.090000000000000000e+03 -1.491870424212444757e-01 -6.341197604025464729e-01 6.514327625775212516e-01 -1.165086753770521000e+02
1.100000000000000000e+03 -1.192057476957242984e-01 -6.220754806337136511e-01 6.333939642034509543e-01 -1.175769417066244387e+02
1.110000000000000000e+03 -9.139029595537485895e-02 -6.079371203719838856e-01 6.147680282195805423e-01 -1.186468222561905748e+02
1.120000000000000000e+03 -6.588902173200421319e-02 -5.920453254382629371e-01 5.957004537165463409e-01 -1.197184454409227072e+02
1.130000000000000000e+03 -4.279271164179321296e-02 -5.747382009366491795e-01 5.763290863608687697e-01 -1.207919298954999618e+02
1.140000000000000000e+03 -2.213875056761020407e-02 -5.563446385149160012e-01 5.567849504799742277e-01 -1.218673832660723946e+02
1.150000000000000000e+03 -3.918543812783435200e-03 -5.371786589350291408e-01 5.371929509969849414e-01 -1.229449055653775815e+02
1.160000000000000000e+03 1.191472133531317618e-02 -5.175320612122212838e-01 5.176691945316704846e-01 -1.240245928959493256e+02
1.170000000000000000e+03 2.544085844087248111e-02 -4.976699634099118752e-01 4.983198067091368921e-01 -1.251065355400810972e+02
1.180000000000000000e+03 3.676701113073882476e-02 -4.778293805901375757e-01 4.792418283733614337e-01 -1.261908164408207256e+02
1.190000000000000000e+03 4.602141593107860612e-02 -4.582187276790077313e-01 4.605240201336625039e-01 -1.272775112215901885e+02
1.200000000000000000e+03 5.334745854707070856e-02 -4.390181390954346341e-01 4.422475299967765783e-01 -1.283666884884407864e+02
1.210000000000000000e+03 5.889866996375269642e-02 -4.203802443205906236e-01 4.244862814491635605e-01 -1.294584090748750782e+02
1.220000000000000000e+03 6.283464724828725922e-02 -4.024309288181552868e-01 4.073068196878857350e-01 -1.305527238847411127e+02
1.230000000000000000e+03 6.531717849512136409e-02 -3.852707441926618848e-01 3.907683202836829683e-01 -1.316496720719458153e+02
1.240000000000000000e+03 6.650654080070610152e-02 -3.689772408598524511e-01 3.749230911024626911e-01 -1.327492801556180950e+02
1.250000000000000000e+03 6.655868950055990330e-02 -3.536076324381512981e-01 3.598171992367049654e-01 -1.338515603456652059e+02
1.260000000000000000e+03 6.562367796858756264e-02 -3.392013119272025423e-01 3.454909508558223208e-01 -1.349565066641449960e+02
1.270000000000000000e+03 6.384456545027085428e-02 -3.257821729614697182e-01 3.319791450634073660e-01 -1.360640903921762686e+02
1.280000000000000000e+03 6.135599294365371575e-02 -3.133609699143236060e-01 3.193112201845517695e-01 -1.371742574248988262e+02
1.290000000000000000e+03 5.828281551845591185e-02 -3.019376589236334452e-01 3.075113598894238520e-01 -1.382869269503371754e+02
1.300000000000000000e+03 5.473970918143494097e-02 -2.915031994025385487e-01 2.965982990901738781e-01 -1.394019884891643812e+02
1.310000000000000000e+03 5.083156794217737889e-02 -2.820411134888290983e-01 2.865851321989310030e-01 -1.405192977189478825e+02
1.320000000000000000e+03 4.665420221918530064e-02 -2.735290110578287859e-01 2.774792505305260781e-01 -1.416386727554531433e+02
1.330000000000000000e+03 4.229523610183647669e-02 -2.659400405410564106e-01 2.692823651112133954e-01 -1.427598914504981735e+02
1.340000000000000000e+03 3.783484791242840845e-02 -2.592441360830983199e-01 2.619904536620152880e-01 -1.438826912120553629e+02
1.350000000000000000e+03 3.334632746082094590e-02 -2.534088768791212254e-01 2.555934984233009244e-01 -1.450067717762638608e+02
1.360000000000000000e+03 2.889694697983964666e-02 -2.484001972345239173e-01 2.500753717000257503e-01 -1.461317993586976911e+02
1.370000000000000000e+03 2.454916455434407591e-02 -2.441831285213581226e-01 2.454140618114503403e-01 -1.472574118257393252e+02
1.380000000000000000e+03 2.036178637018257534e-02 -2.407222017038403161e-01 2.415818303128969280e-01 -1.483832256496114326e+02
1.390000000000000000e+03 1.639089245302672790e-02 -2.379812145927643341e-01 2.385450059306503945e-01 -1.495088448860441304e+02
1.400000000000000000e+03 1.269031621557651507e-02 -2.359226644843070708e-01 2.362637249833885178e-01 -1.506338726552130822e+02
1.410000000000000000e+03 9.311861978759527689e-03 -2.345071251082820885e-01 2.346919310501810463e-01 -1.517579236435456664e+02
1.420000000000000000e+03 6.305721970925103580e-03 -2.336928047690771948e-01 2.337778627894707972e-01 -1.528806346123220976e+02
1.430000000000000000e+03 3.720874572553871818e-03 -2.334351068783628858e-01 2.334647597195289304e-01 -1.540016727164768895e+02
1.440000000000000000e+03 1.604907606315919381e-03 -2.336861626087894384e-01 2.336916736284080642e-01 -1.551207433370941828e+02
1.450000000000000000e+03 3.470448627047051145e-06 -2.343942675333841874e-01 2.343942675590759694e-01 -1.562375962135849932e+02
1.460000000000000000e+03 -1.040239780284728200e-03 -2.355033096170879303e-01 2.355056070232776078e-01 -1.573520280828692819e+02
1.470000000000000000e+03 -1.486041842940404771e-03 -2.369523626214184997e-01 2.369570224159460725e-01 -1.584638824167190876e+02
1.480000000000000000e+03 -1.297502221965927049e-03 -2.386755064538477189e-01 2.386790332078138621e-01 -1.595730472265382787e+02
1.490000000000000000e+03 -4.429451752390456951e-04 -2.406018029378436951e-01 2.406022106660062332e-01 -1.606794520061308731e+02
1.500000000000000000e+03 1.103327118416101010e-03 -2.426553655457455161e-01 2.426578738859911932e-01 -1.617830641615124136e+02
1.510000000000000000e+03 3.359692337317737604e-03 -2.447557023157297118e-01 2.447787600031251232e-01 -1.628838851643432690e+02
1.520000000000000000e+03 6.335881963907572488e-03 -2.468183464731174281e-01 2.468996548316429174e-01 -1.639819464330637402e+02
1.530000000000000000e+03 1.003186968022764212e-02 -2.487558895125838165e-01 2.489580908034078610e-01 -1.650773046915147688e+02
1.540000000000000000e+03 1.443697647748338510e-02 -2.504793209704131995e-01 2.508950308866452761e-01 -1.661700373191952735e+02
1.550000000000000000e+03 1.952909142079553573e-02 -2.518995082195306101e-01 2.526553930810960247e-01 -1.672602384767824617e+02
1.560000000000000000e+03 2.527408183066276459e-02 -2.529288778486643019e-01 2.541885057632771727e-01 -1.683480159842367243e+02
1.570000000000000000e+03 3.162566309373496254e-02 -2.534832066853071608e-01 2.554484657178127671e-01 -1.694334880735957825e+02
1.580000000000000000e+03 3.852563414197353320e-02 -2.534834025926129275e-01 2.563943444695492291e-01 -1.705167804766204540e+02
1.590000000000000000e+03 4.590427137894070170e-02 -2.528573953939767804e-01 2.569903977510781257e-01 -1.715980247462397585e+02
1.600000000000000000e+03 5.368100649863584428e-02 -2.515420739499033553e-01 2.572062701913101490e-01 -1.726773573386022065e+02
1.610000000000000000e+03 6.176569721631325338e-02 -2.494851254553547004e-01 2.570171768113784228e-01 -1.737549182092779461e+02
1.620000000000000000e+03 7.006035674918804912e-02 -2.466467294391580800e-01 2.564041004564021065e-01 -1.748308493900874794e+02
1.630000000000000000e+03 7.846119551972102757e-02 -2.430008409110423484e-01 2.553538092252739533e-01 -1.759052937415796691e+02
1.640000000000000000e+03 8.686090268237900425e-02 -2.385359992319707190e-01 2.538586995641324284e-01 -1.769783937753898897e+02
1.650000000000000000e+03 9.515087488168091912e-02 -2.332556890975187591e-01 2.519164652957555650e-01 -1.780502912943352385e+02
1.660000000000000000e+03 1.032235176295608486e-01 -2.271784248351386981e-01 2.495298204672039277e-01 -1.791211272806209820e+02
1.670000000000000000e+03 1.109745917234969126e-01 -2.203375306473935313e-01 2.467062776258194812e-01 -1.801910419038111968e+02
1.680000000000000000e+03 1.183055151183516340e-01 -2.127804147636556953e-01 2.434577988367016277e-01 -1.812601743764377318e+02
1.690000000000000000e+03 1.251256239645251456e-01 -2.045675266672777048e-01 2.398005311488678182e-01 -1.823286626057833359e+02
1.700000000000000000e+03 1.313542378315793735e-01 -1.957710577403394547e-01 2.357546242284261906e-01 -1.833966430908558891e+02
1.710000000000000000e+03 1.369223965413216837e-01 -1.864732840344117959e-01 2.313439610908340771e-01 -1.844642510590477684e+02
1.720000000000000000e+03 1.417742536927250052e-01 -1.767645692661284074e-01 2.265957898063621634e-01 -1.855316205318419804e+02
1.730000000000000000e+03 1.458680920765698108e-01 -1.667409920633028397e-01 2.215401966242538656e-01 -1.865988838681289508e+02
1.740000000000000000e+03 1.491768407253895312e-01 -1.565017613598414514e-01 2.162094612119020987e-01 -1.876661710889397909e+02
1.750000000000000000e+03 1.516883420327230780e-01 -1.461468757051213319e-01 2.106377515712807014e-01 -1.887336091898647510e+02
1.760000000000000000e+03 1.534053128179146130e-01 -1.357750296559293024e-01 2.048610472462510934e-01 -1.898013218279592991e+02
1.770000000000000000e+03 1.543447028948319588e-01 -1.254814422723213585e-01 1.989167656745802482e-01 -1.908694292252694993e+02
1.780000000000000000e+03 1.545364772806246678e-01 -1.153555248269719780e-01 1.928429929201763149e-01 -1.919380472883771915e+02
1.790000000000000000e+03 1.540222385084836776e-01 -1.054788005567406650e-01 1.866778704668898559e-01 -1.930072856271158912e+02
1.800000000000000000e+03 1.528533623044543988e-01 -9.592320755490407747e-02 1.804588931457743461e-01 -1.940772459905238634e+02
1.810000000000000000e+03 1.510892235936289185e-01 -8.674970444907131872e-02 1.742224575309590240e-01 -1.951480190332944460e+02
1.820000000000000000e+03 1.487950539432445762e-01 -7.800744688359517731e-02 1.680033626070323305e-01 -1.962196822107254377e+02
1.830000000000000000e+03 1.460395528641301455e-01 -6.973335212385048387e-02 1.618341478155459756e-01 -1.972922978479450933e+02
1.840000000000000000e+03 1.428925141268610755e-01 -6.195211756902709727e-02 1.557444556470044816e-01 -1.983659112127669459e+02
1.850000000000000000e+03 1.394226165123124694e-01 -5.467684287872165427e-02 1.497605526910333051e-01 -1.994405496375829898e+02
1.860000000000000000e+03 1.356954142152665133e-01 -4.791007263062860982e-02 1.439049008843161781e-01 -2.005162224641358932e+02
1.870000000000000000e+03 1.317716514972283870e-01 -4.164512460666571630e-02 1.381958195525889443e-01 -2.015929214382807118e+02
1.880000000000000000e+03 1.277060473393347440e-01 -3.586771081635681258e-02 1.326473791910047773e-01 -2.026706220770798836e+02
1.890000000000000000e+03 1.235465951236054127e-01 -3.055767378539092638e-02 1.272695273575353836e-01 -2.037492856625052013e+02
1.900000000000000000e+03 1.193342672205409405e-01 -2.569065583457350033e-02 1.220683297594997718e-01 -2.048288614678331498e+02
1.910000000000000000e+03 1.151031064829667466e-01 -2.123974181604086978e-02 1.170463658318414285e-01 -2.059092900047391765e+02
1.920000000000000000e+03 1.108806961192461693e-01 -1.717698710840011647e-02 1.122032871978836249e-01 -2.069905071411900792e+02
1.930000000000000000e+03 1.066888428320102444e-01 -1.347467655943679343e-02 1.075363942728917166e-01 -2.080724483352137781e+02
1.940000000000000000e+03 1.025443896169319635e-01 -1.010628918668986936e-02 1.030412001241937658e-01 -2.091550527079940878e+02
1.950000000000000000e+03 9.846016294509958577e-02 -7.047096834001255299e-03 9.871203199693212582e-02 -2.102382659282709199e+02
1.960000000000000000e+03 9.444589823444858590e-02 -4.274331325626925734e-03 9.454257031408155876e-02 -2.113220407616361172e+02
1.970000000000000000e+03 9.050900301570238837e-02 -1.767061043263799553e-03 9.052625106358400120e-02 -2.124063358069462311e+02
1.980000000000000000e+03 8.665517378321049846e-02 4.939777694759162974e-04 8.665658173177123724e-02 -2.134911142551281387e+02
1.990000000000000000e+03 8.288882009814677043e-02 2.526470927337329600e-03 8.292731487640016275e-02 -2.145763438891757175e+02
2.000000000000000000e+03 7.921329257151719927e-02 4.346617196968861896e-03 7.933245742492645025e-02 -2.156619973457980279e+02
2.010000000000000000e+03 7.563104006199772300e-02 5.969384328566759192e-03 7.586624921611483108e-02 -2.167480502746720958e+02
2.020000000000000000e+03 7.214369416237856325e-02 7.408848386423442720e-03 7.252312487619258508e-02 -2.178344777322825223e+02
2.030000000000000000e+03 6.875207242136124886e-02 8.678419801425869828e-03 6.929763655769136110e-02 -2.189212510143545387e+02
2.040000000000000000e+03 6.545620187297274128e-02 9.790890154966364403e-03 6.618440823684969276e-02 -2.200083362534987259e+02
2.050000000000000000e+03 6.225536427602498812e-02 1.075834438944866037e-02 6.317810028120939003e-02 -2.210956948175528680e+02
2.060000000000000000e+03 5.914811911334180022e-02 1.159208641688929189e-02 6.027334785908858988e-02 -2.221832836133402509e+02
2.070000000000000000e+03 5.613231926152759121e-02 1.230259925770190929e-02 5.746469537179910159e-02 -2.232710548679040130e+02
2.080000000000000000e+03 5.320518711724599170e-02 1.289946029514333660e-02 5.474657991223870479e-02 -2.243589568753536696e+02
2.090000000000000000e+03 5.036345940735813959e-02 1.339120734849132306e-02 5.211336179644236732e-02 -2.254469363000769135e+02
2.100000000000000000e+03 4.760354320650855842e-02 1.378521239498149351e-02 4.955935236248228820e-02 -2.265349412757242362e+02
2.110000000000000000e+03 4.492170044910675369e-02 1.408759626213808118e-02 4.707886510616292319e-02 -2.276229249428367893e+02
2.120000000000000000e+03 4.231426366169908915e-02 1.430318417012102147e-02 4.466629586876651181e-02 -2.287108496089587959e+02
2.130000000000000000e+03 3.977783130476642004e-02 1.443546579158222487e-02 4.231617345567054156e-02 -2.297986921906674809e+02
2.140000000000000000e+03 3.730947252724942792e-02 1.448652880808188291e-02 4.002319648864850754e-02 -2.308864522548357172e+02
2.150000000000000000e+03 3.490699870656616133e-02 1.445700243332371203e-02 3.778231700223451395e-02 -2.319741632902775166e+02
2.160000000000000000e+03 3.256928042551136132e-02 1.434612158891658724e-02 3.558889197600251242e-02 -2.330619056174173522e+02
2.170000000000000000e+03 3.029654462729173409e-02 1.415195174409968233e-02 3.343887489914703498e-02 -2.341498199459930731e+02
2.180000000000000000e+03 2.809064503142256683e-02 1.387170723467655124e-02 3.132903764698116017e-02 -2.352381237271016516e+02
2.190000000000000000e+03 2.595527258220695424e-02 1.350215651460116156e-02 2.925721116855553236e-02 -2.363271311993748043e+02
2.200000000000000000e+03 2.389602999942239125e-02 1.304009382128330959e-02 2.722249614934614884e-02 -2.374172778432377982e+02
2.210000000000000000e+03 2.192039009281412237e-02 1.248281620351281151e-02 2.522546733346729339e-02 -2.385091527738582329e+02
2.220000000000000000e+03 2.003757294238975653e-02 1.182857565126674282e-02 2.326842348246504003e-02 -2.396035434079116442e+02
2.230000000000000000e+03 1.825830292500526739e-02 1.107700107206014556e-02 2.135569194504541302e-02 -2.407014957437260705e+02
2.240000000000000000e+03 1.659441748436386171e-02 1.022950234085144572e-02 1.949403523611379502e-02 -2.418043928469070352e+02
2.250000000000000000e+03 1.505837724136501604e-02 9.289652839064365536e-03 1.769328615643788599e-02 -2.429140545816790961e+02
2.260000000000000000e+03 1.366273577589587583e-02 8.263481219229920280e-03 1.596732509666258168e-02 -2.440328593942669784e+02
2.270000000000000000e+03 1.241959945836097062e-02 7.159626068387644170e-03 1.433550473981492004e-02 -2.451638703534069066e+02
2.280000000000000000e+03 1.134010802184044070e-02 5.989350327049535079e-03 1.282460008293195494e-02 -2.463108965323693269e+02
2.290000000000000000e+03 1.043392930444998236e-02 4.766374252391718941e-03 1.147105942117478648e-02 -2.474783079762057127e+02
2.300000000000000000e+03 9.708782927851813613e-03 3.506534684586209722e-03 1.032260875139385213e-02 -2.486702224987929242e+02
2.310000000000000000e+03 9.170031635139281809e-03 2.227361455404222330e-03 9.436663565184234131e-03 -2.498885335044121803e+02
2.320000000000000000e+03 8.820382582136659932e-03 9.476755088364778720e-04 8.871146361395930435e-03 -2.511297837341745378e+02
2.330000000000000000e+03 8.659678816428343848e-03 -3.127754856470100196e-04 8.665325481949280595e-03 -2.523829176000836014e+02
2.340000000000000000e+03 8.684734820753103879e-03 -1.533728654479502105e-03 8.819123680523646008e-03 -2.536316128932236325e+02
2.350000000000000000e+03 8.889253754394654122e-03 -2.694914736611498871e-03 9.288778054600361697e-03 -2.548611730463869378e+02
2.360000000000000000e+03 9.263891922274832685e-03 -3.776608705994209149e-03 1.000412249354135780e-02 -2.560639154059768430e+02
2.370000000000000000e+03 9.796448553453900032e-03 -4.760154044742469226e-03 1.089171569543325412e-02 -2.572391237377813695e+02
2.380000000000000000e+03 1.047212578022064904e-02 -5.628432419330175671e-03 1.188884644764700779e-02 -2.583899855162489416e+02
2.390000000000000000e+03 1.127385366633760697e-02 -6.366259387635505272e-03 1.294716320591700505e-02 -2.595208680296850616e+02
2.400000000000000000e+03 1.218268048919780161e-02 -6.960691557243703191e-03 1.403099892584147232e-02 -2.606359088182359756e+02
2.410000000000000000e+03 1.317819628001054046e-02 -7.401251353492979863e-03 1.511434347869815113e-02 -2.617385419198498653e+02
2.420000000000000000e+03 1.423896335880333978e-02 -7.680078718220617433e-03 1.617812370614742437e-02 -2.628314605531297161e+02
2.430000000000000000e+03 1.534294113925173397e-02 -7.792015111937681572e-03 1.720817661192517237e-02 -2.639167278710473283e+02
2.440000000000000000e+03 1.646789577552091113e-02 -7.734609598460459069e-03 1.819383898230431465e-02 -2.649959118695585971e+02
2.450000000000000000e+03 1.759178747375092153e-02 -7.508057694705161725e-03 1.912699445466122319e-02 -2.660702033324333229e+02
2.460000000000000000e+03 1.869311870794829189e-02 -7.115114814280402294e-03 2.000143859450711700e-02 -2.671405099001564736e+02
2.470000000000000000e+03 1.975123845025525057e-02 -6.560995465878636038e-03 2.081245016383514307e-02 -2.682075282141996126e+02
2.480000000000000000e+03 2.074661177901762632e-02 -5.853252271327562609e-03 2.155649467007737449e-02 -2.692717979272555908e+02
2.490000000000000000e+03 2.166106966464380335e-02 -5.001624783165538150e-03 2.223101863361478386e-02 -2.703337413673846186e+02
2.500000000000000000e+03 2.247804863165568656e-02 -4.017841533113709722e-03 2.283431016852253276e-02 -2.713936918692112386e+02
2.510000000000000000e+03 2.318279851738495878e-02 -2.915400767681805994e-03 2.336539553985478648e-02 -2.724519150384984414e+02
2.520000000000000000e+03 2.376255485068730702e-02 -1.709378842790525198e-03 2.382395829957949587e-02 -2.735086268120011255e+02
2.530000000000000000e+03 2.420668553030777548e-02 -4.162556560691630585e-04 2.421026421033899839e-02 -2.745640088945648927e+02
2.540000000000000000e+03 2.450680926595439485e-02 9.462979319005284480e-04 2.452507248050018324e-02 -2.756182201933534657e+02
2.550000000000000000e+03 2.465687706896087933e-02 2.359690085536230233e-03 2.476953217349142297e-02 -2.766714041705724298e+02
2.560000000000000000e+03 2.465322919547063146e-02 3.804704943875710128e-03 2.494508948619663519e-02 -2.777236938459465705e+02
2.570000000000000000e+03 2.449465389356392242e-02 5.261791192771690141e-03 2.505343321626431197e-02 -2.787752164538629813e+02
2.580000000000000000e+03 2.418244227839039251e-02 6.711315507767009678e-03 2.509645931984185244e-02 -2.798260993332369253e+02
2.590000000000000000e+03 2.372043117090845421e-02 8.133789600786671056e-03 2.507623153912227898e-02 -2.808764769616749390e+02
2.600000000000000000e+03 2.311501866732857888e-02 9.510117134437261893e-03 2.499492780348976789e-02 -2.819264973810255697e+02
2.610000000000000000e+03 2.237514814726527038e-02 1.082189632289286968e-02 2.485479218652834887e-02 -2.829763267820140413e+02
2.620000000000000000e+03 2.151230257494452999e-02 1.205178628788764091e-02 2.465815716562942336e-02 -2.840261531005527331e+02
2.630000000000000000e+03 2.054051775958625273e-02 1.318392425335595738e-02 2.440755474335980571e-02 -2.850761904186621223e+02
2.640000000000000000e+03 1.947635580246860273e-02 1.420436842815054300e-02 2.410586065227691283e-02 -2.861266849524491249e+02
2.650000000000000000e+03 1.833878028303199612e-02 1.510154583354772310e-02 2.375642121263355985e-02 -2.871779221192071532e+02
2.660000000000000000e+03 1.714889152514541271e-02 1.586670250159973039e-02 2.336314894904955447e-02 -2.882302328837718619e+02
2.670000000000000000e+03 1.592949956911165685e-02 1.649435805346366815e-02 2.293060845503647194e-02 -2.892839972156068598e+02
2.680000000000000000e+03 1.470455635122026698e-02 1.698272166773633421e-02 2.246412279012945101e-02 -2.903396447534229310e+02
2.690000000000000000e+03 1.349846871069478038e-02 1.733402649313294658e-02 2.196991424649265279e-02 -2.913976524952552154e+02
2.700000000000000000e+03 1.233531425857306400e-02 1.755473871420262441e-02 2.145527508986264098e-02 -2.924585388351706570e+02
2.710000000000000000e+03 1.123802377846024048e-02 1.765556372246056271e-02 2.092873882495319485e-02 -2.935228550146123325e+02
2.720000000000000000e+03 1.022758825675456999e-02 1.765122342869693967e-02 2.040022671637459206e-02 -2.945911729845414015e+02
2.730000000000000000e+03 9.322290208741854101e-03 1.756005344803976756e-02 1.988116122951618520e-02 -2.956640641136593786e+02
2.740000000000000000e+03 8.536967972941983396e-03 1.740345569128607869e-02 1.938453229174217154e-02 -2.967420636698779504e+02
2.750000000000000000e+03 7.882382660747611416e-03 1.720521191645219342e-02 1.892488503268865627e-02 -2.978256202323876209e+02
2.760000000000000000e+03 7.364769393055544885e-03 1.699066346112017636e-02 1.851816602857669566e-02 -2.989150326538572244e+02
2.770000000000000000e+03 6.985601916493234739e-03 1.678580883461578896e-02 1.818136442536641417e-02 -3.000103786930659453e+02
2.780000000000000000e+03 6.741544542793642854e-03 1.661641008902795674e-02 1.793191309005318784e-02 -3.011114426535719417e+02
2.790000000000000000e+03 6.624547015370848418e-03 1.650714906627918574e-02 1.778680953558621144e-02 -3.022176568314588962e+02
2.800000000000000000e+03 6.622060188821761104e-03 1.648081655283506822e-02 1.776144688342085748e-02 -3.033280790610846225e+02
2.810000000000000000e+03 6.717377967872866125e-03 1.655754044335594824e-02 1.786827670192712644e-02 -3.044414280181176764e+02
2.820000000000000000e+03 6.890147688082045446e-03 1.675409391427393549e-02 1.811556783686046543e-02 -3.055561865974831903e+02
2.830000000000000000e+03 7.117073190083745421e-03 1.708333105181783843e-02 1.850656452772940844e-02 -3.066707605343712544e+02
2.840000000000000000e+03 7.372730332337043384e-03 1.755377184554458500e-02 1.903922421105430640e-02 -3.077836534352694002e+02
2.850000000000000000e+03 7.630407948992637586e-03 1.816932700552100627e-02 1.970653620760393770e-02 -3.088936131681558095e+02
2.860000000000000000e+03 7.862977000538839967e-03 1.892915668918002808e-02 2.049730178034493699e-02 -3.099997209390854209e+02
2.870000000000000000e+03 8.043792633091602709e-03 1.982770125941625203e-02 2.139720395651814253e-02 -3.111014156159028516e+02
2.880000000000000000e+03 8.147575628578374030e-03 2.085490899146242791e-02 2.238995796480164682e-02 -3.121984636895062408e+02
2.890000000000000000e+03 8.151233904952924145e-03 2.199664294927112726e-02 2.345836556989794319e-02 -3.132908970742768702e+02
2.900000000000000000e+03 8.034615173330166352e-03 2.323524159877905781e-02 2.458518849098253675e-02 -3.143789415983266622e+02
2.910000000000000000e+03 7.781163861167929297e-03 2.455019972951799634e-02 2.575381171387201157e-02 -3.154629513629411122e+02
2.920000000000000000e+03 7.378433042078455517e-03 2.591894073804396417e-02 2.694870614962191838e-02 -3.165433554344223808e+02
2.930000000000000000e+03 6.818383065743993492e-03 2.731765355650381602e-02 2.815571955152966835e-02 -3.176206169647842898e+02
2.940000000000000000e+03 6.097436894436471418e-03 2.872216420749077251e-02 2.936224537469331666e-02 -3.186952031118423747e+02
2.950000000000000000e+03 5.216329469635149797e-03 3.010879312637500249e-02 3.055731527249458401e-02 -3.197675649199088639e+02
2.960000000000000000e+03 4.179819237451982972e-03 3.145515051109671473e-02 3.173164638863734677e-02 -3.208381262951165240e+02
2.970000000000000000e+03 2.996291901637777779e-03 3.274081494802189712e-02 3.287763264927136275e-02 -3.219072796542906190e+02
2.980000000000000000e+03 1.677259452010309562e-03 3.394784156958576687e-02 3.398925045515204663e-02 -3.229753851773883753e+02
2.990000000000000000e+03 2.367597716663705741e-04 3.506112356829722138e-02 3.506192295155652339e-02 -3.240427710353334305e+02
3.000000000000000000e+03 -1.309336507107586528e-03 3.606865150682151550e-02 3.609240894716481129e-02 -3.251097330665253367e+02
3.010000000000000000e+03 -2.944067961256611500e-03 3.696163089873422125e-02 3.707869597025712644e-02 -3.261765341731478998e+02
3.020000000000000000e+03 -4.650082996047968757e-03 3.773440644426844653e-02 3.801984615396782757e-02 -3.272434046368043141e+02
3.030000000000000000e+03 -6.410248687739504569e-03 3.838424553719176069e-02 3.891582703345891625e-02 -3.283105433622229157e+02
3.040000000000000000e+03 -8.208179775929493743e-03 3.891105131485254887e-02 3.976737519199709942e-02 -3.293781190917226240e+02
3.050000000000000000e+03 -1.002868288827451007e-02 3.931700794538552091e-02 4.057587453464284871e-02 -3.304462714229986773e+02
3.060000000000000000e+03 -1.185808687512136111e-02 3.960615713092671686e-02 4.134322081088485923e-02 -3.315151120416430217e+02
3.070000000000000000e+03 -1.368445551693204740e-02 3.978394331122634547e-02 4.207168249768201973e-02 -3.325847261688279559e+02
3.080000000000000000e+03 -1.549772865629506918e-02 3.985677154933253002e-02 4.276379113034568802e-02 -3.336551734324064569e+02
3.090000000000000000e+03 -1.728981834411387128e-02 3.983158465249843350e-02 4.342226334844379726e-02 -3.347264879123817423e+02
3.100000000000000000e+03 -1.905461126592672416e-02 3.971542230532674328e-02 4.404989193387455482e-02 -3.357986783160879440e+02
3.110000000000000000e+03 -2.078785864853088111e-02 3.951497177988771980e-02 4.464939038728998194e-02 -3.368717286193478344e+02
3.120000000000000000e+03 -2.248697191229897044e-02 3.923619080919086427e-02 4.522325259199913572e-02 -3.379455995190806448e+02
3.130000000000000000e+03 -2.415073841358052892e-02 3.888401672266223602e-02 4.577362693090280404e-02 -3.390202307702047619e+02
3.140000000000000000e+03 -2.577898606792169284e-02 3.846212965562691849e-02 4.630217641036279280e-02 -3.400955436930465794e+02
3.150000000000000000e+03 -2.737221374338311142e-02 3.797279411031999341e-02 4.680994742315146284e-02 -3.411714439686265905e+02
3.160000000000000000e+03 -2.893118397670140646e-02 3.741680728296895714e-02 4.729726074039154043e-02 -3.422478253321750685e+02
3.170000000000000000e+03 -3.045648517118323961e-02 3.679354911884174378e-02 4.776361319815665418e-02 -3.433245741544510565e+02
3.180000000000000000e+03 -3.194810517972639097e-02 3.610114686589813854e-02 4.820761588803171294e-02 -3.444015745384999718e+02
3.190000000000000000e+03 -3.340505382129828338e-02 3.533675725512689519e-02 4.862698874196919041e-02 -3.454787136610743801e+02
3.200000000000000000e+03 -3.482506100862223231e-02 3.449695477251843445e-02 4.901861649242502533e-02 -3.465558871638904748e+02
3.210000000000000000e+03 -3.620438985268015220e-02 3.357819743898499826e-02 4.937867138609855489e-02 -3.476330040331491773e+02
3.220000000000000000e+03 -3.753778231456034176e-02 3.257731985725827173e-02 4.970278533621062117e-02 -3.487099904661179153e+02
3.230000000000000000e+03 -3.881853543248044852e-02 3.149201201586659948e-02 4.998625324957078897e-02 -3.497867925740622468e+02
3.240000000000000000e+03 -4.003870921254078230e-02 3.032124678246992527e-02 5.022425949528615263e-02 -3.508633777262081708e+02
3.250000000000000000e+03 -4.118948233321784169e-02 2.906562372188973079e-02 5.041214077204957816e-02 -3.519397341966668478e+02
3.260000000000000000e+03 -4.226162852266860531e-02 2.772759375510667340e-02 5.054566945680180612e-02 -3.530158692264689080e+02
3.270000000000000000e+03 -4.324601692870537473e-02 2.631153951301867799e-02 5.062129089368439666e-02 -3.540918063136349474e+02
3.280000000000000000e+03 -4.413409227979639415e-02 2.482371023463009196e-02 5.063629815828229325e-02 -3.551675819513707211e+02
3.290000000000000000e+03 -4.491834125830237306e-02 2.327201748864724321e-02 5.058897290308642103e-02 -3.562432415028124524e+02
3.300000000000000000e+03 -4.559269629575625482e-02 2.166572608221404433e-02 5.047868502830275134e-02 -3.573188349192664077e+02
3.310000000000000000e+03 -4.615281617665854125e-02 2.001508662442507552e-02 5.030592543249427090e-02 -3.583944131816037384e+02
3.320000000000000000e+03 -4.659624439251097705e-02 1.833091018643769401e-02 5.007227036743846366e-02 -3.594700248715272437e+02
3.330000000000000000e+03 -4.692246383575519875e-02 1.662409403519253190e-02 4.978029846142626585e-02 -3.605457123173712262e+02
3.340000000000000000e+03 -4.713281459151057867e-02 1.490515470934403348e-02 4.943344867827039607e-02 -3.616215080887790236e+02
3.350000000000000000e+03 -4.723025739548045165e-02 1.318383704711792101e-02 4.903581112746372567e-02 -3.626974327526658044e+02
3.360000000000000000e+03 -4.721904882697560563e-02 1.146881214652950218e-02 4.859189463456522334e-02 -3.637734933723065751e+02
3.370000000000000000e+03 -4.710440799792921934e-02 9.767438420641951641e-03 4.810642479062864768e-02 -3.648496817230428064e+02
3.380000000000000000e+03 -4.689217922067813460e-02 8.085599625001816532e-03 4.758417166831873518e-02 -3.659259725995621011e+02
3.390000000000000000e+03 -4.658847024486220678e-02 6.427653881527491814e-03 4.702978092844072033e-02 -3.670023231368515439e+02
3.400000000000000000e+03 -4.619928315321270712e-02 4.796501229559543139e-03 4.644760691269131381e-02 -3.680786733846769039e+02
3.410000000000000000e+03 -4.573017586586072131e-02 3.193766236416690271e-03 4.584156550005055730e-02 -3.691549481828382113e+02
3.420000000000000000e+03 -4.518598941940673436e-02 1.620052632210276615e-03 4.521502195445523120e-02 -3.702310596745153362e+02
3.430000000000000000e+03 -4.457066363654749869e-02 7.520429128731872192e-05 4.457072708278030093e-02 -3.713069093423529807e+02
3.440000000000000000e+03 -4.388715401512319203e-02 -1.441416502285507075e-03 4.391081836040185843e-02 -3.723823901415979094e+02
3.450000000000000000e+03 -4.313741941151963410e-02 -2.930601918620163570e-03 4.323685211819624369e-02 -3.734573898459508428e+02
3.460000000000000000e+03 -4.232245505426711352e-02 -4.392970923178301547e-03 4.254983425763665672e-02 -3.745317947788055335e+02
3.470000000000000000e+03 -4.144238930388734893e-02 -5.828688563540051701e-03 4.185027170265085555e-02 -3.756054929915777052e+02
3.480000000000000000e+03 -4.049664617667153577e-02 -7.237229366234707896e-03 4.113825276379656087e-02 -3.766783771328862827e+02
3.490000000000000000e+03 -3.948416591034838163e-02 -8.617168464480391352e-03 4.041354908915019417e-02 -3.777503476179288668e+02
3.500000000000000000e+03 -3.840368347723438491e-02 -9.966002577613819469e-03 3.967573706935525329e-02 -3.788213163589473425e+02
3.510000000000000000e+03 -3.725403516485897848e-02 -1.128002734948911102e-02 3.892431313549118282e-02 -3.798912105800697532e+02
3.520000000000000000e+03 -3.603445993379130602e-02 -1.255429488458829033e-02 3.815878172543262642e-02 -3.809599760659695562e+02
3.530000000000000000e+03 -3.474492359851676787e-02 -1.378266812022718377e-02 3.737875942803738777e-02 -3.820275797147321555e+02
3.540000000000000000e+03 -3.338646176449536207e-02 -1.495798066314697229e-02 3.658410877240539372e-02 -3.830940114603732241e+02
3.550000000000000000e+03 -3.196148536846674104e-02 -1.607228576039579707e-02 3.577505997930031933e-02 -3.841592857216155608e+02
3.560000000000000000e+03 -3.047402618626061585e-02 -1.711717146317806582e-02 3.495230794812748121e-02 -3.852234427230040410e+02
3.570000000000000000e+03 -2.892988253917487887e-02 -1.808411975455265566e-02 3.411705572037917328e-02 -3.862865495698279688e+02
3.580000000000000000e+03 -2.733664492139521729e-02 -1.896489918281038869e-02 3.327100173683691930e-02 -3.873487005204096363e+02
3.590000000000000000e+03 -2.570364202771373632e-02 -1.975197509201093507e-02 3.241631893852650603e-02 -3.884100168402911208e+02
3.600000000000000000e+03 -2.404182246398017114e-02 -2.043890439958228125e-02 3.155563405233375446e-02 -3.894706469581103079e+02
3.610000000000000000e+03 -2.236354260814470488e-02 -2.102069510204537112e-02 3.069198039487608387e-02 -3.905307664251017741e+02
3.620000000000000000e+03 -2.068224821527024290e-02 -2.149412808706063077e-02 2.982872664833378235e-02 -3.915905766174158202e+02
3.630000000000000000e+03 -1.901207706524104396e-02 -2.185799693830654464e-02 2.896948574776022495e-02 -3.926503027528488019e+02
3.640000000000000000e+03 -1.736741155935993958e-02 -2.211320341170710385e-02 2.811797911301101849e-02 -3.937101922523513622e+02
3.650000000000000000e+03 -1.576242566040146967e-02 -2.226273503849389782e-02 2.727789277224079711e-02 -3.947705128944410262e+02
3.660000000000000000e+03 -1.421069068188091783e-02 -2.231158608543682212e-02 2.645279953622971594e-02 -3.958315506794301655e+02
3.670000000000000000e+03 -1.272483062996549764e-02 -2.226662121313936760e-02 2.564612514222638223e-02 -3.968936072752998143e+02
3.680000000000000000e+03 -1.131618116160142476e-02 -2.213635792484064391e-02 2.486110010154092206e-02 -3.979569958088850399e+02
3.690000000000000000e+03 -9.994487726110907327e-03 -2.193068956516258661e-02 2.410072467190380388e-02 -3.990220350298341714e+02
3.700000000000000000e+03 -8.767677419461241545e-03 -2.166060963686099183e-02 2.336780214680460321e-02 -4.000890418438002598e+02
3.710000000000000000e+03 -7.641674195712724015e-03 -2.133793574131949075e-02 2.266501017458632042e-02 -4.011583215007220815e+02
3.720000000000000000e+03 -6.620252974527960146e-03 -2.097498625406884684e-02 2.199494937036963055e-02 -4.022301560121028956e+02
3.730000000000000000e+03 -5.704941866509408328e-03 -2.058420852028675779e-02 2.136014986152713971e-02 -4.033047909451193505e+02
3.740000000000000000e+03 -4.894996220380757462e-03 -2.017779021570757086e-02 2.076304905322544359e-02 -4.043824212841882968e+02
3.750000000000000000e+03 -4.187480777110978367e-03 -1.976727129224417623e-02 2.020593995833538936e-02 -4.054631786659945760e+02
3.760000000000000000e+03 -3.577464199571529259e-03 -1.936318201945139497e-02 1.969088794385925531e-02 -4.065471215500365361e+02
3.770000000000000000e+03 -3.058282514495515476e-03 -1.897474321139396014e-02 1.921962465494084921e-02 -4.076342278875084730e+02
3.780000000000000000e+03 -2.621847842713544412e-03 -1.860964280605362578e-02 1.879342681575782090e-02 -4.087243910276446286e+02
3.790000000000000000e+03 -2.259011804319286526e-03 -1.827390372270338431e-02 1.841300332913363771e-02 -4.098174212672020076e+02
3.800000000000000000e+03 -1.959953334038758849e-03 -1.797185168581796541e-02 1.807840894793144582e-02 -4.109130532586568165e+02
3.810000000000000000e+03 -1.714556784682185657e-03 -1.770618158203002973e-02 1.778900141052664960e-02 -4.120109585372475749e+02
3.820000000000000000e+03 -1.512764292016906308e-03 -1.747810927551203541e-02 1.754345346988275475e-02 -4.131107624931492524e+02
3.830000000000000000e+03 -1.344863045068303434e-03 -1.728758698855143924e-02 1.733981892917926121e-02 -4.142120629147688646e+02
3.840000000000000000e+03 -1.201685714866353042e-03 -1.713354144444762667e-02 1.717563073036674007e-02 -4.153144474940669397e+02
3.850000000000000000e+03 -1.074738911849348411e-03 -1.701409852099077663e-02 1.704800903949266547e-02 -4.164175094468085945e+02
3.860000000000000000e+03 -9.562862678911560749e-04 -1.692678845758260886e-02 1.695377984149578840e-02 -4.175208611556025176e+02
3.870000000000000000e+03 -8.393927014497352132e-04 -1.686872632398046801e-02 1.688959762399917797e-02 -4.186241449923529672e+02
3.880000000000000000e+03 -7.179121732860235718e-04 -1.683677246321770710e-02 1.685207123373023974e-02 -4.197270394356395400e+02
3.890000000000000000e+03 -5.864305940344720922e-04 -1.682768811822103056e-02 1.683790332095231115e-02 -4.208292607630565954e+02
3.900000000000000000e+03 -4.402090981401745890e-04 -1.683825894902054102e-02 1.684401224424738122e-02 -4.219305631444413507e+02
3.910000000000000000e+03 -2.751407791117544939e-04 -1.686536222760947126e-02 1.686760639559764172e-02 -4.230307382214803624e+02
3.920000000000000000e+03 -8.768107798072193970e-05 -1.690600195100193034e-02 1.690622932349839305e-02 -4.241296120534807983e+02
3.930000000000000000e+03 1.252704745760669194e-04 -1.695731867993195349e-02 1.695778138509190791e-02 -4.252270384480814869e+02
3.940000000000000000e+03 3.664935227143451858e-04 -1.701655457132866464e-02 1.702050078526475343e-02 -4.263228915722900183e+02
3.950000000000000000e+03 6.385312998317402896e-04 -1.708097550921137964e-02 1.709290632300849294e-02 -4.274170605099494082e+02
3.960000000000000000e+03 9.437378747591036341e-04 -1.714777164861048045e-02 1.717372160276112864e-02 -4.285094455793093857e+02
3.970000000000000000e+03 1.284294797513234115e-03 -1.721394875904353611e-02 1.726179147730316082e-02 -4.295999558851425491e+02
3.980000000000000000e+03 1.662175747536288190e-03 -1.727619990671874772e-02 1.735597624544948231e-02 -4.306885090591217704e+02
3.990000000000000000e+03 2.079052322282938688e-03 -1.733077007204314110e-02 1.745502935685919535e-02 -4.317750331958046672e+02
4.000000000000000000e+03 2.536168263272962561e-03 -1.737337165946455445e-02 1.755751099323361181e-02 -4.328594694093210933e+02
4.010000000000000000e+03 3.034199071104387146e-03 -1.739918323229477579e-02 1.766176495014182973e-02 -4.339417744627925231e+02
4.020000000000000000e+03 3.573095537971462173e-03 -1.740291366180518259e-02 1.776593413372111463e-02 -4.350219239384702519e+02
4.030000000000000000e+03 4.151928084729182913e-03 -1.737890311582892741e-02 1.786798198818577779e-02 -4.360999151958141056e+02
4.040000000000000000e+03 4.768771636000349382e-03 -1.732125345043987463e-02 1.796571746440138104e-02 -4.371757682422393714e+02
4.050000000000000000e+03 5.420647779411013820e-03 -1.722400262325993192e-02 1.805684603452381923e-02 -4.382495244047664187e+02
4.060000000000000000e+03 6.103490968563007185e-03 -1.708135278034092486e-02 1.813905220263150458e-02 -4.393212456115871305e+02
4.070000000000000000e+03 6.812146370876607029e-03 -1.688791613499914662e-02 1.821008098721726975e-02 -4.403910140984312989e+02
4.080000000000000000e+03 7.540427956683236690e-03 -1.663894340211098666e-02 1.826779930119068474e-02 -4.414589308645963683e+02
4.090000000000000000e+03 8.281226277271460171e-03 -1.633053234188825906e-02 1.831024290458293721e-02 -4.425251136003820989e+02
4.100000000000000000e+03 9.026670170138908697e-03 -1.595981123409692670e-02 1.833565785535065315e-02 -4.435896939254047879e+02
4.110000000000000000e+03 9.768333572152263639e-03 -1.552507800180665323e-02 1.834252948039113290e-02 -4.446528139717149770e+02
4.120000000000000000e+03 1.049743507128215493e-02 -1.502587417582133995e-02 1.832956731140697806e-02 -4.457146238909423914e+02
4.130000000000000000e+03 1.120500251968009099e-02 -1.446301460184350879e-02 1.829565174677239350e-02 -4.467752812731120571e+02
4.140000000000000000e+03 1.188203760695080193e-02 -1.383860169419119310e-02 1.823978384037115014e-02 -4.478349511352323020e+02
4.150000000000000000e+03 1.251971779309370841e-02 -1.315602241778271279e-02 1.816106438169053094e-02 -4.488938048057934225e+02
4.160000000000000000e+03 1.310962569686715748e-02 -1.241992601538396794e-02 1.805870560531876168e-02 -4.499520183805955753e+02
4.170000000000000000e+03 1.364397954659693664e-02 -1.163616743391808657e-02 1.793205427211649189e-02 -4.510097714312962580e+02
4.180000000000000000e+03 1.411584060034063587e-02 -1.081170021836145266e-02 1.778060228074240801e-02 -4.520672459494055602e+02
4.190000000000000000e+03 1.451929272847813507e-02 -9.954418919821581349e-03 1.760398583748975718e-02 -4.531246250184005362e+02
4.200000000000000000e+03 1.484960853133854980e-02 -9.072960984644861879e-03 1.740199685561661172e-02 -4.667484611526112417e+02
