0.000000000000000000e+00 2.378149555227656309e-01 6.539726755931669633e-01
1.000000000000000000e+01 2.366194056767901843e-01 6.551619878391609086e-01
2.000000000000000000e+01 2.352528669413372908e-01 6.565215043690519892e-01
3.000000000000000000e+01 2.337350278085415511e-01 6.580326861877178191e-01
4.000000000000000000e+01 2.320996073029130968e-01 6.596619528995836257e-01
5.000000000000000000e+01 2.303949849113839099e-01 6.613607399985966806e-01
6.000000000000000000e+01 2.286815473672517141e-01 6.630685878168873781e-01
7.000000000000000000e+01 2.270261340231972680e-01 6.647186709308291475e-01
8.000000000000000000e+01 2.254946710230168738e-01 6.662451170614779317e-01
9.000000000000000000e+01 2.241452884721638894e-01 6.675898649513229977e-01
1.000000000000000000e+02 2.230234885480351648e-01 6.687074526346505898e-01
1.100000000000000000e+02 2.221595567383370939e-01 6.695675904190280248e-01
1.200000000000000000e+02 2.215677223746146118e-01 6.701560305682822127e-01
1.300000000000000000e+02 2.212465893053121857e-01 6.704741878392787013e-01
1.400000000000000000e+02 2.211804916176782487e-01 6.705377636819577214e-01
1.500000000000000000e+02 2.213416226726719338e-01 6.703745486514786078e-01
1.600000000000000000e+02 2.216928142718492811e-01 6.700216226207867942e-01
1.700000000000000000e+02 2.221907213870678577e-01 6.695222260496094258e-01
1.800000000000000000e+02 2.227890678426585613e-01 6.689225637022413462e-01
1.900000000000000000e+02 2.234416464966575144e-01 6.682687868326526726e-01
2.000000000000000000e+02 2.241048869850196246e-01 6.676043985532603697e-01
2.100000000000000000e+02 2.247398926687923515e-01 6.669682435378834207e-01
2.200000000000000000e+02 2.253138758441264600e-01 6.663931070300671555e-01
2.300000000000000000e+02 2.258009549865557519e-01 6.659049078551331213e-01
2.400000000000000000e+02 2.261823581476805622e-01 6.655224589805224245e-01
2.500000000000000000e+02 2.264461504627285626e-01 6.652577099971200836e-01
2.600000000000000000e+02 2.265866100027666141e-01 6.651163665873626174e-01
2.700000000000000000e+02 2.266033687244130290e-01 6.650987773159509064e-01
2.800000000000000000e+02 2.265004288104107977e-01 6.652009142730401781e-01
2.900000000000000000e+02 2.262851605986347658e-01 6.654153962056160720e-01
3.000000000000000000e+02 2.259673287098403760e-01 6.657325142815545549e-01
3.100000000000000000e+02 2.255581506236006839e-01 6.661410693648966985e-01
3.200000000000000000e+02 2.250695188071657749e-01 6.666291793074632377e-01
3.300000000000000000e+02 2.245134014653326071e-01 6.671848787190873820e-01
3.400000000000000000e+02 2.239014166983124554e-01 6.677965599225690330e-01
3.500000000000000000e+02 2.232445458411383699e-01 6.684532899502032555e-01
3.600000000000000000e+02 2.225529257239054204e-01 6.691449310707858755e-01
3.700000000000000000e+02 2.218357302973051337e-01 6.698622693626005153e-01
3.800000000000000000e+02 2.211011364359981857e-01 6.705970734910093878e-01
3.900000000000000000e+02 2.203563567533153023e-01 6.713420512099753656e-01
4.000000000000000000e+02 2.196077372672687322e-01 6.720907839207127532e-01
4.100000000000000000e+02 2.188608915496393637e-01 6.728376214084652585e-01
4.200000000000000000e+02 2.181208232580456874e-01 6.735775564910583268e-01
4.300000000000000000e+02 2.173920278676111928e-01 6.743061106651994097e-01
4.400000000000000000e+02 2.166785981515630122e-01 6.750192077153254200e-01
4.500000000000000000e+02 2.159843348403861496e-01 6.757130530374492183e-01
4.600000000000000000e+02 2.153128366962953066e-01 6.763840478055200833e-01
4.700000000000000000e+02 2.146675530118059005e-01 6.770287305591060623e-01
4.800000000000000000e+02 2.140518107279952842e-01 6.776437671426762677e-01
4.900000000000000000e+02 2.134688115867175717e-01 6.782259575655631423e-01
5.000000000000000000e+02 2.129215968294691230e-01 6.787722647694089950e-01
5.100000000000000000e+02 2.124129800403049273e-01 6.792798806510594867e-01
5.200000000000000000e+02 2.119454543965593740e-01 6.797463176437853472e-01
5.300000000000000000e+02 2.115210863816248676e-01 6.801694957235335792e-01
5.400000000000000000e+02 2.111414049685599315e-01 6.805478633574939540e-01
5.500000000000000000e+02 2.108072905654265750e-01 6.808805101014305805e-01
5.600000000000000000e+02 2.105188745784122295e-01 6.811672601481487677e-01
5.700000000000000000e+02 2.102754659532295456e-01 6.814087550299140483e-01
5.800000000000000000e+02 2.100755134039544447e-01 6.816065157942788888e-01
5.900000000000000000e+02 2.099165989536171673e-01 6.817629436820328293e-01
6.000000000000000000e+02 2.097954744685183170e-01 6.818812723909538631e-01
6.100000000000000000e+02 2.097081427296284550e-01 6.819654777360147913e-01
6.200000000000000000e+02 2.096499862408344461e-01 6.820201473299299932e-01
6.300000000000000000e+02 2.096159369633273095e-01 6.820503199040847120e-01
6.400000000000000000e+02 2.096006723411074080e-01 6.820612897792847074e-01
6.500000000000000000e+02 2.095988161548680562e-01 6.820584045430599929e-01
6.600000000000000000e+02 2.096051285224776461e-01 6.820468798754090178e-01
6.700000000000000000e+02 2.096146886158089528e-01 6.820316267470070137e-01
6.800000000000000000e+02 2.096230643649917569e-01 6.820170903679219077e-01
6.900000000000000000e+02 2.096264553408334896e-01 6.820071057188678010e-01
7.000000000000000000e+02 2.096217966919244891e-01 6.820047666085619076e-01
7.100000000000000000e+02 2.096068237626705633e-01 6.820123513541773708e-01
7.200000000000000000e+02 2.095800937091551741e-01 6.820313160828208598e-01
7.300000000000000000e+02 2.095409584569891959e-01 6.820623159065760666e-01
7.400000000000000000e+02 2.094895046105294256e-01 6.821052728951311206e-01
7.500000000000000000e+02 2.094264592544420878e-01 6.821594777602923987e-01
7.600000000000000000e+02 2.093530698921598210e-01 6.822237048831480966e-01
7.700000000000000000e+02 2.092709801159202132e-01 6.822963299447063479e-01
7.800000000000000000e+02 2.091820923871208493e-01 6.823754608860098658e-01
7.900000000000000000e+02 2.090884297222462551e-01 6.824590923520262864e-01
8.000000000000000000e+02 2.089920182958238948e-01 6.825452165468928190e-01
8.100000000000000000e+02 2.088948027456998258e-01 6.826319129929899754e-01
8.200000000000000000e+02 2.087985918456428391e-01 6.827173835116525646e-01
8.300000000000000000e+02 2.087050490410426729e-01 6.827999784031529851e-01
8.400000000000000000e+02 2.086157258711331675e-01 6.828782335454637309e-01
8.500000000000000000e+02 2.085320771606322954e-01 6.829507502927177898e-01
8.600000000000000000e+02 2.084555065308039412e-01 6.830161731482403686e-01
8.700000000000000000e+02 2.083874182224169369e-01 6.830731388617935496e-01
8.800000000000000000e+02 2.083292697801739368e-01 6.831201988208339682e-01
8.900000000000000000e+02 2.082826024840407908e-01 6.831558181216921266e-01
9.000000000000000000e+02 2.082490588101544582e-01 6.831783131061279768e-01
9.100000000000000000e+02 2.082304007746431929e-01 6.831858975881358598e-01
9.200000000000000000e+02 2.082284996729809601e-01 6.831767148879115403e-01
9.300000000000000000e+02 2.082453001936569736e-01 6.831488322809043945e-01
9.400000000000000000e+02 2.082827777422759652e-01 6.831003019561889822e-01
9.500000000000000000e+02 2.083428735044264568e-01 6.830292073438828382e-01
9.600000000000000000e+02 2.084274370891650019e-01 6.829336961513198245e-01
9.700000000000000000e+02 2.085381909144072843e-01 6.828120434475134504e-01
9.800000000000000000e+02 2.086766984491971177e-01 6.826626863633049602e-01
9.900000000000000000e+02 2.088443453427075991e-01 6.824842488734417234e-01
1.000000000000000000e+03 2.090423162631459553e-01 6.822755671620152063e-01
1.010000000000000000e+03 2.092715735954654432e-01 6.820356820850945745e-01
1.020000000000000000e+03 2.095328594528095834e-01 6.817638762301232447e-01
1.030000000000000000e+03 2.098267154400925982e-01 6.814596375215241641e-01
1.040000000000000000e+03 2.101534797835249713e-01 6.811226070496756435e-01
1.050000000000000000e+03 2.105132943343979712e-01 6.807526406704711430e-01
1.060000000000000000e+03 2.109061192570664545e-01 6.803497641922856554e-01
1.070000000000000000e+03 2.113317405694782325e-01 6.799141868746624295e-01
1.080000000000000000e+03 2.117897377942958570e-01 6.794463080323870363e-01
1.090000000000000000e+03 2.122794761933898544e-01 6.789468087102226157e-01
1.100000000000000000e+03 2.128000552653498412e-01 6.784165941874402694e-01
1.110000000000000000e+03 2.133502793010680076e-01 6.778568720809612369e-01
1.120000000000000000e+03 2.139286232278150013e-01 6.772691756146963504e-01
1.130000000000000000e+03 2.145332044045323017e-01 6.766553710918378206e-01
1.140000000000000000e+03 2.151617640485831706e-01 6.760176560203384755e-01
1.150000000000000000e+03 2.158116945571279810e-01 6.753586416109896851e-01
1.160000000000000000e+03 2.164800202105120197e-01 6.746812804706046052e-01
1.170000000000000000e+03 2.171634106484280624e-01 6.739889006718504660e-01
1.180000000000000000e+03 2.178582235643538589e-01 6.732851524688260314e-01
1.190000000000000000e+03 2.185605512604286982e-01 6.725739430749362313e-01
1.200000000000000000e+03 2.192662724429571275e-01 6.718593289749067443e-01
1.210000000000000000e+03 2.199711847622528582e-01 6.711455025092410986e-01
1.220000000000000000e+03 2.206711213200361066e-01 6.704366616226058451e-01
1.230000000000000000e+03 2.213620403665805814e-01 6.697368937594796456e-01
1.240000000000000000e+03 2.220401284785651630e-01 6.690500452241427976e-01
1.250000000000000000e+03 2.227019096936674325e-01 6.683796179169533280e-01
1.260000000000000000e+03 2.233443155002282909e-01 6.677286835868075920e-01
1.270000000000000000e+03 2.239647660442684318e-01 6.670998231468954209e-01
1.280000000000000000e+03 2.245612100712905956e-01 6.664950515574281642e-01
1.290000000000000000e+03 2.251321424971122753e-01 6.659158532901243710e-01
1.300000000000000000e+03 2.256766072056668460e-01 6.653631666857235949e-01
1.310000000000000000e+03 2.261941557828961169e-01 6.648374423819362056e-01
1.320000000000000000e+03 2.266847744481474969e-01 6.643386988166877227e-01
1.330000000000000000e+03 2.271488156065055997e-01 6.638666378429652903e-01
1.340000000000000000e+03 2.275868995137491912e-01 6.634206733901751862e-01
1.350000000000000000e+03 2.279998191154211928e-01 6.630000127532074128e-01
1.360000000000000000e+03 2.283884759481032145e-01 6.626037598585138300e-01
1.370000000000000000e+03 2.287538013441300644e-01 6.622309719671786166e-01
1.380000000000000000e+03 2.290967232985072766e-01 6.618807197838084688e-01
1.390000000000000000e+03 2.294181585884335350e-01 6.615521012295403347e-01
1.400000000000000000e+03 2.297189900580818567e-01 6.612442245604076563e-01
1.410000000000000000e+03 2.300000738907775899e-01 6.609562251343682471e-01
1.420000000000000000e+03 2.302622575580953179e-01 6.606872699392827286e-01
1.430000000000000000e+03 2.305063821137916802e-01 6.604365269358102308e-01
1.440000000000000000e+03 2.307332979745431445e-01 6.602031309296021444e-01
1.450000000000000000e+03 2.309438917204651442e-01 6.599861671725353318e-01
1.460000000000000000e+03 2.311391074671506063e-01 6.597846964424327609e-01
1.470000000000000000e+03 2.313199543858134866e-01 6.595977327116616662e-01
1.480000000000000000e+03 2.314874953455226536e-01 6.594242010266272436e-01
1.490000000000000000e+03 2.316428670512833965e-01 6.592629595795811426e-01
1.500000000000000000e+03 2.317872849506845967e-01 6.591127930545780389e-01
1.510000000000000000e+03 2.319220485918916663e-01 6.589723959308952939e-01
1.520000000000000000e+03 2.320485586367021513e-01 6.588403652877269367e-01
1.530000000000000000e+03 2.321683293872515985e-01 6.587151894871813296e-01
1.540000000000000000e+03 2.322829877618368677e-01 6.585952106481928192e-01
1.550000000000000000e+03 2.323942876536971569e-01 6.584786563457875053e-01
1.560000000000000000e+03 2.325041178460375002e-01 6.583636760508529973e-01
1.570000000000000000e+03 2.326144740687438039e-01 6.582483045593727766e-01
1.580000000000000000e+03 2.327274192132405550e-01 6.581304815842515810e-01
1.590000000000000000e+03 2.328450495850748481e-01 6.580081312241057301e-01
1.600000000000000000e+03 2.329694129193886354e-01 6.578791890517764474e-01
1.610000000000000000e+03 2.331024563016370899e-01 6.577416871731164294e-01
1.620000000000000000e+03 2.332459804323180341e-01 6.575938330572368429e-01
1.630000000000000000e+03 2.334015744572387474e-01 6.574340154988732587e-01
1.640000000000000000e+03 2.335705963137233721e-01 6.572608574749847499e-01
1.650000000000000000e+03 2.337541664409794606e-01 6.570732570678403661e-01
1.660000000000000000e+03 2.339531452546645129e-01 6.568703424044463057e-01
1.670000000000000000e+03 2.341681349263322331e-01 6.566514641039172817e-01
1.680000000000000000e+03 2.343995231074368357e-01 6.564162293071799104e-01
1.690000000000000000e+03 2.346475171132458570e-01 6.561644347380823916e-01
1.700000000000000000e+03 2.349121897955246119e-01 6.558959864594329225e-01
1.710000000000000000e+03 2.351935459182865062e-01 6.556108655051736678e-01
1.720000000000000000e+03 2.354915635474219004e-01 6.553090940343088144e-01
1.730000000000000000e+03 2.358062085121521712e-01 6.549906970583334598e-01
1.740000000000000000e+03 2.361374596458359343e-01 6.546556895986038738e-01
1.750000000000000000e+03 2.364853238966146409e-01 6.543040659306665896e-01
1.760000000000000000e+03 2.368498259355661106e-01 6.539358105110659736e-01
1.770000000000000000e+03 2.372309639145215865e-01 6.535509187505352813e-01
1.780000000000000000e+03 2.376286535609610229e-01 6.531494642410673457e-01
1.790000000000000000e+03 2.380426589724073949e-01 6.527316473796187513e-01
1.800000000000000000e+03 2.384725326479011365e-01 6.522978927368274782e-01
1.810000000000000000e+03 2.389175527874724536e-01 6.518489401979706832e-01
1.820000000000000000e+03 2.393766252710235742e-01 6.513858311928658607e-01
1.830000000000000000e+03 2.398482358787147883e-01 6.509100434598333873e-01
1.840000000000000000e+03 2.403304059239332047e-01 6.504235841363865678e-01
1.850000000000000000e+03 2.408206583291173930e-01 6.499289772333166626e-01
1.860000000000000000e+03 2.413159997187999950e-01 6.494292365379648047e-01
1.870000000000000000e+03 2.418129455904846903e-01 6.489278504277613546e-01
1.880000000000000000e+03 2.423075898241821013e-01 6.484287348162954823e-01
1.890000000000000000e+03 2.427956920002255214e-01 6.479361340139306868e-01
1.900000000000000000e+03 2.432727798087878923e-01 6.474545328434508917e-01
1.910000000000000000e+03 2.437342512768464198e-01 6.469885581595403723e-01
1.920000000000000000e+03 2.441754807756254808e-01 6.465428520789141542e-01
1.930000000000000000e+03 2.445919400451624925e-01 6.461219474267286822e-01
1.940000000000000000e+03 2.449793241510377917e-01 6.457301538981999878e-01
1.950000000000000000e+03 2.453336598461012819e-01 6.453714495024902575e-01
1.960000000000000000e+03 2.456513886748222519e-01 6.450493800681071921e-01
1.970000000000000000e+03 2.459294404124294786e-01 6.447669943693199457e-01
1.980000000000000000e+03 2.461652953319088677e-01 6.445268055879532776e-01
1.990000000000000000e+03 2.463570172549259807e-01 6.443307644497950903e-01
2.000000000000000000e+03 2.465032512966766898e-01 6.441802503357454412e-01
2.010000000000000000e+03 2.466031985569910878e-01 6.440760866877265345e-01
2.020000000000000000e+03 2.466565777975818496e-01 6.440185762644651257e-01
2.030000000000000000e+03 2.466635734325296203e-01 6.440075471044700572e-01
2.040000000000000000e+03 2.466247731378510832e-01 6.440424086089027167e-01
2.050000000000000000e+03 2.465411009572780476e-01 6.441222231455314695e-01
2.060000000000000000e+03 2.464137444270868837e-01 6.442457932626979300e-01
2.070000000000000000e+03 2.462440694254036389e-01 6.444117521546142147e-01
2.080000000000000000e+03 2.460335317624342821e-01 6.446186435667611292e-01
2.090000000000000000e+03 2.457836029185730686e-01 6.448649923695825015e-01
2.100000000000000000e+03 2.454957138898126445e-01 6.451493650719878348e-01
2.110000000000000000e+03 2.451712161966839720e-01 6.454704119728567058e-01
2.120000000000000000e+03 2.448113602603310401e-01 6.458268891289775659e-01
2.130000000000000000e+03 2.444172865711470854e-01 6.462176620983787201e-01
2.140000000000000000e+03 2.439900262980478907e-01 6.466416978202543797e-01
2.150000000000000000e+03 2.435305196958220952e-01 6.470980482223639418e-01
2.160000000000000000e+03 2.430396516774897542e-01 6.475858210887955879e-01
2.170000000000000000e+03 2.425182899567089045e-01 6.481041449157189938e-01
2.180000000000000000e+03 2.419673172246167014e-01 6.486521374482840940e-01
2.190000000000000000e+03 2.413876544846131345e-01 6.492288825178426093e-01
2.200000000000000000e+03 2.407802762263517860e-01 6.498334141033768052e-01
2.210000000000000000e+03 2.401462210575483758e-01 6.504647031053981676e-01
2.220000000000000000e+03 2.394865979868642525e-01 6.511216459155356739e-01
2.230000000000000000e+03 2.388025884937901300e-01 6.518030563938448374e-01
2.240000000000000000e+03 2.380954440842618924e-01 6.525076657182791173e-01
2.250000000000000000e+03 2.373664775620804579e-01 6.532341350402672830e-01
2.260000000000000000e+03 2.366170513603958470e-01 6.539810748785751526e-01
2.270000000000000000e+03 2.358485737375577151e-01 6.547470585015102706e-01
2.280000000000000000e+03 2.350625056809322599e-01 6.555306242896300484e-01
2.290000000000000000e+03 2.342603683915490120e-01 6.563302671540610644e-01
2.300000000000000000e+03 2.334437465597594963e-01 6.571444239395245468e-01
2.310000000000000000e+03 2.326142896400738291e-01 6.579714591263948753e-01
2.320000000000000000e+03 2.317737182970681931e-01 6.588096553455153881e-01
2.330000000000000000e+03 2.309238444430666004e-01 6.596572017457253967e-01
2.340000000000000000e+03 2.300666036694812566e-01 6.605121696779026053e-01
2.350000000000000000e+03 2.292040835328163217e-01 6.613724879354522246e-01
2.360000000000000000e+03 2.283385367693807899e-01 6.622359269738287146e-01
2.370000000000000000e+03 2.274723904976069799e-01 6.631000816776926321e-01
2.380000000000000000e+03 2.266082556455069619e-01 6.639623576566948682e-01
2.390000000000000000e+03 2.257489288435292896e-01 6.648199690764279302e-01
2.400000000000000000e+03 2.248973822816238699e-01 6.656699440884050745e-01
2.410000000000000000e+03 2.240567457351918257e-01 6.665091374891353171e-01
2.420000000000000000e+03 2.232302897652443940e-01 6.673342534545113613e-01
2.430000000000000000e+03 2.224214065375028637e-01 6.681418803951897356e-01
2.440000000000000000e+03 2.216335670921720791e-01 6.689285411676721971e-01
2.450000000000000000e+03 2.208702491353876918e-01 6.696907607491380254e-01
2.460000000000000000e+03 2.201348490008001035e-01 6.704251468845686679e-01
2.470000000000000000e+03 2.194305880296276989e-01 6.711284758414115537e-01
2.480000000000000000e+03 2.187604220318417059e-01 6.717977771781387109e-01
2.490000000000000000e+03 2.181269623276107239e-01 6.724304162134392415e-01
2.500000000000000000e+03 2.175324082944860016e-01 6.730241741881475281e-01
2.510000000000000000e+03 2.169784875059258544e-01 6.735773198862747835e-01
2.520000000000000000e+03 2.164664065528311698e-01 6.740886577611575614e-01
2.530000000000000000e+03 2.159968198119508742e-01 6.745575457833614674e-01
2.540000000000000000e+03 2.155698221967483064e-01 6.749838889847331602e-01
2.550000000000000000e+03 2.151849699370384228e-01 6.753681155412052384e-01
2.560000000000000000e+03 2.148413267958705908e-01 6.757111385566957340e-01
2.570000000000000000e+03 2.145375271402114592e-01 6.760143022248891187e-01
2.580000000000000000e+03 2.142718489240711122e-01 6.762793124220429775e-01
2.590000000000000000e+03 2.140422971225557358e-01 6.765081526773449871e-01
2.600000000000000000e+03 2.138466967675716479e-01 6.767029896511734810e-01
2.610000000000000000e+03 2.136827842094985441e-01 6.768660816969521710e-01
2.620000000000000000e+03 2.135482881118901111e-01 6.769997021939055948e-01
2.630000000000000000e+03 2.134409974746932781e-01 6.771060751801636357e-01
2.640000000000000000e+03 2.133588150532905459e-01 6.771873163057119394e-01
2.650000000000000000e+03 2.132997994581339041e-01 6.772453825285120743e-01
2.660000000000000000e+03 2.132621932024705569e-01 6.772820387500867456e-01
2.670000000000000000e+03 2.132444276477437062e-01 6.772988501171591791e-01
2.680000000000000000e+03 2.132451050577249541e-01 6.772972055689817639e-01
2.690000000000000000e+03 2.132629690095547981e-01 6.772783590952027311e-01
2.700000000000000000e+03 2.132968669496372038e-01 6.772434763996211249e-01
2.710000000000000000e+03 2.133456918337819086e-01 6.771936897428376678e-01
2.720000000000000000e+03 2.134083063592599194e-01 6.771301577508035408e-01
2.730000000000000000e+03 2.134834772427547378e-01 6.770541214240378691e-01
2.740000000000000000e+03 2.135698334099852269e-01 6.769669508464030150e-01
2.750000000000000000e+03 2.136658469733760113e-01 6.768701752321505394e-01
2.760000000000000000e+03 2.137698293356739276e-01 6.767654941955787429e-01
2.770000000000000000e+03 2.138799394639441243e-01 6.766547706891998804e-01
2.780000000000000000e+03 2.139942118523300574e-01 6.765399929916833255e-01
2.790000000000000000e+03 2.141106061134500915e-01 6.764232067957290928e-01
2.800000000000000000e+03 2.142270725361497541e-01 6.763064431460226178e-01
2.810000000000000000e+03 2.143416314596219285e-01 6.761916550282996985e-01
2.820000000000000000e+03 2.144524599196300785e-01 6.760806539385759706e-01
2.830000000000000000e+03 2.145579675928173946e-01 6.759750425062699408e-01
2.840000000000000000e+03 2.146568505167413821e-01 6.758761510922093318e-01
2.850000000000000000e+03 2.147481301664634357e-01 6.757849837948443072e-01
2.860000000000000000e+03 2.148311834093739880e-01 6.757021864188735849e-01
2.870000000000000000e+03 2.149057499128541326e-01 6.756280430961232319e-01
2.880000000000000000e+03 2.149719073450143958e-01 6.755624946939208231e-01
2.890000000000000000e+03 2.150300283955731973e-01 6.755051737144182056e-01
2.900000000000000000e+03 2.150807357668426123e-01 6.754554532361842778e-01
2.910000000000000000e+03 2.151248542659822405e-01 6.754125054474047207e-01
2.920000000000000000e+03 2.151633506854539746e-01 6.753753685021883779e-01
2.930000000000000000e+03 2.151972580740341978e-01 6.753430198069705348e-01
2.940000000000000000e+03 2.152275932998769237e-01 6.753144518344459390e-01
2.950000000000000000e+03 2.152552788885738755e-01 6.752887491884083104e-01
2.960000000000000000e+03 2.152810756705985651e-01 6.752651578811872390e-01
2.970000000000000000e+03 2.153055272309540580e-01 6.752431376884314718e-01
2.980000000000000000e+03 2.153289152137055906e-01 6.752223993277067793e-01
2.990000000000000000e+03 2.153512315358542262e-01 6.752029285640643863e-01
3.000000000000000000e+03 2.153721766084119860e-01 6.751849961357555552e-01
3.010000000000000000e+03 2.153911841705505870e-01 6.751691464548804644e-01
3.020000000000000000e+03 2.154074613577234842e-01 6.751561631129607832e-01
3.030000000000000000e+03 2.154200325295220486e-01 6.751470204102597572e-01
3.040000000000000000e+03 2.154277911251635258e-01 6.751428222203091911e-01
3.050000000000000000e+03 2.154295679130814045e-01 6.751447261535651334e-01
3.060000000000000000e+03 2.154242115931313262e-01 6.751538695824974567e-01
3.070000000000000000e+03 2.154106676687689292e-01 6.751713076337654273e-01
3.080000000000000000e+03 2.153880402188095566e-01 6.751979489423172165e-01
3.090000000000000000e+03 2.153556369259867764e-01 6.752344930934912615e-01
3.100000000000000000e+03 2.153130070553997688e-01 6.752813863422806318e-01
3.110000000000000000e+03 2.152599724285646221e-01 6.753387958103688193e-01
3.120000000000000000e+03 2.151966447228924328e-01 6.754065954210681788e-01
3.130000000000000000e+03 2.151234261461771324e-01 6.754843625658564221e-01
3.140000000000000000e+03 2.150409979209819133e-01 6.755713940155105846e-01
3.150000000000000000e+03 2.149503014818745228e-01 6.756667442500210452e-01
3.160000000000000000e+03 2.148525096300043791e-01 6.757692610340043649e-01
3.170000000000000000e+03 2.147489909281428133e-01 6.758776003015156686e-01
3.180000000000000000e+03 2.146412816073660357e-01 6.759902394758809940e-01
3.190000000000000000e+03 2.145310651055654938e-01 6.761055028149934865e-01
3.200000000000000000e+03 2.144201465917285332e-01 6.762215845183189300e-01
3.210000000000000000e+03 2.143104259047226567e-01 6.763365659285951459e-01
3.220000000000000000e+03 2.142038824048364543e-01 6.764484336271696652e-01
3.230000000000000000e+03 2.141025730614793676e-01 6.765551111158010222e-01
3.240000000000000000e+03 2.140086256976477530e-01 6.766544936650998876e-01
3.250000000000000000e+03 2.139242116854483955e-01 6.767444599119946114e-01
3.260000000000000000e+03 2.138515017898733328e-01 6.768228713018715759e-01
3.270000000000000000e+03 2.137926207818080238e-01 6.768875925115621639e-01
3.280000000000000000e+03 2.137496128303767451e-01 6.769365504366655628e-01
3.290000000000000000e+03 2.137244087985873398e-01 6.769677961236530983e-01
3.300000000000000000e+03 2.137187892967409020e-01 6.769795560095083209e-01
3.310000000000000000e+03 2.137343483558067636e-01 6.769702863512370161e-01
3.320000000000000000e+03 2.137724519952272084e-01 6.769387046738987168e-01
3.330000000000000000e+03 2.138341909199150681e-01 6.768837806630535470e-01
3.340000000000000000e+03 2.139203485264481175e-01 6.768047266911034754e-01
3.350000000000000000e+03 2.140313999435110304e-01 6.767010201896356270e-01
3.360000000000000000e+03 2.141675298426148899e-01 6.765724285042640229e-01
3.370000000000000000e+03 2.143286533031443786e-01 6.764190084242794887e-01
3.380000000000000000e+03 2.145144370121386812e-01 6.762410833244105746e-01
3.390000000000000000e+03 2.147243177438457884e-01 6.760391950143578299e-01
3.400000000000000000e+03 2.149575283202241061e-01 6.758140655294172516e-01
3.410000000000000000e+03 2.152131402989154174e-01 6.755665980107523616e-01
3.420000000000000000e+03 2.154900937974607855e-01 6.752978658634619658e-01
3.430000000000000000e+03 2.157871973371526253e-01 6.750090599801354951e-01
3.440000000000000000e+03 2.161031357722653368e-01 6.747014711737560066e-01
3.450000000000000000e+03 2.164364987606703927e-01 6.743765223226287908e-01
3.460000000000000000e+03 2.167857914555599563e-01 6.740357772595622077e-01
3.470000000000000000e+03 2.171494170536255042e-01 6.736809160208839797e-01
3.480000000000000000e+03 2.175256532411847521e-01 6.733137084436197073e-01
3.490000000000000000e+03 2.179126371579182264e-01 6.729360027866373439e-01
3.500000000000000000e+03 2.183083715044811246e-01 6.725497332572308862e-01
3.510000000000000000e+03 2.187107513907777800e-01 6.721569300654587353e-01
3.520000000000000000e+03 2.191175987218971499e-01 6.717597168511523220e-01
3.530000000000000000e+03 2.195267008438492873e-01 6.713602790233336171e-01
3.540000000000000000e+03 2.199358544610573174e-01 6.709607911286965543e-01
3.550000000000000000e+03 2.203429233278736965e-01 6.705633329700544376e-01
3.560000000000000000e+03 2.207459282748917562e-01 6.701698543959400123e-01
3.570000000000000000e+03 2.211431401896010451e-01 6.697821401686604448e-01
3.580000000000000000e+03 2.215331361204437299e-01 6.694016990492382968e-01
3.590000000000000000e+03 2.219148390251947933e-01 6.690296605759347148e-01
3.600000000000000000e+03 2.222875446357252538e-01 6.686667269300631267e-01
3.610000000000000000e+03 2.226509097466919385e-01 6.683131270609619090e-01
3.620000000000000000e+03 2.230049442655967495e-01 6.679686634059192052e-01
3.630000000000000000e+03 2.233500203443101184e-01 6.676328719965728409e-01
3.640000000000000000e+03 2.236868285798599698e-01 6.673051115321284588e-01
3.650000000000000000e+03 2.240162958235755453e-01 6.669846047975983572e-01
3.660000000000000000e+03 2.243394918805507732e-01 6.666705029815837014e-01
3.670000000000000000e+03 2.246575107460941911e-01 6.663619027105049941e-01
3.680000000000000000e+03 2.249713539714534860e-01 6.660578279685569481e-01
3.690000000000000000e+03 2.252818681375947096e-01 6.657572831025821980e-01
3.700000000000000000e+03 2.255897565478348354e-01 6.654594340570075817e-01
3.710000000000000000e+03 2.258955779212466486e-01 6.651636860017962061e-01
3.720000000000000000e+03 2.261997077080034890e-01 6.648695967119438999e-01
3.730000000000000000e+03 2.265023565037553310e-01 6.645769056494337246e-01
3.740000000000000000e+03 2.268036112427439244e-01 6.642855730058150332e-01
3.750000000000000000e+03 2.271034492237294089e-01 6.639957074401608983e-01
3.760000000000000000e+03 2.274017377895086178e-01 6.637074797588080610e-01
3.770000000000000000e+03 2.276982393816247008e-01 6.634210882568044587e-01
3.780000000000000000e+03 2.279926274337154002e-01 6.631367723313214002e-01
3.790000000000000000e+03 2.282845158621817638e-01 6.628548819988417939e-01
3.800000000000000000e+03 2.285734693601760847e-01 6.625759318601499581e-01
3.810000000000000000e+03 2.288589819847257623e-01 6.623005649060929034e-01
3.820000000000000000e+03 2.291404470370868030e-01 6.620294427153673444e-01
3.830000000000000000e+03 2.294171559460289889e-01 6.617631636077153656e-01
3.840000000000000000e+03 2.296883495065618341e-01 6.615023073975777601e-01
3.850000000000000000e+03 2.299533025207497472e-01 6.612475439801277499e-01
3.860000000000000000e+03 2.302113770658317515e-01 6.609995979790657117e-01
3.870000000000000000e+03 2.304620546941911485e-01 6.607591049075058898e-01
3.880000000000000000e+03 2.307049753014588644e-01 6.605264723995875054e-01
3.890000000000000000e+03 2.309399857571111103e-01 6.603017764828300606e-01
3.900000000000000000e+03 2.311672277086937177e-01 6.600847923919048732e-01
3.910000000000000000e+03 2.313871978404629659e-01 6.598750282891258090e-01
3.920000000000000000e+03 2.316007250624670666e-01 6.596716542760578950e-01
3.930000000000000000e+03 2.318089531588980179e-01 6.594735230985848684e-01
3.940000000000000000e+03 2.320133350819101881e-01 6.592792376518011865e-01
3.950000000000000000e+03 2.322155824389519896e-01 6.590871216330007609e-01
3.960000000000000000e+03 2.324175847268513950e-01 6.588952210233297579e-01
3.970000000000000000e+03 2.326213735055682463e-01 6.587015065825372329e-01
3.980000000000000000e+03 2.328290491146295660e-01 6.585039514359795065e-01
3.990000000000000000e+03 2.330426897886863080e-01 6.583005240726957918e-01
4.000000000000000000e+03 2.332643080096405142e-01 6.580892664298503281e-01
4.010000000000000000e+03 2.334957842696771535e-01 6.578682936358027922e-01
4.020000000000000000e+03 2.337388047748942266e-01 6.576357631597051778e-01
4.030000000000000000e+03 2.339948865461282668e-01 6.573899945801641165e-01
4.040000000000000000e+03 2.342654163458400274e-01 6.571295829748887707e-01
4.050000000000000000e+03 2.345516808016836208e-01 6.568534276057049759e-01
4.060000000000000000e+03 2.348548454110292449e-01 6.565605791718800432e-01
4.070000000000000000e+03 2.351759169171092900e-01 6.562500397349233516e-01
4.080000000000000000e+03 2.355157874251866124e-01 6.559207810133474981e-01
4.090000000000000000e+03 2.358753244291382778e-01 6.555718766483485949e-01
4.100000000000000000e+03 2.362553905250487918e-01 6.552024497915192036e-01
4.110000000000000000e+03 2.366568421283877233e-01 6.548115889624936958e-01
4.120000000000000000e+03 2.370805806236657987e-01 6.543984312546006210e-01
4.130000000000000000e+03 2.375275467422039155e-01 6.539621123483165821e-01
4.140000000000000000e+03 2.379986996438148705e-01 6.535016889079304780e-01
4.150000000000000000e+03 2.384950287701559368e-01 6.530161821302227221e-01
4.160000000000000000e+03 2.390175269566409966e-01 6.525045750112800080e-01
4.170000000000000000e+03 2.395671281094537697e-01 6.519657863085247529e-01
4.180000000000000000e+03 2.401446994709855454e-01 6.513987947320889482e-01
4.190000000000000000e+03 2.407510351211886446e-01 6.508028127551613862e-01
4.200000000000000000e+03 2.413867874393383628e-01 6.501773604594544009e-01
