0.000000000000000000e+00 8.165154279197347265e+00 8.190820120571587531e-16 8.165154279197347265e+00 1.003143338202393795e-16
1.000000000000000000e+01 8.096034462009155774e+00 1.034075677798923287e+00 8.161806571921143671e+00 -9.829616585377484173e-01
2.000000000000000000e+01 7.866952960344467449e+00 2.038824046416849445e+00 8.126853780677990358e+00 -1.966415993478011659e+00
3.000000000000000000e+01 7.487048331036242566e+00 2.985251121380055661e+00 8.060249187771644230e+00 -2.950595805029983865e+00
4.000000000000000000e+01 6.971698427658870045e+00 3.847903643116093786e+00 7.963098731833436084e+00 -3.935674677418670608e+00
5.000000000000000000e+01 6.340889950438111988e+00 4.605548038372454300e+00 7.836961024359085926e+00 -4.921823739713634183e+00
6.000000000000000000e+01 5.618012293796058820e+00 5.241994938875856214e+00 7.683786376028666432e+00 -5.909212053269107479e+00
7.000000000000000000e+01 4.828524182783529461e+00 5.746579183738787400e+00 7.505852256653157362e+00 -6.898006080206787516e+00
8.000000000000000000e+01 3.998596359365464981e+00 6.114272110206306010e+00 7.305689309214937310e+00 -7.888369944010801049e+00
9.000000000000000000e+01 3.153830362419777877e+00 6.345455068836712620e+00 7.086003527062796792e+00 -8.880465994020301679e+00
1.000000000000000000e+02 2.318132799609208483e+00 6.445406336787913304e+00 6.849598712547313006e+00 -9.874455201370645696e+00
1.100000000000000000e+02 1.512802882408191607e+00 6.423567246568612887e+00 6.599302139788084887e+00 -1.087049720060139180e+01
1.200000000000000000e+02 7.558693094209401053e-01 6.292661798545722718e+00 6.337896411570733690e+00 -1.186875007542305482e+01
1.300000000000000000e+02 6.168950834669505862e-02 6.067747122597776155e+00 6.068060706620661549e+00 -1.286937011253566077e+01
1.400000000000000000e+02 -5.591989690676458791e-01 5.765267892593799459e+00 5.792324003401335020e+00 -1.387251169311141830e+01
1.500000000000000000e+02 -1.100004791733741882e+00 5.402176065695879714e+00 5.513031542319942524e+00 -1.487832734434396009e+01
1.600000000000000000e+02 -1.557429378155979816e+00 4.995160831880307128e+00 5.232324340510102978e+00 -1.588696792445768402e+01
1.700000000000000000e+02 -1.931281040726607001e+00 4.560016101660298027e+00 4.952130178586910958e+00 -1.689858298595582298e+01
1.800000000000000000e+02 -2.224003968192012071e+00 4.111157228712750467e+00 4.674163819308317258e+00 -1.791332135579708762e+01
1.900000000000000000e+02 -2.440164988252127465e+00 3.661286063173514460e+00 4.399934182039558550e+00 -1.893133200365535629e+01
2.000000000000000000e+02 -2.585934330923350455e+00 3.221193893566857813e+00 4.130756161261568415e+00 -1.995276531945313891e+01
2.100000000000000000e+02 -2.668589082861561490e+00 2.799685562559093732e+00 3.867765109513469302e+00 -2.097777492992872794e+01
2.200000000000000000e+02 -2.696060573475460576e+00 2.403604507231691390e+00 3.611932618839024389e+00 -2.200652016212494999e+01
2.300000000000000000e+02 -2.676539794009137552e+00 2.037937003322945806e+00 3.364082712780318118e+00 -2.303916925791178727e+01
2.400000000000000000e+02 -2.618148349305866596e+00 1.705974263893451193e+00 3.124907833527228451e+00 -2.407590352209911799e+01
2.500000000000000000e+02 -2.528677060864687132e+00 1.409512620852446441e+00 2.894984197968203610e+00 -2.511692263740740927e+01
2.600000000000000000e+02 -2.415390363104334082e+00 1.149074134770212474e+00 2.674786341630897457e+00 -2.616245128992955316e+01
2.700000000000000000e+02 -2.284891689857471597e+00 9.241327991604711967e-01 2.464701090368546232e+00 -2.721274717675103005e+01
2.800000000000000000e+02 -2.143042873265971870e+00 7.333346431028887613e-01 2.265041380511824798e+00 -2.826811045192642524e+01
2.900000000000000000e+02 -1.994929154274842409e+00 5.747029180672986737e-01 2.076060156789972577e+00 -2.932889453103694422e+01
3.000000000000000000e+02 -1.844860858975274187e+00 4.458224194600314272e-01 1.897964493522516616e+00 -3.039551791767817690e+01
3.100000000000000000e+02 -1.696403194029659334e+00 3.439995935378151182e-01 1.730930246159045005e+00 -3.146847622099442177e+01
3.200000000000000000e+02 -1.552426410237562004e+00 2.663970754455609047e-01 1.575117507047976151e+00 -3.254835259028637040e+01
3.300000000000000000e+02 -1.415169345479494467e+00 2.101428221795900719e-01 1.430686647067925810e+00 -3.363582318625346801e+01
3.400000000000000000e+02 -1.286310292007359912e+00 1.724151925557063370e-01 1.297813995127221842e+00 -3.473165173304120401e+01
3.500000000000000000e+02 -1.167040295925970472e+00 1.505063287388650750e-01 1.176705233822569419e+00 -3.583666355467241971e+01
3.600000000000000000e+02 -1.058135260100039554e+00 1.418668072359745014e-01 1.067603118983036392e+00 -3.695168503361698953e+01
3.700000000000000000e+02 -9.600243367504573966e-01 1.441345581595767367e-01 9.707839605231495250e-01 -3.807743064946915723e+01
3.800000000000000000e+02 -8.728528771265839925e-01 1.551508190922628871e-01 8.865347831716224869e-01 -3.921432140008467826e+01
3.900000000000000000e+02 -7.965388108583683069e-01 1.729657294237616216e-01 8.151019695466067416e-01 -4.036223439819077186e+01
4.000000000000000000e+02 -7.308219409739414862e-01 1.958361837958911000e-01 7.566059213967712971e-01 -4.152022337529970741e+01
4.100000000000000000e+02 -6.753061641428892425e-01 2.222181441164813309e-01 7.109284907105328788e-01 -4.268630951857690548e+01
4.200000000000000000e+02 -6.294948924202383722e-01 2.507549750529043386e-01 6.776000864056542783e-01 -4.385748458449744192e+01
4.300000000000000000e+02 -5.928200796204583511e-01 2.802631572435194673e-01 6.557309540576167217e-01 -4.503002857615474852e+01
4.400000000000000000e+02 -5.646654285781709248e-01 3.097165911780001002e-01 6.440274940422108241e-01 -4.620009493404368328e+01
4.500000000000000000e+02 -5.443844720435303541e-01 3.382304727896043861e-01 6.409011672056719178e-01 -4.736434739392154114e+01
4.600000000000000000e+02 -5.313142016320471228e-01 3.650455587161447468e-01 6.446340363293594500e-01 -4.852039690403119465e+01
4.700000000000000000e+02 -5.247848763998208543e-01 3.895135095872296338e-01 6.535441382561212320e-01 -4.966692006727356556e+01
4.800000000000000000e+02 -5.241266220654205998e-01 4.110836562599028965e-01 6.661069646848907233e-01 -5.080351470206841213e+01
4.900000000000000000e+02 -5.286733426307470562e-01 4.292912199496879411e-01 6.810186889757567918e-01 -5.193043230132877852e+01
5.000000000000000000e+02 -5.377644088481964291e-01 4.437470966568618502e-01 6.972101872572176173e-01 -5.304830857914357267e+01
5.100000000000000000e+02 -5.507446378254857722e-01 4.541294292049864456e-01 7.138299479312788520e-01 -5.415795355859968652e+01
5.200000000000000000e+02 -5.669630603398015944e-01 4.601771813152623070e-01 7.302124006021353253e-01 -5.526021340377171498e+01
5.300000000000000000e+02 -5.857709014315954921e-01 4.616858878045065340e-01 7.458427501570417117e-01 -5.635589190774931012e+01
5.400000000000000000e+02 -6.065192552514240276e-01 4.585055948534043080e-01 7.603242647072472327e-01 -5.744571331826823268e+01
5.500000000000000000e+02 -6.285569776034799494e-01 4.505408037342643057e-01 7.733504315144192898e-01 -5.853031042998844669e+01
5.600000000000000000e+02 -6.512292788878880634e-01 4.377521880635379392e-01 7.846824528656505260e-01 -5.961022657080662412e+01
5.700000000000000000e+02 -6.738774874939059689e-01 4.201599710444819391e-01 7.941317708159013611e-01 -6.068592445926979906e+01
5.800000000000000000e+02 -6.958403942999658032e-01 3.978487332345000960e-01 8.015469224417421934e-01 -6.175779788769703771e+01
5.900000000000000000e+02 -7.164575158209577355e-01 3.709730455107144720e-01 8.068038004817730258e-01 -6.282618381376508410e+01
6.000000000000000000e+02 -7.350746730406804152e-01 3.397632846722165589e-01 8.097986568012550679e-01 -6.389137354482303977e+01
6.100000000000000000e+02 -7.510522501195631140e-01 3.045312616460024158e-01 8.104435648022413341e-01 -6.495362273622298233e+01
6.200000000000000000e+02 -7.637761863741991952e-01 2.656750800776853660e-01 8.086639048743303748e-01 -6.601316029924180384e+01
6.300000000000000000e+02 -7.726714056338758185e-01 2.236822130662290686e-01 8.043971864237439151e-01 -6.707019614015717934e+01
6.400000000000000000e+02 -7.772172978435237800e-01 1.791299530628925052e-01 7.975927959501031284e-01 -6.812492779545503652e+01
6.500000000000000000e+02 -7.769647864743737253e-01 1.326826439789000889e-01 7.882125115946845284e-01 -6.917754623972504646e+01
6.600000000000000000e+02 -7.715543485075202490e-01 8.508511248413304362e-02 7.762316594080027610e-01 -7.022824108292071799e+01
6.700000000000000000e+02 -7.607342435532460367e-01 3.715188195796188114e-02 7.616408941538970190e-01 -7.127720544932682856e+01
6.800000000000000000e+02 -7.443779602870795875e-01 -1.024808376898714117e-02 7.444485012289897563e-01 -7.232464090393180811e+01
6.900000000000000000e+02 -7.224994851115562611e-01 -5.621117913596920118e-02 7.246828289992249816e-01 -7.337076275967459082e+01
7.000000000000000000e+02 -6.952649370302768084e-01 -9.982324692391404686e-02 7.023944855208841265e-01 -7.441580604019252121e+01
7.100000000000000000e+02 -6.629993899448168859e-01 -1.401873067965313524e-01 6.776582265818545947e-01 -7.546003245323919373e+01
7.200000000000000000e+02 -6.261879559824703456e-01 -1.764538078340369964e-01 6.505745941217159212e-01 -7.650373910011659007e+01
7.300000000000000000e+02 -5.854705646619566828e-01 -2.078521197655414932e-01 6.212715072950146800e-01 -7.754726987326061760e+01
7.400000000000000000e+02 -5.416300812920588070e-01 -2.337219403579516852e-01 5.899060012960778421e-01 -7.859103072410132995e+01
7.500000000000000000e+02 -4.955734059425165317e-01 -2.535430228558503418e-01 5.566660265512424210e-01 -7.963551059665408616e+01
7.600000000000000000e+02 -4.483055559288263159e-01 -2.669613968223092382e-01 5.217722289179183015e-01 -8.068131075130987995e+01
7.700000000000000000e+02 -4.008973911150437996e-01 -2.738102714644290447e-01 4.854799511434769177e-01 -8.172918662836929116e+01
7.800000000000000000e+02 -3.544482379166639108e-01 -2.741241114042538007e-01 4.480821150362952476e-01 -8.278010852948716547e+01
7.900000000000000000e+02 -3.100450119174216757e-01 -2.681446991423171999e-01 4.099140020699438836e-01 -8.383535082792475635e+01
8.000000000000000000e+02 -2.687196928361630377e-01 -2.563181683037658032e-01 3.713613829150244627e-01 -8.489662503985859132e+01
8.100000000000000000e+02 -2.314073726088372029e-01 -2.392823555928423884e-01 3.328744775373814746e-01 -8.596628001334076430e+01
8.200000000000000000e+02 -1.989073536271887821e-01 -2.178445834872423936e-01 2.949921996963676407e-01 -8.704760036677319590e+01
8.300000000000000000e+02 -1.718497428722036424e-01 -1.929508410251196959e-01 2.583841349184262670e-01 -8.814523073387861984e+01
8.400000000000000000e+02 -1.506696243355279408e-01 -1.656478930720853837e-01 2.239208792779944224e-01 -8.926569252133722898e+01
8.500000000000000000e+02 -1.355904495867238657e-01 -1.370402879535654039e-01 1.927817692146382156e-01 -9.041769127677557094e+01
8.600000000000000000e+02 -1.266176754677303118e-01 -1.082446868282320035e-01 1.665801547825955797e-01 -9.161107893498585497e+01
8.700000000000000000e+02 -1.235430090007009346e-01 -8.034412375168629994e-02 1.473704627609398465e-01 -9.285179790680626866e+01
8.800000000000000000e+02 -1.259589988610844979e-01 -5.434479230126859628e-02 1.371824545791286987e-01 -9.413108765782359910e+01
8.900000000000000000e+02 -1.332828273901849048e-01 -3.113781921336485417e-02 1.368717496873844142e-01 -9.541890153706155786e+01
9.000000000000000000e+02 -1.447874646138340160e-01 -1.146811542604646988e-02 1.452409294266852335e-01 -9.667936581536446283e+01
9.100000000000000000e+02 -1.596381323436875943e-01 4.088193852926641156e-03 1.596904713098430961e-01 -9.789401088127779360e+01
9.200000000000000000e+02 -1.769317597921342688e-01 1.513699494319214675e-02 1.775780849064763633e-01 -9.906375225972048781e+01
9.300000000000000000e+02 -1.957369152773600351e-01 2.147006081927211110e-02 1.969109024759159166e-01 -1.001976589464620844e+02
9.400000000000000000e+02 -2.151319971124089070e-01 2.306014427361826463e-02 2.163643834726353687e-01 -1.013051902953057777e+02
9.500000000000000000e+02 -2.342398626158809227e-01 2.004837446385057328e-02 2.350962580666683954e-01 -1.023937883467425678e+02
9.600000000000000000e+02 -2.522574001343123595e-01 1.272543296555759401e-02 2.525781711998950074e-01 -1.034688108420455421e+02
9.700000000000000000e+02 -2.684790477323164559e-01 1.508127119607120597e-03 2.684832834994766437e-01 -1.045340245864523609e+02
9.800000000000000000e+02 -2.823139109929056478e-01 -1.308697382469931579e-02 2.826170787903636294e-01 -1.055920844015125226e+02
9.900000000000000000e+02 -2.932964697343584115e-01 -3.047132736324370192e-02 2.948750938107784214e-01 -1.066448861567561295e+02
1.000000000000000000e+03 -3.010910352099681053e-01 -5.001229092601790216e-02 3.052163834519354690e-01 -1.076938066127047904e+02
1.010000000000000000e+03 -3.054905124563565000e-01 -7.105966049395975870e-02 3.136461837012593512e-01 -1.087398630223112832e+02
1.020000000000000000e+03 -3.064103265943929344e-01 -9.296967788843667202e-02 3.202040743812642476e-01 -1.097838199128644021e+02
1.030000000000000000e+03 -3.038784392276282498e-01 -1.151258542718421596e-01 3.249554864119711950e-01 -1.108262612749851854e+02
1.040000000000000000e+03 -2.980223527361039459e-01 -1.369562526090424837e-01 3.279852707959224900e-01 -1.118676398560817518e+02
1.050000000000000000e+03 -2.890539147142121568e-01 -1.579470514758599398e-01 3.293925267542191504e-01 -1.129083109588871991e+02
1.060000000000000000e+03 -2.772528824487726085e-01 -1.776522535485639820e-01 3.292863252809569707e-01 -1.139485559571095905e+02
1.070000000000000000e+03 -2.629503218593253200e-01 -1.956995806471040489e-01 3.277822411775463407e-01 -1.149885993338179020e+02
1.080000000000000000e+03 -2.465125563482698234e-01 -2.117929642147672042e-01 3.249995386584980661e-01 -1.160286211914696963e+02
1.090000000000000000e+03 -2.283260007859627960e-01 -2.257120554516306998e-01 3.210587089787652615e-01 -1.170687662256656552e+02
1.100000000000000000e+03 -2.087832706353159318e-01 -2.373092521502136176e-01 3.160793179777399708e-01 -1.181091497973581852e+02
1.110000000000000000e+03 -1.882710761618941187e-01 -2.465048090635310885e-01 3.101783664451885358e-01 -1.191498619653265507e+02
1.120000000000000000e+03 -1.671603128329655630e-01 -2.532804576276826425e-01 3.034692083268140106e-01 -1.201909708552153404e+02
1.130000000000000000e+03 -1.457983878057721727e-01 -2.576719226457688250e-01 2.960607870129534636e-01 -1.212325261529522749e+02
1.140000000000000000e+03 -1.245034616970277230e-01 -2.597606078985214006e-01 2.880567398801018308e-01 -1.222745625521566524e+02
1.150000000000000000e+03 -1.035603679418565792e-01 -2.596649063941963154e-01 2.795543121129764330e-01 -1.233171024328581495e+02
1.160000000000000000e+03 -8.321821306990591360e-02 -2.575318568343216707e-01 2.706435446691493052e-01 -1.243601574745526079e+02
1.170000000000000000e+03 -6.368963695097323852e-02 -2.535295697336428233e-01 2.614069864871114146e-01 -1.254037299392939246e+02
1.180000000000000000e+03 -4.515148664199167272e-02 -2.478404577799666331e-01 2.519197278074215562e-01 -1.264478143936008223e+02
1.190000000000000000e+03 -2.774649666535584577e-02 -2.406552549453142287e-01 2.422494990913186541e-01 -1.274923997973848344e+02
1.200000000000000000e+03 -1.158563229278371416e-02 -2.321678592826897092e-01 2.324567524498490356e-01 -1.285374716239263932e+02
1.210000000000000000e+03 3.249077082775296988e-03 -2.225711220018941616e-01 2.225948356343243340e-01 -1.295830141290086601e+02
1.220000000000000000e+03 1.670148381316203037e-02 -2.120536428543903507e-01 2.127103359251229509e-01 -1.306290126182133804e+02
1.230000000000000000e+03 2.873833448595394108e-02 -2.007973221194432056e-01 2.028434283859499587e-01 -1.316754552923438268e+02
1.240000000000000000e+03 3.934636853622151126e-02 -1.889753951155196399e-01 1.930280722487144607e-01 -1.327223348429906196e+02
1.250000000000000000e+03 4.852941852850439775e-02 -1.767510498740486602e-01 1.832922204958333245e-01 -1.337696504980610825e+02
1.260000000000000000e+03 5.630558955715596336e-02 -1.642768270529114116e-01 1.736582716773119317e-01 -1.348174111364484133e+02
1.270000000000000000e+03 6.270474384142833701e-02 -1.516946022239059888e-01 1.641436481990339036e-01 -1.358656392376670112e+02
1.280000000000000000e+03 6.776640648292318880e-02 -1.391357919904082086e-01 1.547612821748608758e-01 -1.369143751253126027e+02
1.290000000000000000e+03 7.153801140864031460e-02 -1.267217367633054759e-01 1.455200523797708090e-01 -1.379636820803862634e+02
1.300000000000000000e+03 7.407338401689023133e-02 -1.145643454805560651e-01 1.364252743266506918e-01 -1.390136538116455256e+02
1.310000000000000000e+03 7.543154477109118017e-02 -1.027668580766050166e-01 1.274791946377533680e-01 -1.400644245535252423e+02
1.320000000000000000e+03 7.567597965086603207e-02 -9.142445946400218348e-02 1.186814462517341712e-01 -1.411161808889035001e+02
1.330000000000000000e+03 7.487423627028147455e-02 -8.062467121619577848e-02 1.100294908912042707e-01 -1.421691765611775793e+02
1.340000000000000000e+03 7.309762592201463072e-02 -7.044768690219671559e-02 1.015191583165696021e-01 -1.432237543081802187e+02
1.350000000000000000e+03 7.042102601535751849e-02 -6.096682533093601003e-02 9.314544914266353892e-02 -1.442803802324266087e+02
1.360000000000000000e+03 6.692284475336855720e-02 -5.224901012026746117e-02 8.490362894736172561e-02 -1.453396978267961117e+02
1.370000000000000000e+03 6.268515346173163250e-02 -4.435489415045060918e-02 7.679052740812843114e-02 -1.464026112269790190e+02
1.380000000000000000e+03 5.779386960527886641e-02 -3.733845490964571995e-02 6.880618852248410189e-02 -1.474704169542083889e+02
1.390000000000000000e+03 5.233877116751683295e-02 -3.124629699829271565e-02 6.095636179621621853e-02 -1.485450261038179463e+02
1.400000000000000000e+03 4.641324935633433374e-02 -2.611694525862099867e-02 5.325677933798734359e-02 -1.496293595028755306e+02
1.410000000000000000e+03 4.011392701422470536e-02 -2.198023427015370276e-02 4.574120504614396371e-02 -1.507280789632473557e+02
1.420000000000000000e+03 3.354027471706404195e-02 -1.885678042940294383e-02 3.847763241493477177e-02 -1.518489861529906193e+02
1.430000000000000000e+03 2.679419542062107598e-02 -1.675745078633874771e-02 3.160286482417371673e-02 -1.530057112810627302e+02
1.440000000000000000e+03 1.997943194006845252e-02 -1.568273717721763855e-02 2.539932963716782371e-02 -1.542223075474294660e+02
1.450000000000000000e+03 1.320060548895536992e-02 -1.562206813722895327e-02 2.045250591392807141e-02 -1.555360284563800803e+02
1.460000000000000000e+03 6.561886944871321223e-03 -1.655323814895036730e-02 1.780640484469390300e-02 -1.569702023662798638e+02
1.470000000000000000e+03 1.655696595646166680e-04 -1.844216473660542296e-02 1.844290794544778053e-02 -1.584486334828775114e+02
1.480000000000000000e+03 -5.889228934139310867e-03 -2.124305160040177928e-02 2.204427950140435549e-02 -1.598380500349180977e+02
1.490000000000000000e+03 -1.150772569630122838e-02 -2.489883713217976025e-02 2.742954321960402661e-02 -1.611105469203260725e+02
1.500000000000000000e+03 -1.660064468429351542e-02 -2.934170408257731968e-02 3.371226783240334479e-02 -1.623024807543773989e+02
1.510000000000000000e+03 -2.108555599285984530e-02 -3.449357018606896697e-02 4.042780053019572051e-02 -1.634462902679015883e+02
1.520000000000000000e+03 -2.488829296377456299e-02 -4.026670890697776201e-02 4.733745845363851457e-02 -1.645612230838128198e+02
1.530000000000000000e+03 -2.794429702374178273e-02 -4.656461673329159029e-02 5.430605185123885820e-02 -1.656581177909970393e+02
1.540000000000000000e+03 -3.019990970484055098e-02 -5.328312063796817460e-02 6.124643247651893191e-02 -1.667432472665221042e+02
1.550000000000000000e+03 -3.161356861276610336e-02 -6.031176764596848927e-02 6.809498540285739698e-02 -1.678204064789028678e+02
1.560000000000000000e+03 -3.215680038920085138e-02 -6.753547228704154248e-02 7.480039992075353250e-02 -1.688919946425309320e+02
1.570000000000000000e+03 -3.181500253338728768e-02 -7.483622926209142212e-02 8.131823655470983570e-02 -1.699595903741322616e+02
1.580000000000000000e+03 -3.058801252747895411e-02 -8.209489710064706014e-02 8.760821103268254251e-02 -1.710242700803826494e+02
1.590000000000000000e+03 -2.849044647125986360e-02 -8.919315991552387302e-02 9.363292858737218283e-02 -1.720867914878753027e+02
1.600000000000000000e+03 -2.555191952100014860e-02 -9.601561551152124063e-02 9.935743058908048930e-02 -1.731477053409074927e+02
1.610000000000000000e+03 -2.181706715767264132e-02 -1.024519050577885060e-01 1.047491158403378031e-01 -1.742074263142979760e+02
1.620000000000000000e+03 -1.734506351023614584e-02 -1.083989092200783322e-01 1.097778427018718111e-01 -1.752662774178019731e+02
1.630000000000000000e+03 -1.220862101372962964e-02 -1.137629919502182035e-01 1.144162084869197737e-01 -1.763245181430108914e+02
1.640000000000000000e+03 -6.492619774385007328e-03 -1.184621366735649356e-01 1.186399255596576746e-01 -1.773823637925923151e+02
1.650000000000000000e+03 -2.923592036186323283e-04 -1.224277811750772854e-01 1.224281302534533933e-01 -1.784399990286527782e+02
1.660000000000000000e+03 6.288544146580261895e-03 -1.256062605642795649e-01 1.257635816936889805e-01 -1.794975872564108670e+02
1.670000000000000000e+03 1.314048999550692688e-02 -1.279599138645562684e-01 1.286328575191683921e-01 -1.805552775010835944e+02
1.680000000000000000e+03 2.015044002785426960e-02 -1.294679039286938116e-01 1.310266323348258932e-01 -1.816132093771332734e+02
1.690000000000000000e+03 2.720468439820734538e-02 -1.301266535439015715e-01 1.329399895281350441e-01 -1.826715163013880101e+02
1.700000000000000000e+03 3.419162332317374903e-02 -1.299497417913637876e-01 1.343726255496852373e-01 -1.837303281628583420e+02
1.710000000000000000e+03 4.100438723647659156e-02 -1.289671794240708769e-01 1.353288333698307311e-01 -1.847897738820599898e+02
1.720000000000000000e+03 4.754328983557354338e-02 -1.272241555788081457e-01 1.358173412018146287e-01 -1.858499831630808501e+02
1.730000000000000000e+03 5.371805570408175884e-02 -1.247794231579518881e-01 1.358511463045418977e-01 -1.869110875859019245e+02
1.740000000000000000e+03 5.944971484794173838e-02 -1.217033361557503662e-01 1.354472983375495654e-01 -1.879732213509162193e+02
1.750000000000000000e+03 6.467209491125706922e-02 -1.180755880899565652e-01 1.346266109021531376e-01 -1.890365217078735895e+02
1.760000000000000000e+03 6.933287215001751602e-02 -1.139828458504776182e-01 1.334134037821703145e-01 -1.901011294450934770e+02
1.770000000000000000e+03 7.339417523104253827e-02 -1.095163911832613135e-01 1.318352945748978711e-01 -1.911671896272570166e+02
1.780000000000000000e+03 7.683271569450042526e-02 -1.047698201349170216e-01 1.299229826169904234e-01 -1.922348527859016940e+02
1.790000000000000000e+03 7.963948216497528099e-02 -9.983679933063287215e-02 1.277099589698879878e-01 -1.933042761270320682e+02
1.800000000000000000e+03 8.181910266208372584e-02 -9.480890794347247852e-02 1.252321627452885333e-01 -1.943756239872608091e+02
1.810000000000000000e+03 8.338896625988435896e-02 -8.977370382098219526e-02 1.225277013235356732e-01 -1.954490674887822763e+02
1.820000000000000000e+03 8.437815248977045823e-02 -8.481304291941382800e-02 1.196366368084513243e-01 -1.965247832587191397e+02
1.830000000000000000e+03 8.482620646721740487e-02 -8.000156965305438295e-02 1.166007566466509132e-01 -1.976029504360468252e+02
1.840000000000000000e+03 8.478184672614551276e-02 -7.540534820592557919e-02 1.134633336032064288e-01 -1.986837449394981832e+02
1.850000000000000000e+03 8.430154727177431584e-02 -7.108076623776854452e-02 1.102688813825709185e-01 -1.997673318007387593e+02
1.860000000000000000e+03 8.344790616434875907e-02 -6.707384154290187139e-02 1.070628472558817351e-01 -2.008538568749651461e+02
1.870000000000000000e+03 8.228787880330060145e-02 -6.341980146824291453e-02 1.038911267443858033e-01 -2.019434367778548847e+02
1.880000000000000000e+03 8.089104792241595676e-02 -6.014283280410576832e-02 1.007994145404089853e-01 -2.030361455023065957e+02
1.890000000000000000e+03 7.932805969712201921e-02 -5.725604801599983029e-02 9.783248994950824451e-02 -2.041319977803944994e+02
1.900000000000000000e+03 7.766915019057819836e-02 -5.476168978048791269e-02 9.503336024229064316e-02 -2.052309309609212846e+02
1.910000000000000000e+03 7.598265392623154701e-02 -5.265153385283923015e-02 9.244213170805909430e-02 -2.063327876803890319e+02
1.920000000000000000e+03 7.433352780506652380e-02 -5.090744486070005598e-02 9.009462413591509677e-02 -2.074373015177970387e+02
1.930000000000000000e+03 7.278196626706759376e-02 -4.950203954046577398e-02 8.802083010496096482e-02 -2.085440881392847530e+02
1.940000000000000000e+03 7.138209797408828772e-02 -4.839947565844839039e-02 8.624333687419033501e-02 -2.096526456241485334e+02
1.950000000000000000e+03 7.018074957845271689e-02 -4.755646253327342615e-02 8.477590896045957003e-02 -2.107623677806493561e+02
1.960000000000000000e+03 6.921636383019784400e-02 -4.692354377386012687e-02 8.362250882490723791e-02 -2.118725714802224047e+02
1.970000000000000000e+03 6.851814898840029311e-02 -4.644658228166006347e-02 8.277693970209117069e-02 -2.129825352443183988e+02
1.980000000000000000e+03 6.810546872111379602e-02 -4.606831526388067283e-02 8.222313872003980673e-02 -2.140915434149515022e+02
1.990000000000000000e+03 6.798740979437466192e-02 -4.572998033114655109e-02 8.193606648866713638e-02 -2.151989304422086491e+02
2.000000000000000000e+03 6.816257537657029186e-02 -4.537307984603296956e-02 8.188316711437772233e-02 -2.163041198453247773e+02
2.010000000000000000e+03 6.861929615783017578e-02 -4.494125042961271549e-02 8.202636036892757554e-02 -2.174066520695436679e+02
2.020000000000000000e+03 6.933628540501475535e-02 -4.438209274362676926e-02 8.232430157656699110e-02 -2.185061981727120894e+02
2.030000000000000000e+03 7.028360214811515960e-02 -4.364881531620651983e-02 8.273453818945775140e-02 -2.196025601383799142e+02
2.040000000000000000e+03 7.142381031103492428e-02 -4.270168225886399743e-02 8.321534922767361009e-02 -2.206956616846098882e+02
2.050000000000000000e+03 7.271337318825972507e-02 -4.150931823539152909e-02 8.372728432704679147e-02 -2.217855337672172595e+02
2.060000000000000000e+03 7.410433409799797866e-02 -4.004973347673564110e-02 8.423439608417256086e-02 -2.228722967774243386e+02
2.070000000000000000e+03 7.554613865706748255e-02 -3.831084791314553345e-02 8.470501835084526254e-02 -2.239561409072133245e+02
2.080000000000000000e+03 7.698742272627749628e-02 -3.629053290778010837e-02 8.511207926472727503e-02 -2.250373074355271115e+02
2.090000000000000000e+03 7.837773065036281184e-02 -3.399635965794972625e-02 8.543313837085404761e-02 -2.261160734674806747e+02
2.100000000000000000e+03 7.966913576697078059e-02 -3.144513003167119514e-02 8.565026209279649749e-02 -2.271927407533883922e+02
2.110000000000000000e+03 8.081769947596084691e-02 -2.866207804201991588e-02 8.574972458424319488e-02 -2.282676269194963652e+02
2.120000000000000000e+03 8.178477388880088517e-02 -2.567970314110120875e-02 8.572162150506353051e-02 -2.293410575576202461e+02
2.130000000000000000e+03 8.253808451670249791e-02 -2.253638394566552516e-02 8.555947637189451060e-02 -2.304133598856024037e+02
2.140000000000000000e+03 8.305248280202327804e-02 -1.927493762040635716e-02 8.525982711600421649e-02 -2.314848590187618527e+02
2.150000000000000000e+03 8.331037211790669195e-02 -1.594113284883781623e-02 8.482180037542459694e-02 -2.325558757259570086e+02
2.160000000000000000e+03 8.330184599711638882e-02 -1.258214701958881680e-02 8.424670895738209375e-02 -2.336267243720683098e+02
2.170000000000000000e+03 8.302458685269427374e-02 -9.245108911564834178e-03 8.353774033840795366e-02 -2.346977117043540204e+02
2.180000000000000000e+03 8.248355234011404968e-02 -5.975805368218822453e-03 8.269973794664144118e-02 -2.357691367834406719e+02
2.190000000000000000e+03 8.169049647294331085e-02 -2.817458851217030571e-03 8.173906831114644000e-02 -2.368412904596152373e+02
2.200000000000000000e+03 8.066337779384777362e-02 1.904816280089109009e-04 8.066360269888533940e-02 -2.379144532584352874e+02
2.210000000000000000e+03 7.942560247678044638e-02 3.013429418504711115e-03 7.948274709432143204e-02 -2.389888926039259331e+02
2.220000000000000000e+03 7.800507794954045226e-02 5.622513034927941605e-03 7.820744746340860254e-02 -2.400648603221612234e+02
2.230000000000000000e+03 7.643313856903589942e-02 7.995189567475918455e-03 7.685016413602067942e-02 -2.411425900236495181e+02
2.240000000000000000e+03 7.474337687894246074e-02 1.011565643043034653e-02 7.542478964031744393e-02 -2.422222935396094954e+02
2.250000000000000000e+03 7.297038173090243662e-02 1.197503295926752830e-02 7.394645376439064333e-02 -2.433041564296463832e+02
2.260000000000000000e+03 7.114845029713404156e-02 1.357124966807149967e-02 7.243121424660009522e-02 -2.443883332797438470e+02
2.270000000000000000e+03 6.931038318934353015e-02 1.490864044814229142e-02 7.089567531144348733e-02 -2.454749432698640135e+02
2.280000000000000000e+03 6.748643129915456174e-02 1.599725953647538126e-02 6.935654779595695762e-02 -2.465640665055328782e+02
2.290000000000000000e+03 6.570346677828739490e-02 1.685195300087686046e-02 6.783018403800240848e-02 -2.476557418844545282e+02
2.300000000000000000e+03 6.398446827703946349e-02 1.749132390537578435e-02 6.633218368679143218e-02 -2.487499661129122899e+02
2.310000000000000000e+03 6.234828648185441330e-02 1.793674963312593545e-02 6.487708235289894876e-02 -2.498466927756084885e+02
2.320000000000000000e+03 6.080954766222412822e-02 1.821144039814847834e-02 6.347800917057515313e-02 -2.509458320568648730e+02
2.330000000000000000e+03 5.937870230320831805e-02 1.833949279001411553e-02 6.214633764758802081e-02 -2.520472526868112197e+02
2.340000000000000000e+03 5.806232862797292005e-02 1.834500761810913330e-02 6.089148799472062640e-02 -2.531507864933015526e+02
2.350000000000000000e+03 5.686361548672490968e-02 1.825141682385066078e-02 5.972089234346753678e-02 -2.542562336576701512e+02
2.360000000000000000e+03 5.578279163789337525e-02 1.808114179550741885e-02 5.863998236311017409e-02 -2.553633655723989477e+02
2.370000000000000000e+03 5.481739000484625590e-02 1.785543767991693009e-02 5.765208497257332670e-02 -2.564719264813746804e+02
2.380000000000000000e+03 5.396245556865458121e-02 1.759419761864852022e-02 5.675828046059074733e-02 -2.575816377702176965e+02
2.390000000000000000e+03 5.321076517999794031e-02 1.731569537973820863e-02 5.595729476596209007e-02 -2.586922055450694984e+02
2.400000000000000000e+03 5.255306956564013976e-02 1.703632618725596862e-02 5.524546615541944122e-02 -2.598033302805064864e+02
2.410000000000000000e+03 5.197840574264678964e-02 1.677041132610795557e-02 5.461685966433869194e-02 -2.609147170952836063e+02
2.420000000000000000e+03 5.147442314656153900e-02 1.653003622898474578e-02 5.406346581567646886e-02 -2.620260860847229196e+02
2.430000000000000000e+03 5.102765533290773425e-02 1.632484455941957818e-02 5.357538762027987816e-02 -2.631371829488608114e+02
2.440000000000000000e+03 5.062377569823943435e-02 1.616186639074500969e-02 5.314106313556354183e-02 -2.642477881787713727e+02
2.450000000000000000e+03 5.024787937527133708e-02 1.604544862990369553e-02 5.274756680119659091e-02 -2.653577233640968984e+02
2.460000000000000000e+03 4.988486969749113958e-02 1.597722365547553369e-02 5.238102614948237506e-02 -2.664668560033588847e+02
2.470000000000000000e+03 4.951999220966676191e-02 1.595611137884385758e-02 5.202717673273773991e-02 -2.675751032938979392e+02
2.480000000000000000e+03 4.913940595061777605e-02 1.597842630196012401e-02 5.167195878101372292e-02 -2.686824333549340054e+02
2.490000000000000000e+03 4.873067867511761408e-02 1.603808937053289793e-02 5.130204045449618389e-02 -2.697888637261739859e+02
2.500000000000000000e+03 4.828322946757189482e-02 1.612693601857485837e-02 5.090528767392843434e-02 -2.708944579723014954e+02
2.510000000000000000e+03 4.778871386994981013e-02 1.623513714522532500e-02 5.047118833025638490e-02 -2.719993205285196041e+02
2.520000000000000000e+03 4.724133974390809509e-02 1.635166942678036722e-02 4.999121196612515278e-02 -2.731035912232985652e+02
2.530000000000000000e+03 4.663812251693678912e-02 1.646479372965200041e-02 4.945911346217998772e-02 -2.742074404775411836e+02
2.540000000000000000e+03 4.597902776611070830e-02 1.656258390525010976e-02 4.887115897884180410e-02 -2.753110640100947535e+02
2.550000000000000000e+03 4.526703019275880868e-02 1.663351594412353432e-02 4.822631931980243120e-02 -2.764146767384107761e+02
2.560000000000000000e+03 4.450808117082424159e-02 1.666705243613506721e-02 4.752641293446787513e-02 -2.775185065682922527e+02
2.570000000000000000e+03 4.371088357830941323e-02 1.665407652526417273e-02 4.677605806506010544e-02 -2.786227895603241222e+02
2.580000000000000000e+03 4.288644712872623915e-02 1.658717507725962839e-02 4.598240668308580664e-02 -2.797277655825792522e+02
2.590000000000000000e+03 4.204753453487600906e-02 1.646086708375599228e-02 4.515479272027136948e-02 -2.808336726258196450e+02
2.600000000000000000e+03 4.120814039910032645e-02 1.627178311891334245e-02 4.430442146130471326e-02 -2.819407401178924033e+02
2.610000000000000000e+03 4.038301399941987557e-02 1.601885580464484579e-02 4.344411998150434634e-02 -2.830491796093295989e+02
2.620000000000000000e+03 3.958714689441677342e-02 1.570352713660746677e-02 4.258806128212810210e-02 -2.841591715245970704e+02
2.630000000000000000e+03 3.883520209146259367e-02 1.532982363814594171e-02 4.175136422036289374e-02 -2.852708506511119708e+02
2.640000000000000000e+03 3.814088429663214236e-02 1.490424142677895976e-02 4.094952340915330308e-02 -2.863842920845406184e+02
2.650000000000000000e+03 3.751633970785233502e-02 1.443545666055171504e-02 4.019773817111660374e-02 -2.874994993346136312e+02
2.660000000000000000e+03 3.697173413025829636e-02 1.393385794038651954e-02 3.951027109121599962e-02 -2.886163979886464972e+02
2.670000000000000000e+03 3.651498140422975575e-02 1.341101911480607235e-02 3.889986247596434465e-02 -2.897348342643409183e+02
2.680000000000000000e+03 3.615148138002990258e-02 1.287922180250723574e-02 3.837712808703677009e-02 -2.908545765338785714e+02
2.690000000000000000e+03 3.588397572094815385e-02 1.235100801733636684e-02 3.795006077183413207e-02 -2.919753226154415415e+02
2.700000000000000000e+03 3.571270528509096209e-02 1.183870830824343932e-02 3.762382666858112706e-02 -2.930967163945068705e+02
2.710000000000000000e+03 3.563569870619732322e-02 1.135398252352548196e-02 3.740074787251446847e-02 -2.942183707839087106e+02
2.720000000000000000e+03 3.564897157253222454e-02 1.090749446947845806e-02 3.728032470058319919e-02 -2.953398904212766638e+02
2.730000000000000000e+03 3.574666730371160034e-02 1.050873936639933406e-02 3.725933207121612939e-02 -2.964608916402785894e+02
2.740000000000000000e+03 3.592124846977769181e-02 1.016589896414146592e-02 3.733204512716439133e-02 -2.975810214780626666e+02
2.750000000000000000e+03 3.616375764594938202e-02 9.885692893447329752e-03 3.749058936664663444e-02 -2.986999746359157939e+02
2.760000000000000000e+03 3.646407426988591827e-02 9.673348515840993200e-03 3.772535465530681142e-02 -2.998175032822085768e+02
2.770000000000000000e+03 3.681108213172341881e-02 9.532685312812001072e-03 3.802535807828229947e-02 -3.009334188011648052e+02
2.780000000000000000e+03 3.719275349744261688e-02 9.466137439530801848e-03 3.837849229380457111e-02 -3.020475905524561426e+02
2.790000000000000000e+03 3.759619866586647041e-02 9.474690348227036638e-03 3.877168955975592024e-02 -3.031599433527233032e+02
2.800000000000000000e+03 3.800770923777627847e-02 9.557851818800963684e-03 3.919105118382895658e-02 -3.042704516636452468e+02
2.810000000000000000e+03 3.841285561265294496e-02 9.713675783435855859e-03 3.962200112998119639e-02 -3.053791313733840411e+02
2.820000000000000000e+03 3.879669612636858778e-02 9.938754020179687079e-03 4.004950014413939663e-02 -3.064860325107231915e+02
2.830000000000000000e+03 3.914408172398615299e-02 1.022817281640202129e-02 4.045830759159720763e-02 -3.075912335383176242e+02
2.840000000000000000e+03 3.944002318857509071e-02 1.057550773992970566e-02 4.083328045935880751e-02 -3.086948358702174460e+02
2.850000000000000000e+03 3.967012700005580900e-02 1.097286301350930936e-02 4.115972180316330997e-02 -3.097969591045385869e+02
2.860000000000000000e+03 3.982113953166787484e-02 1.141091325377508424e-02 4.142381072385472457e-02 -3.108977387171431701e+02
2.870000000000000000e+03 3.988158995735541223e-02 1.187903292187216485e-02 4.161313062827110693e-02 -3.119973246002757037e+02
2.880000000000000000e+03 3.984242943606961657e-02 1.236555543913085697e-02 4.171721640625612737e-02 -3.130958792674127835e+02
2.890000000000000000e+03 3.969754944601883856e-02 1.285806053855960418e-02 4.172799004064747103e-02 -3.141935774742017884e+02
2.900000000000000000e+03 3.944415683749118856e-02 1.334366173637361458e-02 4.164006264591065681e-02 -3.152906075639740493e+02
2.910000000000000000e+03 3.908304967069947677e-02 1.380942747271571465e-02 4.145099587086609888e-02 -3.163871715095506829e+02
2.920000000000000000e+03 3.861878080086392911e-02 1.424298405559592216e-02 4.116154546847258788e-02 -3.174834820783501641e+02
2.930000000000000000e+03 3.805963153000677807e-02 1.463315687975323513e-02 4.077578733105414327e-02 -3.185797590371468004e+02
2.940000000000000000e+03 3.741732593212886843e-02 1.497052059014001082e-02 4.030102686844306420e-02 -3.196762256023548616e+02
2.950000000000000000e+03 3.670652710000506247e-02 1.524781183480796061e-02 3.974751435615962725e-02 -3.207731051958437547e+02
2.960000000000000000e+03 3.594418476547525665e-02 1.546029306810229632e-02 3.912806001076766377e-02 -3.218706158266570583e+02
2.970000000000000000e+03 3.514875050332702533e-02 1.560613625967368148e-02 3.845758898969920542e-02 -3.229689593949559026e+02
2.980000000000000000e+03 3.433935309429281268e-02 1.568664017829142499e-02 3.775264031849565743e-02 -3.240683100862642050e+02
2.990000000000000000e+03 3.353501606725311363e-02 1.570617583126750899e-02 3.703081503118201695e-02 -3.251688048771328567e+02
3.000000000000000000e+03 3.275386794265955359e-02 1.567205986475532845e-02 3.631018212030415887e-02 -3.262705310906328577e+02
3.010000000000000000e+03 3.201235774082741847e-02 1.559442914129755865e-02 3.560866844420981087e-02 -3.273735096980083199e+02
3.020000000000000000e+03 3.132460531161828515e-02 1.548593286577535678e-02 3.494345453231500337e-02 -3.284776815336306299e+02
3.030000000000000000e+03 3.070196004891543456e-02 1.536116073006398193e-02 3.433038901352647443e-02 -3.295829018406840873e+02
3.040000000000000000e+03 3.015264058801641472e-02 1.523593834187630947e-02 3.378336205275536686e-02 -3.306889411235109719e+02
3.050000000000000000e+03 2.968150978958725150e-02 1.512665526600973608e-02 3.331377677367224066e-02 -3.317954909929659948e+02
3.060000000000000000e+03 2.929009260728137123e-02 1.504968981686077324e-02 3.293027009495733820e-02 -3.329021762402400668e+02
3.070000000000000000e+03 2.897675676785058801e-02 1.502086382802337271e-02 3.263860877738504473e-02 -3.340085743550945949e+02
3.080000000000000000e+03 2.873704888775285154e-02 1.505487393952720243e-02 3.244175100256076888e-02 -3.351142431270469615e+02
3.090000000000000000e+03 2.856417061845540825e-02 1.516483553121911708e-02 3.234013110377193662e-02 -3.362187505390750744e+02
3.100000000000000000e+03 2.844950528583675697e-02 1.536202378003781802e-02 3.233212219492096612e-02 -3.373217007265176335e+02
3.110000000000000000e+03 2.838310333388996409e-02 1.565564539918883405e-02 3.241449965258477034e-02 -3.384227567200990734e+02
3.120000000000000000e+03 2.835410787930055243e-02 1.605263306533139672e-02 3.258285533775676784e-02 -3.395216580617774298e+02
3.130000000000000000e+03 2.835121986788783494e-02 1.655764559842151651e-02 3.283210769597719875e-02 -3.406182289556377896e+02
3.140000000000000000e+03 2.836316018202954953e-02 1.717322240310222708e-02 3.315702675479028499e-02 -3.417123781991876399e+02
3.150000000000000000e+03 2.837896770758817355e-02 1.789991872889495211e-02 3.355253937706319939e-02 -3.428040941301874227e+02
3.160000000000000000e+03 2.838811057630825224e-02 1.873640455362168139e-02 3.401378658264439525e-02 -3.438934355128764082e+02
3.170000000000000000e+03 2.838056412303732387e-02 1.967957101163797518e-02 3.453609611904528975e-02 -3.449805203984715263e+02
3.180000000000000000e+03 2.834694878915831884e-02 2.072462632312508865e-02 3.511494898028948847e-02 -3.460655157617401869e+02
3.190000000000000000e+03 2.827872773345737126e-02 2.186516779823881665e-02 3.574593690292857118e-02 -3.471486289370661211e+02
3.200000000000000000e+03 2.816843206845955419e-02 2.309325379720317609e-02 3.642470227932494142e-02 -3.482301002276327608e+02
3.210000000000000000e+03 2.800982757819719948e-02 2.439953441590296881e-02 3.714683998233456186e-02 -3.493101942924424179e+02
3.220000000000000000e+03 2.779797728504434379e-02 2.577353509659411485e-02 3.790781782845340647e-02 -3.503891880847920106e+02
3.230000000000000000e+03 2.752921075525299743e-02 2.720399181957849910e-02 3.870290190317557388e-02 -3.514673583543674908e+02
3.240000000000000000e+03 2.720105735968336713e-02 2.867906139007361799e-02 3.952702978596286942e-02 -3.525449731440474466e+02
3.250000000000000000e+03 2.681215955693841413e-02 3.018645051931478224e-02 4.037466650093550491e-02 -3.536222860103335393e+02
3.260000000000000000e+03 2.636216980473825300e-02 3.171352196857991912e-02 4.123968322460121183e-02 -3.546995315548542180e+02
3.270000000000000000e+03 2.585161345226123786e-02 3.324740624414464912e-02 4.211526967797218218e-02 -3.557769213342773469e+02
3.280000000000000000e+03 2.528167349430903224e-02 3.477514075195350246e-02 4.299387664529712161e-02 -3.568546390007627451e+02
3.290000000000000000e+03 2.465403956591558088e-02 3.628381817445390511e-02 4.386726716168403567e-02 -3.579328376762450148e+02
3.300000000000000000e+03 2.397095127485382449e-02 3.776079753038964759e-02 4.472677425382359795e-02 -3.590116413478377808e+02
3.310000000000000000e+03 2.323535095373225126e-02 3.919395347501743176e-02 4.556366450303286908e-02 -3.600911491179469408e+02
3.320000000000000000e+03 2.245099226967867817e-02 4.057175330612666081e-02 4.636932412949720111e-02 -3.611714414742856434e+02
3.330000000000000000e+03 2.162248058807752366e-02 4.188318780132829072e-02 4.713526373303882078e-02 -3.622525866731251085e+02
3.340000000000000000e+03 2.075526009573586822e-02 4.311783004782363676e-02 4.785319309800181720e-02 -3.633346442427722423e+02
3.350000000000000000e+03 1.985555788483057277e-02 4.426607499264991613e-02 4.851524063810014331e-02 -3.644176660039494777e+02
3.360000000000000000e+03 1.893032082266198415e-02 4.531946887807456609e-02 4.911426784387281502e-02 -3.655016967503098044e+02
3.370000000000000000e+03 1.798713303481448700e-02 4.627112432110783852e-02 4.964427359476147883e-02 -3.665867746142166652e+02
3.380000000000000000e+03 1.703411370042965528e-02 4.711612918879515277e-02 5.010080497651110687e-02 -3.676729318678645200e+02
3.390000000000000000e+03 1.607980115478020722e-02 4.785182154537141047e-02 5.048125226643394858e-02 -3.687601968373080581e+02
3.400000000000000000e+03 1.513299733866686238e-02 4.847786362193990534e-02 5.078494727573813761e-02 -3.698485962246909935e+02
3.410000000000000000e+03 1.420258793764981285e-02 4.899611962393972397e-02 5.101306932865427163e-02 -3.709381574265528911e+02
3.420000000000000000e+03 1.329733721741903352e-02 4.941050047233902509e-02 5.116851311109960748e-02 -3.720289094974887121e+02
3.430000000000000000e+03 1.242559541907832348e-02 4.972681930838464270e-02 5.125575070221249224e-02 -3.731208813934178465e+02
3.440000000000000000e+03 1.159497857985912136e-02 4.995257529868543656e-02 5.128063286698234663e-02 -3.742140990551335449e+02
3.450000000000000000e+03 1.081217231883398883e-02 5.009663552352962984e-02 5.125013132694911100e-02 -3.753085841995202827e+02
3.460000000000000000e+03 1.008289688639765931e-02 5.016882578256830205e-02 5.117202253207720625e-02 -3.764043554097101492e+02
3.470000000000000000e+03 9.411926299937678139e-03 5.017950430562127112e-02 5.105454934707897435e-02 -3.775014292535595928e+02
3.480000000000000000e+03 8.802988149308677707e-03 5.013910261651108313e-02 5.090601351064427682e-02 -3.785998183164570605e+02
3.490000000000000000e+03 8.258582110964838435e-03 5.005761415745749177e-02 5.073429721224526068e-02 -3.796995270109068201e+02
3.500000000000000000e+03 7.779990183465440405e-03 4.994424951238827376e-02 5.054657561705357127e-02 -3.808005499230351347e+02
3.510000000000000000e+03 7.367402837722658061e-03 4.980735659035166740e-02 5.034929388871040717e-02 -3.819028714744579247e+02
3.520000000000000000e+03 7.019912494946188748e-03 4.965437317949761981e-02 5.014814001820520201e-02 -3.830064631234195645e+02
3.530000000000000000e+03 6.735498674111434561e-03 4.949167550232179413e-02 4.994790172185490512e-02 -3.841112809317003212e+02
3.540000000000000000e+03 6.511195164406584704e-03 4.932445743167693242e-02 4.975236440007953925e-02 -3.852172669353170136e+02
3.550000000000000000e+03 6.343350200526795026e-03 4.915682174196641524e-02 4.956441481080943456e-02 -3.863243522888284360e+02
3.560000000000000000e+03 6.227835412897913918e-03 4.899198194591459360e-02 4.938623521710241299e-02 -3.874324596888106953e+02
3.570000000000000000e+03 6.160199224991407332e-03 4.883232035415533551e-02 4.921934137777991131e-02 -3.885415055481016111e+02
3.580000000000000000e+03 6.135774381278382220e-03 4.867931773890688679e-02 4.906448514744047446e-02 -3.896514019442426502e+02
3.590000000000000000e+03 6.149779431091641733e-03 4.853356173422041647e-02 4.892163531261462667e-02 -3.907620585590793212e+02
3.600000000000000000e+03 6.197433369266124210e-03 4.839484041436271228e-02 4.879004774642189263e-02 -3.918733849391081208e+02
3.610000000000000000e+03 6.274058251773395427e-03 4.826210929347646977e-02 4.866821344987006664e-02 -3.929852930449490600e+02
3.620000000000000000e+03 6.375113088157827353e-03 4.813330451277484517e-02 4.855365146110344338e-02 -3.940976989725366479e+02
3.630000000000000000e+03 6.496113416225350601e-03 4.800522641724459805e-02 4.844276264714247188e-02 -3.952105222976480263e+02
3.640000000000000000e+03 6.632574523707197856e-03 4.787364733257548632e-02 4.833091302402988537e-02 -3.963236853546265479e+02
3.650000000000000000e+03 6.780012236491341458e-03 4.773355149942674902e-02 4.821265917448858129e-02 -3.974371132679305560e+02
3.660000000000000000e+03 6.933865342250325296e-03 4.757932692544279696e-02 4.808191800731981963e-02 -3.985507323573651774e+02
3.670000000000000000e+03 7.089326854610149969e-03 4.740487701694529044e-02 4.793204481600179395e-02 -3.996644666908193244e+02
3.680000000000000000e+03 7.241192625114326216e-03 4.720379751930846302e-02 4.775597733140723999e-02 -4.007782345195433891e+02
3.690000000000000000e+03 7.383853383627442431e-03 4.696974181563319528e-02 4.754658701755729716e-02 -4.018919466952390849e+02
3.700000000000000000e+03 7.511464620140337334e-03 4.669684167189151747e-02 4.729711537577449554e-02 -4.030055080968588186e+02
3.710000000000000000e+03 7.618242556365860396e-03 4.637996951245280247e-02 4.700148073862860099e-02 -4.041188217566419212e+02
3.720000000000000000e+03 7.698806483774687723e-03 4.601496837001504969e-02 4.665457035884155307e-02 -4.052317938145608878e+02
3.730000000000000000e+03 7.748450310334876329e-03 4.559899990500335121e-02 4.625264613563449118e-02 -4.063443364868426784e+02
3.740000000000000000e+03 7.763188088006803093e-03 4.513075968709065466e-02 4.579358644203025686e-02 -4.074563667113881706e+02
3.750000000000000000e+03 7.739646065954496404e-03 4.461039484350254325e-02 4.527680917776166769e-02 -4.085678026329775889e+02
3.760000000000000000e+03 7.675020096028642783e-03 4.403933436049115024e-02 4.470311962704146685e-02 -4.096785619240024516e+02
3.770000000000000000e+03 7.567186866700915948e-03 4.342016229577222441e-02 4.407462774507313330e-02 -4.107885635757519935e+02
3.780000000000000000e+03 7.414807325793950667e-03 4.275652617446127485e-02 4.339469896411357608e-02 -4.118977299034198722e+02
3.790000000000000000e+03 7.217273015137337308e-03 4.205302655722106125e-02 4.266785760261897209e-02 -4.130059856604701167e+02
3.800000000000000000e+03 6.974649283696310667e-03 4.131506169847990600e-02 4.189964266887925143e-02 -4.141132576921627333e+02
3.810000000000000000e+03 6.687703111814328333e-03 4.054869395559294182e-02 4.109649564641869313e-02 -4.152194770078072565e+02
3.820000000000000000e+03 6.357819249936836649e-03 3.976057666863729717e-02 4.026568418191167620e-02 -4.163245786497089398e+02
3.830000000000000000e+03 5.986742587269436831e-03 3.895778184731583244e-02 3.941509676848804072e-02 -4.174284981228939841e+02
3.840000000000000000e+03 5.576373847593472759e-03 3.814741392232521427e-02 3.855283561878861814e-02 -4.185311699069087013e+02
3.850000000000000000e+03 5.128686219998720985e-03 3.733623088847023985e-02 3.768683535799157575e-02 -4.196325288960744047e+02
3.860000000000000000e+03 4.645612815144872093e-03 3.653047725008756047e-02 3.682468583093959080e-02 -4.207325102648859456e+02
3.870000000000000000e+03 4.128831847575833644e-03 3.573585857941724564e-02 3.597358532081095656e-02 -4.218310458471283937e+02
3.880000000000000000e+03 3.579604344048846823e-03 3.495751213394600321e-02 3.514030765168277975e-02 -4.229280614161099834e+02
3.890000000000000000e+03 2.998781833161358757e-03 3.419981594354411930e-02 3.433103702271740609e-02 -4.240234788280833413e+02
3.900000000000000000e+03 2.386849869423945513e-03 3.346601826660072082e-02 3.355102727070546909e-02 -4.251172193986330967e+02
3.910000000000000000e+03 1.743907312010093379e-03 3.275797792739672948e-02 3.280436450542356663e-02 -4.262092042693816438e+02
3.920000000000000000e+03 1.069697656517391978e-03 3.207615913029468468e-02 3.209399067782543746e-02 -4.272993546943339993e+02
3.930000000000000000e+03 3.637311892268825400e-04 3.141969385091569755e-02 3.142179915382450200e-02 -4.283875943840363902e+02
3.940000000000000000e+03 -3.745847933620325538e-04 3.078638016081552964e-02 3.078865890508506939e-02 -4.294738517420714743e+02
3.950000000000000000e+03 -1.145747956960060151e-03 3.017258326197282126e-02 3.019432925371187335e-02 -4.305580634545936505e+02
3.960000000000000000e+03 -1.949860969915865379e-03 2.957317232821152567e-02 2.963738313947601385e-02 -4.316401802203985767e+02
3.970000000000000000e+03 -2.786340617997898079e-03 2.898167227633433388e-02 2.911530563075632669e-02 -4.327201714802616266e+02
3.980000000000000000e+03 -3.653718299462711816e-03 2.839062500768937611e-02 2.862476630016507276e-02 -4.337980273443093324e+02
3.990000000000000000e+03 -4.549520379165660280e-03 2.779203110368103427e-02 2.816194468690714700e-02 -4.348737587868012611e+02
4.000000000000000000e+03 -5.470119906043771109e-03 2.717776248772894518e-02 2.772278820079075376e-02 -4.359474001246408079e+02
4.010000000000000000e+03 -6.410482604667148282e-03 2.653996084035568914e-02 2.730318312271215117e-02 -4.370190170394153029e+02
4.020000000000000000e+03 -7.363950581556478504e-03 2.587144795351272591e-02 2.689906294611252649e-02 -4.380887157132438006e+02
4.030000000000000000e+03 -8.322371379771370883e-03 2.516613127647632578e-02 2.650652804136515925e-02 -4.391566421249948462e+02
4.040000000000000000e+03 -9.276555374740017360e-03 2.441936601292305983e-02 2.612201975525092756e-02 -4.402229716876104249e+02
4.050000000000000000e+03 -1.021668471766498144e-02 2.362824449635985216e-02 2.574246656014005097e-02 -4.412879025830647493e+02
4.060000000000000000e+03 -1.113259166796343007e-02 2.279183364685190977e-02 2.536537557836231888e-02 -4.423516561927123121e+02
4.070000000000000000e+03 -1.201416834166930958e-02 2.191132516637848970e-02 2.498892577700650985e-02 -4.434144746510812638e+02
4.080000000000000000e+03 -1.285189571360043255e-02 2.099000869809201225e-02 2.461202325245203174e-02 -4.444766137348643724e+02
4.090000000000000000e+03 -1.363724065011278491e-02 2.003316965881194248e-02 2.423431903577717358e-02 -4.455383406148562813e+02
4.100000000000000000e+03 -1.436291486729638842e-02 1.904801802681561212e-02 2.385624266801241594e-02 -4.465999384292586569e+02
4.110000000000000000e+03 -1.502315467196137927e-02 1.804347849844419385e-02 2.347897554454821123e-02 -4.476617079766839424e+02
4.120000000000000000e+03 -1.561399897782344420e-02 1.702974727258028259e-02 2.310431250324119015e-02 -4.487239627051778257e+02
4.130000000000000000e+03 -1.613341554936412181e-02 1.601785358868912032e-02 2.273452728510414605e-02 -4.497870258977647495e+02
4.140000000000000000e+03 -1.658128357526277713e-02 1.501940806383332203e-02 2.237233969863725719e-02 -4.508512350318040944e+02
4.150000000000000000e+03 -1.695935934991357405e-02 1.404631581451868880e-02 2.202087322339190897e-02 -4.519169432381488036e+02
4.160000000000000000e+03 -1.727117365040275326e-02 1.311025715741185801e-02 2.168345641257028028e-02 -4.529845110738057201e+02
4.170000000000000000e+03 -1.752186414396091421e-02 1.222219635323898955e-02 2.136346897806045905e-02 -4.540542949053187840e+02
4.180000000000000000e+03 -1.771796886290634074e-02 1.139204678541922040e-02 2.106430987685328771e-02 -4.551266363495474820e+02
4.190000000000000000e+03 -1.786713791537692872e-02 1.062837104550822497e-02 2.078934554929753875e-02 -4.562018504714116034e+02
4.200000000000000000e+03 -1.797781389509956265e-02 9.938131302825888719e-03 2.054186569518559255e-02 -4.635633975477150557e+02
