0.000000000000000000e+00 4.124890609085684900e+01 9.224048689398881591e-16 4.124890609085684900e+01 2.236192317217223362e-17
1.000000000000000000e+01 4.080143216199252265e+01 3.143727065519492214e+00 4.092236413420121011e+01 -1.033102500748296571e+00
2.000000000000000000e+01 4.000375288110792127e+01 6.256758792107484091e+00 4.049008860394558695e+01 -2.064852643194944992e+00
3.000000000000000000e+01 3.886204700772965026e+01 9.282602497107818706e+00 3.995529259998356508e+01 -3.095532870483439059e+00
4.000000000000000000e+01 3.739339168354786835e+01 1.216708364264388642e+01 3.932306786056143011e+01 -4.125423913765237316e+00
5.000000000000000000e+01 3.562493580839159790e+01 1.486057592412400119e+01 3.860016539017256321e+01 -5.154805868768750798e+00
6.000000000000000000e+01 3.359252105620399220e+01 1.732016214159195755e+01 3.779478122072601565e+01 -6.183953751837763413e+00
7.000000000000000000e+01 3.133875616353043370e+01 1.951129975372561276e+01 3.691623566883478702e+01 -7.213133214488724576e+00
8.000000000000000000e+01 2.891084222455309671e+01 2.140884423354092192e+01 3.597464954032243156e+01 -8.242598500552908547e+00
9.000000000000000000e+01 2.635828839608509355e+01 2.299750113436524757e+01 3.498062929102798080e+01 -9.272589957418301054e+00
1.000000000000000000e+02 2.373067270147937791e+01 2.427168236550670244e+01 3.394494648275038173e+01 -1.030333183207899772e+01
1.100000000000000000e+02 2.107563530860801748e+01 2.523483137479464133e+01 3.287824688415982166e+01 -1.133503100253786045e+01
1.200000000000000000e+02 1.843720993281687370e+01 2.589834043523004681e+01 3.179079658337979808e+01 -1.236787629408672728e+01
1.300000000000000000e+02 1.585455819994603388e+01 2.628019541526919767e+01 3.069227405684062759e+01 -1.340203819739029356e+01
1.400000000000000000e+02 1.336111901437832650e+01 2.640348359700732317e+01 2.959161109797533129e+01 -1.443766858892115401e+01
1.500000000000000000e+02 1.098415990299089273e+01 2.629487011285677411e+01 2.849687637314800881e+01 -1.547490060963936109e+01
1.600000000000000000e+02 8.744696877209792163e+00 2.598314956248103158e+01 2.741521082648355190e+01 -1.651384877563246789e+01
1.700000000000000000e+02 6.657723256337868101e+00 2.549792840085038037e+01 2.635279172484149868e+01 -1.755460966660471911e+01
1.800000000000000000e+02 4.732671777159308313e+00 2.486850420147827023e+01 2.531483129253012976e+01 -1.859726273491079951e+01
1.900000000000000000e+02 2.974033214497004973e+00 2.412297013967702242e+01 2.430560762294744137e+01 -1.964187103848011517e+01
2.000000000000000000e+02 1.382063555140730315e+00 2.328752788170178434e+01 2.332850304909181816e+01 -2.068848194291453879e+01
2.100000000000000000e+02 -4.647009245052686338e-02 2.238601677385268474e+01 2.238606500635397722e+01 -2.173712782263413956e+01
2.200000000000000000e+02 -1.317544462781291559e+00 2.143964684177295865e+01 2.148009264671246399e+01 -2.278782721353044494e+01
2.300000000000000000e+02 -2.439183221847303518e+00 2.046687420457479689e+01 2.061170915998065922e+01 -2.384058601996284210e+01
2.400000000000000000e+02 -3.420832399612709462e+00 1.948341862471498587e+01 1.978144826882326157e+01 -2.489539859518274767e+01
2.500000000000000000e+02 -4.272824576412778796e+00 1.850237605886641390e+01 1.898933778952046936e+01 -2.595224855352671156e+01
2.600000000000000000e+02 -5.005921402920459506e+00 1.753439856033343602e+01 1.823497688413232964e+01 -2.701111001613965001e+01
2.700000000000000000e+02 -5.630948914006970618e+00 1.658793551932348365e+01 1.751762513771172891e+01 -2.807194884063651230e+01
2.800000000000000000e+02 -6.158508319439860657e+00 1.566948310882258433e+01 1.683626816186669828e+01 -2.913472411379215643e+01
2.900000000000000000e+02 -6.598771630908498942e+00 1.478384057892824544e+01 1.618967971579574794e+01 -3.019938898487679069e+01
3.000000000000000000e+02 -6.961341269648371188e+00 1.393436872075161581e+01 1.557648560871067112e+01 -3.126589158400352630e+01
3.100000000000000000e+02 -7.255156365476160829e+00 1.312323370413226797e+01 1.499521779571015045e+01 -3.233417636103987292e+01
3.200000000000000000e+02 -7.488456638974612112e+00 1.235161700711085686e+01 1.444435618240401631e+01 -3.340418415455430790e+01
3.300000000000000000e+02 -7.668771843291532164e+00 1.161990273229368142e+01 1.392236334436173095e+01 -3.447585248466626240e+01
3.400000000000000000e+02 -7.802926065023336299e+00 1.092784256273924903e+01 1.342771008967039315e+01 -3.554911634145016563e+01
3.500000000000000000e+02 -7.897059959980609278e+00 1.027469858932028224e+01 1.295889606073407485e+01 -3.662390893966557570e+01
3.600000000000000000e+02 -7.956673530496467528e+00 9.659359250944266506e+00 1.251446662106322982e+01 -3.770016164998782671e+01
3.700000000000000000e+02 -7.986667817123385582e+00 9.080433418608745200e+00 1.209302004839407019e+01 -3.877780418688760733e+01
3.800000000000000000e+02 -7.991390676906743984e+00 8.536329245359151940e+00 1.169321349912529229e+01 -3.985676475840786992e+01
3.900000000000000000e+02 -7.974689314058467815e+00 8.025315952497948047e+00 1.131376885892479223e+01 -4.093696966310886864e+01
4.000000000000000000e+02 -7.939953444250706482e+00 7.545572589064710733e+00 1.095347097470538777e+01 -4.201834330582323673e+01
4.100000000000000000e+02 -7.890153179605587042e+00 7.095231330866801578e+00 1.061116510267152790e+01 -4.310080870570615019e+01
4.200000000000000000e+02 -7.827886458210781662e+00 6.672406962550997633e+00 1.028575816731750514e+01 -4.418428691047067502e+01
4.300000000000000000e+02 -7.755414735940270532e+00 6.275221346377345633e+00 9.976214746709766601e+00 -4.526869705937760813e+01
4.400000000000000000e+02 -7.674695371983697001e+00 5.901824155512697345e+00 9.681553460852299509e+00 -4.635395661706778014e+01
4.500000000000000000e+02 -7.587410691771744986e+00 5.550406506870124268e+00 9.400841100514272242e+00 -4.743998145136594502e+01
4.600000000000000000e+02 -7.494992528820549893e+00 5.219215925771105269e+00 9.133188265162313968e+00 -4.852668644101625262e+01
4.700000000000000000e+02 -7.398649644860612717e+00 4.906566366938464263e+00 8.877748029797185580e+00 -4.961398563683054874e+01
4.800000000000000000e+02 -7.299394059246771427e+00 4.610846851432589766e+00 8.633716599445042661e+00 -5.070179247481925700e+01
4.900000000000000000e+02 -7.198060308164095922e+00 4.330530265287972469e+00 8.400331218383147558e+00 -5.179002056075319160e+01
5.000000000000000000e+02 -7.095322671928840919e+00 4.064174035209042302e+00 8.176864582910418733e+00 -5.287858385294536845e+01
5.100000000000000000e+02 -6.991711199064015503e+00 3.810422669970504383e+00 7.962621830461516836e+00 -5.396739707362340965e+01
5.200000000000000000e+02 -6.887628531894305794e+00 3.568017988376414706e+00 7.756943931648738300e+00 -5.505637695972968970e+01
5.300000000000000000e+02 -6.783366936080244436e+00 3.335798392451913674e+00 7.559207491833483061e+00 -5.614544242420262776e+01
5.400000000000000000e+02 -6.679120631993336943e+00 3.112693408927198035e+00 7.368820304139455324e+00 -5.723451437554697208e+01
5.500000000000000000e+02 -6.574994038449341716e+00 2.897722822008419907e+00 7.185217057182951450e+00 -5.832351618905708790e+01
5.600000000000000000e+02 -6.471009497000271615e+00 2.690000894592416980e+00 7.007857641474726229e+00 -5.941237481091719275e+01
5.700000000000000000e+02 -6.367123626046208962e+00 2.488737401240897817e+00 6.836232670242516463e+00 -6.050102103672881526e+01
5.800000000000000000e+02 -6.263237804060175051e+00 2.293236162978242731e+00 6.669863558529491421e+00 -6.158938982019380859e+01
5.900000000000000000e+02 -6.159198991496142028e+00 2.102891504528135336e+00 6.508293547210643126e+00 -6.267742074561286358e+01
6.000000000000000000e+02 -6.054811219579631754e+00 1.917183975436027810e+00 6.351089142849128955e+00 -6.376505771071520456e+01
6.100000000000000000e+02 -5.949847187292456319e+00 1.735682470489545715e+00 6.197844398699974278e+00 -6.485224953027305617e+01
6.200000000000000000e+02 -5.844052623484760289e+00 1.558046718300652556e+00 6.048178291226751213e+00 -6.593895105731002104e+01
6.300000000000000000e+02 -5.737156818458491792e+00 1.384022895446610057e+00 5.901735993307831940e+00 -6.702512301067757505e+01
6.400000000000000000e+02 -5.628883738657373570e+00 1.213441788544713074e+00 5.758191827084957914e+00 -6.811073221756258533e+01
6.500000000000000000e+02 -5.518961500141673859e+00 1.046218658982337013e+00 5.617251064573207664e+00 -6.919575234066003588e+01
6.600000000000000000e+02 -5.407134042070108393e+00 8.823474189253404099e-01 5.478652709982413604e+00 -7.028016371833784603e+01
6.700000000000000000e+02 -5.293171521278612346e+00 7.218968674522808771e-01 5.342171828096916819e+00 -7.136395374699894489e+01
6.800000000000000000e+02 -5.176878231008038789e+00 5.650058459743805273e-01 5.207619400903847229e+00 -7.244711733437213752e+01
6.900000000000000000e+02 -5.058101499753886010e+00 4.118724352252316478e-01 5.074842823645957957e+00 -7.352965635345574924e+01
7.000000000000000000e+02 -4.936741525112568141e+00 2.627424497670793890e-01 4.943728398757397002e+00 -7.461157901661867697e+01
7.100000000000000000e+02 -4.812758163656773114e+00 1.178979509530230785e-01 4.814202017851331838e+00 -7.569289940935385630e+01
7.200000000000000000e+02 -4.686173523718319522e+00 -2.235465695367041400e-02 4.686226843110146589e+00 -7.677363703919175464e+01
7.300000000000000000e+02 -4.557075948668991572e+00 -1.576942451149824787e-01 4.559803578760797116e+00 -7.785381688793172827e+01
7.400000000000000000e+02 -4.425622785803923875e+00 -2.877999557221195270e-01 4.434970784203717820e+00 -7.893346839914107704e+01
7.500000000000000000e+02 -4.292039782504096124e+00 -4.123693472622146361e-01 4.311804027684847718e+00 -8.001262363997551574e+01
7.600000000000000000e+02 -4.156615345659440131e+00 -5.311337404384022243e-01 4.190412173283629471e+00 -8.109131572528248455e+01
7.700000000000000000e+02 -4.019688276946506100e+00 -6.438720215328289642e-01 4.070929258036049880e+00 -8.216957698153669298e+01
7.800000000000000000e+02 -3.881633421984215460e+00 -7.504185677387582576e-01 3.953505539324813078e+00 -8.324743777310045800e+01
7.900000000000000000e+02 -3.742849558013748634e+00 -8.506668118399118850e-01 3.838301295975811378e+00 -8.432492587125355499e+01
8.000000000000000000e+02 -3.603746391815529027e+00 -9.445773971384564538e-01 3.725481783032673189e+00 -8.540206405774951293e+01
8.100000000000000000e+02 -3.464729243613890119e+00 -1.032180929185043450e+00 3.615210395278064315e+00 -8.647886817238197921e+01
8.200000000000000000e+02 -3.326184535808520693e+00 -1.113573522904632407e+00 3.507641594742253677e+00 -8.755534631076741903e+01
8.300000000000000000e+02 -3.188466597703682570e+00 -1.188906665910792526e+00 3.402913208549288804e+00 -8.863149901224744553e+01
8.400000000000000000e+02 -3.051885328015410792e+00 -1.258372059262070630e+00 3.301136818565264530e+00 -8.970732036541220111e+01
8.500000000000000000e+02 -2.916696773098689022e+00 -1.322190482251971888e+00 3.202390940775658557e+00 -9.078279778679080891e+01
8.600000000000000000e+02 -2.783099878933889215e+00 -1.380603584574577436e+00 3.106720327590174247e+00 -9.185791120668639564e+01
8.700000000000000000e+02 -2.651240043472857799e+00 -1.433859611762606567e+00 3.014137879121984387e+00 -9.293263476824444069e+01
8.800000000000000000e+02 -2.521212165320513954e+00 -1.482198610303054220e+00 2.924623651505345201e+00 -9.400693890701047906e+01
8.900000000000000000e+02 -2.393064620852336510e+00 -1.525839225213683870e+00 2.838123256797673299e+00 -9.508079231642722107e+01
9.000000000000000000e+02 -2.266809420747220916e+00 -1.564965963139925531e+00 2.754549584918526417e+00 -9.615416516374368427e+01
9.100000000000000000e+02 -2.142434118909067209e+00 -1.599723514279947079e+00 2.673787440318668107e+00 -9.722703118745835127e+01
9.200000000000000000e+02 -2.019911997811089321e+00 -1.630217434799834164e+00 2.595699012525631399e+00 -9.829936815534608741e+01
9.300000000000000000e+02 -1.899214104283674320e+00 -1.656514355573054820e+00 2.520129763351413921e+00 -9.937115946461020144e+01
9.400000000000000000e+02 -1.780324198334701125e+00 -1.678640455349751148e+00 2.446913980816022960e+00 -1.004423978807526936e+02
9.500000000000000000e+02 -1.663252809816637035e+00 -1.696585871084296704e+00 2.375881631589797927e+00 -1.015130884782184921e+02
9.600000000000000000e+02 -1.548043766300572166e+00 -1.710318689980848905e+00 2.306865735945606843e+00 -1.025832476964631610e+02
9.700000000000000000e+02 -1.434776543648910829e+00 -1.719799380854620807e+00 2.239708382935834852e+00 -1.036529016615551768e+02
9.800000000000000000e+02 -1.323567087828545041e+00 -1.724990373883042549e+00 2.174263467469408351e+00 -1.047220859249022311e+02
9.900000000000000000e+02 -1.214565816995679892e+00 -1.725863404584654814e+00 2.110396790913718235e+00 -1.057908452414011435e+02
1.000000000000000000e+03 -1.107954608394446927e+00 -1.722407448307040845e+00 2.047987019550188581e+00 -1.068592330057817463e+02
1.010000000000000000e+03 -1.003943822251236684e+00 -1.714639615980065646e+00 1.986930348785455047e+00 -1.079273102210493249e+02
1.020000000000000000e+03 -9.027665423366990627e-01 -1.702613960194280240e+00 1.927143411220610059e+00 -1.089951443489646437e+02
1.030000000000000000e+03 -8.046698609055499274e-01 -1.686424385897694833e+00 1.868561156184130434e+00 -1.100628084614469913e+02
1.040000000000000000e+03 -7.099056901430028654e-01 -1.666208031282648827e+00 1.811136464325152406e+00 -1.111303797107842399e+02
1.050000000000000000e+03 -6.187200846650638963e-01 -1.642146520965956924e+00 1.754838949729729425e+00 -1.121979371209908010e+02
1.060000000000000000e+03 -5.313440125681350157e-01 -1.614462327234264416e+00 1.699651454196031253e+00 -1.132655604179812769e+02
1.070000000000000000e+03 -4.479867467270525760e-01 -1.583413626181056300e+00 1.645567025927212379e+00 -1.143333296857120018e+02
1.080000000000000000e+03 -3.688298165076989710e-01 -1.549290083560751263e+00 1.592587578930836356e+00 -1.154013244071811357e+02
1.090000000000000000e+03 -2.940215471065329988e-01 -1.512406489821536359e+00 1.540721279341990657e+00 -1.164696224075168658e+02
1.100000000000000000e+03 -2.236728106884746936e-01 -1.473096154192182095e+00 1.489980471595879541e+00 -1.175382985910252529e+02
1.110000000000000000e+03 -1.578570830211301346e-01 -1.431706200877007840e+00 1.440382415988759268e+00 -1.186074254690598622e+02
1.120000000000000000e+03 -9.660988864566737166e-02 -1.388590602746744507e+00 1.391947316754730934e+00 -1.196770731475877625e+02
1.130000000000000000e+03 -3.992621044146619363e-02 -1.344101103202163472e+00 1.344693971842474189e+00 -1.207473070545988207e+02
1.140000000000000000e+03 1.224062871692315271e-02 -1.298580950292389957e+00 1.298638640058762617e+00 -1.218181851411616918e+02
1.150000000000000000e+03 5.997460349420011966e-02 -1.252361743087906376e+00 1.253796988596824535e+00 -1.228897583774273272e+02
1.160000000000000000e+03 1.033894243550696618e-01 -1.205759781314077905e+00 1.210184293115327714e+00 -1.239620739580576867e+02
1.170000000000000000e+03 1.426241673775896224e-01 -1.159072803169010513e+00 1.167814803882113228e+00 -1.250351762635411461e+02
1.180000000000000000e+03 1.778412687996413499e-01 -1.112575927502511552e+00 1.126699920718174264e+00 -1.261091055164361450e+02
1.190000000000000000e+03 2.092234426532926794e-01 -1.066518735350553193e+00 1.086847119796265915e+00 -1.271838968208571288e+02
1.200000000000000000e+03 2.369702619420940015e-01 -1.021123967770461327e+00 1.048260016694424257e+00 -1.282595793614632953e+02
1.210000000000000000e+03 2.612949013332576120e-01 -9.765876737729611845e-01 1.010939419563823494e+00 -1.293361756454359295e+02
1.220000000000000000e+03 2.824180691415896782e-01 -9.330790427385697861e-01 9.748827959173295143e-01 -1.304137035075234223e+02
1.230000000000000000e+03 3.005638907438025198e-01 -8.907407183918885085e-01 9.400838685034171860e-01 -1.314921767476095624e+02
1.240000000000000000e+03 3.159586741948247623e-01 -8.496893310651435494e-01 9.065328693019809592e-01 -1.325716030950992206e+02
1.250000000000000000e+03 3.288270987958619718e-01 -8.100166101755906789e-01 8.742163174311369245e-01 -1.336519849721020989e+02
1.260000000000000000e+03 3.393882033084762440e-01 -7.717907398282166653e-01 8.431164205668998379e-01 -1.347333209700662451e+02
1.270000000000000000e+03 3.478538724042036789e-01 -7.350580940998094892e-01 8.132113613620043369e-01 -1.358156052442497526e+02
1.280000000000000000e+03 3.544277993471970922e-01 -6.998456047212314735e-01 7.844762172288738400e-01 -1.368988269776295397e+02
1.290000000000000000e+03 3.593053276009559038e-01 -6.661627543174827304e-01 7.568838310350440857e-01 -1.379829689974542077e+02
1.300000000000000000e+03 3.626728439208021237e-01 -6.340046421458453985e-01 7.304063786551182602e-01 -1.390680078727868647e+02
1.310000000000000000e+03 3.647064260397170354e-01 -6.033546512197669465e-01 7.050160369404303573e-01 -1.401539153139367500e+02
1.320000000000000000e+03 3.655710465968146639e-01 -5.741865500124844202e-01 6.806852314580724705e-01 -1.412406591934773417e+02
1.330000000000000000e+03 3.654186932599158277e-01 -5.464647341667059344e-01 6.573846112221315430e-01 -1.423282049206129045e+02
1.340000000000000000e+03 3.643875108713088284e-01 -5.201436000571167950e-01 6.350808001816509174e-01 -1.434165148471278428e+02
1.350000000000000000e+03 3.626040274931349727e-01 -4.951687078527415298e-01 6.137375090303637259e-01 -1.445055450203988414e+02
1.360000000000000000e+03 3.601834380207791786e-01 -4.714794024264087335e-01 5.933168933519691324e-01 -1.455952458823589097e+02
1.370000000000000000e+03 3.572283981400806718e-01 -4.490125275162245022e-01 5.737807754746024891e-01 -1.466855669090323318e+02
1.380000000000000000e+03 3.538295198189201352e-01 -4.277058333241482435e-01 5.550924328026745069e-01 -1.477764599656863425e+02
1.390000000000000000e+03 3.500684944833176160e-01 -4.074982667507692780e-01 5.372176358187599199e-01 -1.488678763342504112e+02
1.400000000000000000e+03 3.460193188501495820e-01 -3.883274579972896268e-01 5.201226621213098644e-01 -1.499597625350124872e+02
1.410000000000000000e+03 3.417460771983198975e-01 -3.701276368681585827e-01 5.037706311944429860e-01 -1.510520605647765251e+02
1.420000000000000000e+03 3.373044678872831881e-01 -3.528323737638414115e-01 4.881239474073673645e-01 -1.521447088098599068e+02
1.430000000000000000e+03 3.327456945580086756e-01 -3.363775871209747637e-01 4.731485795859695642e-01 -1.532376406405979878e+02
1.440000000000000000e+03 3.281163652498752525e-01 -3.207004541334730341e-01 4.588127400434793834e-01 -1.543307834543042247e+02
1.450000000000000000e+03 3.234561802020266552e-01 -3.057380520346398844e-01 4.450838763343625271e-01 -1.554240602666513098e+02
1.460000000000000000e+03 3.187961156870530721e-01 -2.914304169610006379e-01 4.319289887321938193e-01 -1.565173977352236818e+02
1.470000000000000000e+03 3.141585543877086217e-01 -2.777238915184588874e-01 4.193162973402436156e-01 -1.576107331707000299e+02
1.480000000000000000e+03 3.095612588904371743e-01 -2.645685710305983873e-01 4.072157926493090718e-01 -1.587040059451874470e+02
1.490000000000000000e+03 3.050197546818934069e-01 -2.519155990220058317e-01 3.955989380380317000e-01 -1.597971495943679940e+02
1.500000000000000000e+03 3.005459226953545171e-01 -2.397183836925222411e-01 3.844382331779155337e-01 -1.608900965169191011e+02
1.510000000000000000e+03 2.961477236827337878e-01 -2.279339238992535710e-01 3.737075700418384105e-01 -1.619827817668252976e+02
1.520000000000000000e+03 2.918298453646861468e-01 -2.165213527629824830e-01 3.633815554591186547e-01 -1.630751398828634819e+02
1.530000000000000000e+03 2.875929263105213018e-01 -2.054401670606028629e-01 3.534336621004532386e-01 -1.641671025091997365e+02
1.540000000000000000e+03 2.834336124908630739e-01 -1.946516231596988333e-01 3.438369774883529573e-01 -1.652586011831065207e+02
1.550000000000000000e+03 2.793466909637531970e-01 -1.841199690000499545e-01 3.345664907562889701e-01 -1.663495669260782961e+02
1.560000000000000000e+03 2.753257646865114316e-01 -1.738129433240159227e-01 3.255997788192888653e-01 -1.674399309728867138e+02
1.570000000000000000e+03 2.713612511225036439e-01 -1.637027856646610935e-01 3.169156522564646750e-01 -1.685296315800904665e+02
1.580000000000000000e+03 2.674392679939041062e-01 -1.537661935184194695e-01 3.084927946229203410e-01 -1.696186169776269139e+02
1.590000000000000000e+03 2.635442043589507621e-01 -1.439838163861303089e-01 3.003113168568698477e-01 -1.707068408800922441e+02
1.600000000000000000e+03 2.596609687360898477e-01 -1.343401148514371812e-01 2.923543828015273127e-01 -1.717942594751760055e+02
1.610000000000000000e+03 2.557748321768675837e-01 -1.248223188635173980e-01 2.846074068986441108e-01 -1.728808295634164551e+02
1.620000000000000000e+03 2.518715325861607957e-01 -1.154190808251553402e-01 2.770574545934926247e-01 -1.739665046612035155e+02
1.630000000000000000e+03 2.479360924250140208e-01 -1.061210259548253376e-01 2.696923767493064061e-01 -1.750512385458259246e+02
1.640000000000000000e+03 2.439509641439425724e-01 -9.692326297475428731e-02 2.624998891665147327e-01 -1.761349967884051466e+02
1.650000000000000000e+03 2.398969553389822262e-01 -8.782629576328032650e-02 2.554682121290490771e-01 -1.772177599601139946e+02
1.660000000000000000e+03 2.357546711097902592e-01 -7.883440154480013395e-02 2.485862583028518036e-01 -1.782995174604313320e+02
1.670000000000000000e+03 2.315046048396683376e-01 -6.995464456899176675e-02 2.418429952649961689e-01 -1.793802646769731837e+02
1.680000000000000000e+03 2.271284704014615019e-01 -6.119699180674052080e-02 2.352284291345368705e-01 -1.804600024381346088e+02
1.690000000000000000e+03 2.226123336692288068e-01 -5.257397784510248195e-02 2.287362547741773888e-01 -1.815387335281664036e+02
1.700000000000000000e+03 2.179466327446111795e-01 -4.409974389269925160e-02 2.223634910144111076e-01 -1.826164610979155327e+02
1.710000000000000000e+03 2.131239074812447953e-01 -3.578845721460433005e-02 2.161078749372075947e-01 -1.836931857331183835e+02
1.720000000000000000e+03 2.081366965959162707e-01 -2.765311682383480088e-02 2.099656622877492385e-01 -1.847689014863812531e+02
1.730000000000000000e+03 2.029769506162358572e-01 -1.970779850477508144e-02 2.039314585917794687e-01 -1.858436050751959954e+02
1.740000000000000000e+03 1.976369490820343022e-01 -1.197077156185652816e-02 1.979991490240318452e-01 -1.869173102876027883e+02
1.750000000000000000e+03 1.921116252929874202e-01 -4.462682601204802021e-03 1.921634515424623935e-01 -1.879900401490766626e+02
1.760000000000000000e+03 1.864004735159431880e-01 2.797789973168955755e-03 1.864214691383527522e-01 -1.890618062550902891e+02
1.770000000000000000e+03 1.805072540110877199e-01 9.794116736652803273e-03 1.807727675101383213e-01 -1.901326089914306579e+02
1.780000000000000000e+03 1.744384071109125189e-01 1.650922199419140382e-02 1.752178994459354655e-01 -1.912024536302003526e+02
1.790000000000000000e+03 1.682008768972912960e-01 2.292409270785252320e-02 1.697558511966405226e-01 -1.922713592996797445e+02
1.800000000000000000e+03 1.618039221117352211e-01 2.901755808311223123e-02 1.643853031382284668e-01 -1.933393632546421372e+02
1.810000000000000000e+03 1.552623438272479339e-01 3.476984748171545875e-02 1.591079435623259652e-01 -1.944065069602294216e+02
1.820000000000000000e+03 1.485941620868802826e-01 4.016733536271856198e-02 1.539273849464193045e-01 -1.954728086298626692e+02
1.830000000000000000e+03 1.418164920321805800e-01 4.519840039896510370e-02 1.488449287377259234e-01 -1.965382819363447311e+02
1.840000000000000000e+03 1.349454362577234001e-01 4.984872767140157562e-02 1.438581468573985334e-01 -1.976029633871590647e+02
1.850000000000000000e+03 1.279986059290612044e-01 5.410353981921744992e-02 1.389634345457564923e-01 -1.986669035275114084e+02
1.860000000000000000e+03 1.209958038199314967e-01 5.795207758815645177e-02 1.341582194232431302e-01 -1.997301408022370879e+02
1.870000000000000000e+03 1.139602435027188693e-01 6.138995464519844680e-02 1.294436697198379782e-01 -2.007926913944704950e+02
1.880000000000000000e+03 1.069188395812308845e-01 6.441736550409153661e-02 1.248248181888710201e-01 -2.018545674614675818e+02
1.890000000000000000e+03 9.989853387126428064e-02 6.703486838290982630e-02 1.203054057336667704e-01 -2.029157977095375145e+02
1.900000000000000000e+03 9.292360980624693456e-02 6.924320433139799502e-02 1.158853683840344179e-01 -2.039764166763394542e+02
1.910000000000000000e+03 8.601686736175152836e-02 7.104647292338940601e-02 1.115638955288988515e-01 -2.050364438313646929e+02
1.920000000000000000e+03 7.920366408691124904e-02 7.245169163202112850e-02 1.073427595375382321e-01 -2.060959089674573761e+02
1.930000000000000000e+03 7.251151196519317610e-02 7.346578086565765109e-02 1.032237391576142360e-01 -2.071548795174730344e+02
1.940000000000000000e+03 6.596631780069582562e-02 7.409764088021514317e-02 9.920693256116595860e-02 -2.082134272610754806e+02
1.950000000000000000e+03 5.959161691803893657e-02 7.436218939801651773e-02 9.529373546552147300e-02 -2.092715940275742810e+02
1.960000000000000000e+03 5.340955958701232992e-02 7.427916186806633736e-02 9.148756715041132803e-02 -2.103294077422050066e+02
1.970000000000000000e+03 4.744007969049966050e-02 7.386864580771779210e-02 8.779030695075067114e-02 -2.113869063990184713e+02
1.980000000000000000e+03 4.169936418363356934e-02 7.315066310371921843e-02 8.420128553551382844e-02 -2.124441228647635569e+02
1.990000000000000000e+03 3.619915410847603793e-02 7.214704056953580302e-02 8.071910691472894417e-02 -2.135010580908291900e+02
2.000000000000000000e+03 3.094931323286612829e-02 7.087916067290327138e-02 7.734155032892281456e-02 -2.145577142859563367e+02
2.010000000000000000e+03 2.596226867270928773e-02 6.936614809688382288e-02 7.406552434454752309e-02 -2.156141564750754469e+02
2.020000000000000000e+03 2.125108757091209027e-02 6.762817190321775140e-02 7.088849242237942050e-02 -2.166704824065676291e+02
2.030000000000000000e+03 1.682435901020168378e-02 6.568914113608856353e-02 6.780945597260840119e-02 -2.177267494858805890e+02
2.040000000000000000e+03 1.268518907730760252e-02 6.357538938598103484e-02 6.482857516177688295e-02 -2.187829618354119532e+02
2.050000000000000000e+03 8.835825319717731732e-03 6.131429765770881474e-02 6.194767878087670265e-02 -2.198391401588330041e+02
2.060000000000000000e+03 5.278381280650903083e-03 5.893306726080057428e-02 5.916897604074258799e-02 -2.208953457107167537e+02
2.070000000000000000e+03 2.009950636235191199e-03 5.645623808948852657e-02 5.649200581300965751e-02 -2.219516052585883301e+02
2.080000000000000000e+03 -9.762293910725340640e-04 5.390521537458897033e-02 5.391405446082511710e-02 -2.230079102353251130e+02
2.090000000000000000e+03 -3.687144513877034079e-03 5.129999360406583414e-02 5.143232814527657487e-02 -2.240642675776385033e+02
2.100000000000000000e+03 -6.130687002283359381e-03 4.865946860978809935e-02 4.904415570184605944e-02 -2.251206870917553999e+02
2.110000000000000000e+03 -8.315941903454684633e-03 4.600132591895333967e-02 4.674694509851314017e-02 -2.261771737522628314e+02
2.120000000000000000e+03 -1.025213365102809263e-02 4.334378772906764127e-02 4.453975953124373471e-02 -2.272337563710579218e+02
2.130000000000000000e+03 -1.194987577175887598e-02 4.070593636401390741e-02 4.242372904674480971e-02 -2.282904747972932000e+02
2.140000000000000000e+03 -1.342288414191214647e-02 3.810478404054926105e-02 4.039985625548801751e-02 -2.293473294348457046e+02
2.150000000000000000e+03 -1.468499005867564440e-02 3.555264672359895878e-02 3.846608404915211055e-02 -2.304043135922933061e+02
2.160000000000000000e+03 -1.574773506905449705e-02 3.305865021563871020e-02 3.661783054585673186e-02 -2.314614630365198025e+02
2.170000000000000000e+03 -1.662257136328177537e-02 3.063085235090765024e-02 3.485052358961770319e-02 -2.325188170112486148e+02
2.180000000000000000e+03 -1.732224259062780172e-02 2.827604244764524849e-02 3.316013668351799198e-02 -2.335763769196370276e+02
2.190000000000000000e+03 -1.786016495446385299e-02 2.600020631976521224e-02 3.154356068789662682e-02 -2.346341222752088811e+02
2.200000000000000000e+03 -1.825042123201672806e-02 2.380871875291863671e-02 2.999888270922146383e-02 -2.356920131484095577e+02
2.210000000000000000e+03 -1.850692720974895372e-02 2.170606450545946656e-02 2.852471894799514865e-02 -2.367500078232081364e+02
2.220000000000000000e+03 -1.864232194168874771e-02 1.969646811385854929e-02 2.711986400293733487e-02 -2.378081088282305586e+02
2.230000000000000000e+03 -1.866809088690147764e-02 1.778466997463865745e-02 2.578356266050965684e-02 -2.388663902677159285e+02
2.240000000000000000e+03 -1.859592825313862927e-02 1.597519726054725392e-02 2.451561696366779189e-02 -2.399249579840715398e+02
2.250000000000000000e+03 -1.843859517774467521e-02 1.426951690183962673e-02 2.331525047561436650e-02 -2.409838407141278367e+02
2.260000000000000000e+03 -1.820881688140362289e-02 1.266415671582801078e-02 2.217976279276992826e-02 -2.420429186884634305e+02
2.270000000000000000e+03 -1.791746964636184089e-02 1.115252018508829275e-02 2.110484363853709633e-02 -2.431019771457042680e+02
2.280000000000000000e+03 -1.757204245799998468e-02 9.730064724755696504e-03 2.008608562397585021e-02 -2.441609200049842912e+02
2.290000000000000000e+03 -1.717784418260421761e-02 8.397261141667470771e-03 1.912046875584351435e-02 -2.452199039129406231e+02
2.300000000000000000e+03 -1.674099509650553777e-02 7.155554847130912895e-03 1.820612210196122932e-02 -2.462791466577785400e+02
2.310000000000000000e+03 -1.626838458353629252e-02 6.004190695479137349e-03 1.734101043381035268e-02 -2.473387846706270352e+02
2.320000000000000000e+03 -1.576524424486212134e-02 4.940387349375675169e-03 1.652120919491153334e-02 -2.483989012012325759e+02
2.330000000000000000e+03 -1.523577828542050684e-02 3.958272829455548175e-03 1.574156484454125246e-02 -2.494594038366155928e+02
2.340000000000000000e+03 -1.468588064879519997e-02 3.050316254497123427e-03 1.499931730723457618e-02 -2.505200142044931795e+02
2.350000000000000000e+03 -1.412190174717953967e-02 2.210998509391622242e-03 1.429393659442788032e-02 -2.515805264639727454e+02
2.360000000000000000e+03 -1.354831987980702722e-02 1.437764626667014300e-03 1.362439498426514482e-02 -2.526409475892525620e+02
2.370000000000000000e+03 -1.296776389971969652e-02 7.284848973467127238e-04 1.298820968434586179e-02 -2.537013396575520403e+02
2.380000000000000000e+03 -1.238320823151770229e-02 7.872387439889104639e-05 1.238345846496559897e-02 -2.547615792620440800e+02
2.390000000000000000e+03 -1.179853407367426575e-02 -5.179829934789009814e-04 1.180989892713676069e-02 -2.558213478947454007e+02
2.400000000000000000e+03 -1.121720043729580382e-02 -1.067022816385032862e-03 1.126783578781459863e-02 -2.568803835944269167e+02
2.410000000000000000e+03 -1.064256215747004693e-02 -1.570472217506987305e-03 1.075781168554157223e-02 -2.579387141232737690e+02
2.420000000000000000e+03 -1.007815883129380315e-02 -2.028392664303565671e-03 1.028025594182293764e-02 -2.589966092827284569e+02
2.430000000000000000e+03 -9.525785122103112498e-03 -2.441877733568435446e-03 9.833786099879249579e-03 -2.600542815351962531e+02
2.440000000000000000e+03 -8.984311516035535516e-03 -2.814654121983093098e-03 9.414888806755242201e-03 -2.611116217562116049e+02
2.450000000000000000e+03 -8.451739463609836064e-03 -3.151657712068308380e-03 9.020246465301241107e-03 -2.621682933123936436e+02
2.460000000000000000e+03 -7.927848354858799823e-03 -3.457368939317175850e-03 8.648940947896022885e-03 -2.632239836513035129e+02
2.470000000000000000e+03 -7.414366758428556428e-03 -3.735660687211895484e-03 8.302288551867540931e-03 -2.642785064907819219e+02
2.480000000000000000e+03 -6.913679657966989751e-03 -3.989398503883584066e-03 7.982121700135567585e-03 -2.653318637233611526e+02
2.490000000000000000e+03 -6.427318889556411612e-03 -4.219222098749269081e-03 7.688449988562248531e-03 -2.663843249666913380e+02
2.500000000000000000e+03 -5.955962768708976222e-03 -4.424465085883253455e-03 7.419527195074319091e-03 -2.674363042024816082e+02
2.510000000000000000e+03 -5.500462537430759850e-03 -4.606104240830356279e-03 7.174349057794346569e-03 -2.684880867507367839e+02
2.520000000000000000e+03 -5.061525168468665112e-03 -4.767271873662860815e-03 6.953122906180987835e-03 -2.695397528111885777e+02
2.530000000000000000e+03 -4.639039888526613580e-03 -4.910902739109976323e-03 6.755564876480640163e-03 -2.705913640768733330e+02
2.540000000000000000e+03 -4.232071974801810028e-03 -5.038457020369314400e-03 6.580006257292748094e-03 -2.716430585487269695e+02
2.550000000000000000e+03 -3.839877908733343136e-03 -5.150722870859745367e-03 6.424531768648670572e-03 -2.726950423431231911e+02
2.560000000000000000e+03 -3.462790540607950211e-03 -5.248683048384469689e-03 6.288051532114092602e-03 -2.737476208259985242e+02
2.570000000000000000e+03 -3.101940817021179957e-03 -5.333549772326218533e-03 6.169991086394135439e-03 -2.748011986733814638e+02
2.580000000000000000e+03 -2.757781354838248142e-03 -5.405998249100292877e-03 6.068786952132107157e-03 -2.758561472988405399e+02
2.590000000000000000e+03 -2.428622217485059548e-03 -5.465514638449076035e-03 5.980807314933593404e-03 -2.769125743495782217e+02
2.600000000000000000e+03 -2.112409342332613200e-03 -5.511203178863187391e-03 5.902171948383561247e-03 -2.779704476539629923e+02
2.610000000000000000e+03 -1.808792690457606926e-03 -5.542813563256218309e-03 5.830481386135278471e-03 -2.790298611141400897e+02
2.620000000000000000e+03 -1.518337413534763319e-03 -5.561109136930801611e-03 5.764658128128213530e-03 -2.800909574651803382e+02
2.630000000000000000e+03 -1.240962516810786192e-03 -5.567724003255977543e-03 5.704343831201107683e-03 -2.811537262181166739e+02
2.640000000000000000e+03 -9.759907359512745703e-04 -5.564147238568357967e-03 5.649096601150540957e-03 -2.822180663205728592e+02
2.650000000000000000e+03 -7.227476981808862982e-04 -5.550991173272470935e-03 5.597844874679419429e-03 -2.832838989194729038e+02
2.660000000000000000e+03 -4.803980361821452152e-04 -5.528016623767667906e-03 5.548851238393343738e-03 -2.843511103576121286e+02
2.670000000000000000e+03 -2.485524500417908090e-04 -5.494404769177752348e-03 5.500023826128847340e-03 -2.854196322672445376e+02
2.680000000000000000e+03 -2.825027770603697784e-05 -5.449335359690095880e-03 5.449408586310927095e-03 -2.864896098354093397e+02
2.690000000000000000e+03 1.788880329414072100e-04 -5.392435471967011590e-03 5.395401861553755611e-03 -2.875612639890031801e+02
2.700000000000000000e+03 3.726378070626469000e-04 -5.324274691899189352e-03 5.337298935796145304e-03 -2.886345511906599768e+02
2.710000000000000000e+03 5.540954859657100558e-04 -5.245523161491742921e-03 5.274707105168391363e-03 -2.897091839154505806e+02
2.720000000000000000e+03 7.239387877005685427e-04 -5.156346130645364338e-03 5.206917781889665135e-03 -2.907849398038088111e+02
2.730000000000000000e+03 8.821219838330369902e-04 -5.056892506943481448e-03 5.133254427859840728e-03 -2.918617239072581242e+02
2.740000000000000000e+03 1.028647231561171218e-03 -4.947243059869745052e-03 5.053051456340794390e-03 -2.929394233075128113e+02
2.750000000000000000e+03 1.163810766460757207e-03 -4.827771295216854233e-03 4.966067979704848721e-03 -2.940178731798566787e+02
2.760000000000000000e+03 1.287644361770148892e-03 -4.699856860590012966e-03 4.873056793475063174e-03 -2.950970124719391379e+02
2.770000000000000000e+03 1.399561501054854412e-03 -4.565225150818158321e-03 4.774940111969739991e-03 -2.961769522618467363e+02
2.780000000000000000e+03 1.498746082523661535e-03 -4.425294988283708097e-03 4.672202430675379339e-03 -2.972578735008038961e+02
2.790000000000000000e+03 1.584498476466126259e-03 -4.281556694924084153e-03 4.565343705984547217e-03 -2.983399795420398846e+02
2.800000000000000000e+03 1.656599578211139260e-03 -4.135349628730041957e-03 4.454821962140240177e-03 -2.994234066775686642e+02
2.810000000000000000e+03 1.715450540638387448e-03 -3.987249378886960870e-03 4.340613800698121631e-03 -3.005081301242094582e+02
2.820000000000000000e+03 1.761778701101274344e-03 -3.836833446606026030e-03 4.221984733350983045e-03 -3.015939679513770102e+02
2.830000000000000000e+03 1.796630586154656295e-03 -3.683809436374008671e-03 4.098577000206854448e-03 -3.026806583798301631e+02
2.840000000000000000e+03 1.820835427766928465e-03 -3.529682810505308400e-03 3.971662422435701806e-03 -3.037681677910964595e+02
2.850000000000000000e+03 1.834874998492191933e-03 -3.376737353701122525e-03 3.843061463985735296e-03 -3.048566738757702979e+02
2.860000000000000000e+03 1.839770727117952774e-03 -3.226122630843205035e-03 3.713842155719438397e-03 -3.059461511324246317e+02
2.870000000000000000e+03 1.836480666589021971e-03 -3.078780296139397438e-03 3.584905765937433045e-03 -3.070365865379305319e+02
2.880000000000000000e+03 1.824965617500819148e-03 -2.936353662008538319e-03 3.457263706090569610e-03 -3.081283418514344703e+02
2.890000000000000000e+03 1.804893703783651271e-03 -2.800729764338231662e-03 3.331925643649322980e-03 -3.092219712048367910e+02
2.900000000000000000e+03 1.776873721970257010e-03 -2.673347374388753903e-03 3.209994767593816502e-03 -3.103178118996933676e+02
2.910000000000000000e+03 1.742341837964572629e-03 -2.554485013871118232e-03 3.092110729972956558e-03 -3.114158338009818294e+02
2.920000000000000000e+03 1.702761100416100683e-03 -2.443698935194853206e-03 2.978432448614994153e-03 -3.125158529205230025e+02
2.930000000000000000e+03 1.659631420424076799e-03 -2.340940263592596222e-03 2.869560553354435356e-03 -3.136177120552679298e+02
2.940000000000000000e+03 1.614630206211852426e-03 -2.246903522616214375e-03 2.766876604179680822e-03 -3.147213237291060182e+02
2.950000000000000000e+03 1.569056404510646647e-03 -2.161723982838729182e-03 2.671139939897574159e-03 -3.158265699730089295e+02
2.960000000000000000e+03 1.523577204087250706e-03 -2.084458959120377708e-03 2.581909496684872771e-03 -3.169332466533953152e+02
2.970000000000000000e+03 1.478674140517953310e-03 -2.014447864918786271e-03 2.498895238762994728e-03 -3.180412210981783687e+02
2.980000000000000000e+03 1.435206686002580764e-03 -1.951527044554752675e-03 2.422452483987068157e-03 -3.191503164132014376e+02
2.990000000000000000e+03 1.394290111403261468e-03 -1.895091740389400403e-03 2.352746824299003364e-03 -3.202601152480834230e+02
3.000000000000000000e+03 1.356579553062766926e-03 -1.844239740667906685e-03 2.289438425650885175e-03 -3.213702196814854233e+02
3.010000000000000000e+03 1.322089269198391259e-03 -1.798451271177677491e-03 2.232117158782249110e-03 -3.224805117684930451e+02
3.020000000000000000e+03 1.290811737605690283e-03 -1.757621010628223788e-03 2.180694054410751027e-03 -3.235909780935204481e+02
3.030000000000000000e+03 1.263126573837929914e-03 -1.721784588641522319e-03 2.135422888146281013e-03 -3.247014938985823846e+02
3.040000000000000000e+03 1.239548057794568215e-03 -1.691108806511307586e-03 2.096742326334446408e-03 -3.258119070215960846e+02
3.050000000000000000e+03 1.220273355782110604e-03 -1.666011336904897654e-03 2.065105526971291929e-03 -3.269222502319058208e+02
3.060000000000000000e+03 1.205025395854447071e-03 -1.646969712404476420e-03 2.040734043973356851e-03 -3.280327644978930834e+02
3.070000000000000000e+03 1.193160922754261857e-03 -1.634276723101102911e-03 2.023485457140199173e-03 -3.291437925064655019e+02
3.080000000000000000e+03 1.183999375156355015e-03 -1.627933918743520525e-03 2.012963825846424658e-03 -3.302556103686528672e+02
3.090000000000000000e+03 1.177517773595765241e-03 -1.627383744046128570e-03 2.008712512411749487e-03 -3.313680588184092812e+02
3.100000000000000000e+03 1.174822781899217961e-03 -1.631472826006868720e-03 2.010450733260642740e-03 -3.324803371267378793e+02
3.110000000000000000e+03 1.177153394852439167e-03 -1.639088310960087457e-03 2.017994203693017265e-03 -3.335916051612663296e+02
3.120000000000000000e+03 1.184662271582777055e-03 -1.649711358787632302e-03 2.031002773268564699e-03 -3.347016532867373257e+02
3.130000000000000000e+03 1.196901135648264104e-03 -1.662962132684926882e-03 2.048905899073967789e-03 -3.358105736083201123e+02
3.140000000000000000e+03 1.213724692479009040e-03 -1.677837774051567366e-03 2.070813179687531255e-03 -3.369181761272495805e+02
3.150000000000000000e+03 1.234988000952504800e-03 -1.693255006954627693e-03 2.095783357380619390e-03 -3.380242673153387614e+02
3.160000000000000000e+03 1.260457322184626184e-03 -1.708966532833886736e-03 2.123515780820833636e-03 -3.391289369029384488e+02
3.170000000000000000e+03 1.290208736752446531e-03 -1.725359851528938601e-03 2.154415280687617049e-03 -3.402323398008704203e+02
3.180000000000000000e+03 1.324578267963944086e-03 -1.742620631608454403e-03 2.188888817110136008e-03 -3.413344873955908270e+02
3.190000000000000000e+03 1.363551743286462717e-03 -1.760124240442653264e-03 2.226501897240013277e-03 -3.424353089585715111e+02
3.200000000000000000e+03 1.406830708546477323e-03 -1.776662691207199800e-03 2.266208940242932148e-03 -3.435346808722054561e+02
3.210000000000000000e+03 1.454125305671802012e-03 -1.791290533390179100e-03 2.307206574975111373e-03 -3.446325458727407636e+02
3.220000000000000000e+03 1.505211570872280660e-03 -1.804044829718732179e-03 2.349519019017017561e-03 -3.457290855245997250e+02
3.230000000000000000e+03 1.559812734169991992e-03 -1.815656666155830712e-03 2.393663488261240768e-03 -3.468246779702452045e+02
3.240000000000000000e+03 1.617254688808339403e-03 -1.826829767163127378e-03 2.439840102684158463e-03 -3.479198033464429614e+02
3.250000000000000000e+03 1.676545981068383855e-03 -1.837819055379921870e-03 2.487646539795012549e-03 -3.490148850536407394e+02
3.260000000000000000e+03 1.736817645408000573e-03 -1.848519674936901364e-03 2.536446435868382112e-03 -3.501101727104112911e+02
3.270000000000000000e+03 1.797581577339499477e-03 -1.858692297417260204e-03 2.585737145122956031e-03 -3.512057399268809377e+02
3.280000000000000000e+03 1.858777453110359822e-03 -1.868068024970884590e-03 2.635285898362843115e-03 -3.523015204220779424e+02
3.290000000000000000e+03 1.920649892911459366e-03 -1.876514105743266707e-03 2.685181781592123947e-03 -3.533974047169119785e+02
3.300000000000000000e+03 1.983582911916942793e-03 -1.884054560452483274e-03 2.735738064071686470e-03 -3.544932995972791332e+02
3.310000000000000000e+03 2.047695828153901342e-03 -1.890737379138094591e-03 2.787103521850037551e-03 -3.555891956101031042e+02
3.320000000000000000e+03 2.112531069181137339e-03 -1.896637349248882264e-03 2.839017568248112296e-03 -3.566852295103254846e+02
3.330000000000000000e+03 2.177511498555303841e-03 -1.901892348188869743e-03 2.891150433727020328e-03 -3.577815664885421825e+02
3.340000000000000000e+03 2.242653235939002544e-03 -1.906688349372357132e-03 2.943629392145003659e-03 -3.588782355546963458e+02
3.350000000000000000e+03 2.308449848708963095e-03 -1.911039275337628575e-03 2.996833631666496415e-03 -3.599751200473900781e+02
3.360000000000000000e+03 2.375270916654795977e-03 -1.914482415086972509e-03 3.050762993938296950e-03 -3.610720217589032472e+02
3.370000000000000000e+03 2.443015478565926241e-03 -1.916259783156543757e-03 3.104895519185124891e-03 -3.621687749543358450e+02
3.380000000000000000e+03 2.511325169319654667e-03 -1.915894318837821830e-03 3.158703079906915404e-03 -3.632653365979323894e+02
3.390000000000000000e+03 2.580011817952175719e-03 -1.913374282432857071e-03 3.212080653633769042e-03 -3.643617421650477581e+02
3.400000000000000000e+03 2.649083246955960882e-03 -1.908795404117786133e-03 3.265140417207798833e-03 -3.654580141875067056e+02
3.410000000000000000e+03 2.718501729549621139e-03 -1.902163971025376760e-03 3.317902865701663744e-03 -3.665541609706620534e+02
3.420000000000000000e+03 2.788058649676342180e-03 -1.893685135802718883e-03 3.370358204641642121e-03 -3.676502675568453355e+02
3.430000000000000000e+03 2.857437929083017983e-03 -1.883867159210814895e-03 3.422558544731597961e-03 -3.687465044706029289e+02
3.440000000000000000e+03 2.926365553189758540e-03 -1.873196817912417848e-03 3.474547692798705695e-03 -3.698430208427574826e+02
3.450000000000000000e+03 2.994784143656191444e-03 -1.861676319776627312e-03 3.526268677612583169e-03 -3.709398085597500767e+02
3.460000000000000000e+03 3.062801689833683210e-03 -1.848806174219392315e-03 3.577546430317824801e-03 -3.720367154502069411e+02
3.470000000000000000e+03 3.130418288169290776e-03 -1.834324730557147136e-03 3.628259345200988452e-03 -3.731336672910232437e+02
3.480000000000000000e+03 3.197620831835282489e-03 -1.818724220607592385e-03 3.678659643784901612e-03 -3.742307722219386505e+02
3.490000000000000000e+03 3.264425861039352283e-03 -1.802586425354283598e-03 3.729047334520447024e-03 -3.753281531533896782e+02
3.500000000000000000e+03 3.330664905018416652e-03 -1.785938219695504129e-03 3.779272950461568144e-03 -3.764258242131456882e+02
3.510000000000000000e+03 3.395947266851838658e-03 -1.768577457922320849e-03 3.828880262414776758e-03 -3.775237708099253382e+02
3.520000000000000000e+03 3.459797693821916719e-03 -1.750589247193603138e-03 3.877468606522213763e-03 -3.786220497287993680e+02
3.530000000000000000e+03 3.521853577380324677e-03 -1.732329057013895458e-03 3.924846058418245999e-03 -3.797207598549883869e+02
3.540000000000000000e+03 3.581912682565977727e-03 -1.714128590925001515e-03 3.970936324313641477e-03 -3.808199711872796911e+02
3.550000000000000000e+03 3.639827623544048853e-03 -1.696069628914216414e-03 4.015594266760466081e-03 -3.819196886353772129e+02
3.560000000000000000e+03 3.695497063747014456e-03 -1.677967045823791636e-03 4.058604680802680234e-03 -3.830198521542370145e+02
3.570000000000000000e+03 3.749065178308347030e-03 -1.659654021425941740e-03 4.099992827071713419e-03 -3.841203833293959633e+02
3.580000000000000000e+03 3.801057985196644364e-03 -1.641079738766346423e-03 4.140191362221871084e-03 -3.852211974259007548e+02
3.590000000000000000e+03 3.852020574770220838e-03 -1.622130829349805901e-03 4.179637656063045839e-03 -3.863222019808753771e+02
3.600000000000000000e+03 3.902017787322489568e-03 -1.602762976948642623e-03 4.218363660574841502e-03 -3.874233705269314214e+02
3.610000000000000000e+03 3.950706424944535299e-03 -1.583211667272153064e-03 4.256129748901541464e-03 -3.885247747467383306e+02
3.620000000000000000e+03 3.997846258252159453e-03 -1.563837792718564181e-03 4.292826964432140506e-03 -3.896265006529139896e+02
3.630000000000000000e+03 4.043579296001601105e-03 -1.544784277125540615e-03 4.328613171202421415e-03 -3.907285524377317074e+02
3.640000000000000000e+03 4.088238257762949121e-03 -1.525817643864897655e-03 4.363692419793821844e-03 -3.918308397465205530e+02
3.650000000000000000e+03 4.132135118469786386e-03 -1.506558060951274048e-03 4.398210753057268073e-03 -3.929332472894679995e+02
3.660000000000000000e+03 4.175572997123499878e-03 -1.486522902395960360e-03 4.432286113695125922e-03 -3.940356434051833503e+02
3.670000000000000000e+03 4.218751223452437728e-03 -1.465020663714456262e-03 4.465887082147485844e-03 -3.951378647627849432e+02
3.680000000000000000e+03 4.261866017333913390e-03 -1.441436736900157363e-03 4.499026763222353092e-03 -3.962397690339923884e+02
3.690000000000000000e+03 4.305330886583348844e-03 -1.415205362745112485e-03 4.531962076376090838e-03 -3.973412131946845420e+02
3.700000000000000000e+03 4.349327189411009500e-03 -1.385916049997893253e-03 4.564801233152614678e-03 -3.984421078637350888e+02
3.710000000000000000e+03 4.393445758542293376e-03 -1.353190462124409911e-03 4.597117581706795970e-03 -3.995424112800342300e+02
3.720000000000000000e+03 4.437080070087986126e-03 -1.316353919309006448e-03 4.628225058189390506e-03 -4.006420294545893057e+02
3.730000000000000000e+03 4.479937530227523154e-03 -1.274627045027976538e-03 4.657737044816702768e-03 -4.017408235584177874e+02
3.740000000000000000e+03 4.521985187994641622e-03 -1.227383880993842625e-03 4.685597211857464410e-03 -4.028386697536175234e+02
3.750000000000000000e+03 4.563168961134699865e-03 -1.174061844777610176e-03 4.711786517153100651e-03 -4.039354582126264290e+02
3.760000000000000000e+03 4.603175102867558370e-03 -1.114230917057620505e-03 4.736109327727435966e-03 -4.050311184592587779e+02
3.770000000000000000e+03 4.641480339641471976e-03 -1.047824436263300810e-03 4.758284963356946076e-03 -4.061256596751989036e+02
3.780000000000000000e+03 4.677623644844523809e-03 -9.749669106416754185e-04 4.778150629653144833e-03 -4.072191194294250067e+02
3.790000000000000000e+03 4.711076085866048452e-03 -8.958072742292443307e-04 4.795488354628858925e-03 -4.083115353144677329e+02
3.800000000000000000e+03 4.741048679593002843e-03 -8.107059225881097474e-04 4.809863477812025348e-03 -4.094029885472608044e+02
3.810000000000000000e+03 4.766925861054364076e-03 -7.202003823818304597e-04 4.821023828562955894e-03 -4.104935781123206198e+02
3.820000000000000000e+03 4.788702332330534335e-03 -6.246130951369744614e-04 4.829266149870442906e-03 -4.115833318709385367e+02
3.830000000000000000e+03 4.806685912923371225e-03 -5.238307907292509341e-04 4.835145102560212821e-03 -4.126721806171472622e+02
3.840000000000000000e+03 4.820970180469116156e-03 -4.174683477489092532e-04 4.839011603865466145e-03 -4.137600081705265325e+02
3.850000000000000000e+03 4.831178816782666884e-03 -3.053173575383105265e-04 4.840816816255676287e-03 -4.148467427316303429e+02
3.860000000000000000e+03 4.836790248890666423e-03 -1.877235925619467677e-04 4.840431805011635551e-03 -4.159324215203924382e+02
3.870000000000000000e+03 4.837621141152464131e-03 -6.538763727955984129e-05 4.838063026504953699e-03 -4.170171450483604758e+02
3.880000000000000000e+03 4.833570466312863897e-03 6.117782127772434934e-05 4.833957610346644590e-03 -4.181009732021420859e+02
3.890000000000000000e+03 4.824224698468567926e-03 1.917215951208691457e-04 4.828032840748893578e-03 -4.191839088566856049e+02
3.900000000000000000e+03 4.809232119406183815e-03 3.259276356979015979e-04 4.820263727436468679e-03 -4.202659616146981421e+02
3.910000000000000000e+03 4.788650341957349788e-03 4.633731004733711561e-04 4.811017223807305052e-03 -4.213471648531644291e+02
3.920000000000000000e+03 4.762686920416946135e-03 6.037002878393922783e-04 4.800795844383306393e-03 -4.224275455452762458e+02
3.930000000000000000e+03 4.731458280501598529e-03 7.465804028046029838e-04 4.789997887053712433e-03 -4.235071289569660280e+02
3.940000000000000000e+03 4.695037603143778840e-03 8.915401628100466051e-04 4.778935232542647245e-03 -4.245859737171003303e+02
3.950000000000000000e+03 4.653490304358513796e-03 1.038048203500199513e-03 4.767862842568846606e-03 -4.256641539060076411e+02
3.960000000000000000e+03 4.606883094377038287e-03 1.185836815769553696e-03 4.757055896128552924e-03 -4.267416931230645787e+02
3.970000000000000000e+03 4.555237492345143996e-03 1.334881613631740474e-03 4.746798661632801487e-03 -4.278185670842734112e+02
3.980000000000000000e+03 4.498424562949706815e-03 1.485106787200405482e-03 4.737231862378911071e-03 -4.288947562002443306e+02
3.990000000000000000e+03 4.436209195199308959e-03 1.636203000145391865e-03 4.728330813432546353e-03 -4.299702797735239983e+02
4.000000000000000000e+03 4.368462337552904071e-03 1.787569787803036051e-03 4.720049675679734852e-03 -4.310452182002600807e+02
4.010000000000000000e+03 4.295277129080309932e-03 1.938422530559347949e-03 4.712418436703227735e-03 -4.321197018749652443e+02
4.020000000000000000e+03 4.216826640718781757e-03 2.088018290106389944e-03 4.705469933778607707e-03 -4.331938585233985464e+02
4.030000000000000000e+03 4.133139518486572336e-03 2.235711138239289842e-03 4.699068692083850987e-03 -4.342677816100024302e+02
4.040000000000000000e+03 4.044033665745497622e-03 2.380885550915806583e-03 4.692848207245001874e-03 -4.353415302246991132e+02
4.050000000000000000e+03 3.949297226665753058e-03 2.523082677934481832e-03 4.686458661318036907e-03 -4.364151191222637181e+02
4.060000000000000000e+03 3.848891742153044866e-03 2.662065446091617989e-03 4.679803423445141539e-03 -4.374885330664491789e+02
4.070000000000000000e+03 3.743045448717500188e-03 2.797572488664041429e-03 4.672986310754046260e-03 -4.385617908714630175e+02
4.080000000000000000e+03 3.632203785383805381e-03 2.929212095191741690e-03 4.666174861401363796e-03 -4.396349643101650031e+02
4.090000000000000000e+03 3.516920218549214518e-03 3.056625579028498206e-03 4.659580212209202439e-03 -4.407081393914330079e+02
4.100000000000000000e+03 3.397795656310951228e-03 3.179623932706514364e-03 4.653495855320557983e-03 -4.417813888701589349e+02
4.110000000000000000e+03 3.275361656913132902e-03 3.298178069879728006e-03 4.648222516641421949e-03 -4.428547602884255525e+02
4.120000000000000000e+03 3.149988186615979013e-03 3.412320990365550356e-03 4.643959530089549967e-03 -4.439282768114208011e+02
4.130000000000000000e+03 3.021946543125941971e-03 3.522054149074967805e-03 4.640800182999373948e-03 -4.450019571778545355e+02
4.140000000000000000e+03 2.891550916063319494e-03 3.627304122244611601e-03 4.638793150749381290e-03 -4.460758414375277994e+02
4.150000000000000000e+03 2.759213947971304263e-03 3.727938527474457860e-03 4.637972323689288669e-03 -4.471499968821202060e+02
4.160000000000000000e+03 2.625387846023077842e-03 3.823833650149508021e-03 4.638358020470326366e-03 -4.482244989944512668e+02
4.170000000000000000e+03 2.490468196399467024e-03 3.914955664029448092e-03 4.639968716337801967e-03 -4.492994045931254163e+02
4.180000000000000000e+03 2.354730803169414414e-03 4.001373113483207983e-03 4.642816381109765404e-03 -4.503747394172503391e+02
4.190000000000000000e+03 2.218426832200487246e-03 4.083121965425914879e-03 4.646859433463709950e-03 -4.514505303737096256e+02
4.200000000000000000e+03 2.081933582702303297e-03 4.160143022181945344e-03 4.652014338734649160e-03 -4.650932092964756635e+02
