0.000000000000000000e+00 5.349492846045059702e-01 3.568416242252996917e-01
1.000000000000000000e+01 5.277509611781829868e-01 3.640409742148749683e-01
2.000000000000000000e+01 5.205815070776464992e-01 3.712118329347814383e-01
3.000000000000000000e+01 5.134611846459935514e-01 3.783332074322612870e-01
4.000000000000000000e+01 5.064114956115017829e-01 3.853838394745804918e-01
5.000000000000000000e+01 4.994534455542958828e-01 3.923424734041469075e-01
6.000000000000000000e+01 4.926079995079790663e-01 3.991884611105319669e-01
7.000000000000000000e+01 4.858948572959846390e-01 4.059020991443968995e-01
8.000000000000000000e+01 4.793319819517946057e-01 4.124653084957934368e-01
9.000000000000000000e+01 4.729355138685918392e-01 4.188619864521309633e-01
1.000000000000000000e+02 4.667194438097590492e-01 4.250782170141795269e-01
1.100000000000000000e+02 4.606954677484508265e-01 4.311022873366249231e-01
1.200000000000000000e+02 4.548729624144556283e-01 4.369248381322953789e-01
1.300000000000000000e+02 4.492591232462939121e-01 4.425387157554799833e-01
1.400000000000000000e+02 4.438590548152997473e-01 4.479388977207853229e-01
1.500000000000000000e+02 4.386758963503105679e-01 4.531222438037970646e-01
1.600000000000000000e+02 4.337109866172583761e-01 4.580873378355441172e-01
1.700000000000000000e+02 4.289642167084034008e-01 4.628342454189319777e-01
1.800000000000000000e+02 4.244343210693408697e-01 4.673643129285102171e-01
1.900000000000000000e+02 4.201190384609013728e-01 4.716798470391380671e-01
2.000000000000000000e+02 4.160152529635022800e-01 4.757839349301924980e-01
2.100000000000000000e+02 4.121192033826139300e-01 4.796802741908153256e-01
2.200000000000000000e+02 4.084267975258085714e-01 4.833728615310621812e-01
2.300000000000000000e+02 4.049338582451746382e-01 4.868658156379921387e-01
2.400000000000000000e+02 4.016362286861195341e-01 4.901633710048146075e-01
2.500000000000000000e+02 3.985297741615538292e-01 4.932697515067954175e-01
2.600000000000000000e+02 3.956104243536031628e-01 4.961890914980496836e-01
2.700000000000000000e+02 3.928743137664487683e-01 4.989252918620881161e-01
2.800000000000000000e+02 3.903177801559611915e-01 5.014820767567194082e-01
2.900000000000000000e+02 3.879372509013541692e-01 5.038629823030248422e-01
3.000000000000000000e+02 3.857292052649780034e-01 5.060714494747818870e-01
3.100000000000000000e+02 3.836902323807348525e-01 5.081109270397191624e-01
3.200000000000000000e+02 3.818169616779984454e-01 5.099848617224311820e-01
3.300000000000000000e+02 3.801057625191999190e-01 5.116968462495835590e-01
3.400000000000000000e+02 3.785527179850121660e-01 5.132507151197960305e-01
3.500000000000000000e+02 3.771536660398894236e-01 5.146506201765660427e-01
3.600000000000000000e+02 3.759040766511022591e-01 5.159011179893550070e-01
3.700000000000000000e+02 3.747989057033729865e-01 5.170072636711867675e-01
3.800000000000000000e+02 3.738325043344169485e-01 5.179746675925772648e-01
3.900000000000000000e+02 3.729985573563475154e-01 5.188096264886933318e-01
4.000000000000000000e+02 3.722900852286737949e-01 5.195190946514164354e-01
4.100000000000000000e+02 3.716994636727816714e-01 5.201106930780755588e-01
4.200000000000000000e+02 3.712183596736511326e-01 5.205927626050871337e-01
4.300000000000000000e+02 3.708377270862647790e-01 5.209743170879639340e-01
4.400000000000000000e+02 3.705478562986310731e-01 5.212650328184559312e-01
4.500000000000000000e+02 3.703384434432199779e-01 5.214752295012976546e-01
4.600000000000000000e+02 3.701986070792259720e-01 5.216157542754749077e-01
4.700000000000000000e+02 3.701169378551675271e-01 5.216979692133106861e-01
4.800000000000000000e+02 3.700817082777868028e-01 5.217337119606294538e-01
4.900000000000000000e+02 3.700808499059698442e-01 5.217351589513368193e-01
5.000000000000000000e+02 3.701018393720836297e-01 5.217147665167292114e-01
5.100000000000000000e+02 3.701318642487100297e-01 5.216852081656712103e-01
5.200000000000000000e+02 3.701581191818980043e-01 5.216592059557265681e-01
5.300000000000000000e+02 3.701679870864207911e-01 5.216495113137701312e-01
5.400000000000000000e+02 3.701489841985808327e-01 5.216688154214114137e-01
5.500000000000000000e+02 3.700886126830597034e-01 5.217296240008735264e-01
5.600000000000000000e+02 3.699745620066585139e-01 5.218441860218521189e-01
5.700000000000000000e+02 3.697949618389826387e-01 5.220243611249930638e-01
5.800000000000000000e+02 3.695384155704204421e-01 5.222815551443353854e-01
5.900000000000000000e+02 3.691940064475948691e-01 5.226266554373610873e-01
6.000000000000000000e+02 3.687514200525391361e-01 5.230698855836535266e-01
6.100000000000000000e+02 3.682010958937749767e-01 5.236207572292156387e-01
6.200000000000000000e+02 3.675343493219079272e-01 5.242880121271311644e-01
6.300000000000000000e+02 3.667434256651184166e-01 5.250794810436816284e-01
6.400000000000000000e+02 3.658214868144384901e-01 5.260020019932648561e-01
6.500000000000000000e+02 3.647626340100835751e-01 5.270614757142478846e-01
6.600000000000000000e+02 3.635620247005502126e-01 5.282627370970854885e-01
6.700000000000000000e+02 3.622159619140596920e-01 5.296093815467479704e-01
6.800000000000000000e+02 3.607219701278140955e-01 5.311038496743956117e-01
6.900000000000000000e+02 3.590788290700608343e-01 5.327474118178845419e-01
7.000000000000000000e+02 3.572865632278588999e-01 5.345400854868693763e-01
7.100000000000000000e+02 3.553464185664487185e-01 5.364806663767004435e-01
7.200000000000000000e+02 3.532607939308610723e-01 5.385667835153086225e-01
7.300000000000000000e+02 3.510332540781144206e-01 5.407948473266078748e-01
7.400000000000000000e+02 3.486684812183327709e-01 5.431601230830888083e-01
7.500000000000000000e+02 3.461722534734666401e-01 5.456568340618235258e-01
7.600000000000000000e+02 3.435513978122370915e-01 5.482782205965779365e-01
7.700000000000000000e+02 3.408135813715781892e-01 5.510166575836171754e-01
7.800000000000000000e+02 3.379670864740642600e-01 5.538637831894456243e-01
7.900000000000000000e+02 3.350208368661396485e-01 5.568106424761378737e-01
8.000000000000000000e+02 3.319843610399572653e-01 5.598477723213645119e-01
8.100000000000000000e+02 3.288675672343073786e-01 5.629653232678625274e-01
8.200000000000000000e+02 3.256804761476066457e-01 5.661531655047736811e-01
8.300000000000000000e+02 3.224332075247259843e-01 5.694010618580788163e-01
8.400000000000000000e+02 3.191360072826470162e-01 5.726987866736227284e-01
8.500000000000000000e+02 3.157990843415000581e-01 5.760362244963914691e-01
8.600000000000000000e+02 3.124324211050572009e-01 5.794034149763876984e-01
8.700000000000000000e+02 3.090457755474180779e-01 5.827906342296904629e-01
8.800000000000000000e+02 3.056485588697669398e-01 5.861885417000703979e-01
8.900000000000000000e+02 3.022496011365997659e-01 5.895881799497773024e-01
9.000000000000000000e+02 2.988572247751651312e-01 5.929810818854579502e-01
9.100000000000000000e+02 2.954794180857894803e-01 5.963593120193433350e-01
9.200000000000000000e+02 2.921237413494583990e-01 5.997154354489074857e-01
9.300000000000000000e+02 2.887971942836174422e-01 6.030425348109221817e-01
9.400000000000000000e+02 2.855061973513565166e-01 6.063342056052970497e-01
9.500000000000000000e+02 2.822566310858959371e-01 6.095845347112696100e-01
9.600000000000000000e+02 2.790538427095868856e-01 6.127881239901858956e-01
9.700000000000000000e+02 2.759027115023169885e-01 6.159400024565088172e-01
9.800000000000000000e+02 2.728077795294414631e-01 6.190355959677521502e-01
9.900000000000000000e+02 2.697732253529196988e-01 6.220706978867811543e-01
1.000000000000000000e+03 2.668028612940606670e-01 6.250414373737672724e-01
1.010000000000000000e+03 2.639002826574486371e-01 6.279442279965669060e-01
1.020000000000000000e+03 2.610689259922343575e-01 6.307757379603989856e-01
1.030000000000000000e+03 2.583119344565603104e-01 6.335329011330597115e-01
1.040000000000000000e+03 2.556321798092920372e-01 6.362128999259923923e-01
1.050000000000000000e+03 2.530323215884808241e-01 6.388130763628591113e-01
1.060000000000000000e+03 2.505148332189136018e-01 6.413309563756098841e-01
1.070000000000000000e+03 2.480820049934903959e-01 6.437642577359279361e-01
1.080000000000000000e+03 2.457359789056156318e-01 6.461108512157772710e-01
1.090000000000000000e+03 2.434787250147009419e-01 6.483687574032868106e-01
1.100000000000000000e+03 2.413120137236627605e-01 6.505362231100286774e-01
1.110000000000000000e+03 2.392374039718694889e-01 6.526117034937055639e-01
1.120000000000000000e+03 2.372562277892117932e-01 6.545938432034092980e-01
1.130000000000000000e+03 2.353695402393130576e-01 6.564815362630636031e-01
1.140000000000000000e+03 2.335780995647074310e-01 6.582739384286839801e-01
1.150000000000000000e+03 2.318825230426364847e-01 6.599704011488574107e-01
1.160000000000000000e+03 2.302832757604889591e-01 6.615704570160227949e-01
1.170000000000000000e+03 2.287805594046674884e-01 6.630739122410275188e-01
1.180000000000000000e+03 2.273742392518487976e-01 6.644809110097470439e-01
1.190000000000000000e+03 2.260638434717621714e-01 6.657919313582532084e-01
1.200000000000000000e+03 2.248486495560786391e-01 6.670077148965247726e-01
1.210000000000000000e+03 2.237277154127201018e-01 6.681292036636788945e-01
1.220000000000000000e+03 2.226998617036834993e-01 6.691576115159572069e-01
1.230000000000000000e+03 2.217635826918497310e-01 6.700944476847837672e-01
1.240000000000000000e+03 2.209170579707074589e-01 6.709414786436008749e-01
1.250000000000000000e+03 2.201583170497843633e-01 6.717007150842537744e-01
1.260000000000000000e+03 2.194851587709673590e-01 6.723744004963637666e-01
1.270000000000000000e+03 2.188950114657333690e-01 6.729650526485294604e-01
1.280000000000000000e+03 2.183850135926282965e-01 6.734755290246554615e-01
1.290000000000000000e+03 2.179520440678013038e-01 6.739089995879273820e-01
1.300000000000000000e+03 2.175927010841525178e-01 6.742688765672150142e-01
1.310000000000000000e+03 2.173033095774933587e-01 6.745587756320547967e-01
1.320000000000000000e+03 2.170800440907112994e-01 6.747825060621744919e-01
1.330000000000000000e+03 2.169189032098593761e-01 6.749440941903845914e-01
1.340000000000000000e+03 2.168156368491459263e-01 6.750477970308774722e-01
1.350000000000000000e+03 2.167658348833108595e-01 6.750980323794271154e-01
1.360000000000000000e+03 2.167649538057363490e-01 6.750993226692233451e-01
1.370000000000000000e+03 2.168083073921246995e-01 6.750562750914570476e-01
1.380000000000000000e+03 2.168911798138306868e-01 6.749735613545627677e-01
1.390000000000000000e+03 2.170089953234752012e-01 6.748558606698710216e-01
1.400000000000000000e+03 2.171573166291105583e-01 6.747077666198640911e-01
1.410000000000000000e+03 2.173316320873911189e-01 6.745337930814898630e-01
1.420000000000000000e+03 2.175274135084912797e-01 6.743383518818127920e-01
1.430000000000000000e+03 2.177404209648733380e-01 6.741256324033140235e-01
1.440000000000000000e+03 2.179667601557789269e-01 6.738995456394725192e-01
1.450000000000000000e+03 2.182027814187497139e-01 6.736637221721616386e-01
1.460000000000000000e+03 2.184451373301731780e-01 6.734214926460576622e-01
1.470000000000000000e+03 2.186908575896876761e-01 6.731758728163378391e-01
1.480000000000000000e+03 2.189373686224317939e-01 6.729295013579861262e-01
1.490000000000000000e+03 2.191825197591526775e-01 6.726845605972431308e-01
1.500000000000000000e+03 2.194245875697184434e-01 6.724427348710521057e-01
1.510000000000000000e+03 2.196623114609847216e-01 6.722052696536935379e-01
1.520000000000000000e+03 2.198948809310219965e-01 6.719730146725489961e-01
1.530000000000000000e+03 2.201218689104031401e-01 6.717463719683737233e-01
1.540000000000000000e+03 2.203432836186597354e-01 6.715252635196790054e-01
1.550000000000000000e+03 2.205595923620103649e-01 6.713092111434068032e-01
1.560000000000000000e+03 2.207716597703527628e-01 6.710974259116411211e-01
1.570000000000000000e+03 2.209806554923632871e-01 6.708887802352294649e-01
1.580000000000000000e+03 2.211880348154924847e-01 6.706817996139633475e-01
1.590000000000000000e+03 2.213955396557769073e-01 6.704747037583583813e-01
1.600000000000000000e+03 2.216051417570818471e-01 6.702654657087551149e-01
1.610000000000000000e+03 2.218189830535338414e-01 6.700519602171866040e-01
1.620000000000000000e+03 2.220393294926939487e-01 6.698320386215487199e-01
1.630000000000000000e+03 2.222684010085599626e-01 6.696035082161178043e-01
1.640000000000000000e+03 2.225083298633408202e-01 6.693641787912089081e-01
1.650000000000000000e+03 2.227612653468215298e-01 6.691118778672212608e-01
1.660000000000000000e+03 2.230293925706559599e-01 6.688444468402671150e-01
1.670000000000000000e+03 2.233148074661949201e-01 6.685598237931104082e-01
1.680000000000000000e+03 2.236194098784452522e-01 6.682560873653256017e-01
1.690000000000000000e+03 2.239448891676610320e-01 6.679314655462145200e-01
1.700000000000000000e+03 2.242927604891642446e-01 6.675843800482715862e-01
1.710000000000000000e+03 2.246643760462830597e-01 6.672134830808221784e-01
1.720000000000000000e+03 2.250608997388408861e-01 6.668176486465294817e-01
1.730000000000000000e+03 2.254833496214369293e-01 6.663959118128219838e-01
1.740000000000000000e+03 2.259326002112281850e-01 6.659474557599917022e-01
1.750000000000000000e+03 2.264093183748979721e-01 6.654716011003042331e-01
1.760000000000000000e+03 2.269139765711827572e-01 6.649678121804329933e-01
1.770000000000000000e+03 2.274468968936879110e-01 6.644357149456576739e-01
1.780000000000000000e+03 2.280082783142819147e-01 6.638751013789294664e-01
1.790000000000000000e+03 2.285982394300221654e-01 6.632859078880977144e-01
1.800000000000000000e+03 2.292168081132340274e-01 6.626681763030199956e-01
1.810000000000000000e+03 2.298638365183318377e-01 6.620220363041644518e-01
1.820000000000000000e+03 2.305390369721893318e-01 6.613477135851479893e-01
1.830000000000000000e+03 2.312421048258835599e-01 6.606455233922552406e-01
1.840000000000000000e+03 2.319727518723719573e-01 6.599157961730177657e-01
1.850000000000000000e+03 2.327306316829126087e-01 6.591588898754289216e-01
1.860000000000000000e+03 2.335152235019693212e-01 6.583753090433470678e-01
1.870000000000000000e+03 2.343258398315988811e-01 6.575657071497476025e-01
1.880000000000000000e+03 2.351617837455091953e-01 6.567307905669147461e-01
1.890000000000000000e+03 2.360223801703386082e-01 6.558712655874354702e-01
1.900000000000000000e+03 2.369069161563117365e-01 6.549878323220025278e-01
1.910000000000000000e+03 2.378146599593088384e-01 6.540811922113107801e-01
1.920000000000000000e+03 2.387448501670444700e-01 6.531520941696566940e-01
1.930000000000000000e+03 2.396966766612807498e-01 6.522013374744248804e-01
1.940000000000000000e+03 2.406693037135201885e-01 6.512297310769262770e-01
1.950000000000000000e+03 2.416618305168665437e-01 6.502381774113427104e-01
1.960000000000000000e+03 2.426732606981456819e-01 6.492276990591836494e-01
1.970000000000000000e+03 2.437024522224024436e-01 6.481994684388362460e-01
1.980000000000000000e+03 2.447480557219235409e-01 6.471548314140169733e-01
1.990000000000000000e+03 2.458085589332862086e-01 6.460953081611929827e-01
2.000000000000000000e+03 2.468823520932859616e-01 6.450225641776189400e-01
2.010000000000000000e+03 2.479676544792012438e-01 6.439383769713185046e-01
2.020000000000000000e+03 2.490624735321609329e-01 6.428446608941712492e-01
2.030000000000000000e+03 2.501646175507910019e-01 6.417435582721613407e-01
2.040000000000000000e+03 2.512716700692159133e-01 6.406375089609445128e-01
2.050000000000000000e+03 2.523809542290385011e-01 6.395292460956197855e-01
2.060000000000000000e+03 2.534894765863393573e-01 6.384217895843651291e-01
2.070000000000000000e+03 2.545939231764268174e-01 6.373184258043023132e-01
2.080000000000000000e+03 2.556907310796257549e-01 6.362226649646661736e-01
2.090000000000000000e+03 2.567761800001761019e-01 6.351382333683192050e-01
2.100000000000000000e+03 2.578464153005501913e-01 6.340690300653887279e-01
2.110000000000000000e+03 2.588973788133726028e-01 6.330191067280676043e-01
2.120000000000000000e+03 2.599247553635392061e-01 6.319927471392934315e-01
2.130000000000000000e+03 2.609240196040619741e-01 6.309944799988378428e-01
2.140000000000000000e+03 2.618905796717567735e-01 6.300289167702575188e-01
2.150000000000000000e+03 2.628199021269563840e-01 6.291006107560763727e-01
2.160000000000000000e+03 2.637075033107961763e-01 6.282140572680431356e-01
2.170000000000000000e+03 2.645488989314488948e-01 6.273737218162871443e-01
2.180000000000000000e+03 2.653396427091788135e-01 6.265840276846007528e-01
2.190000000000000000e+03 2.660754472401151149e-01 6.258492685070303763e-01
2.200000000000000000e+03 2.667523180910510439e-01 6.251734384399633138e-01
2.210000000000000000e+03 2.673666417617540092e-01 6.245601291229623264e-01
2.220000000000000000e+03 2.679152422163026959e-01 6.240125306497050772e-01
2.230000000000000000e+03 2.683953117360289853e-01 6.235334971577501939e-01
2.240000000000000000e+03 2.688043311244008859e-01 6.231255412087807199e-01
2.250000000000000000e+03 2.691401602944487603e-01 6.227907419682523482e-01
2.260000000000000000e+03 2.694011856453130682e-01 6.225306674686222896e-01
2.270000000000000000e+03 2.695863557462560012e-01 6.223463770596913136e-01
2.280000000000000000e+03 2.696951142931930390e-01 6.222384812416813515e-01
2.290000000000000000e+03 2.697273600685137218e-01 6.222071305265861607e-01
2.300000000000000000e+03 2.696834189227338419e-01 6.222519964087880329e-01
2.310000000000000000e+03 2.695639993671585799e-01 6.223723511492637028e-01
2.320000000000000000e+03 2.693702215159454183e-01 6.225670854703782009e-01
2.330000000000000000e+03 2.691036195212230253e-01 6.228346585503228283e-01
2.340000000000000000e+03 2.687661104695255876e-01 6.231731148047942037e-01
2.350000000000000000e+03 2.683599941475204309e-01 6.235801397020741543e-01
2.360000000000000000e+03 2.678878314734279287e-01 6.240531748254067868e-01
2.370000000000000000e+03 2.673523109789459062e-01 6.245895204466838102e-01
2.380000000000000000e+03 2.667562802654601106e-01 6.251863132568719061e-01
2.390000000000000000e+03 2.661028633180963499e-01 6.258404174743036341e-01
2.400000000000000000e+03 2.653953926494087012e-01 6.265485027850767885e-01
2.410000000000000000e+03 2.646372471212231070e-01 6.273072191419778454e-01
2.420000000000000000e+03 2.638318057052487786e-01 6.281132294654039327e-01
2.430000000000000000e+03 2.629824043085359220e-01 6.289632238374797124e-01
2.440000000000000000e+03 2.620923700702524339e-01 6.298538916265724596e-01
2.450000000000000000e+03 2.611650540790401154e-01 6.307818941544821589e-01
2.460000000000000000e+03 2.602037516747566226e-01 6.317439043640842300e-01
2.470000000000000000e+03 2.592116168152495681e-01 6.327367103105328017e-01
2.480000000000000000e+03 2.581915892894878772e-01 6.337573395425839529e-01
2.490000000000000000e+03 2.571464040286395303e-01 6.348030634276100592e-01
2.500000000000000000e+03 2.560787569694809029e-01 6.358712314564224366e-01
2.510000000000000000e+03 2.549913988521769759e-01 6.369591476274617525e-01
2.520000000000000000e+03 2.538870553232003280e-01 6.380641062481020587e-01
2.530000000000000000e+03 2.527682141747367717e-01 6.391835993779357850e-01
2.540000000000000000e+03 2.516370936962031846e-01 6.403153689532357085e-01
2.550000000000000000e+03 2.504958223093902703e-01 6.414572358259982288e-01
2.560000000000000000e+03 2.493465637030819748e-01 6.426070045882079640e-01
2.570000000000000000e+03 2.481915938627815288e-01 6.437624010800168106e-01
2.580000000000000000e+03 2.470331949282117967e-01 6.449211756263837358e-01
2.590000000000000000e+03 2.458735504506058822e-01 6.460811951104807882e-01
2.600000000000000000e+03 2.447148422088264719e-01 6.472402928439030534e-01
2.610000000000000000e+03 2.435592600292459109e-01 6.483962454346821058e-01
2.620000000000000000e+03 2.424089414814457610e-01 6.495468820929461984e-01
2.630000000000000000e+03 2.412660397178383043e-01 6.506900441748523223e-01
2.640000000000000000e+03 2.401327673185017220e-01 6.518235412143466023e-01
2.650000000000000000e+03 2.390113561248898288e-01 6.529451726984066839e-01
2.660000000000000000e+03 2.379040192379784369e-01 6.540527403990065158e-01
2.670000000000000000e+03 2.368129611105760646e-01 6.551440345508632301e-01
2.680000000000000000e+03 2.357403548424692463e-01 6.562168704103608086e-01
2.690000000000000000e+03 2.346883299334515394e-01 6.572691032457734783e-01
2.700000000000000000e+03 2.336590226711438290e-01 6.582985798277345424e-01
2.710000000000000000e+03 2.326545212205672619e-01 6.593032100570596077e-01
2.720000000000000000e+03 2.316768227418768977e-01 6.602810021381143590e-01
2.730000000000000000e+03 2.307278251073989761e-01 6.612300462681617308e-01
2.740000000000000000e+03 2.298092976406667376e-01 6.621485715367209091e-01
2.750000000000000000e+03 2.289228512367690871e-01 6.630349924091792913e-01
2.760000000000000000e+03 2.280699265258190056e-01 6.638878798318637031e-01
2.770000000000000000e+03 2.272517345989163162e-01 6.647060178343603409e-01
2.780000000000000000e+03 2.264691709244777973e-01 6.654885040662089635e-01
2.790000000000000000e+03 2.257227878354747252e-01 6.662347714315906000e-01
2.800000000000000000e+03 2.250128342610147880e-01 6.669445399247209139e-01
2.810000000000000000e+03 2.243393292151740770e-01 6.676177722836973416e-01
2.820000000000000000e+03 2.237021045406576703e-01 6.682546683203386406e-01
2.830000000000000000e+03 2.231007148427212872e-01 6.688557323009332034e-01
2.840000000000000000e+03 2.225342537998036274e-01 6.694218988925388913e-01
2.850000000000000000e+03 2.220013713765006114e-01 6.699544904305571036e-01
2.860000000000000000e+03 2.215003733142444087e-01 6.704551452658550348e-01
2.870000000000000000e+03 2.210292585918403607e-01 6.709258466109324637e-01
2.880000000000000000e+03 2.205858229161150597e-01 6.713688202303996766e-01
2.890000000000000000e+03 2.201677127279247359e-01 6.717864623776211852e-01
2.900000000000000000e+03 2.197723553612496439e-01 6.721813777450188487e-01
2.910000000000000000e+03 2.193969701562080155e-01 6.725563558080270843e-01
2.920000000000000000e+03 2.190386621444628534e-01 6.729142987837055667e-01
2.930000000000000000e+03 2.186944127495404899e-01 6.732582008635156212e-01
2.940000000000000000e+03 2.183610664501108578e-01 6.735911516367922847e-01
2.950000000000000000e+03 2.180354541849494066e-01 6.739162729986065692e-01
2.960000000000000000e+03 2.177145282200749210e-01 6.742366394627182791e-01
2.970000000000000000e+03 2.173954345555989820e-01 6.745551474392117441e-01
2.980000000000000000e+03 2.170755365145733695e-01 6.748744516661323578e-01
2.990000000000000000e+03 2.167524520127020182e-01 6.751969410302133268e-01
3.000000000000000000e+03 2.164240154591711152e-01 6.755247698354132080e-01
3.010000000000000000e+03 2.160881400875760416e-01 6.758600129721383798e-01
3.020000000000000000e+03 2.157428286417014673e-01 6.762046856259427141e-01
3.030000000000000000e+03 2.153863507123016940e-01 6.765605374728146382e-01
3.040000000000000000e+03 2.150174066375450388e-01 6.769288513596189993e-01
3.050000000000000000e+03 2.146351421912808255e-01 6.773104437628061358e-01
3.060000000000000000e+03 2.142390684265061962e-01 6.777057863800078907e-01
3.070000000000000000e+03 2.138290123861068537e-01 6.781150691791548724e-01
3.080000000000000000e+03 2.134050493261321069e-01 6.785382440893519274e-01
3.090000000000000000e+03 2.129674820664774482e-01 6.789750160208821717e-01
3.100000000000000000e+03 2.125169951939599455e-01 6.794247086667670743e-01
3.110000000000000000e+03 2.120546587514170189e-01 6.798862849330384872e-01
3.120000000000000000e+03 2.115816437913870807e-01 6.803586158443114540e-01
3.130000000000000000e+03 2.110991197941498587e-01 6.808405432475036489e-01
3.140000000000000000e+03 2.106085781969221082e-01 6.813305364136963416e-01
3.150000000000000000e+03 2.101119246257013573e-01 6.818266459915309774e-01
3.160000000000000000e+03 2.096112075169478117e-01 6.823267929210027338e-01
3.170000000000000000e+03 2.091084933896220632e-01 6.828289041800453818e-01
3.180000000000000000e+03 2.086058272965058968e-01 6.833309194267951359e-01
3.190000000000000000e+03 2.081052036142775619e-01 6.838308222271637371e-01
3.200000000000000000e+03 2.076085366495322992e-01 6.843266933651492856e-01
3.210000000000000000e+03 2.071176430920745604e-01 6.848167241345425316e-01
3.220000000000000000e+03 2.066342733902095663e-01 6.852991711174021283e-01
3.230000000000000000e+03 2.061601245102657187e-01 6.857723545120789632e-01
3.240000000000000000e+03 2.056967705375886968e-01 6.862347245414148755e-01
3.250000000000000000e+03 2.052456307735829877e-01 6.866848721293434821e-01
3.260000000000000000e+03 2.048079878974366219e-01 6.871214957367676179e-01
3.270000000000000000e+03 2.043849763236098016e-01 6.875434625960880064e-01
3.280000000000000000e+03 2.039775541118122870e-01 6.879498529778105276e-01
3.290000000000000000e+03 2.035864839631555956e-01 6.883399189336398827e-01
3.300000000000000000e+03 2.032123721090851598e-01 6.887130675949595382e-01
3.310000000000000000e+03 2.028557188855769078e-01 6.890687971670205192e-01
3.320000000000000000e+03 2.025169806112382676e-01 6.894066582261817455e-01
3.330000000000000000e+03 2.021966287507556970e-01 6.897261943774876114e-01
3.340000000000000000e+03 2.018951881761594236e-01 6.900268608385782265e-01
3.350000000000000000e+03 2.016131880828020695e-01 6.903080855536143368e-01
3.360000000000000000e+03 2.013510977762325849e-01 6.905693959264788129e-01
3.370000000000000000e+03 2.011092914586430913e-01 6.908104566808119795e-01
3.380000000000000000e+03 2.008880571067694631e-01 6.910309899572736336e-01
3.390000000000000000e+03 2.006876739303013746e-01 6.912306686889506668e-01
3.400000000000000000e+03 2.005084613284571493e-01 6.914091172502913052e-01
3.410000000000000000e+03 2.003508308323813381e-01 6.915659249192099844e-01
3.420000000000000000e+03 2.002153390799281119e-01 6.917005812419527722e-01
3.430000000000000000e+03 2.001026550510038304e-01 6.918124475315278188e-01
3.440000000000000000e+03 2.000134667238167296e-01 6.919008430546805810e-01
3.450000000000000000e+03 1.999484126940430651e-01 6.919651094466139352e-01
3.460000000000000000e+03 1.999081031489025884e-01 6.920046141528118921e-01
3.470000000000000000e+03 1.998931233450277900e-01 6.920187701590029272e-01
3.480000000000000000e+03 1.999040599245202332e-01 6.920070083629537017e-01
3.490000000000000000e+03 1.999415644918098589e-01 6.919686756915822690e-01
3.500000000000000000e+03 2.000063720031444170e-01 6.919030015826789226e-01
3.510000000000000000e+03 2.000992482334651712e-01 6.918091995558438567e-01
3.520000000000000000e+03 2.002208721889420506e-01 6.916865970817469567e-01
3.530000000000000000e+03 2.003718007588823624e-01 6.915346437935606660e-01
3.540000000000000000e+03 2.005525773953766022e-01 6.913528164455301495e-01
3.550000000000000000e+03 2.007638022209478623e-01 6.911405329149830079e-01
3.560000000000000000e+03 2.010060841099154672e-01 6.908971898233484676e-01
3.570000000000000000e+03 2.012798799623255197e-01 6.906223320816827771e-01
3.580000000000000000e+03 2.015853399598911688e-01 6.903157977015114133e-01
3.590000000000000000e+03 2.019223164348813715e-01 6.899777176677961421e-01
3.600000000000000000e+03 2.022904631101166972e-01 6.896084297692228748e-01
3.610000000000000000e+03 2.026893402642149233e-01 6.892084130737389236e-01
3.620000000000000000e+03 2.031183437875812015e-01 6.887783350485932043e-01
3.630000000000000000e+03 2.035765537701653416e-01 6.883191252770235469e-01
3.640000000000000000e+03 2.040627274449997308e-01 6.878319642043064785e-01
3.650000000000000000e+03 2.045753500452811846e-01 6.873182827054108435e-01
3.660000000000000000e+03 2.051126248100463290e-01 6.867798490242924547e-01
3.670000000000000000e+03 2.056724992630601934e-01 6.862187532683565738e-01
3.680000000000000000e+03 2.062527865936736315e-01 6.856372177738327967e-01
3.690000000000000000e+03 2.068511973995046105e-01 6.850375415589292638e-01
3.700000000000000000e+03 2.074653402723491413e-01 6.844221147118600967e-01
3.710000000000000000e+03 2.080927094729501936e-01 6.837934565369161444e-01
3.720000000000000000e+03 2.087306577563684262e-01 6.831542295943554555e-01
3.730000000000000000e+03 2.093764812734839331e-01 6.825071282506295356e-01
3.740000000000000000e+03 2.100275394234733251e-01 6.818547764030922220e-01
3.750000000000000000e+03 2.106812829529516318e-01 6.811997217512423264e-01
3.760000000000000000e+03 2.113352528871554614e-01 6.805444371245474855e-01
3.770000000000000000e+03 2.119870040858640448e-01 6.798913863950200032e-01
3.780000000000000000e+03 2.126341603703868210e-01 6.792429664977083226e-01
3.790000000000000000e+03 2.132746505242147927e-01 6.786012694193627182e-01
3.800000000000000000e+03 2.139066924316564700e-01 6.779680580555421665e-01
3.810000000000000000e+03 2.145285753452291500e-01 6.773449918546650128e-01
3.820000000000000000e+03 2.151386658135530094e-01 6.767336531416520140e-01
3.830000000000000000e+03 2.157356114425735272e-01 6.761353844341669861e-01
3.840000000000000000e+03 2.163184446875774936e-01 6.755512042400020345e-01
3.850000000000000000e+03 2.168865086092357231e-01 6.749818444339580337e-01
3.860000000000000000e+03 2.174393638457858269e-01 6.744277720371745222e-01
3.870000000000000000e+03 2.179767557571195002e-01 6.738891861873044231e-01
3.880000000000000000e+03 2.184986405106623120e-01 6.733660413406777900e-01
3.890000000000000000e+03 2.190052419204983336e-01 6.728580785730855496e-01
3.900000000000000000e+03 2.194970659194641904e-01 6.723648293937046772e-01
3.910000000000000000e+03 2.199747859957493501e-01 6.718856680112258450e-01
3.920000000000000000e+03 2.204391053238012876e-01 6.714199050390814438e-01
3.930000000000000000e+03 2.208907654198544179e-01 6.709667972394133262e-01
3.940000000000000000e+03 2.213305762082080075e-01 6.705255282772368819e-01
3.950000000000000000e+03 2.217593760015460491e-01 6.700952540243810818e-01
3.960000000000000000e+03 2.221780006859575551e-01 6.696751312776544340e-01
3.970000000000000000e+03 2.225873089273411043e-01 6.692642951615628277e-01
3.980000000000000000e+03 2.229881880990087217e-01 6.688618692979834135e-01
3.990000000000000000e+03 2.233814977661701395e-01 6.684670290441462326e-01
4.000000000000000000e+03 2.237680359974175692e-01 6.680789953140691129e-01
4.010000000000000000e+03 2.241485446576324259e-01 6.676970132914781253e-01
4.020000000000000000e+03 2.245236385591149741e-01 6.673204490051585225e-01
4.030000000000000000e+03 2.248937001810890346e-01 6.669489061822038156e-01
4.040000000000000000e+03 2.252588905498103256e-01 6.665822155359233392e-01
4.050000000000000000e+03 2.256192291706477782e-01 6.662203666098813759e-01
4.060000000000000000e+03 2.259747116316034865e-01 6.658633818785896219e-01
4.070000000000000000e+03 2.263253891340945567e-01 6.655112394346633931e-01
4.080000000000000000e+03 2.266712938415009204e-01 6.651639312857960951e-01
4.090000000000000000e+03 2.270123246872525202e-01 6.648215692576782132e-01
4.100000000000000000e+03 2.273482383153967168e-01 6.644843769785832022e-01
4.110000000000000000e+03 2.276787325730464939e-01 6.641525982480132040e-01
4.120000000000000000e+03 2.280034955531563268e-01 6.638265074375976349e-01
4.130000000000000000e+03 2.283221400365606224e-01 6.635064876017582325e-01
4.140000000000000000e+03 2.286342020358111959e-01 6.631930102203008603e-01
4.150000000000000000e+03 2.289393274746321927e-01 6.628864512013592503e-01
4.160000000000000000e+03 2.292373729852262565e-01 6.625869615360210352e-01
4.170000000000000000e+03 2.295283472649508882e-01 6.622945230441409370e-01
4.180000000000000000e+03 2.298123850292688453e-01 6.620090019795912273e-01
4.190000000000000000e+03 2.300896747041995538e-01 6.617302287982703701e-01
4.200000000000000000e+03 2.303603901075289007e-01 6.614580417096077580e-01
