0.000000000000000000e+00 9.408853409840228110e+00 7.745397142175685197e-15 9.408853409840228110e+00 8.232030838183937300e-16
1.000000000000000000e+01 9.300432288115958457e+00 1.182306481806653098e+00 9.375280761809316132e+00 -9.835544089425075631e-01
2.000000000000000000e+01 9.007622669220696210e+00 2.328013715916366522e+00 9.303596832008215856e+00 -1.967085005474224157e+00
3.000000000000000000e+01 8.541612213300929568e+00 3.402869440796370437e+00 9.194490721813656009e+00 -2.950884693220848121e+00
4.000000000000000000e+01 7.920779038719766518e+00 4.376829278477436524e+00 9.049606351281791916e+00 -3.935181507194374095e+00
5.000000000000000000e+01 7.169181251206812711e+00 5.224927860942345070e+00 8.871134705589067693e+00 -4.920202917932215314e+00
6.000000000000000000e+01 6.315072432112430079e+00 5.928386159630594676e+00 8.661749377609929468e+00 -5.906174433052227002e+00
7.000000000000000000e+01 5.389214525162823399e+00 6.475251536019703380e+00 8.424518719366197672e+00 -6.893319274180627509e+00
8.000000000000000000e+01 4.423142483116110135e+00 6.860551226322664675e+00 8.162802983959858594e+00 -7.881858972080356907e+00
9.000000000000000000e+01 3.447519448766804828e+00 7.085995410240500725e+00 7.880147289459430660e+00 -8.872013918744507066e+00
1.000000000000000000e+02 2.490696028948662821e+00 7.159295386221594448e+00 7.580176590013879334e+00 -9.864003599618156315e+00
1.100000000000000000e+02 1.577558717519990328e+00 7.093186518010487163e+00 7.266497539152481089e+00 -1.085804659670414551e+01
1.200000000000000000e+02 7.287189196477698028e-01 6.904261945027079683e+00 6.942612207908614330e+00 -1.185436058800667780e+01
1.300000000000000000e+02 -3.994325422141184467e-02 6.611726885566421963e+00 6.611847538538653701e+00 -1.285316247262510991e+01
1.400000000000000000e+02 -7.173999222061199221e-01 6.236173751131193654e+00 6.277302422432669005e+00 -1.385466867315437689e+01
1.500000000000000000e+02 -1.297305864049788759e+00 5.798459420476023141e+00 5.941812362891065291e+00 -1.485909564725112020e+01
1.600000000000000000e+02 -1.777598950320417703e+00 5.318742441516100428e+00 5.607930026967606452e+00 -1.586666059911841664e+01
1.700000000000000000e+02 -2.159937238123575742e+00 4.815714103638504717e+00 5.277919211262683596e+00 -1.687758238219994666e+01
1.800000000000000000e+02 -2.449038057932132695e+00 4.306035944122919013e+00 4.953759477536081590e+00 -1.789208260885128254e+01
1.900000000000000000e+02 -2.651977858839380975e+00 3.803979018277981794e+00 4.637158929266218976e+00 -1.891038702802925897e+01
2.000000000000000000e+02 -2.777501828566858677e+00 3.321247282916830024e+00 4.329572718176087243e+00 -1.993272727753259943e+01
2.100000000000000000e+02 -2.835381157205234981e+00 2.866958740388340310e+00 4.032225034112505213e+00 -2.095934310682470425e+01
2.200000000000000000e+02 -2.835844544952655699e+00 2.447753371799095135e+00 3.746132786259928515e+00 -2.199048511601338873e+01
2.300000000000000000e+02 -2.789099949267141110e+00 2.067995757465364459e+00 3.472129746984797816e+00 -2.302641803268066667e+01
2.400000000000000000e+02 -2.704953416531725718e+00 1.730041584293682044e+00 3.210890354557758730e+00 -2.406742448584368077e+01
2.500000000000000000e+02 -2.592524376678370768e+00 1.434540169929948927e+00 2.962952605563278663e+00 -2.511380909317904297e+01
2.600000000000000000e+02 -2.460051115121275611e+00 1.180749345902827097e+00 2.728739728676845555e+00 -2.616590248045231704e+01
2.700000000000000000e+02 -2.314776525710683597e+00 9.668436773651698513e-01 2.508580686452446695e+00 -2.722406446310460382e+01
2.800000000000000000e+02 -2.162901815009008910e+00 7.902016719683329082e-01 2.302729455179399309e+00 -2.828868510296220151e+01
2.900000000000000000e+02 -2.009594493109232882e+00 6.476622299651900727e-01 2.111382578041800073e+00 -2.936018169544361456e+01
3.000000000000000000e+02 -1.859037096963376268e+00 5.357448379804384819e-01 1.934694151360546233e+00 -3.043898887890441429e+01
3.100000000000000000e+02 -1.714504335315404804e+00 4.508314774970359484e-01 1.772787109868942723e+00 -3.152553801934031696e+01
3.200000000000000000e+02 -1.578458096250740628e+00 3.893109359835966177e-01 1.625759196958742825e+00 -3.262022118365287326e+01
3.300000000000000000e+02 -1.452651342131903389e+00 3.476880803597519609e-01 1.493680997744119887e+00 -3.372333502109403014e+01
3.400000000000000000e+02 -1.338233553099468454e+00 3.226617082524828595e-01 1.376582587647264377e+00 -3.483500176130946357e+01
3.500000000000000000e+02 -1.235852256814500949e+00 3.111754979653530429e-01 1.274425749585859746e+00 -3.595507020105345219e+01
3.600000000000000000e+02 -1.145746984020729720e+00 3.104469802611021789e-01 1.187060857305064943e+00 -3.708300997713662639e+01
3.700000000000000000e+02 -1.067833439150214669e+00 3.179792536229172906e-01 1.114171916493124748e+00 -3.821782603963969649e+01
3.800000000000000000e+02 -1.001776876960757567e+00 3.315597759155470281e-01 1.055219785740590055e+00 -3.935803090901343637e+01
3.900000000000000000e+02 -9.470545207818841238e-01 3.492499383376290178e-01 1.009399715059520863e+00 -4.050170925875247008e+01
4.000000000000000000e+02 -9.030074020458246364e-01 3.693684800536073953e-01 9.756307919529096928e-01 -4.164668466581614581e+01
4.100000000000000000e+02 -8.688825235281925075e-01 3.904713028023572008e-01 9.525884095478435176e-01 -4.279075788803781677e+01
4.200000000000000000e+02 -8.438664947716914000e-01 4.113296095792421947e-01 9.387772412638010211e-01 -4.393195208659262363e+01
4.300000000000000000e+02 -8.271117436924124711e-01 4.309077024351976037e-01 9.326281598643072490e-01 -4.506869681350860191e+01
4.400000000000000000e+02 -8.177563483290238855e-01 4.483413678705974736e-01 9.325960687116894299e-01 -4.619991205895328079e+01
4.500000000000000000e+02 -8.149385011267840095e-01 4.629175317103847997e-01 9.372392446881450123e-01 -4.732499514576802824e+01
4.600000000000000000e+02 -8.178065783663401866e-01 4.740557455578571777e-01 9.452705694750455079e-01 -4.844374216474293604e+01
4.700000000000000000e+02 -8.255256841644774690e-01 4.812917838567660755e-01 9.555806802270840894e-01 -4.955624237496119378e+01
4.800000000000000000e+02 -8.372813618698587979e-01 4.842634135696529118e-01 9.672389222197265157e-01 -5.066277505034251050e+01
4.900000000000000000e+02 -8.522811077639094179e-01 4.826984592354319203e-01 9.794799075016988876e-01 -5.176372466725680965e+01
5.000000000000000000e+02 -8.697543697756877634e-01 4.764052867581460848e-01 9.916827421080872673e-01 -5.285951910831607847e+01
5.100000000000000000e+02 -8.889515994631556062e-01 4.652656314930856407e-01 1.003347922725094543e+00 -5.395058896045299690e+01
5.200000000000000000e+02 -9.091427940871882329e-01 4.492296237059030251e-01 1.014074886216795424e+00 -5.503734342467185314e+01
5.300000000000000000e+02 -9.296160150299074276e-01 4.283129021809178316e-01 1.023541829909616174e+00 -5.612015811511631824e+01
5.400000000000000000e+02 -9.496763997178016004e-01 4.025956175605650000e-01 1.031488485374382869e+00 -5.719937072171839532e+01
5.500000000000000000e+02 -9.686461630328535577e-01 3.722230522335850389e-01 1.037701975411223554e+00 -5.827528152053429977e+01
5.600000000000000000e+02 -9.858659763402664034e-01 3.374075966682850147e-01 1.042005570807956305e+00 -5.934815674977381406e+01
5.700000000000000000e+02 -1.000698009200078342e+00 2.984317288202476548e-01 1.044249971215533090e+00 -6.041823358917392994e+01
5.800000000000000000e+02 -1.012530924058337778e+00 2.556514409021299894e-01 1.044306722859604353e+00 -6.148572584867014257e+01
5.900000000000000000e+02 -1.020787088359075501e+00 2.094994013404743727e-01 1.042063471638180028e+00 -6.255082972867426605e+01
6.000000000000000000e+02 -1.024932110311371769e+00 1.604871855864699048e-01 1.037420824682437237e+00 -6.361372936515342502e+01
6.100000000000000000e+02 -1.024486642836011985e+00 1.092060036906552650e-01 1.030290654423054342e+00 -6.467460216869342560e+01
6.200000000000000000e+02 -1.019040244829756192e+00 5.632529861149287997e-02 1.020595688726129824e+00 -6.573362405070595571e+01
6.300000000000000000e+02 -1.008266904658996710e+00 2.588452495095952717e-03 1.008270227229264959e+00 -6.679097457022427875e+01
6.400000000000000000e+02 -9.919416357768662262e-01 -5.119518525412428134e-02 9.932618767378970093e-01 -6.784684201268126458e+01
6.500000000000000000e+02 -9.699572550258868109e-01 -1.041625804585064735e-01 9.755341714902292516e-01 -6.890142849306536732e+01
6.600000000000000000e+02 -9.423401152154065041e-01 -1.554139028235564934e-01 9.550698267325984370e-01 -6.995495533236670838e+01
6.700000000000000000e+02 -9.092635197252334489e-01 -2.040339824144457026e-01 9.318744627271520198e-01 -7.100766904107594257e+01
6.800000000000000000e+02 -8.710576009462525082e-01 -2.491180601469771827e-01 9.059807680396056995e-01 -7.205984824036545433e+01
6.900000000000000000e+02 -8.282143102828101178e-01 -2.898012839639373395e-01 8.774529776257971037e-01 -7.311181183111692405e+01
7.000000000000000000e+02 -7.813861386338269988e-01 -3.252910543425156509e-01 8.463914978804712996e-01 -7.416392868814443773e+01
7.100000000000000000e+02 -7.313775553480763580e-01 -3.549007813388725396e-01 8.129376932224698926e-01 -7.521662940948604614e+01
7.200000000000000000e+02 -6.791286831389437006e-01 -3.780831555077948103e-01 7.772789980057143167e-01 -7.627042100492015209e+01
7.300000000000000000e+02 -6.256910122969263632e-01 -3.944610703473150348e-01 7.396544996744777167e-01 -7.732590519170919663e+01
7.400000000000000000e+02 -5.721953012028236918e-01 -4.038542144304864689e-01 7.003611134492373491e-01 -7.838380079584169380e+01
7.500000000000000000e+02 -5.198124156631078741e-01 -4.062990933321704579e-01 6.597604873892186639e-01 -7.944497067507973043e+01
7.600000000000000000e+02 -4.697084845221000116e-01 -4.020604064108028175e-01 6.182868515788345620e-01 -8.051045262613445175e+01
7.700000000000000000e+02 -4.229963590535008033e-01 -3.916321132775250624e-01 5.764560971338046347e-01 -8.158149146422627496e+01
7.800000000000000000e+02 -3.806859664970578816e-01 -3.757270974992810708e-01 5.348763005434371554e-01 -8.265956485767613060e+01
7.900000000000000000e+02 -3.436366411434482737e-01 -3.552550683823081368e-01 4.942593496815912424e-01 -8.374638664053712489e+01
8.000000000000000000e+02 -3.125146469317336972e-01 -3.312891387558722922e-01 4.554315513932623571e-01 -8.484385562266066927e+01
8.100000000000000000e+02 -2.877588597605377774e-01 -3.050223372823472334e-01 4.193373196030503736e-01 -8.595389456285822405e+01
8.200000000000000000e+02 -2.695570985025144140e-01 -2.777160835632799252e-01 3.870235812231871408e-01 -8.707810185531418767e+01
8.300000000000000000e+02 -2.578350764903012959e-01 -2.506433841451446431e-01 3.595845278713894477e-01 -8.821715179359927106e+01
8.400000000000000000e+02 -2.522592774502404600e-01 -2.250301858381930364e-01 3.380433812369191826e-01 -8.936999684141021305e+01
8.500000000000000000e+02 -2.522540856156880174e-01 -2.019987269923725348e-01 3.231649879184716467e-01 -9.053319411462115340e+01
8.600000000000000000e+02 -2.570321689065437343e-01 -1.825166421857119525e-01 3.152425423821303418e-01 -9.170093988949250274e+01
8.700000000000000000e+02 -2.656360409183998739e-01 -1.673550936231182618e-01 3.139589680139818761e-01 -9.286620877765912496e+01
8.800000000000000000e+02 -2.769881121761451626e-01 -1.570585397336868305e-01 3.184176489929270160e-01 -9.402258890522320200e+01
8.900000000000000000e+02 -2.899459301043182391e-01 -1.519278165939889069e-01 3.273388211610027132e-01 -9.516575501691410466e+01
9.000000000000000000e+02 -3.033588426137928673e-01 -1.520170212181059799e-01 3.393166104569683705e-01 -9.629386983526252664e+01
9.100000000000000000e+02 -3.161223891846305922e-01 -1.571436729129499776e-01 3.530262014077301669e-01 -9.740708437244842344e+01
9.200000000000000000e+02 -3.272272087179389777e-01 -1.669108806712536197e-01 3.673375671120326369e-01 -9.850673114045287093e+01
9.300000000000000000e+02 -3.357998192860460751e-01 -1.807394984437213081e-01 3.813506063063609730e-01 -9.959464096057395466e+01
9.400000000000000000e+02 -3.411333292211484181e-01 -1.979075963892666379e-01 3.943847930816822278e-01 -1.006727133022225189e+02
9.500000000000000000e+02 -3.427070340422497807e-01 -2.175941743402832473e-01 4.059499179564707294e-01 -1.017427008727960924e+02
9.600000000000000000e+02 -3.401948010253110777e-01 -2.389240368727016117e-01 4.157128793292301783e-01 -1.028061291334850154e+02
9.700000000000000000e+02 -3.334629489731774643e-01 -2.610111565423598456e-01 4.234670733096827511e-01 -1.038642865126377615e+02
9.800000000000000000e+02 -3.225588848070936598e-01 -2.829982441041150598e-01 4.291063275390007981e-01 -1.049182458088142056e+02
9.900000000000000000e+02 -3.076921674710055843e-01 -3.040907281566704312e-01 4.326033297073190176e-01 -1.059688959080897632e+02
1.000000000000000000e+03 -2.892099353971832598e-01 -3.235839784161368415e-01 4.339919098555384824e-01 -1.070169739366880890e+02
1.010000000000000000e+03 -2.675687348924969400e-01 -3.408831252597266381e-01 4.333524350673592096e-01 -1.080630939591796817e+02
1.020000000000000000e+03 -2.433047091784283633e-01 -3.555153483669130088e-01 4.307996569553498301e-01 -1.091077711314621723e+02
1.030000000000000000e+03 -2.170039238342931220e-01 -3.671350217166591823e-01 4.264725397143074304e-01 -1.101514413473719145e+02
1.040000000000000000e+03 -1.892742927837899325e-01 -3.755225128117248290e-01 4.205257608485309939e-01 -1.111944767506415701e+02
1.050000000000000000e+03 -1.607202963121655559e-01 -3.805776770085799177e-01 4.131227201255303627e-01 -1.122371977471924254e+02
1.060000000000000000e+03 -1.319214356585272918e-01 -3.823091731915795877e-01 4.044299310049098706e-01 -1.132798824703844360e+02
1.070000000000000000e+03 -1.034148532115153341e-01 -3.808206940558227505e-01 3.946125097939975346e-01 -1.143227742938058356e+02
1.080000000000000000e+03 -7.568217142451993951e-02 -3.762951612671406876e-01 3.838304827193820823e-01 -1.153660875831733108e+02
1.090000000000000000e+03 -4.914064862413192181e-02 -3.689779124023631618e-01 3.722358166377953137e-01 -1.164100123472343427e+02
1.100000000000000000e+03 -2.413850736415115716e-02 -3.591599927437052475e-01 3.599702319990190080e-01 -1.174547183308980038e+02
1.110000000000000000e+03 -9.538003228540521770e-04 -3.471625634252797354e-01 3.471638736664102720e-01 -1.185003584296862584e+02
1.120000000000000000e+03 2.020386663689376083e-02 -3.333229419551071437e-01 3.339346940057129065e-01 -1.195470715981459335e+02
1.130000000000000000e+03 3.918929811733773416e-02 -3.179824894376155897e-01 3.203883029635646307e-01 -1.205949858024258674e+02
1.140000000000000000e+03 5.591596105251820520e-02 -3.014765187464438778e-01 3.066181437160913625e-01 -1.216442212820203679e+02
1.150000000000000000e+03 7.034920757459493801e-02 -2.841263440142871022e-01 2.927059793876757854e-01 -1.226948940283575951e+02
1.160000000000000000e+03 8.249906369369676418e-02 -2.662334538716867316e-01 2.787227071316296101e-01 -1.237471194896503022e+02
1.170000000000000000e+03 9.241305250917655756e-02 -2.480756213190947745e-01 2.647294584418566910e-01 -1.248010166425965366e+02
1.180000000000000000e+03 1.001693602038836034e-01 -2.299046207850201917e-01 2.507788575258275698e-01 -1.258567126995093304e+02
1.190000000000000000e+03 1.058704855639470005e-01 -2.119451835714964150e-01 2.369162732964986140e-01 -1.269143488910297606e+02
1.200000000000000000e+03 1.096374951053763896e-01 -1.943949298844143969e-01 2.231810231577671944e-01 -1.279740876840642443e+02
1.210000000000000000e+03 1.116050635806254965e-01 -1.774250367589060018e-01 2.096075711555634713e-01 -1.290361214266799550e+02
1.220000000000000000e+03 1.119173641690864168e-01 -1.611814120984459142e-01 1.962267667995499509e-01 -1.301006826770564260e+02
1.230000000000000000e+03 1.107247021842064638e-01 -1.457862146937390913e-01 1.830671463384684061e-01 -1.311680572699267202e+02
1.240000000000000000e+03 1.081807394232453673e-01 -1.313395244321613198e-01 1.701562313294062434e-01 -1.322386014426109284e+02
1.250000000000000000e+03 1.044401751197323591e-01 -1.179209821625587656e-01 1.575217706008374685e-01 -1.333127644714112421e+02
1.260000000000000000e+03 9.965679875810944111e-02 -1.055913536727663971e-01 1.451930146706843505e-01 -1.343911188505811936e+02
1.270000000000000000e+03 9.398187373169517023e-02 -9.439404543607235465e-02 1.332022087050646064e-01 -1.354744008802946382e+02
1.280000000000000000e+03 8.756283292050222322e-02 -8.435662514643155196e-02 1.215865531839740721e-01 -1.365635655420734338e+02
1.290000000000000000e+03 8.054221676902748039e-02 -7.549233380610083366e-02 1.103908562588440390e-01 -1.376598602719055009e+02
1.300000000000000000e+03 7.305674934718450753e-02 -6.780149327200986342e-02 9.967111474791351400e-02 -1.387649213235185357e+02
1.310000000000000000e+03 6.523655584241010164e-02 -6.127286432106753694e-02 8.949956491675165049e-02 -1.398808919055586557e+02
1.320000000000000000e+03 5.720452470155225344e-02 -5.588508424515783307e-02 7.997187185141342580e-02 -1.410105461734476933e+02
1.330000000000000000e+03 4.907580177456572629e-02 -5.160813223752258594e-02 7.121680723580695038e-02 -1.421573588411964124e+02
1.340000000000000000e+03 4.095749843012651964e-02 -4.840473782866811653e-02 6.340769134668057527e-02 -1.433253583820025483e+02
1.350000000000000000e+03 3.294864740905578682e-02 -4.623172655755660582e-02 5.677134758466600983e-02 -1.445184224212624429e+02
1.360000000000000000e+03 2.514033909563815131e-02 -4.504123709650265789e-02 5.158245524426924300e-02 -1.457385224586344066e+02
1.370000000000000000e+03 1.761600899793248562e-02 -4.478173118844202411e-02 4.812200350410526101e-02 -1.469828289510875834e+02
1.380000000000000000e+03 1.045186988334183623e-02 -4.539878334525473264e-02 4.658638334629214978e-02 -1.482413303065659136e+02
1.390000000000000000e+03 3.717418580240095232e-03 -4.683565037934825370e-02 4.698294741028130606e-02 -1.494984055097244209e+02
1.400000000000000000e+03 -2.524092059746073889e-03 -4.903361816662855227e-02 4.909854123328714903e-02 -1.507390423884882296e+02
1.410000000000000000e+03 -8.215240448021842237e-03 -5.193210242166324681e-02 5.257787973618692490e-02 -1.519545028650512108e+02
1.420000000000000000e+03 -1.330401393839066200e-02 -5.546854360387871302e-02 5.704170506224622711e-02 -1.531430121832588327e+02
1.430000000000000000e+03 -1.774338490367114232e-02 -5.957817226089921064e-02 6.216418838679714509e-02 -1.543070637429041199e+02
1.440000000000000000e+03 -2.149099890444342020e-02 -6.419365792372658253e-02 6.769555931919916947e-02 -1.554506664558587943e+02
1.450000000000000000e+03 -2.450909594322620358e-02 -6.924465939459668873e-02 7.345419415273694852e-02 -1.565777997690912855e+02
1.460000000000000000e+03 -2.676470748762065435e-02 -7.465736972897192569e-02 7.930997681090513896e-02 -1.576918385421772655e+02
1.470000000000000000e+03 -2.823008529805759795e-02 -8.035417321260127088e-02 8.516883742670398882e-02 -1.587954619344632192e+02
1.480000000000000000e+03 -2.888334151214673809e-02 -8.625344682723151690e-02 9.096100541707613507e-02 -1.598907402848363404e+02
1.490000000000000000e+03 -2.870930099471698943e-02 -9.226950720478883927e-02 9.663273732757360346e-02 -1.609792620030887633e+02
1.500000000000000000e+03 -2.770051380624952847e-02 -9.831275189726164376e-02 1.021406659991148796e-01 -1.620622502018402997e+02
1.510000000000000000e+03 -2.585831571936669446e-02 -1.042900400597881888e-01 1.074479639058585068e-01 -1.631406557315400221e+02
1.520000000000000000e+03 -2.319388133701772228e-02 -1.101053888045993995e-01 1.125217880025360384e-01 -1.642152272537557280e+02
1.530000000000000000e+03 -1.972930659207293783e-02 -1.156610671282351094e-01 1.173317006944249452e-01 -1.652865635020623927e+02
1.540000000000000000e+03 -1.549868500487771271e-02 -1.208590592823671622e-01 1.218487646531517393e-01 -1.663551526001396326e+02
1.550000000000000000e+03 -1.054900086559028456e-02 -1.256028664712219023e-01 1.260450771948267157e-01 -1.674214013189388766e+02
1.560000000000000000e+03 -4.940665760439909293e-03 -1.297996162926375874e-01 1.298936124983531837e-01 -1.684856564459054198e+02
1.570000000000000000e+03 1.252321646070577929e-03 -1.333624267483450310e-01 1.333683064963820941e-01 -1.695482209322489382e+02
1.580000000000000000e+03 7.942610871185527485e-03 -1.362129765992163011e-01 1.364443478546096544e-01 -1.706093667352466809e+02
1.590000000000000000e+03 1.503023167599305474e-02 -1.382841505413994199e-01 1.390985771141834693e-01 -1.716693451047295298e+02
1.600000000000000000e+03 2.240392426673349160e-02 -1.395225966438408405e-01 1.413099104691155072e-01 -1.727283945782462808e+02
1.610000000000000000e+03 2.994314579995303871e-02 -1.398910776600329753e-01 1.430597972502499482e-01 -1.737867467498774658e+02
1.620000000000000000e+03 3.752074504085859546e-02 -1.393705286467869786e-01 1.443327771634218548e-01 -1.748446302677504889e+02
1.630000000000000000e+03 4.500614631807246108e-02 -1.379617288166722633e-01 1.451171658505249484e-01 -1.759022742919628968e+02
1.640000000000000000e+03 5.226884614623899389e-02 -1.356863484232470329e-01 1.454056994271338554e-01 -1.769599121894321172e+02
1.650000000000000000e+03 5.918213497586428951e-02 -1.325871470054668100e-01 1.451959939232163599e-01 -1.780177848689188522e+02
1.660000000000000000e+03 6.562694986134000319e-02 -1.287273528847195370e-01 1.444909268044535233e-01 -1.790761434205519720e+02
1.670000000000000000e+03 7.149566703319985839e-02 -1.241893155773810542e-01 1.432990457333911394e-01 -1.801352515678518671e+02
1.680000000000000000e+03 7.669558958552769035e-02 -1.190724163017162496e-01 1.416349313757059303e-01 -1.811953884043167307e+02
1.690000000000000000e+03 8.115190842236726099e-02 -1.134902608046172434e-01 1.395194306829422304e-01 -1.822568515692244091e+02
1.700000000000000000e+03 8.481003308447485067e-02 -1.075672590408444651e-01 1.369797683212738426e-01 -1.833199604133441198e+02
1.710000000000000000e+03 8.763729354319185760e-02 -1.014347441200529193e-01 1.340496271321788835e-01 -1.843850583013069695e+02
1.720000000000000000e+03 8.962390701672214022e-02 -9.522683882138709144e-02 1.307692453937717436e-01 -1.854525141507166381e+02
1.730000000000000000e+03 9.078306720897924564e-02 -8.907627943201641696e-02 1.271854899323059951e-01 -1.865227235715160816e+02
1.740000000000000000e+03 9.115014783071084814e-02 -8.311036106656205513e-02 1.233518608135878714e-01 -1.875961089533228687e+02
1.750000000000000000e+03 9.078109784767943169e-02 -7.744710701474163961e-02 1.193283793210265231e-01 -1.886731168885771979e+02
1.760000000000000000e+03 8.975016750539933919e-02 -7.219179770386133232e-02 1.151813709892466897e-01 -1.897542109110102331e+02
1.770000000000000000e+03 8.814711009968982658e-02 -6.743406603726244397e-02 1.109831801726942346e-01 -1.908398578136432775e+02
1.780000000000000000e+03 8.607398724564184478e-02 -6.324568353348737626e-02 1.068117398321970501e-01 -1.919305054349775332e+02
1.790000000000000000e+03 8.364170270992825340e-02 -5.967902099080470840e-02 1.027497930831830358e-01 -1.930265489924034057e+02
1.800000000000000000e+03 8.096636489391111080e-02 -5.676615263974321701e-02 9.888350888622726709e-02 -1.941282837824130638e+02
1.810000000000000000e+03 7.816560720823154118e-02 -5.451862674513179713e-02 9.530027708462625313e-02 -1.952358446165665384e+02
1.820000000000000000e+03 7.535498804198278999e-02 -5.292791551383599358e-02 9.208549540208343931e-02 -1.963491368894416667e+02
1.830000000000000000e+03 7.264456248416353845e-02 -5.196648388563529508e-02 8.931823949200708157e-02 -1.974677703396328354e+02
1.840000000000000000e+03 7.013571564053948382e-02 -5.158939034932159828e-02 8.706597386479571210e-02 -1.985910133295894013e+02
1.850000000000000000e+03 6.791836159671806039e-02 -5.173636914422190952e-02 8.537889513345639503e-02 -1.997177893616342317e+02
1.860000000000000000e+03 6.606863745495897278e-02 -5.233434384423808761e-02 8.428492392333132577e-02 -2.008467327627783447e+02
1.870000000000000000e+03 6.464720952363058049e-02 -5.330031916583825857e-02 8.378654857656100963e-02 -2.019763051380466266e+02
1.880000000000000000e+03 6.369821027970770655e-02 -5.454456839084192293e-02 8.386043127590682433e-02 -2.031049529865093177e+02
1.890000000000000000e+03 6.324873290876370513e-02 -5.597394822619498195e-02 8.445996148822756955e-02 -2.042312699541733139e+02
1.900000000000000000e+03 6.330886568130129899e-02 -5.749512931247048597e-02 8.552018690643017895e-02 -2.053541245931347703e+02
1.910000000000000000e+03 6.387234097729080351e-02 -5.901758504668755401e-02 8.696408043935323351e-02 -2.064727284741864821e+02
1.920000000000000000e+03 6.491779944627197596e-02 -6.045626749049496512e-02 8.870896777569148295e-02 -2.075866421021341921e+02
1.930000000000000000e+03 6.641053333962775029e-02 -6.173390966298226284e-02 9.067212659208487291e-02 -2.086957341062234264e+02
1.940000000000000000e+03 6.830453592340184066e-02 -6.278286791955710322e-02 9.277498656381387432e-02 -2.098001157082177315e+02
1.950000000000000000e+03 7.054470698482628865e-02 -6.354646962702271973e-02 9.494582395046724521e-02 -2.109000700237034778e+02
1.960000000000000000e+03 7.306912414845716242e-02 -6.397991014351442352e-02 9.712119133224646206e-02 -2.119959889464506091e+02
1.970000000000000000e+03 7.581129507666553580e-02 -6.405076131183960741e-02 9.924642303794883880e-02 -2.130883235356626813e+02
1.980000000000000000e+03 7.870233961651409982e-02 -6.373908954941352734e-02 1.012755143047976841e-01 -2.141775482860687418e+02
1.990000000000000000e+03 8.167312302876951480e-02 -6.303713693895268699e-02 1.031706337032626403e-01 -2.152641364119466800e+02
2.000000000000000000e+03 8.465627871548825345e-02 -6.194860229385298206e-02 1.049014530505483350e-01 -2.163485436680431917e+02
2.010000000000000000e+03 8.758799740647989218e-02 -6.048766425954177350e-02 1.064444212594186367e-01 -2.174311993432392001e+02
2.020000000000000000e+03 9.040956711827349834e-02 -5.867786137345892827e-02 1.077821007490411820e-01 -2.185125025768278704e+02
2.030000000000000000e+03 9.306868189077112385e-02 -5.655082156686701278e-02 1.089025939487814898e-01 -2.195928216707156082e+02
2.040000000000000000e+03 9.552046099521636913e-02 -5.414480474003338650e-02 1.097989906559937029e-01 -2.206724947872791347e+02
2.050000000000000000e+03 9.772811724800516131e-02 -5.150310257731391395e-02 1.104687941272518986e-01 -2.217518313440143629e+02
2.060000000000000000e+03 9.966330086443855873e-02 -4.867242910936989825e-02 1.109133846503758819e-01 -2.228311139785622572e+02
2.070000000000000000e+03 1.013062186157918931e-01 -4.570137122685379027e-02 1.111375960791186057e-01 -2.239106005226721265e+02
2.080000000000000000e+03 1.026455517256923688e-01 -4.263887273345086382e-02 1.111493713749709261e-01 -2.249905252941901210e+02
2.090000000000000000e+03 1.036781078125586647e-01 -3.953287485526960077e-02 1.109594440951960914e-01 -2.260711006509079368e+02
2.100000000000000000e+03 1.044082088991609286e-01 -3.642919788443658990e-02 1.105810134880046564e-01 -2.271525192431758455e+02
2.110000000000000000e+03 1.048468662399334728e-01 -3.337056609137148411e-02 1.100293599072224571e-01 -2.282349558086681895e+02
2.120000000000000000e+03 1.050108783973383864e-01 -3.039575874234578395e-02 1.093214833932630164e-01 -2.293185678700309893e+02
2.130000000000000000e+03 1.049219427893042234e-01 -2.753892845980418155e-02 1.084758344489510778e-01 -2.304034955466836436e+02
2.140000000000000000e+03 1.046057170664114605e-01 -2.482906322875473235e-02 1.075120385063720457e-01 -2.314898606090897601e+02
2.150000000000000000e+03 1.040907848404211411e-01 -2.228960385999478183e-02 1.064505421730220364e-01 -2.325777650598402317e+02
2.160000000000000000e+03 1.034076042237789678e-01 -1.993828137117516219e-02 1.053122389627049044e-01 -2.336672897647014793e+02
2.170000000000000000e+03 1.025875450863228538e-01 -1.778717682418465285e-02 1.041181447501497437e-01 -2.347584932546504604e+02
2.180000000000000000e+03 1.016620401626261855e-01 -1.584293526598390053e-02 1.028891102491880649e-01 -2.358514104407923924e+02
2.190000000000000000e+03 1.006618230192526525e-01 -1.410706428644947427e-02 1.016455206900007124e-01 -2.369460510231490957e+02
2.200000000000000000e+03 9.961625080025419965e-02 -1.257630522083580046e-02 1.004069762342575944e-01 -2.380423978315487830e+02
2.210000000000000000e+03 9.855269575692503226e-02 -1.124309135160803108e-02 9.919193991498317930e-02 -2.391404056347004712e+02
2.220000000000000000e+03 9.749600812138918549e-02 -1.009609192522111475e-02 9.801735903281877382e-02 -2.402400008064832377e+02
2.230000000000000000e+03 9.646810024182461696e-02 -9.120828946918768318e-03 9.689831724517032618e-02 -2.413410820824941823e+02
2.240000000000000000e+03 9.548768476262881055e-02 -8.300335521772464475e-03 9.584776216011081651e-02 -2.424435224584704542e+02
2.250000000000000000e+03 9.457014759570002427e-02 -7.615800413669958357e-03 9.487630490387652382e-02 -2.435471719837607907e+02
2.260000000000000000e+03 9.372751987143083940e-02 -7.047168027265612866e-03 9.399207710468993060e-02 -2.446518613087578160e+02
2.270000000000000000e+03 9.296854212380141480e-02 -6.573700388360032530e-03 9.320066180784856991e-02 -2.457574060711535537e+02
2.280000000000000000e+03 9.229881793588221028e-02 -6.174498881092635102e-03 9.250511460883525938e-02 -2.468636120039187745e+02
2.290000000000000000e+03 9.172103651864846330e-02 -5.828977306461808131e-03 9.190606898619095577e-02 -2.479702804933673121e+02
2.300000000000000000e+03 9.123526165418549549e-02 -5.517276314771946133e-03 9.140193273143207287e-02 -2.490772142070896678e+02
2.310000000000000000e+03 9.083928412378454442e-02 -5.220606793784524254e-03 9.098917669380772455e-02 -2.501842223497066584e+02
2.320000000000000000e+03 9.052897680185405249e-02 -4.921517097874241083e-03 9.066265477767181113e-02 -2.512911252288261608e+02
2.330000000000000000e+03 9.029860097941072583e-02 -4.604089321473061290e-03 9.041590002493443690e-02 -2.523977579600783940e+02
2.340000000000000000e+03 9.014108752520139101e-02 -4.254077015124656941e-03 9.024141417041639524e-02 -2.535039732425564694e+02
2.350000000000000000e+03 9.004831294133824882e-02 -3.858971888649833509e-03 9.013096209193915964e-02 -2.546096429482557824e+02
2.360000000000000000e+03 9.001134982136874130e-02 -3.407992802224285144e-03 9.007584310793227689e-02 -2.557146584284888888e+02
2.370000000000000000e+03 9.002068939413829241e-02 -2.892025175461118182e-03 9.006713234366586773e-02 -2.568189298750393164e+02
2.380000000000000000e+03 9.006646535225318329e-02 -2.303550677636440579e-03 9.009591848010131687e-02 -2.579223852377035655e+02
2.390000000000000000e+03 9.013867053463869849e-02 -1.636582995946726923e-03 9.015352644048242603e-02 -2.590249689787481202e+02
2.400000000000000000e+03 9.022732187090892753e-02 -8.865605766847043257e-04 9.023167737359608087e-02 -2.601266402315623054e+02
2.410000000000000000e+03 9.032257060508869229e-02 -5.015689723127596229e-05 9.032258453136497722e-02 -2.612273700013300868e+02
2.420000000000000000e+03 9.041477599572134149e-02 8.749420904884063453e-04 9.041900929571268508e-02 -2.623271380136341691e+02
2.430000000000000000e+03 9.049451319811396832e-02 1.890236610011132969e-03 9.051425254293077316e-02 -2.634259298710772441e+02
2.440000000000000000e+03 9.055250102979861548e-02 2.996568619583563943e-03 9.060206877463423958e-02 -2.645237347063826974e+02
2.450000000000000000e+03 9.057952362916883715e-02 4.194223363768341366e-03 9.067657696733118222e-02 -2.656205434225760769e+02
2.460000000000000000e+03 9.056638992313852110e-02 5.482978851137756959e-03 9.073221060236541513e-02 -2.667163475063741771e+02
2.470000000000000000e+03 9.050388906866919936e-02 6.862122463157143727e-03 9.076366377165118182e-02 -2.678111381899562957e+02
2.480000000000000000e+03 9.038270246620387638e-02 8.330433633482705463e-03 9.076579217753898143e-02 -2.689049059111612792e+02
2.490000000000000000e+03 9.019329586099675278e-02 9.886130322421263217e-03 9.073348990874974263e-02 -2.699976400468979136e+02
2.500000000000000000e+03 8.992586529758463121e-02 1.152677978737695445e-02 9.066161206258147032e-02 -2.710893289553374643e+02
2.510000000000000000e+03 8.957037506851835140e-02 1.324915079237463759e-02 9.054497272976637368e-02 -2.721799606757035690e+02
2.520000000000000000e+03 8.911665003109880967e-02 1.504902787564889148e-02 9.037837436448722950e-02 -2.732695241005025650e+02
2.530000000000000000e+03 8.855448429660739418e-02 1.692106151683952370e-02 9.015663598368538201e-02 -2.743580098128659870e+02
2.540000000000000000e+03 8.787376795056525691e-02 1.885867559626155238e-02 8.987462789394358442e-02 -2.754454103930501105e+02
2.550000000000000000e+03 8.706462875800226320e-02 2.085398020131745342e-02 8.952730349455240155e-02 -2.765317207915546760e+02
2.560000000000000000e+03 8.611758658730254978e-02 2.289767727469694744e-02 8.910972081763988972e-02 -2.776169389311929194e+02
2.570000000000000000e+03 8.502374105574921070e-02 2.497900349617054525e-02 8.861708164217999006e-02 -2.787010661526178978e+02
2.580000000000000000e+03 8.377498943555181099e-02 2.708572214829237795e-02 8.804479086931443765e-02 -2.797841074490419828e+02
2.590000000000000000e+03 8.236425749810698249e-02 2.920412913579127287e-02 8.738851224156665709e-02 -2.808660718918459906e+02
2.600000000000000000e+03 8.078574009748223927e-02 3.131906549880136836e-02 8.664421311787741387e-02 -2.819469733773784128e+02
2.610000000000000000e+03 7.903514868030657448e-02 3.341397129135111749e-02 8.580820592680750425e-02 -2.830268313692208721e+02
2.620000000000000000e+03 7.710998531076819484e-02 3.547099377432653966e-02 8.487721268965657540e-02 -2.841056716649800364e+02
2.630000000000000000e+03 7.500987235575513890e-02 3.747112777136812206e-02 8.384847265922543147e-02 -2.851835277243627615e+02
2.640000000000000000e+03 7.273692116833829768e-02 3.939440069065334310e-02 8.271987975586526931e-02 -2.862604425895785880e+02
2.650000000000000000e+03 7.029607319938932508e-02 4.122015557273498582e-02 8.149011677924125618e-02 -2.873364706889157674e+02
2.660000000000000000e+03 6.769537108514470103e-02 4.292744780868794352e-02 8.015877395346733547e-02 -2.884116792027891734e+02
2.670000000000000000e+03 6.494615921682318771e-02 4.449553777096755536e-02 7.872646618859853451e-02 -2.894861491980300912e+02
2.680000000000000000e+03 6.206321928828116563e-02 4.590445608654927789e-02 7.719496276977666493e-02 -2.905599768492394332e+02
2.690000000000000000e+03 5.906482937244578180e-02 4.713564520513887496e-02 7.556734160800461508e-02 -2.916332746829021971e+02
2.700000000000000000e+03 5.597270524676344061e-02 4.817267759895949020e-02 7.384815908128213036e-02 -2.927061725288991170e+02
2.710000000000000000e+03 5.281177202262837128e-02 4.900200019899860621e-02 7.204359296754106468e-02 -2.937788181019868148e+02
2.720000000000000000e+03 4.960974827463974363e-02 4.961362615840158447e-02 7.016152096739887434e-02 -2.948513774470617932e+02
2.730000000000000000e+03 4.639656028025197776e-02 5.000174154636488622e-02 6.821154567599628515e-02 -2.959240351462800618e+02
2.740000000000000000e+03 4.320362303398961323e-02 5.016523956587461142e-02 6.620501721142189877e-02 -2.969969938712996509e+02
2.750000000000000000e+03 4.006300908502497676e-02 5.010816220448918723e-02 6.415506695856681985e-02 -2.980704730243218705e+02
2.760000000000000000e+03 3.700649103501396642e-02 4.983996898479701315e-02 6.207658888123684243e-02 -2.991447062316631786e+02
2.770000000000000000e+03 3.406447342270956663e-02 4.937553851947434902e-02 5.998609967029513296e-02 -3.002199375660936198e+02
2.780000000000000000e+03 3.126489156124481750e-02 4.873487949734242597e-02 5.790148464380584503e-02 -3.012964162802853707e+02
2.790000000000000000e+03 2.863215714699589992e-02 4.794261227025033156e-02 5.584169136215186291e-02 -3.023743892464756868e+02
2.800000000000000000e+03 2.618622700380415780e-02 4.702726523878420634e-02 5.382640765027630475e-02 -3.034540907779149848e+02
2.810000000000000000e+03 2.394182893848891686e-02 4.602039733672212696e-02 5.187569897311887501e-02 -3.045357295905437809e+02
2.820000000000000000e+03 2.190783579567920358e-02 4.495556504951286197e-02 5.000956006776529489e-02 -3.056194722304703077e+02
2.830000000000000000e+03 2.008684358050806876e-02 4.386716591952071614e-02 4.824737848669664181e-02 -3.067054237673966099e+02
2.840000000000000000e+03 1.847499633360511276e-02 4.278921216743965944e-02 4.660731881836680662e-02 -3.077936072559302261e+02
2.850000000000000000e+03 1.706203516467189041e-02 4.175409081652413368e-02 4.510562208721929228e-02 -3.088839434411744946e+02
2.860000000000000000e+03 1.583159829625428727e-02 4.079134138092719436e-02 4.375583431120134287e-02 -3.099762344168122468e+02
2.870000000000000000e+03 1.476181752016042341e-02 3.992649831844516384e-02 4.256802232276382658e-02 -3.110701562218790741e+02
2.880000000000000000e+03 1.382619122108167016e-02 3.918008836308525117e-02 4.154807923142878751e-02 -3.121652638796228416e+02
2.890000000000000000e+03 1.299467526069543293e-02 3.856683505673238338e-02 4.069720323835695347e-02 -3.132610106056399673e+02
2.900000000000000000e+03 1.223492475487688094e-02 3.809508326467710149e-02 4.001160772451139991e-02 -3.143567805302538432e+02
2.910000000000000000e+03 1.151361484920239951e-02 3.776648916670576062e-02 3.948254083610473059e-02 -3.154519308695723794e+02
2.920000000000000000e+03 1.079779101160444760e-02 3.757601232604900615e-02 3.909666217284632483e-02 -3.165458375965424125e+02
2.930000000000000000e+03 1.005622778938595335e-02 3.751222023689453067e-02 3.883676588560507070e-02 -3.176379385959012325e+02
2.940000000000000000e+03 9.260771437813978754e-03 3.755785875878606822e-02 3.868274346744753067e-02 -3.187277694656781932e+02
2.950000000000000000e+03 8.387578493139024108e-03 3.769064155562634050e-02 3.861263956081318477e-02 -3.198149876659660436e+02
2.960000000000000000e+03 7.418123193370977642e-03 3.788425614910344297e-02 3.860369691730198421e-02 -3.208993820305036024e+02
2.970000000000000000e+03 6.339899558358640975e-03 3.810952942200228344e-02 3.863328304941910513e-02 -3.219808686053875135e+02
2.980000000000000000e+03 5.146834478134280737e-03 3.833567717901728567e-02 3.867963352875953414e-02 -3.230594773586146289e+02
2.990000000000000000e+03 3.839482822829010621e-03 3.853162248259335565e-02 3.872244258163336228e-02 -3.241353355030539092e+02
3.000000000000000000e+03 2.425010641808080219e-03 3.866735573501114270e-02 3.874332298797796004e-02 -3.252086510126887333e+02
3.010000000000000000e+03 9.168755214496565045e-04 3.871524941137136772e-02 3.872610486101751848e-02 -3.262796964819942787e+02
3.020000000000000000e+03 -6.658217446630558620e-04 3.865123712298220576e-02 3.865697155407629704e-02 -3.273487936677929611e+02
3.030000000000000000e+03 -2.299264435781810893e-03 3.845580975054283673e-02 3.852448468851461111e-02 -3.284162996786512849e+02
3.040000000000000000e+03 -3.956053983633089216e-03 3.811478717104225394e-02 3.831954284976878816e-02 -3.294825955428370889e+02
3.050000000000000000e+03 -5.606474617179989586e-03 3.761987508665221025e-02 3.803534618178726345e-02 -3.305480776080045757e+02
3.060000000000000000e+03 -7.219853141881696530e-03 3.696902395334530217e-02 3.766742639806119897e-02 -3.316131512336420428e+02
3.070000000000000000e+03 -8.765960093953074211e-03 3.616652100030464528e-02 3.721369771514589087e-02 -3.326782263479520338e+02
3.080000000000000000e+03 -1.021635892512200335e-02 3.522275480437959266e-02 3.667446585427476535e-02 -3.337437148524149393e+02
3.090000000000000000e+03 -1.154564183882979961e-02 3.415368674323772391e-02 3.605240856899507434e-02 -3.348100291495986198e+02
3.100000000000000000e+03 -1.273253528664377611e-02 3.298010349616328080e-02 3.535257672989721572e-02 -3.358775804464436874e+02
3.110000000000000000e+03 -1.376084784950539798e-02 3.172668822072821637e-02 3.458241864000451832e-02 -3.369467757963030294e+02
3.120000000000000000e+03 -1.462017249224550550e-02 3.042094740205969483e-02 3.375179231599256119e-02 -3.380180144592248439e+02
3.130000000000000000e+03 -1.530629598404470090e-02 2.909203697986506923e-02 3.287292673902066087e-02 -3.390916831749262315e+02
3.140000000000000000e+03 -1.582138659435425310e-02 2.776948322444676084e-02 3.196029524771075436e-02 -3.401681460675226276e+02
3.150000000000000000e+03 -1.617395792381943684e-02 2.648184379759009263e-02 3.103038778103558298e-02 -3.412477272015354970e+02
3.160000000000000000e+03 -1.637854367634569014e-02 2.525542578485528988e-02 3.010138243556758492e-02 -3.423306871990792501e+02
3.170000000000000000e+03 -1.645508778089014440e-02 2.411311634470965706e-02 2.919267534383075680e-02 -3.434171939920894943e+02
3.180000000000000000e+03 -1.642807972841841754e-02 2.307333977858248494e-02 2.832420894043095883e-02 -3.445072880048995785e+02
3.190000000000000000e+03 -1.632549184234297415e-02 2.214919550095327191e-02 2.751560548550323337e-02 -3.456008444036147012e+02
3.200000000000000000e+03 -1.617757148929942906e-02 2.134780488592801992e-02 2.678511886736823985e-02 -3.466975378202653815e+02
3.210000000000000000e+03 -1.601550780806691721e-02 2.066988403204658362e-02 2.614843391579133730e-02 -3.477968186999509612e+02
3.220000000000000000e+03 -1.587002570150463157e-02 2.010959727147061671e-02 2.561744753458384746e-02 -3.488979119253478984e+02
3.230000000000000000e+03 -1.576999243645043833e-02 1.965470691803930525e-02 2.519920962013940183e-02 -3.499998449519573001e+02
3.240000000000000000e+03 -1.574110064965889705e-02 1.928697900976837284e-02 2.489517642006052259e-02 -3.511015061283193859e+02
3.250000000000000000e+03 -1.580464115676513681e-02 1.898284447065592268e-02 2.470091225625536610e-02 -3.522017278157507576e+02
3.260000000000000000e+03 -1.597638782068733568e-02 1.871435909279214882e-02 2.460634479257288801e-02 -3.532993820503611460e+02
3.270000000000000000e+03 -1.626566020561815221e-02 1.845043369676157077e-02 2.459654865063846257e-02 -3.543934699016570562e+02
3.280000000000000000e+03 -1.667464852277317222e-02 1.815821458272135619e-02 2.465288340519575239e-02 -3.554831854655358825e+02
3.290000000000000000e+03 -1.719804065321719339e-02 1.780454685900588474e-02 2.475428227931982667e-02 -3.565679459365366597e+02
3.300000000000000000e+03 -1.782298760282620409e-02 1.735754370356272502e-02 2.487856930194311950e-02 -3.576473908189833537e+02
3.310000000000000000e+03 -1.852942497793581833e-02 1.678823625384581394e-02 2.500368905837485958e-02 -3.587213592939369278e+02
3.320000000000000000e+03 -1.929071206090936241e-02 1.607216204518811462e-02 2.510868305235659792e-02 -3.597898553307268799e+02
3.330000000000000000e+03 -2.007459297756426092e-02 1.519075426261124254e-02 2.517435795173163932e-02 -3.608530071879047227e+02
3.340000000000000000e+03 -2.084449389720872264e-02 1.413248539321205512e-02 2.518372627750158424e-02 -3.619110271326765655e+02
3.350000000000000000e+03 -2.156107089714473166e-02 1.289373930712277988e-02 2.512226684739544968e-02 -3.629641771322251884e+02
3.360000000000000000e+03 -2.218391551795382416e-02 1.147933070088973800e-02 2.497801315253281307e-02 -3.640127413682204178e+02
3.370000000000000000e+03 -2.267339393050754950e-02 9.902626551876701766e-03 2.474156027727253404e-02 -3.650570036049992950e+02
3.380000000000000000e+03 -2.299252674285342732e-02 8.185284883806275696e-03 2.440604791132512663e-02 -3.660972299293056267e+02
3.390000000000000000e+03 -2.310876791669944433e-02 6.356619489734278289e-03 2.396709757073533023e-02 -3.671336569761998021e+02
3.400000000000000000e+03 -2.299561347058440980e-02 4.452618978833372196e-03 2.342272517576019300e-02 -3.681664842558533337e+02
3.410000000000000000e+03 -2.263398991916624678e-02 2.514673803511030536e-03 2.277325369812104733e-02 -3.691958699224056772e+02
3.420000000000000000e+03 -2.201334584502034550e-02 5.880375168467381723e-04 2.202119850084672051e-02 -3.702219284614052981e+02
3.430000000000000000e+03 -2.113238968530957787e-02 -1.279956622594133646e-03 2.117111671045013993e-02 -3.712447274672946946e+02
3.440000000000000000e+03 -1.999940635773747241e-02 -3.041839380750041479e-03 2.022941030974931276e-02 -3.722642823741965117e+02
3.450000000000000000e+03 -1.863211961113559953e-02 -4.651973609044898934e-03 1.920408132827275058e-02 -3.732805493250289146e+02
3.460000000000000000e+03 -1.705716800496772517e-02 -6.068430586703962848e-03 1.810449751126329623e-02 -3.742934160842369238e+02
3.470000000000000000e+03 -1.530923214154615922e-02 -7.254723872968430430e-03 1.694118080998984269e-02 -3.753026887218831007e+02
3.480000000000000000e+03 -1.342980111751205727e-02 -8.181331924969045821e-03 1.572557630493858286e-02 -3.763080708698100239e+02
3.490000000000000000e+03 -1.146563564605030013e-02 -8.826894412941399884e-03 1.446979148934757035e-02 -3.773091333991877150e+02
3.500000000000000000e+03 -9.467003881591813316e-03 -9.179034207423063946e-03 1.318631227732443810e-02 -3.783052666621663320e+02
3.510000000000000000e+03 -7.485764058366542288e-03 -9.234809552441511013e-03 1.188774036591468131e-02 -3.792955985248327693e+02
3.520000000000000000e+03 -5.573405793464484247e-03 -9.000796327001861497e-03 1.058665134302597469e-02 -3.802788524165487161e+02
3.530000000000000000e+03 -3.779161156167839576e-03 -8.492837922170926035e-03 9.295717025412961881e-03 -3.812530989522583127e+02
3.540000000000000000e+03 -2.148231108782566300e-03 -7.735484478423313923e-03 8.028238724195313133e-03 -3.822153108049286629e+02
3.550000000000000000e+03 -7.201559249854719985e-04 -6.761086210429412963e-03 6.799331680477901062e-03 -3.831605404409738185e+02
3.560000000000000000e+03 4.725828378811764243e-04 -5.608555160354695111e-03 5.628430111976260967e-03 -3.840803632167912838e+02
3.570000000000000000e+03 1.405642391575053982e-03 -4.321881747097792992e-03 4.544721374175749243e-03 -3.849599781018810063e+02
3.580000000000000000e+03 2.063569493325369611e-03 -2.948476465434063040e-03 3.598865449138334734e-03 -3.857737826150030855e+02
3.590000000000000000e+03 2.440232958201527750e-03 -1.537405729126496744e-03 2.884155555139832332e-03 -3.864858334275590437e+02
3.600000000000000000e+03 2.538957079950848565e-03 -1.376410922112802839e-04 2.542685219231364657e-03 -3.870877880370602497e+02
3.610000000000000000e+03 2.372343802692900711e-03 1.203604471901564962e-03 2.660202782300036782e-03 -3.876741204736989630e+02
3.620000000000000000e+03 1.961735911471755751e-03 2.442473459132282667e-03 3.132743906693226475e-03 -3.883595075506618741e+02
3.630000000000000000e+03 1.336338547451155221e-03 3.539976286653828078e-03 3.783811943460627103e-03 -3.891537930881331135e+02
3.640000000000000000e+03 5.320934280058919885e-04 4.463347669430906862e-03 4.494952261630969469e-03 -3.900214870483713412e+02
3.650000000000000000e+03 -4.096250311846697510e-04 5.187207367538392185e-03 5.203355930552667694e-03 -3.909340282799428223e+02
3.660000000000000000e+03 -1.443504339702036217e-03 5.694486781430226421e-03 5.874596537858765496e-03 -3.918745709305773630e+02
3.670000000000000000e+03 -2.521993321863552455e-03 5.977051090329260283e-03 6.487340753492955824e-03 -3.928335519438505798e+02
3.680000000000000000e+03 -3.597164059442078780e-03 6.035944316493547200e-03 7.026536348895703887e-03 -3.938053915589903227e+02
3.690000000000000000e+03 -4.622629974762108331e-03 5.881234479183201740e-03 7.480483064796179284e-03 -3.947866893261118548e+02
3.700000000000000000e+03 -5.555392530529880586e-03 5.531496460426148058e-03 7.839632597256977406e-03 -3.957752795538444843e+02
3.710000000000000000e+03 -6.357525540098847745e-03 5.012987695437499253e-03 8.096182843020339678e-03 -3.967697336809719104e+02
3.720000000000000000e+03 -6.997657497499925813e-03 4.358502542025988538e-03 8.244013273956072793e-03 -3.977690896770532163e+02
3.730000000000000000e+03 -7.452188657197385269e-03 3.605896897195512256e-03 8.278744362260836986e-03 -3.987726979667801288e+02
3.740000000000000000e+03 -7.706156963069922018e-03 2.796392847781610080e-03 8.197845332683166217e-03 -3.997801375500508243e+02
3.750000000000000000e+03 -7.753721661972317984e-03 1.972780004280314317e-03 8.000753749280564014e-03 -4.007911805142830985e+02
3.760000000000000000e+03 -7.598266990537233187e-03 1.177548797303507337e-03 7.688971480602505015e-03 -4.018057895658774328e+02
3.770000000000000000e+03 -7.252099185477102992e-03 4.510108323515101512e-04 7.266109919819274329e-03 -4.028241471247335426e+02
3.780000000000000000e+03 -6.735707624141868029e-03 -1.704707754584292262e-04 6.737864460139302188e-03 -4.038467336158466878e+02
3.790000000000000000e+03 -6.076652406080631889e-03 -6.560168154684706786e-04 6.111960612316062053e-03 -4.048744962827468612e+02
3.800000000000000000e+03 -5.308199212498865283e-03 -9.814773282846209722e-04 5.398173452706970035e-03 -4.059092032442100617e+02
3.810000000000000000e+03 -4.467762000973237238e-03 -1.130379271938862637e-03 4.608541482483304898e-03 -4.069542290738914971e+02
3.820000000000000000e+03 -3.595197624490559588e-03 -1.094555194382872739e-03 3.758124137477777699e-03 -4.080165030784550595e+02
3.830000000000000000e+03 -2.731037591367379939e-03 -8.744316720950042745e-04 2.867611737077494470e-03 -4.091121678403831652e+02
3.840000000000000000e+03 -1.914760345249707889e-03 -4.789427387588027175e-04 1.973751080240505797e-03 -4.102869338846341520e+02
3.850000000000000000e+03 -1.183152804998007521e-03 7.494743033330425496e-05 1.185524220456173798e-03 -4.117052977281113044e+02
3.860000000000000000e+03 -5.687464288542899357e-04 7.630301750609757433e-04 9.516761783233260901e-04 -4.136822961579927664e+02
3.870000000000000000e+03 -9.837884805873034944e-05 1.554862138980672411e-03 1.557971331244870734e-03 -4.153696455391632298e+02
3.880000000000000000e+03 2.080103740979440650e-04 2.415001615312262467e-03 2.423943299191052593e-03 -4.166287536035436574e+02
3.890000000000000000e+03 3.382936956798959956e-04 3.304472327092518140e-03 3.321743515844804637e-03 -4.177548521425546255e+02
3.900000000000000000e+03 2.887659425524046332e-04 4.182409664071146810e-03 4.192366440054340511e-03 -4.188317666237629169e+02
3.910000000000000000e+03 6.443821213712514937e-05 5.007838211202113657e-03 5.008252772450628998e-03 -4.198856998195896040e+02
3.920000000000000000e+03 -3.210138679156553988e-04 5.741495690514802561e-03 5.750462822033911882e-03 -4.209269800184204655e+02
3.930000000000000000e+03 -8.456839557584598568e-04 6.347621578924242218e-03 6.403708383604922276e-03 -4.219603845527108206e+02
3.940000000000000000e+03 -1.480239263739123803e-03 6.795707176522956632e-03 6.955051711307440321e-03 -4.229883632966459004e+02
3.950000000000000000e+03 -2.189093030819357945e-03 7.062159256320658419e-03 7.393660910483887752e-03 -4.240122501692834476e+02
3.960000000000000000e+03 -2.931962566324664878e-03 7.131694387833640257e-03 7.710866963693963419e-03 -4.250327797374353622e+02
3.970000000000000000e+03 -3.665713670039117637e-03 6.998322517868587819e-03 7.900251564021121969e-03 -4.260503280965990598e+02
3.980000000000000000e+03 -4.346382777173656356e-03 6.665914941014559891e-03 7.957729905353217933e-03 -4.270650314379381598e+02
3.990000000000000000e+03 -4.931364646078156833e-03 6.148325869807984810e-03 7.881641217027050839e-03 -4.280768334801481956e+02
4.000000000000000000e+03 -5.381705367615968565e-03 5.469002888511975517e-03 7.672857698301126933e-03 -4.290854800511560256e+02
4.010000000000000000e+03 -5.664330554846160742e-03 4.660067876370009923e-03 7.334907855381655149e-03 -4.300904691273551066e+02
4.020000000000000000e+03 -5.753998678348971364e-03 3.760880189050155604e-03 6.874061433158103890e-03 -4.310909466631573537e+02
4.030000000000000000e+03 -5.634859485883618804e-03 2.816128599334437755e-03 6.299382645437721570e-03 -4.320854995962452563e+02
4.040000000000000000e+03 -5.301574850144760015e-03 1.873559305297064657e-03 5.622892526285084083e-03 -4.330717343957807088e+02
4.050000000000000000e+03 -4.759874991435101427e-03 9.814377114513493736e-04 4.860003077730318602e-03 -4.340453768842967861e+02
4.060000000000000000e+03 -4.026427398530104708e-03 1.858596859149112108e-04 4.030714752805301081e-03 -4.349981639385686094e+02
4.070000000000000000e+03 -3.128061451060557083e-03 -4.718698355546002048e-04 3.163452162324792254e-03 -4.359123150405344518e+02
4.080000000000000000e+03 -2.100421219460898558e-03 -9.575790374407273453e-04 2.308403541867737850e-03 -4.367442883903306665e+02
4.090000000000000000e+03 -9.860685034816813604e-04 -1.246169762638940377e-03 1.589109867464863404e-03 -4.373806412628857743e+02
4.100000000000000000e+03 1.678950750074390528e-04 -1.323053757019016083e-03 1.333664125698028622e-03 -4.376950154133499495e+02
4.110000000000000000e+03 1.312527538083403970e-03 -1.184979100763054651e-03 1.768305405599524633e-03 -4.380948162630148204e+02
4.120000000000000000e+03 2.399855081849320941e-03 -8.401707178293995465e-04 2.542674035140167228e-03 -4.388072010976187016e+02
4.130000000000000000e+03 3.385589714354671816e-03 -3.077650910945472075e-04 3.399549538577219254e-03 -4.396710993394096363e+02
4.140000000000000000e+03 4.231620579185513091e-03 3.834295726915512635e-04 4.248956455813681851e-03 -4.406000802685525741e+02
4.150000000000000000e+03 4.908148592166170464e-03 1.196775607910442003e-03 5.051949570064231086e-03 -4.415612766711742552e+02
4.160000000000000000e+03 5.395277830529272498e-03 2.090116120800835416e-03 5.785983776941669605e-03 -4.425408490758649123e+02
4.170000000000000000e+03 5.683917286627975830e-03 3.018365547042092464e-03 6.435638763696968113e-03 -4.435322769231711391e+02
4.180000000000000000e+03 5.775961285989683787e-03 3.936194879214206278e-03 6.989660857609884120e-03 -4.445322569350380491e+02
4.190000000000000000e+03 5.683802119926586842e-03 4.800656861414274480e-03 7.439886614695544187e-03 -4.455390812833631458e+02
4.200000000000000000e+03 5.429262530154578895e-03 5.573605993055672121e-03 7.780872405274784527e-03 -4.654014838771432210e+02
