0.000000000000000000e+00 6.974538741523649277e-01 1.962183870955504783e-01
1.000000000000000000e+01 6.861707109890093914e-01 2.075015582395323965e-01
2.000000000000000000e+01 6.751244525531244767e-01 2.185479657270751330e-01
3.000000000000000000e+01 6.643007972182741749e-01 2.293718845566048437e-01
4.000000000000000000e+01 6.536779762624482792e-01 2.399949529209081112e-01
5.000000000000000000e+01 6.432288724268611091e-01 2.504442845368896609e-01
6.000000000000000000e+01 6.329230425190744969e-01 2.607502450970555219e-01
7.000000000000000000e+01 6.227288310178227260e-01 2.709445396270556139e-01
8.000000000000000000e+01 6.126151037763798435e-01 2.810583739258613600e-01
9.000000000000000000e+01 6.025529430963283417e-01 2.911206634418440631e-01
1.000000000000000000e+02 5.925172863341745533e-01 3.011564110309001840e-01
1.100000000000000000e+02 5.824879884951089659e-01 3.111858252027326355e-01
1.200000000000000000e+02 5.724508558696072003e-01 3.212230944916263375e-01
1.300000000000000000e+02 5.623982851741579081e-01 3.312757737524301693e-01
1.400000000000000000e+02 5.523295824857308300e-01 3.413446315308517609e-01
1.500000000000000000e+02 5.422510247471535871e-01 3.514233962953084989e-01
1.600000000000000000e+02 5.321755051822693039e-01 3.614991762582793200e-01
1.700000000000000000e+02 5.221219086978636792e-01 3.715531313012020442e-01
1.800000000000000000e+02 5.121143674245380861e-01 3.815610841208433857e-01
1.900000000000000000e+02 5.021812896944748417e-01 3.914945833666566011e-01
2.000000000000000000e+02 4.923542844576808131e-01 4.013220310943486080e-01
2.100000000000000000e+02 4.826669525847976927e-01 4.110098210814868702e-01
2.200000000000000000e+02 4.731536344818205175e-01 4.205235925712008105e-01
2.300000000000000000e+02 4.638481616112143380e-01 4.298295220038816367e-01
2.400000000000000000e+02 4.547826928604121743e-01 4.388954388900970782e-01
2.500000000000000000e+02 4.459866702457229715e-01 4.476918782585654899e-01
2.600000000000000000e+02 4.374858971492293636e-01 4.561930555811833377e-01
2.700000000000000000e+02 4.293017901945253012e-01 4.643775381576764616e-01
2.800000000000000000e+02 4.214508827164146765e-01 4.722287729163824888e-01
2.900000000000000000e+02 4.139446181894000931e-01 4.797353156806881125e-01
3.000000000000000000e+02 4.067893089621381630e-01 4.868908518515489003e-01
3.100000000000000000e+02 3.999862645378061132e-01 4.936940841973032068e-01
3.200000000000000000e+02 3.935321587853376490e-01 5.001483538928618300e-01
3.300000000000000000e+02 3.874195551636711587e-01 5.062610888255659747e-01
3.400000000000000000e+02 3.816375880510310403e-01 5.120431456202328979e-01
3.500000000000000000e+02 3.761726736529811821e-01 5.175081359245768953e-01
3.600000000000000000e+02 3.710093078914280529e-01 5.226715716260730282e-01
3.700000000000000000e+02 3.661308161345520618e-01 5.275501380243912131e-01
3.800000000000000000e+02 3.615200479113018228e-01 5.321609947844383459e-01
3.900000000000000000e+02 3.571602108767048533e-01 5.365209324414764724e-01
4.000000000000000000e+02 3.530353450762521716e-01 5.406459358999735620e-01
4.100000000000000000e+02 3.491307750586577496e-01 5.445506726603674963e-01
4.200000000000000000e+02 3.454336231897629506e-01 5.482480240199670840e-01
4.300000000000000000e+02 3.419329882911544827e-01 5.517489470053937861e-01
4.400000000000000000e+02 3.386200441554914620e-01 5.550622200350244784e-01
4.500000000000000000e+02 3.354881516822371679e-01 5.581944684252705402e-01
4.600000000000000000e+02 3.325326687139302795e-01 5.611503723696458223e-01
4.700000000000000000e+02 3.297507794164483141e-01 5.639327157240515698e-01
4.800000000000000000e+02 3.271412299243172117e-01 5.665427369932182211e-01
4.900000000000000000e+02 3.247039419387716119e-01 5.689804896171700710e-01
5.000000000000000000e+02 3.224398137459311697e-01 5.712450831897215586e-01
5.100000000000000000e+02 3.203500587341603922e-01 5.733353390985419518e-01
5.200000000000000000e+02 3.184358797674666786e-01 5.752500372035307397e-01
5.300000000000000000e+02 3.166981198645859585e-01 5.769882858980716067e-01
5.400000000000000000e+02 3.151367876694823877e-01 5.785501209536064726e-01
5.500000000000000000e+02 3.137508294140381460e-01 5.799365666621081328e-01
5.600000000000000000e+02 3.125377856698931534e-01 5.811500864540330991e-01
5.700000000000000000e+02 3.114935329600249658e-01 5.821948508602634575e-01
5.800000000000000000e+02 3.106121667848126822e-01 5.830766908665532267e-01
5.900000000000000000e+02 3.098858834169517795e-01 5.838034252209569619e-01
6.000000000000000000e+02 3.093050897294022383e-01 5.843846576220630418e-01
6.100000000000000000e+02 3.088583218492533811e-01 5.848318673610373164e-01
6.200000000000000000e+02 3.085323116010554867e-01 5.851583258256239928e-01
6.300000000000000000e+02 3.083122138148036151e-01 5.853788459970359348e-01
6.400000000000000000e+02 3.081817730254333143e-01 5.855097052835804838e-01
6.500000000000000000e+02 3.081236118675676483e-01 5.855682901018750552e-01
6.600000000000000000e+02 3.081194533807335434e-01 5.855728845475132172e-01
6.700000000000000000e+02 3.081503753887179231e-01 5.855424246350575679e-01
6.800000000000000000e+02 3.081971649079499054e-01 5.854961315871894945e-01
6.900000000000000000e+02 3.082405509458866488e-01 5.854532586835502483e-01
7.000000000000000000e+02 3.082614819064699585e-01 5.854328513697024672e-01
7.100000000000000000e+02 3.082414311949708829e-01 5.854534502353009318e-01
7.200000000000000000e+02 3.081625631899861384e-01 5.855328894238085446e-01
7.300000000000000000e+02 3.080080078959169798e-01 5.856880282757012113e-01
7.400000000000000000e+02 3.077620915832895987e-01 5.859345317980035883e-01
7.500000000000000000e+02 3.074104367124270709e-01 5.862867759556977809e-01
7.600000000000000000e+02 3.069400815699946383e-01 5.867577283001150779e-01
7.700000000000000000e+02 3.063396234604776058e-01 5.873587879712852677e-01
7.800000000000000000e+02 3.055993030775098762e-01 5.880997141247328308e-01
7.900000000000000000e+02 3.047110644013275582e-01 5.889885245448315265e-01
8.000000000000000000e+02 3.036686331583985932e-01 5.900314595452874622e-01
8.100000000000000000e+02 3.024675467651286032e-01 5.912329798883468879e-01
8.200000000000000000e+02 3.011051652400509870e-01 5.925957481291979079e-01
8.300000000000000000e+02 2.995806733778930697e-01 5.941206069013111879e-01
8.400000000000000000e+02 2.978950312624257801e-01 5.958066036812342814e-01
8.500000000000000000e+02 2.960508872954322190e-01 5.976510489901769585e-01
8.600000000000000000e+02 2.940525803160056739e-01 5.996496002142032156e-01
8.700000000000000000e+02 2.919060791166682711e-01 6.017963118236353548e-01
8.800000000000000000e+02 2.896187931023363471e-01 6.040837974795769671e-01
8.900000000000000000e+02 2.871994364794321908e-01 6.065033688332301942e-01
9.000000000000000000e+02 2.846578780907572659e-01 6.090451817086561803e-01
9.100000000000000000e+02 2.820049505081242969e-01 6.116984220696670693e-01
9.200000000000000000e+02 2.792521983171028510e-01 6.144515347808940930e-01
9.300000000000000000e+02 2.764116469735324877e-01 6.172924985379347751e-01
9.400000000000000000e+02 2.734955900130834339e-01 6.202090294859397002e-01
9.500000000000000000e+02 2.705163297662869781e-01 6.231888462069995471e-01
9.600000000000000000e+02 2.674859023534101876e-01 6.262198919485160165e-01
9.700000000000000000e+02 2.644158433255656693e-01 6.292906284553362317e-01
9.800000000000000000e+02 2.613169106936225616e-01 6.323902879262813803e-01
9.900000000000000000e+02 2.581988425414216137e-01 6.355090983497380108e-01
1.000000000000000000e+03 2.550701353366362500e-01 6.386385161517469378e-01
1.010000000000000000e+03 2.519378892561152106e-01 6.417714116728501228e-01
1.020000000000000000e+03 2.488077658773196199e-01 6.449021537836002738e-01
1.030000000000000000e+03 2.456838541647346219e-01 6.480266583381041334e-01
1.040000000000000000e+03 2.425685609638449369e-01 6.511425443307128358e-01
1.050000000000000000e+03 2.394626783354996680e-01 6.542490473311880494e-01
1.060000000000000000e+03 2.363654582445792462e-01 6.573468458980937790e-01
1.070000000000000000e+03 2.332747622296007517e-01 6.604380798156423982e-01
1.080000000000000000e+03 2.301873038830510032e-01 6.635260734932720839e-01
1.090000000000000000e+03 2.270987916515429250e-01 6.666151108160047745e-01
1.100000000000000000e+03 2.240042607223565740e-01 6.697101596494666742e-01
1.110000000000000000e+03 2.208984181851787743e-01 6.728165029229635774e-01
1.120000000000000000e+03 2.177759101289984955e-01 6.759394938639718964e-01
1.130000000000000000e+03 2.146317000917656870e-01 6.790841969370297049e-01
1.140000000000000000e+03 2.114613142702793935e-01 6.822550969195038117e-01
1.150000000000000000e+03 2.082611379045842259e-01 6.854558263213318403e-01
1.160000000000000000e+03 2.050287290835051124e-01 6.886888592343943793e-01
1.170000000000000000e+03 2.017629064749349443e-01 6.919553488870563429e-01
1.180000000000000000e+03 1.984638951501527804e-01 6.952550325516669849e-01
1.190000000000000000e+03 1.951335766986835585e-01 6.985860094994837954e-01
1.200000000000000000e+03 1.917755243296649648e-01 7.019446833604201519e-01
1.210000000000000000e+03 1.883949471946693432e-01 7.053258644526619880e-01
1.220000000000000000e+03 1.849986154224634027e-01 7.087227890248708473e-01
1.230000000000000000e+03 1.815947563570312340e-01 7.121272112603366233e-01
1.240000000000000000e+03 1.781928655894945424e-01 7.155296364011448640e-01
1.250000000000000000e+03 1.748034806588623924e-01 7.189195191526036588e-01
1.260000000000000000e+03 1.714380110817821934e-01 7.222855004569596060e-01
1.270000000000000000e+03 1.681084468751844752e-01 7.256156066486249001e-01
1.280000000000000000e+03 1.648270714760140254e-01 7.288975195255811279e-01
1.290000000000000000e+03 1.616062574237489835e-01 7.321188494699968352e-01
1.300000000000000000e+03 1.584582024632477659e-01 7.352674222662567427e-01
1.310000000000000000e+03 1.553946238222075338e-01 7.383315453650931559e-01
1.320000000000000000e+03 1.524264968650996255e-01 7.413002479688648449e-01
1.330000000000000000e+03 1.495638562910935054e-01 7.441634725721903987e-01
1.340000000000000000e+03 1.468156546441657384e-01 7.469122401348670115e-01
1.350000000000000000e+03 1.441896488669378307e-01 7.495387885573754350e-01
1.360000000000000000e+03 1.416922998296223091e-01 7.520366668376157193e-01
1.370000000000000000e+03 1.393286556308959423e-01 7.544008368773349460e-01
1.380000000000000000e+03 1.371023612165829242e-01 7.566276653754959725e-01
1.390000000000000000e+03 1.350156975427115602e-01 7.587148953396578577e-01
1.400000000000000000e+03 1.330695357696285719e-01 7.606616296340666938e-01
1.410000000000000000e+03 1.312634100892887401e-01 7.624682912940186075e-01
1.420000000000000000e+03 1.295956233368362742e-01 7.641365829503862228e-01
1.430000000000000000e+03 1.280633798606593543e-01 7.656693124559782460e-01
1.440000000000000000e+03 1.266629214452549557e-01 7.670702126423498690e-01
1.450000000000000000e+03 1.253896499558434796e-01 7.683438965147283417e-01
1.460000000000000000e+03 1.242382597150431395e-01 7.694957225034420034e-01
1.470000000000000000e+03 1.232028276514995219e-01 7.705316461920814763e-01
1.480000000000000000e+03 1.222768965449921863e-01 7.714581060165417448e-01
1.490000000000000000e+03 1.214536515952817503e-01 7.722818481503038734e-01
1.500000000000000000e+03 1.207260777481868885e-01 7.730098358415482540e-01
1.510000000000000000e+03 1.200870933979202859e-01 7.736491517439615384e-01
1.520000000000000000e+03 1.195296573495973624e-01 7.742068790752856255e-01
1.530000000000000000e+03 1.190467331494903108e-01 7.746900841595710796e-01
1.540000000000000000e+03 1.186312926133115536e-01 7.751058241972341722e-01
1.550000000000000000e+03 1.182764512625605058e-01 7.754610235873348190e-01
1.560000000000000000e+03 1.179755943293824827e-01 7.757622945360825861e-01
1.570000000000000000e+03 1.177224227498560594e-01 7.760159139839544196e-01
1.580000000000000000e+03 1.175109681377043552e-01 7.762278469421972638e-01
1.590000000000000000e+03 1.173355559242033053e-01 7.764037637143069714e-01
1.600000000000000000e+03 1.171907828096114129e-01 7.765490528700713657e-01
1.610000000000000000e+03 1.170716131594047582e-01 7.766687171166769543e-01
1.620000000000000000e+03 1.169734529853756477e-01 7.767673488376615198e-01
1.630000000000000000e+03 1.168921086338909204e-01 7.768491868331973693e-01
1.640000000000000000e+03 1.168237671573264247e-01 7.769180510236886050e-01
1.650000000000000000e+03 1.167650169370245267e-01 7.769773326527407153e-01
1.660000000000000000e+03 1.167128518285379946e-01 7.770300414986130999e-01
1.670000000000000000e+03 1.166646374044271045e-01 7.770788004554366468e-01
1.680000000000000000e+03 1.166180955218254073e-01 7.771259044629429402e-01
1.690000000000000000e+03 1.165713144064252360e-01 7.771732908431472353e-01
1.700000000000000000e+03 1.165227264250540407e-01 7.772224747832131575e-01
1.710000000000000000e+03 1.164710844916127530e-01 7.772746941651610397e-01
1.720000000000000000e+03 1.164154346241169785e-01 7.773309063681543840e-01
1.730000000000000000e+03 1.163551291438944257e-01 7.773917588715119065e-01
1.740000000000000000e+03 1.162898105842043450e-01 7.774576163761812708e-01
1.750000000000000000e+03 1.162193732404763619e-01 7.775285931666324757e-01
1.760000000000000000e+03 1.161438724894869046e-01 7.776046389431588990e-01
1.770000000000000000e+03 1.160634091819823660e-01 7.776856552620919905e-01
1.780000000000000000e+03 1.159781096174066217e-01 7.777714972450168185e-01
1.790000000000000000e+03 1.158881546804548107e-01 7.778620005657278513e-01
1.800000000000000000e+03 1.157937397733151685e-01 7.779569710861305998e-01
1.810000000000000000e+03 1.156950240131548735e-01 7.780562476397356875e-01
1.820000000000000000e+03 1.155920654325714586e-01 7.781597778970855694e-01
1.830000000000000000e+03 1.154847914967020439e-01 7.782676182312825430e-01
1.840000000000000000e+03 1.153730558943175943e-01 7.783799125703128041e-01
1.850000000000000000e+03 1.152566950534763962e-01 7.784968121648581096e-01
1.860000000000000000e+03 1.151354602230747065e-01 7.786185678780774833e-01
1.870000000000000000e+03 1.150089593525100290e-01 7.787455829566228838e-01
1.880000000000000000e+03 1.148767681250519174e-01 7.788782698019592887e-01
1.890000000000000000e+03 1.147385209657031668e-01 7.790169941197704340e-01
1.900000000000000000e+03 1.145939507402844310e-01 7.791620346310084155e-01
1.910000000000000000e+03 1.144429797392785275e-01 7.793134519402201699e-01
1.920000000000000000e+03 1.142857312539453662e-01 7.794711539957054347e-01
1.930000000000000000e+03 1.141225179689822761e-01 7.796348659063715436e-01
1.940000000000000000e+03 1.139539033011961050e-01 7.798040089456286239e-01
1.950000000000000000e+03 1.137807818128307447e-01 7.799776824421033039e-01
1.960000000000000000e+03 1.136044518103239698e-01 7.801545719965549130e-01
1.970000000000000000e+03 1.134265801424071546e-01 7.803330056806846438e-01
1.980000000000000000e+03 1.132491319159953658e-01 7.805110466785551981e-01
1.990000000000000000e+03 1.130743816248314659e-01 7.806864250967956442e-01
2.000000000000000000e+03 1.129049540949949720e-01 7.808565009729336870e-01
2.010000000000000000e+03 1.127437949487213181e-01 7.810183297508815903e-01
2.020000000000000000e+03 1.125940596987808767e-01 7.811687649240595110e-01
2.030000000000000000e+03 1.124590451124472396e-01 7.813045180918075650e-01
2.040000000000000000e+03 1.123421493111762537e-01 7.814221953378779340e-01
2.050000000000000000e+03 1.122467766320664889e-01 7.815183713103193153e-01
2.060000000000000000e+03 1.121762109607382096e-01 7.815897342729171138e-01
2.070000000000000000e+03 1.121336241768775138e-01 7.816330888028368840e-01
2.080000000000000000e+03 1.121220755895624699e-01 7.816453617256050590e-01
2.090000000000000000e+03 1.121443933212580429e-01 7.816237491442061813e-01
2.100000000000000000e+03 1.122031325191884948e-01 7.815657282288562824e-01
2.110000000000000000e+03 1.123005036866655815e-01 7.814690950469485031e-01
2.120000000000000000e+03 1.124383587436598719e-01 7.813319850054035731e-01
2.130000000000000000e+03 1.126181838712207589e-01 7.811529012245144177e-01
2.140000000000000000e+03 1.128410378395392349e-01 7.809307734296713210e-01
2.150000000000000000e+03 1.131075466252186440e-01 7.806649950155534201e-01
2.160000000000000000e+03 1.134179287026306077e-01 7.803553791662970474e-01
2.170000000000000000e+03 1.137718880228606871e-01 7.800022345921290290e-01
2.180000000000000000e+03 1.141686510031282714e-01 7.796063263215270434e-01
2.190000000000000000e+03 1.146070998042775235e-01 7.791687640056160769e-01
2.200000000000000000e+03 1.150857698809600455e-01 7.786910064437622125e-01
2.210000000000000000e+03 1.156028237010182785e-01 7.781748802153426459e-01
2.220000000000000000e+03 1.161559709197421825e-01 7.776226681216625858e-01
2.230000000000000000e+03 1.167424493492697779e-01 7.770371213457117898e-01
2.240000000000000000e+03 1.173592890815806367e-01 7.764211969119835244e-01
2.250000000000000000e+03 1.180033550432791345e-01 7.757780296462821745e-01
2.260000000000000000e+03 1.186711895742137979e-01 7.751110923541226772e-01
2.270000000000000000e+03 1.193590634110181098e-01 7.744241280361330304e-01
2.280000000000000000e+03 1.200631192110192536e-01 7.737209986312684196e-01
2.290000000000000000e+03 1.207794248479807098e-01 7.730056436065939618e-01
2.300000000000000000e+03 1.215039671478462674e-01 7.722820772826129998e-01
2.310000000000000000e+03 1.222326507371334497e-01 7.715543719218533880e-01
2.320000000000000000e+03 1.229614519488613777e-01 7.708265184151581462e-01
2.330000000000000000e+03 1.236864314824055594e-01 7.701024542014167640e-01
2.340000000000000000e+03 1.244036926447681379e-01 7.693860835943243659e-01
2.350000000000000000e+03 1.251095488144430279e-01 7.686810907978129936e-01
2.360000000000000000e+03 1.258006773534435796e-01 7.679908245313779025e-01
2.370000000000000000e+03 1.264740965914806781e-01 7.673182895408123816e-01
2.380000000000000000e+03 1.271270810492297343e-01 7.666661889783760175e-01
2.390000000000000000e+03 1.277571763891443835e-01 7.660369423369813857e-01
2.400000000000000000e+03 1.283622718447376687e-01 7.654326455411960550e-01
2.410000000000000000e+03 1.289406300982947340e-01 7.648550462874776912e-01
2.420000000000000000e+03 1.294908120068826440e-01 7.643056000681996975e-01
2.430000000000000000e+03 1.300116696172765041e-01 7.637854574749460834e-01
2.440000000000000000e+03 1.305023998281194531e-01 7.632954339224783391e-01
2.450000000000000000e+03 1.309625003667922727e-01 7.628360574298278518e-01
2.460000000000000000e+03 1.313917303294741268e-01 7.624075783813938356e-01
2.470000000000000000e+03 1.317901045771693036e-01 7.620099868831771150e-01
2.480000000000000000e+03 1.321577561056290484e-01 7.616431496719400229e-01
2.490000000000000000e+03 1.324948583137450786e-01 7.613068896363741622e-01
2.500000000000000000e+03 1.328016376385584840e-01 7.610009822199309548e-01
2.510000000000000000e+03 1.330783577402257223e-01 7.607251681720369474e-01
2.520000000000000000e+03 1.333253023389650849e-01 7.604791510551967004e-01
2.530000000000000000e+03 1.335427292993298654e-01 7.602626435610728706e-01
2.540000000000000000e+03 1.337308103484306232e-01 7.600754642441963638e-01
2.550000000000000000e+03 1.338895518695735198e-01 7.599176095800730391e-01
2.560000000000000000e+03 1.340187283551069752e-01 7.597892997826095618e-01
2.570000000000000000e+03 1.341178962656685014e-01 7.596909843570763821e-01
2.580000000000000000e+03 1.341864247080239159e-01 7.596233173092080682e-01
2.590000000000000000e+03 1.342234997128054497e-01 7.595871411990690047e-01
2.600000000000000000e+03 1.342281108566872605e-01 7.595834813625984561e-01
2.610000000000000000e+03 1.341990829955141962e-01 7.596134958172299223e-01
2.620000000000000000e+03 1.341351819635192011e-01 7.596783873534365128e-01
2.630000000000000000e+03 1.340352416962462545e-01 7.597793038607689731e-01
2.640000000000000000e+03 1.338981735053746125e-01 7.599173224341237987e-01
2.650000000000000000e+03 1.337229255426432284e-01 7.600934889808858008e-01
2.660000000000000000e+03 1.335084714550866247e-01 7.603088442014684922e-01
2.670000000000000000e+03 1.332538910985880121e-01 7.605643184676142976e-01
2.680000000000000000e+03 1.329585112707653560e-01 7.608605753753979739e-01
2.690000000000000000e+03 1.326219112894748420e-01 7.611980349999808437e-01
2.700000000000000000e+03 1.322439011574702006e-01 7.615768924990647948e-01
2.710000000000000000e+03 1.318246103720362994e-01 7.619970214672479036e-01
2.720000000000000000e+03 1.313646008929996167e-01 7.624578552494168937e-01
2.730000000000000000e+03 1.308649287589699062e-01 7.629583339058135794e-01
2.740000000000000000e+03 1.303270316249168226e-01 7.634970410675618879e-01
2.750000000000000000e+03 1.297525525966720106e-01 7.640723545317288368e-01
2.760000000000000000e+03 1.291433965669285533e-01 7.646823585278545998e-01
2.770000000000000000e+03 1.285018730703269274e-01 7.653247294217345731e-01
2.780000000000000000e+03 1.278306932145791552e-01 7.659967642118996611e-01
2.790000000000000000e+03 1.271328920883593450e-01 7.666954450513421282e-01
2.800000000000000000e+03 1.264117854582400280e-01 7.674174567873044417e-01
2.810000000000000000e+03 1.256709560151366145e-01 7.681592037238291759e-01
2.820000000000000000e+03 1.249141700143774902e-01 7.689168993139738895e-01
2.830000000000000000e+03 1.241452867428454870e-01 7.696866685946469611e-01
2.840000000000000000e+03 1.233682628577969786e-01 7.704645669499381455e-01
2.850000000000000000e+03 1.225870715343488765e-01 7.712466538072252353e-01
2.860000000000000000e+03 1.218056262756067598e-01 7.720290314505325879e-01
2.870000000000000000e+03 1.210278007081853069e-01 7.728078064334131803e-01
2.880000000000000000e+03 1.202573432482735155e-01 7.735792128848820726e-01
2.890000000000000000e+03 1.194977159077379170e-01 7.743397945482901612e-01
2.900000000000000000e+03 1.187520144051107257e-01 7.750864543679841789e-01
2.910000000000000000e+03 1.180230224133529821e-01 7.758163882479243156e-01
2.920000000000000000e+03 1.173132710609798846e-01 7.765270397325813034e-01
2.930000000000000000e+03 1.166250426762571457e-01 7.772161126069071502e-01
2.940000000000000000e+03 1.159603543389079311e-01 7.778816025962093095e-01
2.950000000000000000e+03 1.153208953719613850e-01 7.785218603213710509e-01
2.960000000000000000e+03 1.147079487110057999e-01 7.791356427749620561e-01
2.970000000000000000e+03 1.141224110725708035e-01 7.797220576971189976e-01
2.980000000000000000e+03 1.135648860971045504e-01 7.802804831633453064e-01
2.990000000000000000e+03 1.130357192326185978e-01 7.808105542523066100e-01
3.000000000000000000e+03 1.125349511164482619e-01 7.813122131815894988e-01
3.010000000000000000e+03 1.120622993599307143e-01 7.817857302329501712e-01
3.020000000000000000e+03 1.116172312948448125e-01 7.822316426961092306e-01
3.030000000000000000e+03 1.111990256276619987e-01 7.826506934737451626e-01
3.040000000000000000e+03 1.108067523537140942e-01 7.830438241973333158e-01
3.050000000000000000e+03 1.104392893416380056e-01 7.834121453562939985e-01
3.060000000000000000e+03 1.100953887215129073e-01 7.837568813561257564e-01
3.070000000000000000e+03 1.097736893731077468e-01 7.840793853479133269e-01
3.080000000000000000e+03 1.094726762633180112e-01 7.843811953790308378e-01
3.090000000000000000e+03 1.091907080052601647e-01 7.846639865034640282e-01
3.100000000000000000e+03 1.089260850949872461e-01 7.849294802348061317e-01
3.110000000000000000e+03 1.086770879834999814e-01 7.851793972322262949e-01
3.120000000000000000e+03 1.084420003540785826e-01 7.854154290100473501e-01
3.130000000000000000e+03 1.082191022923919416e-01 7.856392649663894723e-01
3.140000000000000000e+03 1.080066938861420217e-01 7.858525799010903645e-01
3.150000000000000000e+03 1.078031907798247258e-01 7.860569451199789226e-01
3.160000000000000000e+03 1.076071793810255556e-01 7.862537884777500707e-01
3.170000000000000000e+03 1.074174418828643257e-01 7.864443548634466596e-01
3.180000000000000000e+03 1.072329631184908566e-01 7.866296808347479352e-01
3.190000000000000000e+03 1.070528768000225117e-01 7.868106398877624530e-01
3.200000000000000000e+03 1.068764508586870499e-01 7.869879541301464387e-01
3.210000000000000000e+03 1.067031528470786805e-01 7.871621342223836804e-01
3.220000000000000000e+03 1.065326234532094213e-01 7.873335233933027588e-01
3.230000000000000000e+03 1.063645801104030619e-01 7.875024124743714715e-01
3.240000000000000000e+03 1.061987677046168088e-01 7.876690741905397752e-01
3.250000000000000000e+03 1.060349181134299656e-01 7.878337737836588195e-01
3.260000000000000000e+03 1.058727428692476241e-01 7.879967838663527457e-01
3.270000000000000000e+03 1.057119613497332217e-01 7.881583782510495073e-01
3.280000000000000000e+03 1.055522839902053867e-01 7.883188593597061367e-01
3.290000000000000000e+03 1.053933390948674220e-01 7.884786158829962810e-01
3.300000000000000000e+03 1.052345976481274120e-01 7.886381827242546771e-01
3.310000000000000000e+03 1.050752996404080153e-01 7.887983245266287913e-01
3.320000000000000000e+03 1.049144441603572647e-01 7.889600419597251335e-01
3.330000000000000000e+03 1.047508094251112243e-01 7.891245545022206320e-01
3.340000000000000000e+03 1.045829725643899200e-01 7.892932829099150727e-01
3.350000000000000000e+03 1.044093677879327359e-01 7.894677843970594466e-01
3.360000000000000000e+03 1.042283760281005750e-01 7.896496726248030118e-01
3.370000000000000000e+03 1.040383559617110432e-01 7.898405919816714471e-01
3.380000000000000000e+03 1.038375655947831600e-01 7.900422897341339290e-01
3.390000000000000000e+03 1.036242370032718907e-01 7.902565326055079886e-01
3.400000000000000000e+03 1.033967111907597297e-01 7.904849722089669628e-01
3.410000000000000000e+03 1.031534616102050966e-01 7.907291254249241286e-01
3.420000000000000000e+03 1.028931654469870671e-01 7.909903192137501815e-01
3.430000000000000000e+03 1.026148460394544493e-01 7.912695518701108321e-01
3.440000000000000000e+03 1.023179738396010480e-01 7.915673753322146622e-01
3.450000000000000000e+03 1.020025189706925267e-01 7.918838281507073473e-01
3.460000000000000000e+03 1.016689377154995078e-01 7.922184414093769167e-01
3.470000000000000000e+03 1.013181803377849188e-01 7.925702456242341709e-01
3.480000000000000000e+03 1.009517419873868643e-01 7.929377265456465373e-01
3.490000000000000000e+03 1.005716184418476017e-01 7.933188765205728687e-01
3.500000000000000000e+03 1.001802704280702616e-01 7.937112464053487360e-01
3.510000000000000000e+03 9.978062078789616540e-02 7.941119381317908177e-01
3.520000000000000000e+03 9.937596189826036763e-02 7.945176757488188191e-01
3.530000000000000000e+03 9.896987414119373661e-02 7.949248680411491463e-01
3.540000000000000000e+03 9.856619857419238184e-02 7.953296429967343650e-01
3.550000000000000000e+03 9.816902687399751970e-02 7.957278876175372107e-01
3.560000000000000000e+03 9.778267102902550578e-02 7.961152932551146533e-01
3.570000000000000000e+03 9.741151734752311053e-02 7.964874883535610905e-01
3.580000000000000000e+03 9.705982328367926404e-02 7.968402268696517243e-01
3.590000000000000000e+03 9.673165173203022993e-02 7.971694416992949339e-01
3.600000000000000000e+03 9.643095416615328486e-02 7.974711684472506334e-01
3.610000000000000000e+03 9.616158082829077969e-02 7.977415580356956859e-01
3.620000000000000000e+03 9.592713121616831817e-02 7.979770241295794930e-01
3.630000000000000000e+03 9.573082916683542387e-02 7.981743477048686142e-01
3.640000000000000000e+03 9.557547156538134803e-02 7.983307297741102371e-01
3.650000000000000000e+03 9.546338569181937739e-02 7.984438467395350569e-01
3.660000000000000000e+03 9.539645139696034670e-02 7.985118146426783969e-01
3.670000000000000000e+03 9.537615458906564814e-02 7.985331299923000836e-01
3.680000000000000000e+03 9.540357070705171583e-02 7.985067012794413444e-01
3.690000000000000000e+03 9.547934368295463159e-02 7.984318859044510219e-01
3.700000000000000000e+03 9.560372033638576961e-02 7.983084578857121416e-01
3.710000000000000000e+03 9.577656250270927263e-02 7.981365800056240412e-01
3.720000000000000000e+03 9.599732680937088369e-02 7.979168089330360703e-01
3.730000000000000000e+03 9.626511045208982487e-02 7.976500534687238630e-01
3.740000000000000000e+03 9.657870710910067269e-02 7.973375174226912110e-01
3.750000000000000000e+03 9.693666817311016870e-02 7.969806237234583479e-01
3.760000000000000000e+03 9.733733693255866570e-02 7.965809967317597495e-01
3.770000000000000000e+03 9.777886543915752238e-02 7.961404758618290112e-01
3.780000000000000000e+03 9.825924250766400470e-02 7.956610840845975696e-01
3.790000000000000000e+03 9.877630050220388702e-02 7.951450011732211776e-01
3.800000000000000000e+03 9.932778083220751564e-02 7.945944914252078828e-01
3.810000000000000000e+03 9.991136564121046171e-02 7.940118824663088271e-01
3.820000000000000000e+03 1.005246105105006144e-01 7.933996337196332904e-01
3.830000000000000000e+03 1.011649198386150583e-01 7.927603471235227239e-01
3.840000000000000000e+03 1.018295765103119088e-01 7.920967199967576811e-01
3.850000000000000000e+03 1.025158135715710794e-01 7.914114897559678674e-01
3.860000000000000000e+03 1.032208400387616409e-01 7.907074392786374029e-01
3.870000000000000000e+03 1.039417452616257787e-01 7.899875000247094103e-01
3.880000000000000000e+03 1.046754231040516597e-01 7.892548004637228720e-01
3.890000000000000000e+03 1.054186398463242968e-01 7.885125823841678816e-01
3.900000000000000000e+03 1.061681627120481669e-01 7.877640694052642223e-01
3.910000000000000000e+03 1.069208162294967845e-01 7.870124253475730969e-01
3.920000000000000000e+03 1.076734826423240560e-01 7.862607708991873334e-01
3.930000000000000000e+03 1.084230963701435235e-01 7.855121908022876243e-01
3.940000000000000000e+03 1.091666835965788424e-01 7.847696759233435682e-01
3.950000000000000000e+03 1.099014637470653311e-01 7.840360013161220554e-01
3.960000000000000000e+03 1.106248932667367874e-01 7.833136834371601243e-01
3.970000000000000000e+03 1.113346760535486174e-01 7.826049894696219811e-01
3.980000000000000000e+03 1.120288217892194266e-01 7.819118950809443858e-01
3.990000000000000000e+03 1.127056441323195102e-01 7.812360925121757393e-01
4.000000000000000000e+03 1.133637003947650240e-01 7.805790390606036633e-01
4.010000000000000000e+03 1.140017509674060292e-01 7.799419861762580952e-01
4.020000000000000000e+03 1.146187354540429137e-01 7.793260043458097863e-01
4.030000000000000000e+03 1.152137839598362246e-01 7.787319784521660182e-01
4.040000000000000000e+03 1.157862504902384959e-01 7.781605612685500439e-01
4.050000000000000000e+03 1.163356761090518221e-01 7.776122027447922580e-01
4.060000000000000000e+03 1.168616145594233574e-01 7.770873330118109878e-01
4.070000000000000000e+03 1.173635510244633584e-01 7.765864510753706096e-01
4.080000000000000000e+03 1.178409712942000975e-01 7.761100632423744150e-01
4.090000000000000000e+03 1.182933258215638356e-01 7.756587264266189274e-01
4.100000000000000000e+03 1.187198680330858735e-01 7.752332004237444396e-01
4.110000000000000000e+03 1.191196507133951837e-01 7.748344421455726216e-01
4.120000000000000000e+03 1.194916563121840719e-01 7.744634739799587386e-01
4.130000000000000000e+03 1.198348470517930503e-01 7.741213345138223678e-01
4.140000000000000000e+03 1.201481331405752084e-01 7.738091092660334125e-01
4.150000000000000000e+03 1.204303244007956658e-01 7.735279790615071649e-01
4.160000000000000000e+03 1.206800702541185738e-01 7.732792864211577299e-01
4.170000000000000000e+03 1.208959210645014909e-01 7.730644813657118197e-01
4.180000000000000000e+03 1.210764944067923010e-01 7.728849457631931097e-01
4.190000000000000000e+03 1.212204883479104933e-01 7.727419721019426202e-01
4.200000000000000000e+03 1.213266339141131911e-01 7.726368264073015801e-01
