0.000000000000000000e+00 2.060862189459773219e+01 -2.188216264734395717e-17 2.060862189459773219e+01 -1.061796502418245959e-18
1.000000000000000000e+01 2.032269176550344980e+01 2.403189704666419679e+00 2.046428892857693072e+01 -9.922950632835705331e-01
2.000000000000000000e+01 1.968257362947257860e+01 4.725569772388557688e+00 2.024190490920560137e+01 -1.984370851258375978e+00
3.000000000000000000e+01 1.871101606198704204e+01 6.903673091213339497e+00 1.994399218366975290e+01 -2.976532495834732117e+00
4.000000000000000000e+01 1.744419866900081217e+01 8.881139906238502135e+00 1.957484899655043975e+01 -3.969085338062650958e+00
5.000000000000000000e+01 1.592879908976583359e+01 1.061183784526502194e+01 1.913995148625836507e+01 -4.962317417023856869e+00
6.000000000000000000e+01 1.421890482830407798e+01 1.206159610024029583e+01 1.864562562644924881e+01 -5.956506006622369398e+00
7.000000000000000000e+01 1.237279634246413451e+01 1.320930783838644196e+01 1.809894756336266397e+01 -6.951914394633043948e+00
8.000000000000000000e+01 1.044961415923793346e+01 1.404696772698962270e+01 1.750747664285272975e+01 -7.948792768583058610e+00
9.000000000000000000e+01 8.506275274525330943e+00 1.457889202063126710e+01 1.687900505347477775e+01 -8.947376458821720391e+00
1.000000000000000000e+02 6.594854650864879986e+00 1.482025381642364081e+01 1.622134492109866954e+01 -9.947882908971068971e+00
1.100000000000000000e+02 4.760608286454854898e+00 1.479509668457043148e+01 1.554214519179542364e+01 -1.095051076879307494e+01
1.200000000000000000e+02 3.040686139548602895e+00 1.453406282996902021e+01 1.484872905486291295e+01 -1.195544009403525010e+01
1.300000000000000000e+02 1.463517614727750438e+00 1.407206036867279231e+01 1.414795981151310222e+01 -1.296283277380581644e+01
1.400000000000000000e+02 4.879643442435677159e-02 1.344605323896146842e+01 1.344614178108347780e+01 -1.397283270987052006e+01
1.500000000000000000e+02 -1.192045095623894824e+00 1.269310254160168583e+01 1.274895382537783561e+01 -1.498556548982483783e+01
1.600000000000000000e+02 -2.254987453899300665e+00 1.184874475320221521e+01 1.206141453743217795e+01 -1.600113824112539973e+01
1.700000000000000000e+02 -3.142328303431697112e+00 1.094574882685311756e+01 1.138787269629865229e+01 -1.701963991019018962e+01
1.800000000000000000e+02 -3.861461710735687447e+00 1.001325204249084955e+01 1.073201299896365946e+01 -1.804114181182029597e+01
1.900000000000000000e+02 -4.423636322857460890e+00 9.076248443838176527e+00 1.009687298777095599e+01 -1.906569809982437746e+01
2.000000000000000000e+02 -4.842776433505539657e+00 8.155388957534166039e+00 9.484874940324033332e+00 -2.009334581663550523e+01
2.100000000000000000e+02 -5.134419588347736152e+00 7.267035833729636352e+00 8.897869088603153287e+00 -2.112410484853383608e+01
2.200000000000000000e+02 -5.314800206329066690e+00 6.423508895328712498e+00 8.337179844621475766e+00 -2.215797829122055873e+01
2.300000000000000000e+02 -5.400099607161186199e+00 5.633465913345950149e+00 7.803653885462445317e+00 -2.319495293640466471e+01
2.400000000000000000e+02 -5.405867247307307721e+00 4.902363652132911476e+00 7.297709919780576371e+00 -2.423499948770146162e+01
2.500000000000000000e+02 -5.346602973567324391e+00 4.232962116838168143e+00 6.819393788273706569e+00 -2.527807328345449633e+01
2.600000000000000000e+02 -5.235485114154560193e+00 3.625833875501756509e+00 6.368435889075909628e+00 -2.632411561842130965e+01
2.700000000000000000e+02 -5.084220772485560147e+00 3.079841855448591126e+00 5.944302037913844927e+00 -2.737305487395454051e+01
2.800000000000000000e+02 -4.902995724732246430e+00 2.592570001451726558e+00 5.546240734873495448e+00 -2.842480723938102827e+01
2.900000000000000000e+02 -4.700502240226619222e+00 2.160702585488342820e+00 5.173331322591998571e+00 -2.947927767638270424e+01
3.000000000000000000e+02 -4.484018609527501198e+00 1.780347598690386945e+00 4.824526967771200603e+00 -3.053636187324514140e+01
3.100000000000000000e+02 -4.259521283988671136e+00 1.447298308926044053e+00 4.498688026944376084e+00 -3.159594825089205017e+01
3.200000000000000000e+02 -4.031821901630183724e+00 1.157237307749481969e+00 4.194613931330522405e+00 -3.265791920885903465e+01
3.300000000000000000e+02 -3.804717535037429599e+00 9.058914686155553619e-01 3.911075922854444276e+00 -3.372215210453914835e+01
3.400000000000000000e+02 -3.581135136165503940e+00 6.891453835054572874e-01 3.646841129400347992e+00 -3.478852099562670475e+01
3.500000000000000000e+02 -3.363266539552493661e+00 5.031172450513827776e-01 3.400689456322276261e+00 -3.585689809601306877e+01
3.600000000000000000e+02 -3.152692590465204336e+00 3.442049275361350746e-01 3.171426745506564338e+00 -3.692715470829820390e+01
3.700000000000000000e+02 -2.950495562072532163e+00 2.091104376763280592e-01 2.957896420930742121e+00 -3.799916202659285602e+01
3.800000000000000000e+02 -2.757359040102004055e+00 9.484617324422064955e-02 2.758989792045508427e+00 -3.907279125924618768e+01
3.900000000000000000e+02 -2.573651924529747337e+00 -1.271628249297582702e-03 2.573652238682234472e+00 -4.014791325156633661e+01
4.000000000000000000e+02 -2.399496827627832563e+00 -8.163584660356902611e-02 2.400885136204294668e+00 -4.122439839517579685e+01
4.100000000000000000e+02 -2.234826637335003863e+00 -1.483652756988964871e-01 2.239746046759607534e+00 -4.230211679740366293e+01
4.200000000000000000e+02 -2.079430100660198732e+00 -2.033235721493895365e-01 2.089346792306933320e+00 -4.338093867156258909e+01
4.300000000000000000e+02 -1.932989769461862295e+00 -2.481380946051924830e-01 1.948851447093522982e+00 -4.446073548515720120e+01
4.400000000000000000e+02 -1.795115224214898442e+00 -2.842225228749040156e-01 1.817476577763103007e+00 -4.554137977371804169e+01
4.500000000000000000e+02 -1.665369105690891471e+00 -3.128003954945787757e-01 1.694490585872711286e+00 -4.662274403556130409e+01
4.600000000000000000e+02 -1.543285419730957786e+00 -3.349244191283257677e-01 1.579210009239621293e+00 -4.770470085687402673e+01
4.700000000000000000e+02 -1.428384226373043742e+00 -3.514928563125404581e-01 1.470995828066846256e+00 -4.878712408132427925e+01
4.800000000000000000e+02 -1.320184796537548833e+00 -3.632647310134697882e-01 1.369251314334654079e+00 -4.986989050203805363e+01
4.900000000000000000e+02 -1.218217704290970094e+00 -3.708764137937589078e-01 1.273422038978625936e+00 -5.095288048689216964e+01
5.000000000000000000e+02 -1.122033899254157197e+00 -3.748569165573555906e-01 1.182995257372732034e+00 -5.203597866368053815e+01
5.100000000000000000e+02 -1.031211083099819792e+00 -3.756389672262513413e-01 1.097497577039105776e+00 -5.311907707342783169e+01
5.200000000000000000e+02 -9.453576782908057474e-01 -3.735697579140576097e-01 1.016491762844810465e+00 -5.420207830491319356e+01
5.300000000000000000e+02 -8.641147751462249227e-01 -3.689239235459516597e-01 9.395739491868375648e-01 -5.528489586206772799e+01
5.400000000000000000e+02 -7.871586871431536236e-01 -3.619158245216336778e-01 8.663728197399241937e-01 -5.636745439023109583e+01
5.500000000000000000e+02 -7.142039994060760399e-01 -3.527076163309870727e-01 7.965488154441766611e-01 -5.744969411412218818e+01
5.600000000000000000e+02 -6.450047744279512330e-01 -3.414156772538990414e-01 7.297916303367631974e-01 -5.853157767357436825e+01
5.700000000000000000e+02 -5.793536989912666524e-01 -3.281178697231231789e-01 6.658168253855587526e-01 -5.961309688953942754e+01
5.800000000000000000e+02 -5.170813874486623885e-01 -3.128613406540045605e-01 6.043636154846309116e-01 -6.069428111668161563e+01
5.900000000000000000e+02 -4.580583667405841997e-01 -2.956718071124283531e-01 5.451965561723409737e-01 -6.177520958075391633e+01
6.000000000000000000e+02 -4.021965903689251887e-01 -2.765597086892724321e-01 4.881059001637700345e-01 -6.285603634303311082e+01
6.100000000000000000e+02 -3.494506496755249159e-01 -2.555247916699789901e-01 4.329072368494578660e-01 -6.393703512981256409e+01
6.200000000000000000e+02 -2.998187121116541731e-01 -2.325644078786462676e-01 3.794436241976353319e-01 -6.501867044053143729e+01
6.300000000000000000e+02 -2.533403402383053171e-01 -2.076818750506204680e-01 3.275867659362964313e-01 -6.610172472642911146e+01
6.400000000000000000e+02 -2.100922115492973030e-01 -1.808925139339495891e-01 2.772378743083614983e-01 -6.718755325050958049e+01
6.500000000000000000e+02 -1.701866592753146501e-01 -1.522311354822114826e-01 2.283370701517724866e-01 -6.827864195550213822e+01
6.600000000000000000e+02 -1.337712827334517351e-01 -1.217620588420377098e-01 1.808887919623682339e-01 -6.937997132879627316e+01
6.700000000000000000e+02 -1.010234517400321747e-01 -8.958600665601769431e-02 1.350236660368939190e-01 -7.050294192569253937e+01
6.800000000000000000e+02 -7.214149452256676809e-02 -5.584407121571165894e-02 9.123023359553018852e-02 -7.167966552156221383e+01
6.900000000000000000e+02 -4.733610513519040386e-02 -2.072517802288979805e-02 5.167436359985745631e-02 -7.303571975779661329e+01
7.000000000000000000e+02 -2.682025258503205334e-02 1.552648958869886145e-02 3.099028602115334874e-02 -7.508317449235219954e+01
7.100000000000000000e+02 -1.079704359066299690e-02 5.260978447254043705e-02 5.370628987880129296e-02 -7.703678550179284912e+01
7.200000000000000000e+02 5.526498329736476318e-04 9.016756816451501622e-02 9.016926178327261399e-02 -7.835533273850018077e+01
7.300000000000000000e+02 7.083068896278266538e-03 1.277878997943940331e-01 1.279840505643242698e-01 -7.951457533579244341e+01
7.400000000000000000e+02 8.695043428456283863e-03 1.650062818060970271e-01 1.652352166328227012e-01 -8.062185020654467849e+01
7.500000000000000000e+02 5.348094117718986754e-03 2.013132542798909963e-01 2.013842805669102676e-01 -8.170576345697632803e+01
7.600000000000000000e+02 -2.925874323049023045e-03 2.361664228034617563e-01 2.361845464892606827e-01 -8.277681527096585512e+01
7.700000000000000000e+02 -1.601252850765912464e-02 2.690046028368252573e-01 2.694807551878365404e-01 -8.383974871825888897e+01
7.800000000000000000e+02 -3.371018539744295717e-02 2.992620663707015183e-01 3.011547126777068262e-01 -8.489703215247415358e+01
7.900000000000000000e+02 -5.572520896429674492e-02 3.263834081416112642e-01 3.311063696521831523e-01 -8.595009883761321134e+01
8.000000000000000000e+02 -8.167047515771357069e-02 3.498403610599041813e-01 3.592469133326142150e-01 -8.699986044165629551e+01
8.100000000000000000e+02 -1.110704976225134893e-01 3.691504000442887290e-01 3.854979549815681916e-01 -8.804693843018253574e+01
8.200000000000000000e+02 -1.433699381170769338e-01 3.838955843882678742e-01 4.097935564018840848e-01 -8.909178315282136396e+01
8.300000000000000000e+02 -1.779428543555859332e-01 3.937395869019262862e-01 4.320816146400038860e-01 -9.013474565811704053e+01
8.400000000000000000e+02 -2.141074314734563167e-01 3.984425026865238695e-01 4.523255687657523616e-01 -9.117611592476580995e+01
8.500000000000000000e+02 -2.511466638253822548e-01 3.978688381642717653e-01 4.705042604831619069e-01 -9.221613704553129764e+01
8.600000000000000000e+02 -2.883276915474826674e-01 3.919894364697115163e-01 4.866092642119982381e-01 -9.325501511654744036e+01
8.700000000000000000e+02 -3.249183670784989708e-01 3.808847696106472669e-01 5.006447373001279288e-01 -9.429293457756244834e+01
8.800000000000000000e+02 -3.602062314194501291e-01 3.647472789269222693e-01 5.126295998457330860e-01 -9.533006934335318761e+01
8.900000000000000000e+02 -3.935212427822974979e-01 3.438760252576900101e-01 5.225989755710886975e-01 -9.636658202669629247e+01
9.000000000000000000e+02 -4.242560590051904224e-01 3.186648863595269998e-01 5.306039138577343106e-01 -9.740262136686258998e+01
9.100000000000000000e+02 -4.518788435187771069e-01 2.895875882740393537e-01 5.367079843846577214e-01 -9.843832493074637568e+01
9.200000000000000000e+02 -4.759411016469223821e-01 2.571837320431383245e-01 5.409837375231558720e-01 -9.947382611955386267e+01
9.300000000000000000e+02 -4.960874423016711221e-01 2.220443153946223547e-01 5.435130434575424774e-01 -1.005092562100702764e+02
9.400000000000000000e+02 -5.120625160394959297e-01 1.847934267937797470e-01 5.443864720204636409e-01 -1.015447422739739096e+02
9.500000000000000000e+02 -5.237141912851533965e-01 1.460679584063915015e-01 5.437024945928367048e-01 -1.025804029401012230e+02
9.600000000000000000e+02 -5.309951460058817130e-01 1.064989921365665365e-01 5.415698296691868752e-01 -1.036163460271213665e+02
9.700000000000000000e+02 -5.339550408299565953e-01 6.669530823961279664e-02 5.381043112342601686e-01 -1.046526718512058238e+02
9.800000000000000000e+02 -5.327254484236056964e-01 2.722872149487749055e-02 5.334208532410196213e-01 -1.056894750163867513e+02
9.900000000000000000e+02 -5.275083946607561636e-01 -1.137653479328366510e-02 5.276310566877870922e-01 -1.067268441417336220e+02
1.000000000000000000e+03 -5.185680906884291286e-01 -4.865182006471791692e-02 5.208453362331783021e-01 -1.077648616309181762e+02
1.010000000000000000e+03 -5.062208776358892992e-01 -8.419029568231177485e-02 5.131740278322014515e-01 -1.088036043675762130e+02
1.020000000000000000e+03 -4.908219464544112398e-01 -1.176511869236827462e-01 5.047256531085460018e-01 -1.098431437988941468e+02
1.030000000000000000e+03 -4.727509557826564124e-01 -1.487619664257486540e-01 4.956042663741613841e-01 -1.108835440225181657e+02
1.040000000000000000e+03 -4.523999723738089673e-01 -1.773172698164229844e-01 4.859085810921363602e-01 -1.119248615525211790e+02
1.050000000000000000e+03 -4.301635547020055683e-01 -2.031744520645406005e-01 4.757315858397376251e-01 -1.129671486761338031e+02
1.060000000000000000e+03 -4.064298229865407897e-01 -2.262485325002636383e-01 4.651597569345328753e-01 -1.140104553064623474e+02
1.070000000000000000e+03 -3.815726713426438321e-01 -2.465073265917316070e-01 4.542725674955113147e-01 -1.150548281742292147e+02
1.080000000000000000e+03 -3.559460638779136099e-01 -2.639663294263481230e-01 4.431431184854381367e-01 -1.161003098788767147e+02
1.090000000000000000e+03 -3.298788892098713510e-01 -2.786832520594442753e-01 4.318384379889848579e-01 -1.171469371363449312e+02
1.100000000000000000e+03 -3.036700608312601357e-01 -2.907522692890102123e-01 4.204193001539895391e-01 -1.181947374356724652e+02
1.110000000000000000e+03 -2.775878823148194008e-01 -3.002982477435658937e-01 4.089426243446409037e-01 -1.192437303637634471e+02
1.120000000000000000e+03 -2.518713281873229404e-01 -3.074692575827063790e-01 3.974625898387252887e-01 -1.202939355542720250e+02
1.130000000000000000e+03 -2.267266644110359219e-01 -3.124279442773757465e-01 3.860261658493391868e-01 -1.213453730764620389e+02
1.140000000000000000e+03 -2.023249848086267899e-01 -3.153469095163327074e-01 3.746719536065025169e-01 -1.223980548830262478e+02
1.150000000000000000e+03 -1.788063935761261269e-01 -3.164055049013492771e-01 3.634338590659630386e-01 -1.234519868769544644e+02
1.160000000000000000e+03 -1.562842132412364526e-01 -3.157865865607767386e-01 3.523434738435483049e-01 -1.245071739525870385e+02
1.170000000000000000e+03 -1.348455106873059639e-01 -3.136733336606432609e-01 3.414297468034991900e-01 -1.255636175343980767e+02
1.180000000000000000e+03 -1.145505415396324833e-01 -3.102448197831876309e-01 3.307169103165509827e-01 -1.266213102174432379e+02
1.190000000000000000e+03 -9.543554775768223197e-02 -3.056718160116525529e-01 3.202236763258932140e-01 -1.276802368837308421e+02
1.200000000000000000e+03 -7.751799616990592834e-02 -3.001149414846062680e-01 3.099645428633833188e-01 -1.287403807742787762e+02
1.210000000000000000e+03 -6.079987554875126293e-02 -2.937257616649610603e-01 2.999524094459071755e-01 -1.298017237684844076e+02
1.220000000000000000e+03 -4.526803322340134522e-02 -2.866472371837437971e-01 2.901996440676460343e-01 -1.308642399329546038e+02
1.230000000000000000e+03 -3.089619028585089550e-02 -2.790111623320530865e-01 2.807165888936077325e-01 -1.319278963088610794e+02
1.240000000000000000e+03 -1.764884445855950321e-02 -2.709361132644099168e-01 2.715103297879246091e-01 -1.329926593617526294e+02
1.250000000000000000e+03 -5.483796058165283337e-03 -2.625274756442239621e-01 2.625847434397820535e-01 -1.340584964476093148e+02
1.260000000000000000e+03 5.646546935773660500e-03 -2.538777529993808679e-01 2.539405382374238518e-01 -1.351253734817294401e+02
1.270000000000000000e+03 1.579436019120292536e-02 -2.450675927243189389e-01 2.455760306250227565e-01 -1.361932510356938337e+02
1.280000000000000000e+03 2.501548965021703139e-02 -2.361678943736424674e-01 2.374890503903707706e-01 -1.372620820266418491e+02
1.290000000000000000e+03 3.336840753456275788e-02 -2.272408440698890086e-01 2.296777129696921105e-01 -1.383318114006489168e+02
1.300000000000000000e+03 4.091231082578592609e-02 -2.183390865699791905e-01 2.221390868382207562e-01 -1.394023792940748763e+02
1.310000000000000000e+03 4.770471033399973498e-02 -2.095055814338847300e-01 2.148681643240825112e-01 -1.404737268557258005e+02
1.320000000000000000e+03 5.380059165213974676e-02 -2.007754537030408681e-01 2.078588137938398861e-01 -1.415457978256227420e+02
1.330000000000000000e+03 5.925206486529776412e-02 -1.921779200857364478e-01 2.011048486717343375e-01 -1.426185398836666707e+02
1.340000000000000000e+03 6.410870711960044155e-02 -1.837356971876207001e-01 1.945989022311476468e-01 -1.436919003716597274e+02
1.350000000000000000e+03 6.841928119783251272e-02 -1.754642040913936274e-01 1.883318479627232866e-01 -1.447658131131186963e+02
1.360000000000000000e+03 7.223129845812865935e-02 -1.673740331562456329e-01 1.822948914586891844e-01 -1.458402003600357091e+02
1.370000000000000000e+03 7.558775027736144847e-02 -1.594722424949014949e-01 1.764791889100395250e-01 -1.469149896246846367e+02
1.380000000000000000e+03 7.852589324251194047e-02 -1.517631240723430752e-01 1.708752812367305973e-01 -1.479901215181872658e+02
1.390000000000000000e+03 8.107917331093174307e-02 -1.442501439452247569e-01 1.654748813959453224e-01 -1.490655456590117751e+02
1.400000000000000000e+03 8.327868192171766770e-02 -1.369356169073062124e-01 1.602707148558436823e-01 -1.501412135547980711e+02
1.410000000000000000e+03 8.515349924080574395e-02 -1.298195715235712921e-01 1.552554011412084489e-01 -1.512170732671832241e+02
1.420000000000000000e+03 8.673075307535001166e-02 -1.228993243051430817e-01 1.504209674336595415e-01 -1.522930659854544615e+02
1.430000000000000000e+03 8.803513363809545300e-02 -1.161709590090561905e-01 1.457596530997557482e-01 -1.533691323022337940e+02
1.440000000000000000e+03 8.908848985572039025e-02 -1.096304017654937679e-01 1.412642347377296159e-01 -1.544452187103445056e+02
1.450000000000000000e+03 8.991018673847128717e-02 -1.032740050917754782e-01 1.369283090052705043e-01 -1.555212793888717044e+02
1.460000000000000000e+03 9.051762211758836163e-02 -9.709819448960343991e-02 1.327459953707205986e-01 -1.565972732041603308e+02
1.470000000000000000e+03 9.092612078116553420e-02 -9.109867570980458018e-02 1.287110257763150745e-01 -1.576731608307811143e+02
1.480000000000000000e+03 9.114864707574626967e-02 -8.527186138546627436e-02 1.248173313601966261e-01 -1.587489139303459353e+02
1.490000000000000000e+03 9.119698471941814488e-02 -7.961483328036025875e-02 1.210595378323135185e-01 -1.598245099895213457e+02
1.500000000000000000e+03 9.108280550296306288e-02 -7.412444795013668764e-02 1.174330074646950384e-01 -1.608999221359947569e+02
1.510000000000000000e+03 9.081715329347923860e-02 -6.879719239205574211e-02 1.139333533841642015e-01 -1.619751209269615231e+02
1.520000000000000000e+03 9.040940026033957022e-02 -6.362899772860176884e-02 1.105554567055859888e-01 -1.630500780234644935e+02
1.530000000000000000e+03 8.986715825577819283e-02 -5.861547626210646122e-02 1.072934303226560498e-01 -1.641247670613088587e+02
1.540000000000000000e+03 8.919685821570613737e-02 -5.375250202560212520e-02 1.041413029953300734e-01 -1.651991641228675292e+02
1.550000000000000000e+03 8.840403338932499577e-02 -4.903651640918214871e-02 1.010932889021268211e-01 -1.662732487980806582e+02
1.560000000000000000e+03 8.749326745018538853e-02 -4.446482655333290623e-02 9.814373464224625254e-02 -1.673470075569298956e+02
1.570000000000000000e+03 8.646866754566716329e-02 -4.003594930573241978e-02 9.528750025021272274e-02 -1.684204357827118770e+02
1.580000000000000000e+03 8.533426606046372320e-02 -3.574907892127200670e-02 9.251990925091391205e-02 -1.694935327309913760e+02
1.590000000000000000e+03 8.409331673583807232e-02 -3.160313919479588313e-02 8.983565175697022509e-02 -1.705662956217478836e+02
1.600000000000000000e+03 8.274773547713841493e-02 -2.759702636290957065e-02 8.722834167098213187e-02 -1.716387223802458095e+02
1.610000000000000000e+03 8.129853921461384358e-02 -2.373051520216752641e-02 8.469114375299467701e-02 -1.727108178394007041e+02
1.620000000000000000e+03 7.974663127202348545e-02 -2.000413870687092754e-02 8.221733858888771729e-02 -1.737825896123851237e+02
1.630000000000000000e+03 7.809301675046204094e-02 -1.641876100604310745e-02 7.980034447395265018e-02 -1.748540426886410728e+02
1.640000000000000000e+03 7.633910663421396292e-02 -1.297550259439164341e-02 7.743399040012695356e-02 -1.759251775339706683e+02
1.650000000000000000e+03 7.448682363742918644e-02 -9.675879908917503838e-03 7.511264572364145797e-02 -1.769959919056687170e+02
1.660000000000000000e+03 7.253823784989675560e-02 -6.522007647128548469e-03 7.283084878070142376e-02 -1.780664848842395145e+02
1.670000000000000000e+03 7.049565174452608607e-02 -3.516650377647787245e-03 7.058331066735332171e-02 -1.791366580179501966e+02
1.680000000000000000e+03 6.836206197039482180e-02 -6.633104847279550033e-04 6.836527991344182320e-02 -1.802065172917576206e+02
1.690000000000000000e+03 6.614113640903974967e-02 2.033871385570633610e-03 6.617240027603839281e-02 -1.812760739044280172e+02
1.700000000000000000e+03 6.383729956830951069e-02 4.570462683373182657e-03 6.400070269390951971e-02 -1.823453411596647982e+02
1.710000000000000000e+03 6.145628283761603999e-02 6.941903592640888757e-03 6.184710765837461710e-02 -1.834143346858373036e+02
1.720000000000000000e+03 5.900518369623053427e-02 9.143861484796459577e-03 5.970947919618001254e-02 -1.844830705328588181e+02
1.730000000000000000e+03 5.649229022720483884e-02 1.117261892313995211e-02 5.758651116986032714e-02 -1.855515619178605391e+02
1.740000000000000000e+03 5.392691124965510313e-02 1.302503729279869647e-02 5.547759325535828179e-02 -1.866198223096716902e+02
1.750000000000000000e+03 5.131914427639595877e-02 1.469850381595336035e-02 5.338258689581406452e-02 -1.876878685642528524e+02
1.760000000000000000e+03 4.867976811742154297e-02 1.619110097788939440e-02 5.130176970477862142e-02 -1.887557203974539846e+02
1.770000000000000000e+03 4.602041737113837794e-02 1.750176462541523648e-02 4.923606990832240377e-02 -1.898234017680317152e+02
1.780000000000000000e+03 4.335365616608800876e-02 1.863047454530818159e-02 4.718722374489472959e-02 -1.908909424236598795e+02
1.790000000000000000e+03 4.069264873514482489e-02 1.957823223414224476e-02 4.515748928467890749e-02 -1.919583811491737606e+02
1.800000000000000000e+03 3.805080678318840948e-02 2.034696636274586912e-02 4.314930980929183868e-02 -1.930257694324134548e+02
1.810000000000000000e+03 3.544166477092224737e-02 2.093989269422043970e-02 4.116540668789630403e-02 -1.940931673440422287e+02
1.820000000000000000e+03 3.287884320832001883e-02 2.136207287991894258e-02 3.920913781817014082e-02 -1.951606356737513295e+02
1.830000000000000000e+03 3.037576485640380158e-02 2.162050926118153429e-02 3.728449424793599948e-02 -1.962282340688605586e+02
1.840000000000000000e+03 2.794514497223739985e-02 2.172363603568464724e-02 3.539558574356782561e-02 -1.972960274647793995e+02
1.850000000000000000e+03 2.559855125334879050e-02 2.168079286310044956e-02 3.354612653411705170e-02 -1.983640917059146602e+02
1.860000000000000000e+03 2.334607653864724519e-02 2.150213218287146816e-02 3.173926555794970294e-02 -1.994325086136245488e+02
1.870000000000000000e+03 2.119629244303378526e-02 2.119884747982059281e-02 2.997789098324475307e-02 -2.005013562622133634e+02
1.880000000000000000e+03 1.915648523130650607e-02 2.078327420810755985e-02 2.826509177813957274e-02 -2.015707079655995244e+02
1.890000000000000000e+03 1.723278446463575447e-02 2.026858704402679026e-02 2.660421923616406586e-02 -2.026406408934045942e+02
1.900000000000000000e+03 1.543010867142510963e-02 1.966832168304336048e-02 2.499862259084811855e-02 -2.037112461381746868e+02
1.910000000000000000e+03 1.375202990119604209e-02 1.899590736218672443e-02 2.345128616763203847e-02 -2.047826359954310362e+02
1.920000000000000000e+03 1.220057368426810673e-02 1.826441949404716825e-02 2.196458553398596830e-02 -2.058549412624062995e+02
1.930000000000000000e+03 1.077592537903588471e-02 1.748662835542062408e-02 2.054027115242518589e-02 -2.069282921118281706e+02
1.940000000000000000e+03 9.476354446514793223e-03 1.667498700513978319e-02 1.917958511588718773e-02 -2.080028009968470144e+02
1.950000000000000000e+03 8.298571874089787775e-03 1.584143591437768908e-02 1.788343890248095952e-02 -2.090785651889373469e+02
1.960000000000000000e+03 7.238193383041229348e-03 1.499708183584946668e-02 1.665244447645653977e-02 -2.101556818717092767e+02
1.970000000000000000e+03 6.290095341861363758e-03 1.415191272977863075e-02 1.548683096443479769e-02 -2.112342637223417228e+02
1.980000000000000000e+03 5.448659768516578294e-03 1.331473638580704839e-02 1.438645537638042621e-02 -2.123144478784371358e+02
1.990000000000000000e+03 4.707811378925080663e-03 1.249318643149690752e-02 1.335077507831193035e-02 -2.133963927296695715e+02
2.000000000000000000e+03 4.061027584821787391e-03 1.169363688764611837e-02 1.237873534351556677e-02 -2.144802726537900242e+02
2.010000000000000000e+03 3.501429956750792220e-03 1.092116242242385966e-02 1.146873142064957531e-02 -2.155662742246187520e+02
2.020000000000000000e+03 3.021953461528369307e-03 1.017964544493145558e-02 1.061872798917822512e-02 -2.166545941018112842e+02
2.030000000000000000e+03 2.615657653653123346e-03 9.472089228565742230e-03 9.826603651059979960e-03 -2.177454475434467156e+02
2.040000000000000000e+03 2.275964259154562505e-03 8.800974029887175670e-03 9.090498181271337158e-03 -2.188390780734934538e+02
2.050000000000000000e+03 1.996696694832576519e-03 8.168271607953997426e-03 8.408772725699197037e-03 -2.199357624082630593e+02
2.060000000000000000e+03 1.772049025845797874e-03 7.575197104970563151e-03 7.779702367645914031e-03 -2.210358139765193357e+02
2.070000000000000000e+03 1.596539566404494388e-03 7.022102119302156380e-03 7.201309378231356313e-03 -2.221395771974311799e+02
2.080000000000000000e+03 1.465012007302361969e-03 6.508634149783982213e-03 6.671475000123612553e-03 -2.232474160639742138e+02
2.090000000000000000e+03 1.372749620846548365e-03 6.034117451360542991e-03 6.188296610404853647e-03 -2.243597091600855151e+02
2.100000000000000000e+03 1.315507617050111792e-03 5.597953728597331036e-03 5.750447481547293904e-03 -2.254768283780653348e+02
2.110000000000000000e+03 1.289370349849003252e-03 5.199689600211564004e-03 5.357167893357275661e-03 -2.265990861316781206e+02
2.120000000000000000e+03 1.290654027873448361e-03 4.838855599705719525e-03 5.008024693875756141e-03 -2.277266771986226672e+02
2.130000000000000000e+03 1.315921697622953607e-03 4.514931608573823953e-03 4.702792504924483211e-03 -2.288596219457373593e+02
2.140000000000000000e+03 1.361992497675290755e-03 4.227466745039464187e-03 4.441452312491752340e-03 -2.299976948311952185e+02
2.150000000000000000e+03 1.425904875213757994e-03 3.976167606156513941e-03 4.224110976928374672e-03 -2.311403454204052821e+02
2.160000000000000000e+03 1.504873717619447044e-03 3.760800884203283415e-03 4.050712060441469253e-03 -2.322866515814595800e+02
2.170000000000000000e+03 1.596316232113720356e-03 3.580930572835401039e-03 3.920623583102185276e-03 -2.334353594973271413e+02
2.180000000000000000e+03 1.697859056467141423e-03 3.435793666586696351e-03 3.832414838582163044e-03 -2.345849894463825649e+02
2.190000000000000000e+03 1.807215679824395382e-03 3.324474630573346148e-03 3.783934471251971556e-03 -2.357339419347723890e+02
2.200000000000000000e+03 1.922020074428114475e-03 3.246071247073053102e-03 3.772418283751029222e-03 -2.368806136484869853e+02
2.210000000000000000e+03 2.039703621882307718e-03 3.199594909397922467e-03 3.794443101347667012e-03 -2.380235475166645642e+02
2.220000000000000000e+03 2.157494186525054768e-03 3.183772331156143384e-03 3.845931281435593929e-03 -2.391615886591067976e+02
2.230000000000000000e+03 2.272610512270542386e-03 3.196959506100258575e-03 3.922411072813172805e-03 -2.402939999266612290e+02
2.240000000000000000e+03 2.382551678040131099e-03 3.237236722082651157e-03 4.019484306889663239e-03 -2.414204881709189010e+02
2.250000000000000000e+03 2.485248691639485499e-03 3.302593642980921045e-03 4.133229467372186508e-03 -2.425411266370717556e+02
2.260000000000000000e+03 2.578987699512719917e-03 3.390934966692266128e-03 4.260236789495883310e-03 -2.436562396165607822e+02
2.270000000000000000e+03 2.662246932365901122e-03 3.499850099810556184e-03 4.397329809104112003e-03 -2.447663162622831123e+02
2.280000000000000000e+03 2.733638272476342310e-03 3.626514992427587979e-03 4.541408283236545579e-03 -2.458719419906110488e+02
2.290000000000000000e+03 2.791894035519478477e-03 3.767795793474922050e-03 4.689451721352566951e-03 -2.469737272412772029e+02
2.300000000000000000e+03 2.835870922270191958e-03 3.920294157832886033e-03 4.838478084244698246e-03 -2.480722653098422370e+02
2.310000000000000000e+03 2.864680710808232677e-03 4.080311110067683794e-03 4.985512444054125171e-03 -2.491681349813840427e+02
2.320000000000000000e+03 2.877937635916588601e-03 4.244057670057992462e-03 5.127821227675867163e-03 -2.502619014418311281e+02
2.330000000000000000e+03 2.875923141528251206e-03 4.407981171993436038e-03 5.263195980450124760e-03 -2.513541037670899811e+02
2.340000000000000000e+03 2.859518584385691009e-03 4.568965954351725603e-03 5.390018221348821977e-03 -2.524452335971576247e+02
2.350000000000000000e+03 2.830058787030164009e-03 4.724383428155248636e-03 5.507179996538571348e-03 -2.535357260987667303e+02
2.360000000000000000e+03 2.789183429232651359e-03 4.872114816318570338e-03 5.614004540904553482e-03 -2.546259559852430527e+02
2.370000000000000000e+03 2.738633801871487045e-03 5.010463667287031776e-03 5.710066660027402277e-03 -2.557162343049388369e+02
2.380000000000000000e+03 2.679979496733883061e-03 5.138081948184529228e-03 5.795013046505911002e-03 -2.568067895396649192e+02
2.390000000000000000e+03 2.614556117363177855e-03 5.254162847332340298e-03 5.868741851293912334e-03 -2.578977570511682416e+02
2.400000000000000000e+03 2.543687362024909821e-03 5.358563746581260570e-03 5.931656667567690791e-03 -2.589892184211236099e+02
2.410000000000000000e+03 2.468739836433032388e-03 5.451490978791133889e-03 5.984432326614823328e-03 -2.600812447184132452e+02
2.420000000000000000e+03 2.390958855467738200e-03 5.533078919062659612e-03 6.027573854637967646e-03 -2.611739049574542832e+02
2.430000000000000000e+03 2.311574768083544517e-03 5.603486810716462249e-03 6.061554449669972512e-03 -2.622672747562592690e+02
2.440000000000000000e+03 2.231712360707624205e-03 5.663419465790841059e-03 6.087270332951692786e-03 -2.633613913395378745e+02
2.450000000000000000e+03 2.151961077273045579e-03 5.714246565737182877e-03 6.106025736281935762e-03 -2.644561873317747427e+02
2.460000000000000000e+03 2.072212958121494829e-03 5.757635203988542734e-03 6.119185377647488010e-03 -2.655514915748918838e+02
2.470000000000000000e+03 1.991875642477905235e-03 5.795190403520124843e-03 6.127952381354518155e-03 -2.666470803281890198e+02
2.480000000000000000e+03 1.910153204575564543e-03 5.828228605471408655e-03 6.133264542035138378e-03 -2.677427279833203215e+02
2.490000000000000000e+03 1.826195275431971576e-03 5.857600327680734242e-03 6.135671991139641374e-03 -2.688382335650532013e+02
2.500000000000000000e+03 1.739107652497325854e-03 5.883694535667429761e-03 6.135336732080606120e-03 -2.699334160140818426e+02
2.510000000000000000e+03 1.647973478916364524e-03 5.906622143323270180e-03 6.132210183221746720e-03 -2.710281035972195696e+02
2.520000000000000000e+03 1.552002339210362515e-03 5.926260097330348676e-03 6.126113776459293433e-03 -2.721221518415521814e+02
2.530000000000000000e+03 1.450697450180629027e-03 5.942242886338436163e-03 6.116761693265508441e-03 -2.732154675487943223e+02
2.540000000000000000e+03 1.343943332331746328e-03 5.954076270074239001e-03 6.103868274330641677e-03 -2.743080162888867903e+02
2.550000000000000000e+03 1.232000608877495320e-03 5.961229763985309224e-03 6.087206732097972042e-03 -2.753998179984982926e+02
2.560000000000000000e+03 1.115438218319553905e-03 5.963118065812349385e-03 6.066545927107576050e-03 -2.764909375561039724e+02
2.570000000000000000e+03 9.950950347628773496e-04 5.959081337494866008e-03 6.041594534151505103e-03 -2.775814796693191511e+02
2.580000000000000000e+03 8.721552993068997948e-04 5.948462959940410862e-03 6.012060083855794330e-03 -2.786715996898188905e+02
2.590000000000000000e+03 7.482340458607074493e-04 5.930759683175860358e-03 5.977772545603363824e-03 -2.797615169117084406e+02
2.600000000000000000e+03 6.253681994897928014e-04 5.905756844167730363e-03 5.938775066237741290e-03 -2.808515165106483664e+02
2.610000000000000000e+03 5.058762618020417896e-04 5.873592094093291714e-03 5.895336706249273626e-03 -2.819419335853492612e+02
2.620000000000000000e+03 3.921348501444278743e-04 5.834756780178975213e-03 5.847918982385298670e-03 -2.830331241716272643e+02
2.630000000000000000e+03 2.864021132425463622e-04 5.790036937367816321e-03 5.797115999059659908e-03 -2.841254427261414435e+02
2.640000000000000000e+03 1.907862201373159545e-04 5.740409223350713928e-03 5.743578800131867931e-03 -2.852192417846398484e+02
2.650000000000000000e+03 1.072924726073392249e-04 5.687022403955264982e-03 5.688034414256590635e-03 -2.863148823229523714e+02
2.660000000000000000e+03 3.781774320134330918e-05 5.631284752471652985e-03 5.631411736422810115e-03 -2.874127339160913834e+02
2.670000000000000000e+03 -1.597553801360307170e-05 5.574913262737914675e-03 5.574936152537168614e-03 -2.885131527619287226e+02
2.680000000000000000e+03 -5.287070519384920458e-05 5.519846225571554618e-03 5.520099425320546677e-03 -2.896164403657930961e+02
2.690000000000000000e+03 -7.224897538782378990e-05 5.468072613917919142e-03 5.468549901529996989e-03 -2.907228062570217162e+02
2.700000000000000000e+03 -7.411399125215658310e-05 5.421512332525759391e-03 5.422018891098428356e-03 -2.918323488637810783e+02
2.710000000000000000e+03 -5.903249027413750422e-05 5.381971621967978139e-03 5.382295363000492126e-03 -2.929450502437081809e+02
2.720000000000000000e+03 -2.801791740208257734e-05 5.351077453002045688e-03 5.351150802558493451e-03 -2.940607824744476488e+02
2.730000000000000000e+03 1.766125399897259371e-05 5.330241062223567763e-03 5.330270321597868795e-03 -2.951793317601405420e+02
2.740000000000000000e+03 7.662686807824004942e-05 5.320585834921251131e-03 5.321137594882897372e-03 -2.963004193311115273e+02
2.750000000000000000e+03 1.472887852512512604e-04 5.322925058790929642e-03 5.324962456934810226e-03 -2.974236819550498581e+02
2.760000000000000000e+03 2.277668389327758020e-04 5.337689162734873816e-03 5.342546521172721399e-03 -2.985486639266161433e+02
2.770000000000000000e+03 3.159164698837684665e-04 5.364891617040940149e-03 5.374185080413585586e-03 -2.996748363437733360e+02
2.780000000000000000e+03 4.094699196278327939e-04 5.404170420959620268e-03 5.419660833839596084e-03 -3.008016431131887884e+02
2.790000000000000000e+03 5.062637992606769171e-04 5.454875902326057277e-03 5.478318550816424840e-03 -3.019285626681232202e+02
2.800000000000000000e+03 6.044020769039148543e-04 5.516143104498351206e-03 5.549156388125178231e-03 -3.030551527051044332e+02
2.810000000000000000e+03 7.023333770774753361e-04 5.586906333518198292e-03 5.630878666075376029e-03 -3.041810729722055839e+02
2.820000000000000000e+03 7.988316465860014924e-04 5.665925658046196134e-03 5.721961688275579994e-03 -3.053060838961853847e+02
2.830000000000000000e+03 8.928875619722551667e-04 5.751920083691497085e-03 5.820810325676173576e-03 -3.064300221494583525e+02
2.840000000000000000e+03 9.836711096091680772e-04 5.843681804093103609e-03 5.925894521451471539e-03 -3.075527856748541353e+02
2.850000000000000000e+03 1.070583399577965935e-03 5.940105755883607654e-03 6.035810236126835059e-03 -3.086743337737814272e+02
2.860000000000000000e+03 1.153272456202241239e-03 6.040221040435458065e-03 6.149333913161161153e-03 -3.097946798409998905e+02
2.870000000000000000e+03 1.231563100778019582e-03 6.143234950354944934e-03 6.265467526566591804e-03 -3.109138703135104151e+02
2.880000000000000000e+03 1.305355985162003421e-03 6.248555801375904259e-03 6.383447646131887136e-03 -3.120319617996080979e+02
2.890000000000000000e+03 1.374573641003234677e-03 6.355811554404616238e-03 6.502752740927808354e-03 -3.131490084388672699e+02
2.900000000000000000e+03 1.439168654892447781e-03 6.464858458883980703e-03 6.623111150405728773e-03 -3.142650607184618821e+02
2.910000000000000000e+03 1.499129256829698220e-03 6.575711134472139729e-03 6.744432181637208604e-03 -3.153801672009626031e+02
2.920000000000000000e+03 1.554485773008007629e-03 6.688463018497058446e-03 6.866728738510578973e-03 -3.164943773107270317e+02
2.930000000000000000e+03 1.605327486412911177e-03 6.803321349966398937e-03 6.990154342326170174e-03 -3.176077420875195116e+02
2.940000000000000000e+03 1.651673679326981156e-03 6.920699723272185841e-03 7.115062234631629352e-03 -3.187202931375824733e+02
2.950000000000000000e+03 1.693167025672886322e-03 7.041206643719401942e-03 7.241920020021224910e-03 -3.198320034140982102e+02
2.960000000000000000e+03 1.728919204081163629e-03 7.165496553930263135e-03 7.371126269344944332e-03 -3.209427770005796674e+02
2.970000000000000000e+03 1.757671946663620687e-03 7.294069125838428466e-03 7.502856461681621340e-03 -3.220524829212490658e+02
2.980000000000000000e+03 1.778102084743141045e-03 7.427068175702143150e-03 7.636948913688990960e-03 -3.231610038379895968e+02
2.990000000000000000e+03 1.789063420833368829e-03 7.564150628900495436e-03 7.772845210118348516e-03 -3.242682691014605894e+02
3.000000000000000000e+03 1.789658544893439358e-03 7.704527794866277042e-03 7.909653990483852051e-03 -3.253742573799949582e+02
3.010000000000000000e+03 1.779199717485643786e-03 7.847131867359252375e-03 8.046305374420368098e-03 -3.264789812005482190e+02
3.020000000000000000e+03 1.757174952506564310e-03 7.990741356712056584e-03 8.181663109880832341e-03 -3.275824745900804942e+02
3.030000000000000000e+03 1.723282384359842373e-03 8.134013512383856531e-03 8.314558196073204219e-03 -3.286847925404618422e+02
3.040000000000000000e+03 1.677431333642185555e-03 8.275478125010407582e-03 8.443773686960727790e-03 -3.297860077884826069e+02
3.050000000000000000e+03 1.619738015575535560e-03 8.413582285047913403e-03 8.568075519413484095e-03 -3.308862062422800818e+02
3.060000000000000000e+03 1.550553307432542618e-03 8.546729995488368259e-03 8.686242523379749531e-03 -3.319854870276898282e+02
3.070000000000000000e+03 1.470519328756588785e-03 8.673261794973614533e-03 8.797039118953357134e-03 -3.330839675206125321e+02
3.080000000000000000e+03 1.380686709791815060e-03 8.791536211097199585e-03 8.899292373083888055e-03 -3.341817932767567640e+02
3.090000000000000000e+03 1.282467837633399733e-03 8.899978453400540432e-03 8.991904149041957811e-03 -3.352791311103935641e+02
3.100000000000000000e+03 1.177579053107531823e-03 8.997255769693162514e-03 9.073990511985039961e-03 -3.363761606384101697e+02
3.110000000000000000e+03 1.067930872218356706e-03 9.082321051616232960e-03 9.144891034477580991e-03 -3.374730643945514430e+02
3.120000000000000000e+03 9.555141187651049282e-04 9.154434480419013087e-03 9.204166333103938266e-03 -3.385700189624285485e+02
3.130000000000000000e+03 8.422522364580894766e-04 9.213196937488237967e-03 9.251615352940334436e-03 -3.396671829891311631e+02
3.140000000000000000e+03 7.299599074619841053e-04 9.258614449217205181e-03 9.287345314230300436e-03 -3.407646967760388748e+02
3.150000000000000000e+03 6.203385598989689942e-04 9.291065883110172924e-03 9.311751992680611378e-03 -3.418626866289727673e+02
3.160000000000000000e+03 5.149233490236739246e-04 9.311324448492952141e-03 9.325551406778707572e-03 -3.429612628593794170e+02
3.170000000000000000e+03 4.150395697614666529e-04 9.320573786804670427e-03 9.329809942315981861e-03 -3.440605183702441536e+02
3.180000000000000000e+03 3.216873333016153909e-04 9.320334130209771348e-03 9.325883928033837367e-03 -3.451605192415041188e+02
3.190000000000000000e+03 2.353656721970966712e-04 9.312288122954556421e-03 9.315262051309629657e-03 -3.462612877273371623e+02
3.200000000000000000e+03 1.560286314596452922e-04 9.298109015333890989e-03 9.299418056785517528e-03 -3.473627974754377306e+02
3.210000000000000000e+03 8.321126366646969328e-05 9.279363110929876937e-03 9.279736195543878199e-03 -3.484649854721025690e+02
3.220000000000000000e+03 1.616019594515305535e-05 9.257569778835572638e-03 9.257583883602822639e-03 -3.495677639839270796e+02
3.230000000000000000e+03 -4.613398598119988433e-05 9.234272844191222102e-03 9.234388085067140456e-03 -3.506710224553634134e+02
3.240000000000000000e+03 -1.049344647671322865e-04 9.210988004153939160e-03 9.211585707931275666e-03 -3.517746265451437466e+02
3.250000000000000000e+03 -1.617189264799631817e-04 9.189105995529025031e-03 9.190528929732461050e-03 -3.528784211989484447e+02
3.260000000000000000e+03 -2.181612353601321004e-04 9.169837672493484637e-03 9.172432461702543713e-03 -3.539822316758018701e+02
3.270000000000000000e+03 -2.761597798497496606e-04 9.154184090604948129e-03 9.158348682414937242e-03 -3.550858599109828333e+02
3.280000000000000000e+03 -3.377788214227472625e-04 9.142870567502304688e-03 9.149107975442286045e-03 -3.561890906564007651e+02
3.290000000000000000e+03 -4.050746032697019930e-04 9.136281526923596338e-03 9.145256998762773051e-03 -3.572917104615621042e+02
3.300000000000000000e+03 -4.799683413633277921e-04 9.134456377454615306e-03 9.147057609982149964e-03 -3.583935218267963023e+02
3.310000000000000000e+03 -5.641750702497921877e-04 9.137113408944918386e-03 9.154514457785971338e-03 -3.594943512170768827e+02
3.320000000000000000e+03 -6.590879293851864724e-04 9.143698557534373286e-03 9.167421677315679487e-03 -3.605940617065655260e+02
3.330000000000000000e+03 -7.657174769845184661e-04 9.153468968120134081e-03 9.185440512294324594e-03 -3.616925594268954569e+02
3.340000000000000000e+03 -8.847281705317812861e-04 9.165590347890287259e-03 9.208191481559888439e-03 -3.627897893635732203e+02
3.350000000000000000e+03 -1.016516707960157372e-03 9.179221973846431876e-03 9.235335525183008959e-03 -3.638857267047982305e+02
3.360000000000000000e+03 -1.161208995990897557e-03 9.193528144332534929e-03 9.266572509455943407e-03 -3.649803764688055594e+02
3.370000000000000000e+03 -1.318628312157825921e-03 9.207588793363990012e-03 9.301530627445481550e-03 -3.660737745152532057e+02
3.380000000000000000e+03 -1.488274788679294766e-03 9.220371789561468065e-03 9.339711868380059373e-03 -3.671659870611288738e+02
3.390000000000000000e+03 -1.669343216621060064e-03 9.230815687915817913e-03 9.380547160968357931e-03 -3.682571074498554253e+02
3.400000000000000000e+03 -1.860769124565656149e-03 9.237934081327050725e-03 9.423475358161695348e-03 -3.693472510913525184e+02
3.410000000000000000e+03 -2.061275290436282662e-03 9.240909891046075741e-03 9.468013067027124252e-03 -3.704365514223643459e+02
3.420000000000000000e+03 -2.269436666088894654e-03 9.239168451983185981e-03 9.513809776609476188e-03 -3.715251548413735918e+02
3.430000000000000000e+03 -2.483789020234794444e-03 9.232368923142292988e-03 9.560640346234267409e-03 -3.726132103580647481e+02
3.440000000000000000e+03 -2.702982105199793362e-03 9.220341253666006556e-03 9.608371615163806279e-03 -3.737008538608110939e+02
3.450000000000000000e+03 -2.925814242681626636e-03 9.202990917583411465e-03 9.656885150595994477e-03 -3.747882034137324467e+02
3.460000000000000000e+03 -3.151228970574640898e-03 9.180220028376108107e-03 9.706012765002255960e-03 -3.758753579772941293e+02
3.470000000000000000e+03 -3.378278716007737225e-03 9.151890146111955199e-03 9.755504104326540374e-03 -3.769623999108755470e+02
3.480000000000000000e+03 -3.606085667360638732e-03 9.117831691373288333e-03 9.805034859323800284e-03 -3.780493988988297360e+02
3.490000000000000000e+03 -3.833846114583371132e-03 9.077864630358832565e-03 9.854237782671266405e-03 -3.791364121948624302e+02
3.500000000000000000e+03 -4.060840810885337632e-03 9.031828371167120034e-03 9.902744660828693632e-03 -3.802234850854153478e+02
3.510000000000000000e+03 -4.286413357358873598e-03 8.979604329382637889e-03 9.950207705490975510e-03 -3.813106544573244605e+02
3.520000000000000000e+03 -4.509968269716818808e-03 8.921085016320114136e-03 9.996277890408198155e-03 -3.823979483220285260e+02
3.530000000000000000e+03 -4.730992338503424779e-03 8.856143203783677781e-03 1.004059564731604563e-02 -3.834853829721010925e+02
3.540000000000000000e+03 -4.949081458537227425e-03 8.784660614804443157e-03 1.008284034389781217e-02 -3.845729624538023472e+02
3.550000000000000000e+03 -5.163963620539887417e-03 8.706544475476864567e-03 1.012276824676511776e-02 -3.856606783186946359e+02
3.560000000000000000e+03 -5.375483424054265137e-03 8.621717911906115819e-03 1.016020874759790242e-02 -3.867485116000572134e+02
3.570000000000000000e+03 -5.583557960338848651e-03 8.530102020622999312e-03 1.019503604597354549e-02 -3.878364364521630137e+02
3.580000000000000000e+03 -5.788105707326083108e-03 8.431618387391211222e-03 1.022713822678535632e-02 -3.889244265298096366e+02
3.590000000000000000e+03 -5.988974741715698616e-03 8.326170529183425303e-03 1.025636066731037098e-02 -3.900124596215624138e+02
3.600000000000000000e+03 -6.185938611660504564e-03 8.213613705635102250e-03 1.028247473192271319e-02 -3.911005155329169156e+02
3.610000000000000000e+03 -6.378737488524701370e-03 8.093770117715849352e-03 1.030521259683372416e-02 -3.921885729188121559e+02
3.620000000000000000e+03 -6.567134482453130910e-03 7.966439005778992374e-03 1.032431139318366019e-02 -3.932766051691212965e+02
3.630000000000000000e+03 -6.750912077101905995e-03 7.831493107381379964e-03 1.033958887788689711e-02 -3.943645867164932497e+02
3.640000000000000000e+03 -6.929888031988137333e-03 7.688941978712118645e-03 1.035099883527642282e-02 -3.954524966462787461e+02
3.650000000000000000e+03 -7.103927938185768988e-03 7.538960174318025224e-03 1.035865399851204453e-02 -3.965403209219494443e+02
3.660000000000000000e+03 -7.272952981116233458e-03 7.381875700671345145e-03 1.036281496147111424e-02 -3.976280526139005360e+02
3.670000000000000000e+03 -7.436961796724006826e-03 7.218134923255699505e-03 1.036387343304885807e-02 -3.987156895190082651e+02
3.680000000000000000e+03 -7.596060609697388895e-03 7.048232257132175556e-03 1.036232187961147987e-02 -3.998032286384083704e+02
3.690000000000000000e+03 -7.750465405041737782e-03 6.872624038355779411e-03 1.035870045745770560e-02 -4.008906609758564628e+02
3.700000000000000000e+03 -7.900498535022362073e-03 6.691684208812938989e-03 1.035357496965984975e-02 -4.019779690641454408e+02
3.710000000000000000e+03 -8.046602959379825504e-03 6.505703959980743169e-03 1.034756025354814299e-02 -4.030651263749068107e+02
3.720000000000000000e+03 -8.189333796313875979e-03 6.314878442308297958e-03 1.034131895691157640e-02 -4.041520973220257247e+02
3.730000000000000000e+03 -8.329291407395271116e-03 6.119260638266863471e-03 1.033549447817330540e-02 -4.052388379898493440e+02
3.740000000000000000e+03 -8.467038105581149374e-03 5.918713009618587970e-03 1.033062911789942896e-02 -4.063252966496346517e+02
3.750000000000000000e+03 -8.603033124729889125e-03 5.712908319022918374e-03 1.032712449846330538e-02 -4.074114160924661974e+02
3.760000000000000000e+03 -8.737569520860603497e-03 5.501356366229745096e-03 1.032521394452089528e-02 -4.084971373485052482e+02
3.770000000000000000e+03 -8.870740993227013010e-03 5.283417947114953626e-03 1.032494798886728418e-02 -4.095824003479806379e+02
3.780000000000000000e+03 -9.002467924999691534e-03 5.058311470857447013e-03 1.032622601325655122e-02 -4.106671408002093813e+02
3.790000000000000000e+03 -9.132516787840643663e-03 4.825149732426110144e-03 1.032883985840244052e-02 -4.117512902547251201e+02
3.800000000000000000e+03 -9.260430762171157834e-03 4.583021896917774916e-03 1.033245699766486767e-02 -4.128347843418127354e+02
3.810000000000000000e+03 -9.385448369339263394e-03 4.331057009223399958e-03 1.033657080035135095e-02 -4.139175693467796009e+02
3.820000000000000000e+03 -9.506511491432927813e-03 4.068453696151013224e-03 1.034050657436429155e-02 -4.149996013415132552e+02
3.830000000000000000e+03 -9.622300061491100703e-03 3.794524210526509494e-03 1.034345553756787182e-02 -4.160808455755984028e+02
3.840000000000000000e+03 -9.731222921952912761e-03 3.508746320834500113e-03 1.034446713469144505e-02 -4.171612784277414221e+02
3.850000000000000000e+03 -9.831423937920504008e-03 3.210808449724537449e-03 1.034244591709034683e-02 -4.182408880302699004e+02
3.860000000000000000e+03 -9.920858789108375278e-03 2.900653552007195161e-03 1.033620966032524312e-02 -4.193196727672273596e+02
3.870000000000000000e+03 -9.997390578515265303e-03 2.578523986106192895e-03 1.032456315426036678e-02 -4.203976405369866711e+02
3.880000000000000000e+03 -1.005883916780747622e-02 2.245012596790451481e-03 1.030632460984834409e-02 -4.214748111640080310e+02
3.890000000000000000e+03 -1.010300482287607680e-02 1.901108596270746848e-03 1.028031713255344107e-02 -4.225512196584522258e+02
3.900000000000000000e+03 -1.012773854697158506e-02 1.548211751990845753e-03 1.024539153496910847e-02 -4.236269161352045671e+02
3.910000000000000000e+03 -1.013107072090786709e-02 1.188117344022813094e-03 1.020050081001930287e-02 -4.247019634014350231e+02
3.920000000000000000e+03 -1.011134614769097079e-02 8.229938703653864786e-04 1.014478387296072551e-02 -4.257764361177588057e+02
3.930000000000000000e+03 -1.006733198855574475e-02 4.553418678939430767e-04 1.007762420337526311e-02 -4.268504208812055936e+02
3.940000000000000000e+03 -9.998287142237690175e-03 8.791641507803791633e-05 9.998673665775659886e-03 -4.279240149602629799e+02
3.950000000000000000e+03 -9.903981133342554949e-03 -2.763765392587874702e-04 9.907836609525710880e-03 -4.289973236790836495e+02
3.960000000000000000e+03 -9.784664876453656387e-03 -6.346024736435734248e-04 9.805222437255586496e-03 -4.300704559055692471e+02
3.970000000000000000e+03 -9.641030109302931375e-03 -9.839305610564530805e-04 9.691108343087831076e-03 -4.311435175862205256e+02
3.980000000000000000e+03 -9.474207330377472022e-03 -1.321741284237335249e-03 9.565960723389763110e-03 -4.322166072677279089e+02
3.990000000000000000e+03 -9.285771605307708426e-03 -1.645672818546354112e-03 9.430471532836584916e-03 -4.332898181041200587e+02
4.000000000000000000e+03 -9.077670020499063741e-03 -1.953642347776137541e-03 9.285516217426565203e-03 -4.343632412725477252e+02
4.010000000000000000e+03 -8.852094059183695726e-03 -2.243894189971059466e-03 9.132066051470563370e-03 -4.354369638326234053e+02
4.020000000000000000e+03 -8.611367724847017457e-03 -2.515054213856791291e-03 8.971128791360411317e-03 -4.365110635296783244e+02
4.030000000000000000e+03 -8.357862312481844844e-03 -2.766158758715850027e-03 8.803720617603944670e-03 -4.375856046202048333e+02
4.040000000000000000e+03 -8.093926390982473379e-03 -2.996642592186930885e-03 8.630846496604569276e-03 -4.386606367639886912e+02
4.050000000000000000e+03 -7.821835165165052714e-03 -3.206289739672661416e-03 8.453484444046891963e-03 -4.397361973397010502e+02
4.060000000000000000e+03 -7.543758142372993837e-03 -3.395169865250200446e-03 8.272573077617501047e-03 -4.408123153437962287e+02
4.070000000000000000e+03 -7.261727486289681205e-03 -3.563575002826952463e-03 8.088989608468301340e-03 -4.418890148445718182e+02
4.080000000000000000e+03 -6.977599127845967447e-03 -3.711973322296526195e-03 7.903520451947847886e-03 -4.429663155716726806e+02
4.090000000000000000e+03 -6.693026160422396210e-03 -3.840984030401564490e-03 7.716848936314511277e-03 -4.440442309805030732e+02
4.100000000000000000e+03 -6.409454584152539901e-03 -3.951350421777709288e-03 7.529560294067435579e-03 -4.451227673018876203e+02
4.110000000000000000e+03 -6.128127191179860711e-03 -4.043896420092374031e-03 7.342141453807185351e-03 -4.462019249124898010e+02
4.120000000000000000e+03 -5.850095886339853543e-03 -4.119474628099723847e-03 7.154976805757502778e-03 -4.472817014556628124e+02
4.130000000000000000e+03 -5.576245475507266014e-03 -4.178915377302901656e-03 6.968346097444780805e-03 -4.483620961964598450e+02
4.140000000000000000e+03 -5.307325764346168713e-03 -4.222980453255455180e-03 6.782423658064298463e-03 -4.494431153209178547e+02
4.150000000000000000e+03 -5.043983282100779515e-03 -4.252327396106295523e-03 6.597276379975929202e-03 -4.505247769855213846e+02
4.160000000000000000e+03 -4.786781310612708666e-03 -4.267497345881963132e-03 6.412862770459127996e-03 -4.516071134454388698e+02
4.170000000000000000e+03 -4.536225301931618228e-03 -4.268954290619457470e-03 6.229069812201728021e-03 -4.526901683986189369e+02
4.180000000000000000e+03 -4.292814167343668268e-03 -4.257156174705716695e-03 6.045794585592659601e-03 -4.537739943915748313e+02
4.190000000000000000e+03 -4.057088279325969833e-03 -4.232587168605746880e-03 5.862999185237038197e-03 -4.548586562586224318e+02
4.200000000000000000e+03 -3.829632619969821922e-03 -4.195739019573995615e-03 5.680696429515722304e-03 -4.685106074732041179e+02
