0.000000000000000000e+00 2.610366228123496279e-01 6.307538598247206529e-01
1.000000000000000000e+01 2.582443696730083449e-01 6.335477797580257864e-01
2.000000000000000000e+01 2.554719545508818968e-01 6.363200625923582932e-01
3.000000000000000000e+01 2.527485539105373546e-01 6.390404014199847493e-01
4.000000000000000000e+01 2.501041145844767888e-01 6.416819628073376913e-01
5.000000000000000000e+01 2.475627564922052715e-01 6.442217642701840719e-01
6.000000000000000000e+01 2.451422141673099131e-01 6.466406227444539967e-01
7.000000000000000000e+01 2.428571873023413208e-01 6.489237775918493822e-01
8.000000000000000000e+01 2.407179455356346087e-01 6.510613154513029688e-01
9.000000000000000000e+01 2.387293400379403574e-01 6.530484818764809019e-01
1.000000000000000000e+02 2.368909180229429590e-01 6.548856106543143873e-01
1.100000000000000000e+02 2.351976306898455049e-01 6.565776805135248306e-01
1.200000000000000000e+02 2.336405819437790132e-01 6.581336010265350644e-01
1.300000000000000000e+02 2.322079750450331825e-01 6.595652180537426856e-01
1.400000000000000000e+02 2.308862708449180567e-01 6.608861013437534737e-01
1.500000000000000000e+02 2.296613143044331506e-01 6.621103348416109702e-01
1.600000000000000000e+02 2.285194264286577182e-01 6.632514323003599888e-01
1.700000000000000000e+02 2.274483744899966631e-01 6.643214918128558244e-01
1.800000000000000000e+02 2.264380311078691699e-01 6.653306210910167051e-01
1.900000000000000000e+02 2.254806635710824569e-01 6.662866082959294500e-01
2.000000000000000000e+02 2.245709617031454164e-01 6.671948293653563455e-01
2.100000000000000000e+02 2.237058933748002909e-01 6.680583471184391442e-01
2.200000000000000000e+02 2.228843961231995463e-01 6.688782239135449004e-01
2.300000000000000000e+02 2.221069516149481449e-01 6.696539398960796863e-01
2.400000000000000000e+02 2.213751360653690159e-01 6.703838234302605947e-01
2.500000000000000000e+02 2.206913075177508454e-01 6.710654554731878552e-01
2.600000000000000000e+02 2.200583284337416234e-01 6.716960217859975213e-01
2.700000000000000000e+02 2.194791839257478616e-01 6.722726598349036964e-01
2.800000000000000000e+02 2.189565514523900969e-01 6.727927918281607633e-01
2.900000000000000000e+02 2.184925472479022079e-01 6.732543607950672859e-01
3.000000000000000000e+02 2.180886423695563292e-01 6.736559617929895882e-01
3.100000000000000000e+02 2.177455116599456009e-01 6.739969557821580137e-01
3.200000000000000000e+02 2.174629180799018957e-01 6.742775281567653378e-01
3.300000000000000000e+02 2.172398215533423160e-01 6.744986691910093146e-01
3.400000000000000000e+02 2.170745099149304080e-01 6.746620928546052109e-01
3.500000000000000000e+02 2.169645972665781575e-01 6.747701809710022758e-01
3.600000000000000000e+02 2.169070457676298136e-01 6.748259427622023132e-01
3.700000000000000000e+02 2.168983045315393821e-01 6.748329019939933726e-01
3.800000000000000000e+02 2.169345132439896850e-01 6.747949303999298820e-01
3.900000000000000000e+02 2.170115964981857437e-01 6.747161200129736525e-01
4.000000000000000000e+02 2.171253084436573222e-01 6.746007007491532370e-01
4.100000000000000000e+02 2.172713646071692817e-01 6.744529449312073321e-01
4.200000000000000000e+02 2.174455783289816202e-01 6.742770637769144315e-01
4.300000000000000000e+02 2.176439508397654543e-01 6.740771549470883084e-01
4.400000000000000000e+02 2.178626632990796619e-01 6.738571482788408007e-01
4.500000000000000000e+02 2.180980875872542690e-01 6.736207329604236849e-01
4.600000000000000000e+02 2.183468473180263103e-01 6.733713002441332751e-01
4.700000000000000000e+02 2.186058225512607089e-01 6.731119403272763924e-01
4.800000000000000000e+02 2.188721569505940878e-01 6.728454896710114319e-01
4.900000000000000000e+02 2.191432471866156528e-01 6.725745457577976261e-01
5.000000000000000000e+02 2.194167318109171705e-01 6.723013791557262975e-01
5.100000000000000000e+02 2.196906135167648044e-01 6.720278793393987815e-01
5.200000000000000000e+02 2.199633867216360950e-01 6.717555980466654031e-01
5.300000000000000000e+02 2.202339789948980220e-01 6.714857398378054620e-01
5.400000000000000000e+02 2.205016472932609384e-01 6.712190859239305363e-01
5.500000000000000000e+02 2.207660400035967585e-01 6.709559661562524147e-01
5.600000000000000000e+02 2.210272953201865287e-01 6.706962839920675989e-01
5.700000000000000000e+02 2.212859992025319467e-01 6.704395337819366585e-01
5.800000000000000000e+02 2.215431176077090614e-01 6.701848141453589092e-01
5.900000000000000000e+02 2.217999183419928910e-01 6.699308676419036823e-01
6.000000000000000000e+02 2.220579481130805777e-01 6.696760843945747110e-01
6.100000000000000000e+02 2.223190830472807633e-01 6.694184778515956946e-01
6.200000000000000000e+02 2.225855401903074904e-01 6.691557484025293379e-01
6.300000000000000000e+02 2.228598160948646323e-01 6.688854095896791252e-01
6.400000000000000000e+02 2.231445187138818564e-01 6.686048996365057118e-01
6.500000000000000000e+02 2.234421900684382956e-01 6.683116731416934853e-01
6.600000000000000000e+02 2.237552231876730191e-01 6.680032501043898785e-01
6.700000000000000000e+02 2.240859229792044882e-01 6.676771891245192325e-01
6.800000000000000000e+02 2.244366125348963847e-01 6.673311240641270903e-01
6.900000000000000000e+02 2.248095086787617880e-01 6.669629484489690840e-01
7.000000000000000000e+02 2.252064499459377200e-01 6.665709039494470689e-01
7.100000000000000000e+02 2.256288266422399880e-01 6.661535218555946214e-01
7.200000000000000000e+02 2.260776893508072427e-01 6.657096429535681592e-01
7.300000000000000000e+02 2.265538019610927045e-01 6.652384470424687057e-01
7.400000000000000000e+02 2.270576637985733115e-01 6.647394114699138878e-01
7.500000000000000000e+02 2.275895334915915280e-01 6.642123335207931190e-01
7.600000000000000000e+02 2.281493897392578574e-01 6.636573583289987477e-01
7.700000000000000000e+02 2.287369803349525166e-01 6.630748460102280362e-01
7.800000000000000000e+02 2.293518844742195584e-01 6.624652954385578107e-01
7.900000000000000000e+02 2.299934395754497374e-01 6.618293825486085691e-01
8.000000000000000000e+02 2.306607514055509789e-01 6.611679438181955470e-01
8.100000000000000000e+02 2.313528404731901300e-01 6.604818635391429549e-01
8.200000000000000000e+02 2.320687739900026691e-01 6.597720210868743829e-01
8.300000000000000000e+02 2.328076611582031996e-01 6.590393542128250015e-01
8.400000000000000000e+02 2.335685827149229232e-01 6.582847938812937949e-01
8.500000000000000000e+02 2.343506326773616144e-01 6.575092212347427578e-01
8.600000000000000000e+02 2.351529757750641103e-01 6.567134646488090866e-01
8.700000000000000000e+02 2.359748508646604126e-01 6.558982881203979654e-01
8.800000000000000000e+02 2.368155462038518122e-01 6.550643880538712382e-01
8.900000000000000000e+02 2.376744356686197601e-01 6.542123571319091724e-01
9.000000000000000000e+02 2.385510951382295020e-01 6.533426642395520068e-01
9.100000000000000000e+02 2.394452828641324693e-01 6.524556845706463992e-01
9.200000000000000000e+02 2.403567100681267277e-01 6.515517305119647995e-01
9.300000000000000000e+02 2.412849695870536992e-01 6.506310252348548318e-01
9.400000000000000000e+02 2.422296572808846638e-01 6.496937120588777148e-01
9.500000000000000000e+02 2.431904953855867635e-01 6.487399111921622330e-01
9.600000000000000000e+02 2.441673911344577064e-01 6.477698366066546587e-01
9.700000000000000000e+02 2.451602247082448338e-01 6.467839519834827078e-01
9.800000000000000000e+02 2.461685419054108204e-01 6.457828525326524405e-01
9.900000000000000000e+02 2.471915396082286775e-01 6.447671769614204962e-01
1.000000000000000000e+03 2.482281933199634860e-01 6.437377343555934495e-01
1.010000000000000000e+03 2.492772973949006765e-01 6.426957232501940842e-01
1.020000000000000000e+03 2.503373808656482180e-01 6.416427401066844283e-01
1.030000000000000000e+03 2.514066068679670085e-01 6.405807025544362210e-01
1.040000000000000000e+03 2.524827275350061129e-01 6.395119146854731929e-01
1.050000000000000000e+03 2.535630472519358469e-01 6.384391981600385790e-01
1.060000000000000000e+03 2.546443524183754081e-01 6.373657646884257622e-01
1.070000000000000000e+03 2.557228884398666802e-01 6.362951442311132189e-01
1.080000000000000000e+03 2.567944975522029605e-01 6.352313063975753016e-01
1.090000000000000000e+03 2.578547099734048720e-01 6.341787326242783740e-01
1.100000000000000000e+03 2.588987177554140096e-01 6.331421922266483593e-01
1.110000000000000000e+03 2.599216003126434416e-01 6.321266453409237762e-01
1.120000000000000000e+03 2.609184616682362345e-01 6.311372618371776655e-01
1.130000000000000000e+03 2.618841247700747221e-01 6.301793735715823797e-01
1.140000000000000000e+03 2.628130645675788579e-01 6.292583626661119034e-01
1.150000000000000000e+03 2.636997117609615748e-01 6.283795516378083423e-01
1.160000000000000000e+03 2.645387789619462193e-01 6.275482343048397471e-01
1.170000000000000000e+03 2.653253341296224477e-01 6.267695867297675694e-01
1.180000000000000000e+03 2.660545576103788834e-01 6.260485137822563440e-01
1.190000000000000000e+03 2.667216189006105242e-01 6.253896239130891654e-01
1.200000000000000000e+03 2.673219858946257466e-01 6.247972100491354652e-01
1.210000000000000000e+03 2.678518414243515888e-01 6.242752212084494712e-01
1.220000000000000000e+03 2.683079803224901472e-01 6.238270559074566846e-01
1.230000000000000000e+03 2.686875679240852688e-01 6.234554360349255919e-01
1.240000000000000000e+03 2.689882971797778466e-01 6.231626337999151000e-01
1.250000000000000000e+03 2.692085208115682637e-01 6.229504808393299120e-01
1.260000000000000000e+03 2.693471997841052068e-01 6.228200983535103763e-01
1.270000000000000000e+03 2.694038892670371221e-01 6.227716989507686707e-01
1.280000000000000000e+03 2.693789242297425779e-01 6.228048190182102761e-01
1.290000000000000000e+03 2.692734440339697444e-01 6.229184646690399951e-01
1.300000000000000000e+03 2.690891836446587804e-01 6.231109979477672534e-01
1.310000000000000000e+03 2.688283783579870079e-01 6.233801694697361784e-01
1.320000000000000000e+03 2.684937524296612255e-01 6.237231898475554814e-01
1.330000000000000000e+03 2.680885259841528367e-01 6.241369328455662613e-01
1.340000000000000000e+03 2.676162001109618771e-01 6.246180037479632796e-01
1.350000000000000000e+03 2.670803612564223717e-01 6.251627851202584685e-01
1.360000000000000000e+03 2.664847128235687812e-01 6.257674775933544931e-01
1.370000000000000000e+03 2.658330560163809086e-01 6.264281603528142339e-01
1.380000000000000000e+03 2.651292073755320833e-01 6.271409235312203068e-01
1.390000000000000000e+03 2.643769850210967998e-01 6.279019949527979705e-01
1.400000000000000000e+03 2.635801145537570722e-01 6.287077350266901954e-01
1.410000000000000000e+03 2.627421195533142795e-01 6.295546876432649430e-01
1.420000000000000000e+03 2.618663311680931027e-01 6.304395726035407765e-01
1.430000000000000000e+03 2.609558549643383185e-01 6.313592908187894981e-01
1.440000000000000000e+03 2.600135657329742389e-01 6.323109270737528043e-01
1.450000000000000000e+03 2.590422251593371694e-01 6.332916789577571759e-01
1.460000000000000000e+03 2.580444998843915982e-01 6.342988424524310664e-01
1.470000000000000000e+03 2.570229077705928900e-01 6.353298486276779400e-01
1.480000000000000000e+03 2.559797874681268293e-01 6.363822804668534117e-01
1.490000000000000000e+03 2.549173391993623250e-01 6.374538954138232461e-01
1.500000000000000000e+03 2.538377484471795453e-01 6.385426934005890010e-01
1.510000000000000000e+03 2.527431585185093699e-01 6.396467333939892530e-01
1.520000000000000000e+03 2.516355557455937642e-01 6.407639300390388648e-01
1.530000000000000000e+03 2.505168439938315617e-01 6.418921140535716052e-01
1.540000000000000000e+03 2.493889806058808278e-01 6.430291704722453927e-01
1.550000000000000000e+03 2.482540003028060327e-01 6.441731242014433478e-01
1.560000000000000000e+03 2.471139407744912253e-01 6.453220655138707240e-01
1.570000000000000000e+03 2.459707857391481289e-01 6.464739155393247616e-01
1.580000000000000000e+03 2.448266137994882519e-01 6.476265702394118362e-01
1.590000000000000000e+03 2.436836381044045208e-01 6.487779805530993205e-01
1.600000000000000000e+03 2.425441340330949658e-01 6.499260683686587381e-01
1.610000000000000000e+03 2.414103864991531123e-01 6.510687184861826404e-01
1.620000000000000000e+03 2.402845444539327968e-01 6.522037666959227264e-01
1.630000000000000000e+03 2.391685649353845200e-01 6.533290451362397944e-01
1.640000000000000000e+03 2.380643451371982078e-01 6.544425692860270649e-01
1.650000000000000000e+03 2.369737978436316228e-01 6.555425237661618443e-01
1.660000000000000000e+03 2.358987625925539622e-01 6.566270110253011882e-01
1.670000000000000000e+03 2.348410095668862496e-01 6.576941032301787393e-01
1.680000000000000000e+03 2.338023419831541660e-01 6.587421238628783371e-01
1.690000000000000000e+03 2.327844529555698760e-01 6.597694992203558817e-01
1.700000000000000000e+03 2.317888453602078014e-01 6.607746119130910589e-01
1.710000000000000000e+03 2.308170438906113342e-01 6.617559711506452169e-01
1.720000000000000000e+03 2.298706039430213066e-01 6.627121266331299498e-01
1.730000000000000000e+03 2.289509874185891580e-01 6.636415166684569433e-01
1.740000000000000000e+03 2.280596136119201756e-01 6.645426408079714298e-01
1.750000000000000000e+03 2.271978415534731399e-01 6.654141908572733799e-01
1.760000000000000000e+03 2.263668281599954812e-01 6.662549611269070748e-01
1.770000000000000000e+03 2.255675948767586481e-01 6.670639168471758085e-01
1.780000000000000000e+03 2.248011135323875753e-01 6.678402129210497806e-01
1.790000000000000000e+03 2.240681697786767457e-01 6.685830224248047182e-01
1.800000000000000000e+03 2.233692671092905868e-01 6.692917026072444653e-01
1.810000000000000000e+03 2.227045998911961755e-01 6.699660843757966333e-01
1.820000000000000000e+03 2.220739803867279871e-01 6.706064308849859490e-01
1.830000000000000000e+03 2.214768081252438958e-01 6.712133993261291121e-01
1.840000000000000000e+03 2.209120771841520670e-01 6.717880763510637454e-01
1.850000000000000000e+03 2.203783559907921408e-01 6.723318382718354025e-01
1.860000000000000000e+03 2.198738164635452852e-01 6.728463350808601140e-01
1.870000000000000000e+03 2.193963433400885898e-01 6.733336793299325995e-01
1.880000000000000000e+03 2.189435852784123726e-01 6.737963256369490228e-01
1.890000000000000000e+03 2.185129840667722756e-01 6.742368652770881488e-01
1.900000000000000000e+03 2.181018591189038125e-01 6.746579925362540253e-01
1.910000000000000000e+03 2.177074497373236162e-01 6.750623746126981350e-01
1.920000000000000000e+03 2.173269735372994893e-01 6.754527054349347415e-01
1.930000000000000000e+03 2.169576629819974789e-01 6.758318435654155909e-01
1.940000000000000000e+03 2.165967429325082461e-01 6.762026230998845477e-01
1.950000000000000000e+03 2.162415043465355791e-01 6.765677152514695258e-01
1.960000000000000000e+03 2.158893911909725571e-01 6.769296170191207995e-01
1.970000000000000000e+03 2.155379991391762895e-01 6.772905723055165916e-01
1.980000000000000000e+03 2.151851178206982962e-01 6.776526954095979383e-01
1.990000000000000000e+03 2.148287613359028125e-01 6.780180939815168006e-01
2.000000000000000000e+03 2.144671009409056250e-01 6.783887006732618463e-01
2.010000000000000000e+03 2.140984821975282504e-01 6.787662554438932405e-01
2.020000000000000000e+03 2.137214443844113188e-01 6.791522723411573814e-01
2.030000000000000000e+03 2.133347107475020155e-01 6.795479465471979674e-01
2.040000000000000000e+03 2.129372577807554512e-01 6.799542668638630660e-01
2.050000000000000000e+03 2.125283473717355931e-01 6.803720230013547976e-01
2.060000000000000000e+03 2.121075056485321186e-01 6.808017065947127300e-01
2.070000000000000000e+03 2.116745549456361952e-01 6.812435655006284785e-01
2.080000000000000000e+03 2.112296173403099830e-01 6.816975369915406757e-01
2.090000000000000000e+03 2.107730929884038262e-01 6.821631113531442248e-01
2.100000000000000000e+03 2.103057120253040702e-01 6.826394612838692089e-01
2.110000000000000000e+03 2.098285435194738868e-01 6.831255064666310606e-01
2.120000000000000000e+03 2.093429403473229811e-01 6.836198029164339829e-01
2.130000000000000000e+03 2.088505551199165422e-01 6.841206822043106595e-01
2.140000000000000000e+03 2.083533215358807367e-01 6.846263934699055032e-01
2.150000000000000000e+03 2.078533242336340903e-01 6.851349880091195388e-01
2.160000000000000000e+03 2.073527092220676382e-01 6.856443359396535708e-01
2.170000000000000000e+03 2.068536030772392398e-01 6.861521931539268371e-01
2.180000000000000000e+03 2.063580586862225341e-01 6.866563158239860076e-01
2.190000000000000000e+03 2.058680661482254481e-01 6.871546898409783832e-01
2.200000000000000000e+03 2.053855011010431442e-01 6.876455298316103137e-01
2.210000000000000000e+03 2.049120626923901234e-01 6.881272309399495413e-01
2.220000000000000000e+03 2.044492602959529226e-01 6.885984356670762363e-01
2.230000000000000000e+03 2.039983430619253524e-01 6.890578845544007569e-01
2.240000000000000000e+03 2.035603097936998229e-01 6.895044074919560728e-01
2.250000000000000000e+03 2.031360022411217714e-01 6.899370896411238796e-01
2.260000000000000000e+03 2.027261900607082168e-01 6.903554025828265717e-01
2.270000000000000000e+03 2.023314623409032675e-01 6.907588667271370442e-01
2.280000000000000000e+03 2.019522186225782556e-01 6.911469392596754080e-01
2.290000000000000000e+03 2.015888155861789433e-01 6.915192813452532006e-01
2.300000000000000000e+03 2.012415355111584203e-01 6.918755477888679506e-01
2.310000000000000000e+03 2.009105643630139104e-01 6.922153325480984165e-01
2.320000000000000000e+03 2.005961602729256221e-01 6.925385209525719565e-01
2.330000000000000000e+03 2.002986001647041325e-01 6.928449221724541918e-01
2.340000000000000000e+03 2.000181426051359512e-01 6.931340413428102032e-01
2.350000000000000000e+03 1.997551232897880613e-01 6.934054003065078797e-01
2.360000000000000000e+03 1.995101185144728950e-01 6.936589805038890777e-01
2.370000000000000000e+03 1.992836243623304637e-01 6.938943694928091377e-01
2.380000000000000000e+03 1.990761014208198010e-01 6.941108802525798316e-01
2.390000000000000000e+03 1.988881177113319687e-01 6.943078436379663820e-01
2.400000000000000000e+03 1.987203657416638236e-01 6.944846315816978199e-01
2.410000000000000000e+03 1.985735260700858262e-01 6.946404588841385008e-01
2.420000000000000000e+03 1.984483346248709090e-01 6.947745529187843161e-01
2.430000000000000000e+03 1.983455908950561841e-01 6.948861279250321266e-01
2.440000000000000000e+03 1.982661584404488697e-01 6.949743889758190907e-01
2.450000000000000000e+03 1.982109340564649769e-01 6.950385661211407884e-01
2.460000000000000000e+03 1.981807449731628201e-01 6.950778050251456008e-01
2.470000000000000000e+03 1.981763632292432853e-01 6.950912010989612755e-01
2.480000000000000000e+03 1.981985663888544968e-01 6.950778921556842738e-01
2.490000000000000000e+03 1.982481424670384240e-01 6.950370698741116238e-01
2.500000000000000000e+03 1.983258886952106725e-01 6.949680396927943038e-01
2.510000000000000000e+03 1.984325966265716168e-01 6.948701025387279406e-01
2.520000000000000000e+03 1.985690239076890462e-01 6.947424665270538480e-01
2.530000000000000000e+03 1.987358582119827521e-01 6.945842582219324823e-01
2.540000000000000000e+03 1.989337409733328010e-01 6.943947281421617435e-01
2.550000000000000000e+03 1.991632834680700237e-01 6.941734180940116739e-01
2.560000000000000000e+03 1.994250110401389608e-01 6.939200484621885767e-01
2.570000000000000000e+03 1.997192380221357588e-01 6.936342491742250038e-01
2.580000000000000000e+03 2.000460964916780937e-01 6.933158585497479764e-01
2.590000000000000000e+03 2.004055308330774943e-01 6.929649592106644773e-01
2.600000000000000000e+03 2.007971910605290122e-01 6.925817767128593649e-01
2.610000000000000000e+03 2.012204672300127450e-01 6.921669417789833023e-01
2.620000000000000000e+03 2.016744691515987842e-01 6.917213722061218428e-01
2.630000000000000000e+03 2.021579822750859123e-01 6.912461553135568204e-01
2.640000000000000000e+03 2.026695245628006847e-01 6.907428248376030755e-01
2.650000000000000000e+03 2.032073122321532699e-01 6.902132420548422465e-01
2.660000000000000000e+03 2.037692572428223825e-01 6.896595529790618961e-01
2.670000000000000000e+03 2.043530205359566088e-01 6.890841970194018229e-01
2.680000000000000000e+03 2.049559849852450322e-01 6.884897247421239985e-01
2.690000000000000000e+03 2.055752979155711646e-01 6.878788624232020643e-01
2.700000000000000000e+03 2.062079444012542284e-01 6.872545035528337953e-01
2.710000000000000000e+03 2.068508599734288356e-01 6.866197748417101065e-01
2.720000000000000000e+03 2.075010162108975320e-01 6.859778525483453127e-01
2.730000000000000000e+03 2.081553429278295286e-01 6.853316960777535716e-01
2.740000000000000000e+03 2.088109365171359477e-01 6.846844296397780472e-01
2.750000000000000000e+03 2.094649771756482426e-01 6.840388877593042150e-01
2.760000000000000000e+03 2.101148082605389378e-01 6.833976807538626463e-01
2.770000000000000000e+03 2.107580127152809402e-01 6.827631157559813646e-01
2.780000000000000000e+03 2.113924610374309232e-01 6.821372047112063131e-01
2.790000000000000000e+03 2.120163958688149330e-01 6.815217888684398373e-01
2.800000000000000000e+03 2.126284275339325458e-01 6.809183852000639803e-01
2.810000000000000000e+03 2.132274377559593426e-01 6.803279408583869925e-01
2.820000000000000000e+03 2.138126263227232426e-01 6.797510717538669534e-01
2.830000000000000000e+03 2.143835237430570251e-01 6.791881999837909856e-01
2.840000000000000000e+03 2.149399602638559503e-01 6.786395563357400240e-01
2.850000000000000000e+03 2.154820826014563762e-01 6.781052766695395695e-01
2.860000000000000000e+03 2.160102383446450558e-01 6.775852407516838039e-01
2.870000000000000000e+03 2.165248527018837077e-01 6.770789932262879507e-01
2.880000000000000000e+03 2.170264613901462802e-01 6.765859280887359661e-01
2.890000000000000000e+03 2.175156845078402013e-01 6.761053087801479622e-01
2.900000000000000000e+03 2.179931672321697989e-01 6.756363164209741035e-01
2.910000000000000000e+03 2.184595916286550810e-01 6.751782447481556870e-01
2.920000000000000000e+03 2.189156266853385102e-01 6.747304390077812908e-01
2.930000000000000000e+03 2.193618965803969256e-01 6.742923223815572298e-01
2.940000000000000000e+03 2.197989877867602970e-01 6.738634708829641662e-01
2.950000000000000000e+03 2.202273624849781508e-01 6.734433669888524321e-01
2.960000000000000000e+03 2.206473892199742048e-01 6.730314792079886699e-01
2.970000000000000000e+03 2.210594152083516228e-01 6.726275512857081695e-01
2.980000000000000000e+03 2.214636747999185196e-01 6.722313888088741196e-01
2.990000000000000000e+03 2.218602779891379329e-01 6.718426624255046109e-01
3.000000000000000000e+03 2.222493993265363399e-01 6.714613125428254836e-01
3.010000000000000000e+03 2.226312474440942102e-01 6.710875169171032217e-01
3.020000000000000000e+03 2.230058417061812071e-01 6.707210817044428897e-01
3.030000000000000000e+03 2.233731438414616188e-01 6.703617641320479548e-01
3.040000000000000000e+03 2.237331599367619883e-01 6.700095978088941306e-01
3.050000000000000000e+03 2.240858858798714659e-01 6.696646700952629816e-01
3.060000000000000000e+03 2.244313064909833622e-01 6.693269854014690656e-01
3.070000000000000000e+03 2.247694351287519987e-01 6.689966496451231759e-01
3.080000000000000000e+03 2.251002636342657459e-01 6.686735801041017169e-01
3.090000000000000000e+03 2.254237447014372231e-01 6.683578001301845317e-01
3.100000000000000000e+03 2.257397955285071478e-01 6.680492771070322133e-01
3.110000000000000000e+03 2.260485091838747851e-01 6.677483113817389571e-01
3.120000000000000000e+03 2.263498667775285800e-01 6.674546354650793267e-01
3.130000000000000000e+03 2.266440280129171925e-01 6.671683401396050206e-01
3.140000000000000000e+03 2.269311354356461363e-01 6.668889982355133972e-01
3.150000000000000000e+03 2.272115151841627156e-01 6.666162000155018141e-01
3.160000000000000000e+03 2.274856597754666421e-01 6.663495940274098972e-01
3.170000000000000000e+03 2.277541687167078666e-01 6.660886167395859703e-01
3.180000000000000000e+03 2.280177529796937885e-01 6.658325779857138249e-01
3.190000000000000000e+03 2.282772006272239529e-01 6.655805076974085077e-01
3.200000000000000000e+03 2.285335581907003699e-01 6.653315332201380494e-01
3.210000000000000000e+03 2.287879306941872359e-01 6.650845289649683911e-01
3.220000000000000000e+03 2.290415449014696625e-01 6.648382614275617497e-01
3.230000000000000000e+03 2.292957830391250951e-01 6.645914651241017213e-01
3.240000000000000000e+03 2.295520774783424145e-01 6.643426209219465139e-01
3.250000000000000000e+03 2.298119435683053102e-01 6.640900646094520798e-01
3.260000000000000000e+03 2.300770142632534709e-01 6.638321674366657321e-01
3.270000000000000000e+03 2.303490148539085736e-01 6.635672981892094535e-01
3.280000000000000000e+03 2.306296397703780920e-01 6.632936042630422913e-01
3.290000000000000000e+03 2.309206459075603124e-01 6.630093267085820363e-01
3.300000000000000000e+03 2.312239397428335341e-01 6.627130155692771973e-01
3.310000000000000000e+03 2.315411910360383463e-01 6.624027282706248521e-01
3.320000000000000000e+03 2.318739991771250342e-01 6.620766271681047810e-01
3.330000000000000000e+03 2.322240842106593484e-01 6.617335828138599663e-01
3.340000000000000000e+03 2.325928190314082711e-01 6.613719508540480962e-01
3.350000000000000000e+03 2.329814035509822356e-01 6.609904274345987929e-01
3.360000000000000000e+03 2.333908348113853393e-01 6.605879965174518142e-01
3.370000000000000000e+03 2.338218706155669457e-01 6.601640247962815566e-01
3.380000000000000000e+03 2.342748495036769407e-01 6.597179174699684401e-01
3.390000000000000000e+03 2.347498079831762119e-01 6.592494995889895959e-01
3.400000000000000000e+03 2.352464904569490367e-01 6.587591053815869957e-01
3.410000000000000000e+03 2.357642362571913119e-01 6.582473135387626462e-01
3.420000000000000000e+03 2.363021426635007749e-01 6.577153023467406934e-01
3.430000000000000000e+03 2.368589572141655830e-01 6.571645223348827614e-01
3.440000000000000000e+03 2.374329522013422511e-01 6.565966422180637974e-01
3.450000000000000000e+03 2.380220447651262838e-01 6.560135355228847720e-01
3.460000000000000000e+03 2.386239164273253333e-01 6.554175192000831762e-01
3.470000000000000000e+03 2.392360182199721186e-01 6.548113800918128335e-01
3.480000000000000000e+03 2.398555006317017457e-01 6.541978343960618281e-01
3.490000000000000000e+03 2.404793083467777204e-01 6.535797765724901121e-01
3.500000000000000000e+03 2.411042386892111034e-01 6.529605185857572103e-01
3.510000000000000000e+03 2.417269100525689940e-01 6.523434267402540288e-01
3.520000000000000000e+03 2.423437530834773590e-01 6.517319095861483502e-01
3.530000000000000000e+03 2.429511253181963482e-01 6.511297247537959354e-01
3.540000000000000000e+03 2.435453258231978779e-01 6.505407433048581156e-01
3.550000000000000000e+03 2.441225393666451027e-01 6.499687450887904339e-01
3.560000000000000000e+03 2.446789045552613395e-01 6.494174668558438945e-01
3.570000000000000000e+03 2.452106078179406012e-01 6.488906613871502360e-01
3.580000000000000000e+03 2.457140359817776842e-01 6.483922270651670816e-01
3.590000000000000000e+03 2.461856317346172440e-01 6.479257006096525995e-01
3.600000000000000000e+03 2.466221122293759116e-01 6.474946294284921189e-01
3.610000000000000000e+03 2.470202958792213355e-01 6.471018242729059677e-01
3.620000000000000000e+03 2.473774209687820691e-01 6.467502711870841692e-01
3.630000000000000000e+03 2.476910715125229256e-01 6.464426588078416858e-01
3.640000000000000000e+03 2.479591345848876915e-01 6.461811706828057833e-01
3.650000000000000000e+03 2.481798213405044529e-01 6.459674819744586349e-01
3.660000000000000000e+03 2.483517521624283575e-01 6.458028566629772094e-01
3.670000000000000000e+03 2.484739980643358437e-01 6.456881681378660032e-01
3.680000000000000000e+03 2.485460680686843171e-01 6.456239288136419452e-01
3.690000000000000000e+03 2.485678471270811596e-01 6.456103266774412264e-01
3.700000000000000000e+03 2.485395013874393544e-01 6.456471810059077887e-01
3.710000000000000000e+03 2.484614245146950229e-01 6.457339072454878481e-01
3.720000000000000000e+03 2.483342751347744348e-01 6.458697031852312920e-01
3.730000000000000000e+03 2.481589642665024409e-01 6.460536793834851244e-01
3.740000000000000000e+03 2.479365645477805968e-01 6.462848329991289775e-01
3.750000000000000000e+03 2.476682419358828269e-01 6.465620131545942728e-01
3.760000000000000000e+03 2.473552385300817058e-01 6.468839350150358269e-01
3.770000000000000000e+03 2.469988743403139231e-01 6.472492403443749209e-01
3.780000000000000000e+03 2.466005384367375985e-01 6.476565492225323517e-01
3.790000000000000000e+03 2.461616748521636422e-01 6.481044584729457325e-01
3.800000000000000000e+03 2.456837828024748538e-01 6.485915145056603270e-01
3.810000000000000000e+03 2.451684263849679135e-01 6.491161881987352889e-01
3.820000000000000000e+03 2.446172330825538699e-01 6.496768718309292590e-01
3.830000000000000000e+03 2.440318784002944441e-01 6.502718936862318388e-01
3.840000000000000000e+03 2.434140729462790087e-01 6.508995289424897024e-01
3.850000000000000000e+03 2.427655651356485922e-01 6.515579989289734808e-01
3.860000000000000000e+03 2.420881555804182406e-01 6.522454716841487032e-01
3.870000000000000000e+03 2.413837009251485477e-01 6.529600716565018281e-01
3.880000000000000000e+03 2.406541026293670671e-01 6.536998889022953563e-01
3.890000000000000000e+03 2.399012997240136391e-01 6.544629860857519299e-01
3.900000000000000000e+03 2.391272697174474937e-01 6.552473994239953470e-01
3.910000000000000000e+03 2.383340317913397455e-01 6.560511211844112234e-01
3.920000000000000000e+03 2.375236515760885680e-01 6.568720750825268739e-01
3.930000000000000000e+03 2.366982446572719334e-01 6.577081086208187433e-01
3.940000000000000000e+03 2.358599791924732014e-01 6.585570004864640392e-01
3.950000000000000000e+03 2.350110831735724992e-01 6.594164656086520804e-01
3.960000000000000000e+03 2.341538594145870789e-01 6.602841529396155096e-01
3.970000000000000000e+03 2.332907056072961172e-01 6.611576408437584984e-01
3.980000000000000000e+03 2.324241279417812722e-01 6.620344287774245773e-01
3.990000000000000000e+03 2.315567418793105514e-01 6.629119239219584125e-01
4.000000000000000000e+03 2.306912620735330488e-01 6.637874347469605585e-01
4.010000000000000000e+03 2.298304902045518183e-01 6.646581741729385984e-01
4.020000000000000000e+03 2.289772968554492916e-01 6.655212692739396196e-01
4.030000000000000000e+03 2.281345910568349233e-01 6.663737903613432545e-01
4.040000000000000000e+03 2.273052924497133420e-01 6.672127962852346661e-01
4.050000000000000000e+03 2.264923113632766327e-01 6.680353680948948325e-01
4.060000000000000000e+03 2.256985220804227643e-01 6.688386307836797773e-01
4.070000000000000000e+03 2.249267257456792901e-01 6.696197810350970059e-01
4.080000000000000000e+03 2.241796104596531503e-01 6.703761220647944663e-01
4.090000000000000000e+03 2.234597188129764378e-01 6.711051022873122385e-01
4.100000000000000000e+03 2.227694276968818499e-01 6.718043466724373802e-01
4.110000000000000000e+03 2.221109175922583723e-01 6.724716822592928800e-01
4.120000000000000000e+03 2.214861396021185203e-01 6.731051640304316352e-01
4.130000000000000000e+03 2.208968089364239107e-01 6.737030849485983186e-01
4.140000000000000000e+03 2.203444142609209122e-01 6.742639674939112648e-01
4.150000000000000000e+03 2.198302154453094237e-01 6.747865630311211671e-01
4.160000000000000000e+03 2.193552225260175792e-01 6.752698646825344708e-01
4.170000000000000000e+03 2.189201815412375740e-01 6.757131165747420898e-01
4.180000000000000000e+03 2.185255818133303995e-01 6.761158106779360244e-01
4.190000000000000000e+03 2.181716724875022162e-01 6.764776779559776854e-01
4.200000000000000000e+03 2.178584719803242920e-01 6.767986917551834791e-01
