0.000000000000000000e+00 8.846401218627520935e-01 9.028584691340442447e-03
1.000000000000000000e+01 8.838726465798517618e-01 9.798381782391424322e-03
2.000000000000000000e+01 8.815619860540137021e-01 1.210905908763071359e-02
3.000000000000000000e+01 8.777613731601547897e-01 1.590966159104522173e-02
4.000000000000000000e+01 8.725585814003538054e-01 2.111245081102315277e-02
5.000000000000000000e+01 8.660706209824273749e-01 2.760042300978952923e-02
6.000000000000000000e+01 8.584382791574921567e-01 3.523277176572126024e-02
7.000000000000000000e+01 8.498199148182573603e-01 4.385114171893919610e-02
8.000000000000000000e+01 8.403848808377404334e-01 5.328617433977776707e-02
9.000000000000000000e+01 8.303070056431590684e-01 6.336404693497410534e-02
1.000000000000000000e+02 8.197585166615819485e-01 7.391252765262509850e-02
1.100000000000000000e+02 8.089046665651312695e-01 8.476636576190044181e-02
1.200000000000000000e+02 7.978992433401222995e-01 9.577178713858891523e-02
1.300000000000000000e+02 7.868810582412828492e-01 1.067899616618656761e-01
1.400000000000000000e+02 7.759714231139730467e-01 1.176995846055896855e-01
1.500000000000000000e+02 7.652725603967442947e-01 1.283984391963841343e-01
1.600000000000000000e+02 7.548668550771210350e-01 1.388041389713030871e-01
1.700000000000000000e+02 7.448167846817238535e-01 1.488542111743827445e-01
1.800000000000000000e+02 7.351655061182164053e-01 1.585054921890966251e-01
1.900000000000000000e+02 7.259379229957803048e-01 1.677330608813365764e-01
2.000000000000000000e+02 7.171421391721006788e-01 1.765288253580152289e-01
2.100000000000000000e+02 7.087712379095001403e-01 1.848996996958559014e-01
2.200000000000000000e+02 7.008052919156486649e-01 1.928656088526410350e-01
2.300000000000000000e+02 6.932135592329310425e-01 2.004572840417068180e-01
2.400000000000000000e+02 6.859567889832483001e-01 2.077139664781019746e-01
2.500000000000000000e+02 6.789896207596274325e-01 2.146810506043497213e-01
2.600000000000000000e+02 6.722628767341116696e-01 2.214077261155831255e-01
2.700000000000000000e+02 6.657258334957303347e-01 2.279447225652741216e-01
2.800000000000000000e+02 6.593283680962569449e-01 2.343421521911107364e-01
2.900000000000000000e+02 6.530229186800592389e-01 2.406475722267843453e-01
3.000000000000000000e+02 6.467661895469238864e-01 2.469042802861819430e-01
3.100000000000000000e+02 6.405205681721319877e-01 2.531498891441433252e-01
3.200000000000000000e+02 6.342552354046688823e-01 2.594152202597553858e-01
3.300000000000000000e+02 6.279469572829021740e-01 2.657235040989788244e-01
3.400000000000000000e+02 6.215805416435554731e-01 2.720899340501625741e-01
3.500000000000000000e+02 6.151489573383489562e-01 2.785215355461742592e-01
3.600000000000000000e+02 6.086531699840773690e-01 2.850173441112783257e-01
3.700000000000000000e+02 6.021017083340656217e-01 2.915688218627864869e-01
3.800000000000000000e+02 5.955099777782643100e-01 2.981605760656230175e-01
3.900000000000000000e+02 5.888993543635526740e-01 3.047712296286569367e-01
4.000000000000000000e+02 5.822961116772137347e-01 3.113744976285257038e-01
4.100000000000000000e+02 5.757302620335242871e-01 3.179403728220411285e-01
4.200000000000000000e+02 5.692342883614611715e-01 3.244363680456909260e-01
4.300000000000000000e+02 5.628418425344826614e-01 3.308288314602403912e-01
4.400000000000000000e+02 5.565865237601643756e-01 3.370841641019272639e-01
4.500000000000000000e+02 5.505006696497503071e-01 3.431700285637122039e-01
4.600000000000000000e+02 5.446143045190537935e-01 3.490563938763369678e-01
4.700000000000000000e+02 5.389542027692705295e-01 3.547164896825725777e-01
4.800000000000000000e+02 5.335431913081977173e-01 3.601274779763689593e-01
4.900000000000000000e+02 5.283996178536330968e-01 3.652710191670754947e-01
5.000000000000000000e+02 5.235370319717193022e-01 3.701335629005675365e-01
5.100000000000000000e+02 5.189640951619487463e-01 3.747064480656760455e-01
5.200000000000000000e+02 5.146846771935216225e-01 3.789858108966170924e-01
5.300000000000000000e+02 5.106981291315297877e-01 3.829723046601175573e-01
5.400000000000000000e+02 5.069997209595195065e-01 3.866706649515531669e-01
5.500000000000000000e+02 5.035811496602281556e-01 3.900891939834024158e-01
5.600000000000000000e+02 5.004311426750406300e-01 3.932391593945379626e-01
5.700000000000000000e+02 4.975361319281316752e-01 3.961341248788162184e-01
5.800000000000000000e+02 4.948809117606569052e-01 3.987892982782919593e-01
5.900000000000000000e+02 4.924492871725041909e-01 4.012208747447716939e-01
6.000000000000000000e+02 4.902246802279185967e-01 4.034454335777063472e-01
6.100000000000000000e+02 4.881906602080219315e-01 4.054794002716289314e-01
6.200000000000000000e+02 4.863314156122702792e-01 4.073385836179042041e-01
6.300000000000000000e+02 4.846321441481153958e-01 4.090377906829770205e-01
6.400000000000000000e+02 4.830793092073963901e-01 4.105905569549588852e-01
6.500000000000000000e+02 4.816608518588151866e-01 4.120089428211468618e-01
6.600000000000000000e+02 4.803663099708976314e-01 4.133034110940033701e-01
6.700000000000000000e+02 4.791868265363585233e-01 4.144828204489595103e-01
6.800000000000000000e+02 4.781150957475551189e-01 4.155544755134438772e-01
6.900000000000000000e+02 4.771452556440201054e-01 4.165242438585092799e-01
7.000000000000000000e+02 4.762727219298272252e-01 4.173967089682563691e-01
7.100000000000000000e+02 4.754939754831779553e-01 4.181753927684189187e-01
7.200000000000000000e+02 4.748063323398828417e-01 4.188629843506001538e-01
7.300000000000000000e+02 4.742076953555051100e-01 4.194615726664498445e-01
7.400000000000000000e+02 4.736963227366591811e-01 4.199729014885903999e-01
7.500000000000000000e+02 4.732705822497281778e-01 4.203986029181699946e-01
7.600000000000000000e+02 4.729287347166159505e-01 4.207404129761141975e-01
7.700000000000000000e+02 4.726687321551574228e-01 4.210003816426276524e-01
7.800000000000000000e+02 4.724880386340996052e-01 4.211810409152979551e-01
7.900000000000000000e+02 4.723834944553508275e-01 4.212855493184693434e-01
8.000000000000000000e+02 4.723512032912694503e-01 4.213178083761612291e-01
8.100000000000000000e+02 4.723864658643490144e-01 4.212825140960924641e-01
8.200000000000000000e+02 4.724837159934731634e-01 4.211852357685972881e-01
8.300000000000000000e+02 4.726364912551222486e-01 4.210324291126150698e-01
8.400000000000000000e+02 4.728374484619478069e-01 4.208314402695265688e-01
8.500000000000000000e+02 4.730783725064119372e-01 4.205904863626045431e-01
8.600000000000000000e+02 4.733502023782530377e-01 4.203186302358082327e-01
8.700000000000000000e+02 4.736430900368607255e-01 4.200257218552867489e-01
8.800000000000000000e+02 4.739464575941118030e-01 4.197223327643210822e-01
8.900000000000000000e+02 4.742490688071564486e-01 4.194196970406375291e-01
9.000000000000000000e+02 4.745391171955026799e-01 4.191296205260744978e-01
9.100000000000000000e+02 4.748043089604716549e-01 4.188644012408824779e-01
9.200000000000000000e+02 4.750319532614861173e-01 4.186367406397162871e-01
9.300000000000000000e+02 4.752090714123259896e-01 4.184596161381647916e-01
9.400000000000000000e+02 4.753224961537111937e-01 4.183461867396566225e-01
9.500000000000000000e+02 4.753589977601786476e-01 4.183096850894132412e-01
9.600000000000000000e+02 4.753053983658142578e-01 4.183632823165220893e-01
9.700000000000000000e+02 4.751486988749761831e-01 4.185199751496230802e-01
9.800000000000000000e+02 4.748762230591712097e-01 4.187924477349976859e-01
9.900000000000000000e+02 4.744757403903080983e-01 4.191929343300884181e-01
1.000000000000000000e+03 4.739356027756924661e-01 4.197330763939450815e-01
1.010000000000000000e+03 4.732448964530277524e-01 4.204237831609070608e-01
1.020000000000000000e+03 4.723935685661088679e-01 4.212751032345432578e-01
1.030000000000000000e+03 4.713725665332092474e-01 4.222960966789965909e-01
1.040000000000000000e+03 4.701739837419630086e-01 4.234946686082249334e-01
1.050000000000000000e+03 4.687911974098233348e-01 4.248774400575929810e-01
1.060000000000000000e+03 4.672189825572427568e-01 4.264496410183620800e-01
1.070000000000000000e+03 4.654536250002990760e-01 4.282149836202959747e-01
1.080000000000000000e+03 4.634930276360382795e-01 4.301755629803096226e-01
1.090000000000000000e+03 4.613367694203399649e-01 4.323318000291039298e-01
1.100000000000000000e+03 4.589861412146994391e-01 4.346824043955939132e-01
1.110000000000000000e+03 4.564441773766045873e-01 4.372243420650266943e-01
1.120000000000000000e+03 4.537156332265215308e-01 4.399528593097619122e-01
1.130000000000000000e+03 4.508069214145329906e-01 4.428615477977792536e-01
1.140000000000000000e+03 4.477260084688966524e-01 4.459424454569993479e-01
1.150000000000000000e+03 4.444822647393972259e-01 4.491861841549055212e-01
1.160000000000000000e+03 4.410862909441148338e-01 4.525821633512058240e-01
1.170000000000000000e+03 4.375497122955382956e-01 4.561187498679639685e-01
1.180000000000000000e+03 4.338849475192088079e-01 4.597835210755171764e-01
1.190000000000000000e+03 4.301049352729762187e-01 4.635635423082798967e-01
1.200000000000000000e+03 4.262228417087221000e-01 4.674456488025684475e-01
1.210000000000000000e+03 4.222517586257396038e-01 4.714167438157076395e-01
1.220000000000000000e+03 4.182044308138657684e-01 4.754640828167850941e-01
1.230000000000000000e+03 4.140930074729560206e-01 4.795755196969347933e-01
1.240000000000000000e+03 4.099287859222044972e-01 4.837397622876864478e-01
1.250000000000000000e+03 4.057219832341026344e-01 4.879465952344813617e-01
1.260000000000000000e+03 4.014815765967362782e-01 4.921870401414111806e-01
1.270000000000000000e+03 3.972151977979327953e-01 4.964534641722785357e-01
1.280000000000000000e+03 3.929290924883485636e-01 5.007396102376483471e-01
1.290000000000000000e+03 3.886281306432199933e-01 5.050406080276345078e-01
1.300000000000000000e+03 3.843158833534587315e-01 5.093528931804378601e-01
1.310000000000000000e+03 3.799947551633721665e-01 5.136740515420840092e-01
1.320000000000000000e+03 3.756661586840771561e-01 5.180026763117975275e-01
1.330000000000000000e+03 3.713307594408569168e-01 5.223380965216312122e-01
1.340000000000000000e+03 3.669887257148464199e-01 5.266801456966562212e-01
1.350000000000000000e+03 3.626400050643165396e-01 5.310288834334627728e-01
1.360000000000000000e+03 3.582846231948937921e-01 5.353842822666812218e-01
1.370000000000000000e+03 3.539229595689701302e-01 5.397459656087050250e-01
1.380000000000000000e+03 3.495559981074340405e-01 5.441129570984902797e-01
1.390000000000000000e+03 3.451855542323137849e-01 5.484834341073150377e-01
1.400000000000000000e+03 3.408144658097597701e-01 5.528545653145849892e-01
1.410000000000000000e+03 3.364467243088783421e-01 5.572223680234078547e-01
1.420000000000000000e+03 3.320875479845328271e-01 5.615816107192285189e-01
1.430000000000000000e+03 3.277434321140682560e-01 5.659257951000040698e-01
1.440000000000000000e+03 3.234221301639814139e-01 5.702471701459124187e-01
1.450000000000000000e+03 3.191325659607391896e-01 5.745367992848627869e-01
1.460000000000000000e+03 3.148847124926869023e-01 5.787847081492797363e-01
1.470000000000000000e+03 3.106894278308226509e-01 5.829800420119584103e-01
1.480000000000000000e+03 3.065582457043223297e-01 5.871112692143436451e-01
1.490000000000000000e+03 3.025031381825821764e-01 5.911664273281090898e-01
1.500000000000000000e+03 2.985362673819746404e-01 5.951333471022113297e-01
1.510000000000000000e+03 2.946697313189068357e-01 5.989999239306387224e-01
1.520000000000000000e+03 2.909153009066811624e-01 6.027543989634013277e-01
1.530000000000000000e+03 2.872841587888569914e-01 6.063855938228913667e-01
1.540000000000000000e+03 2.837866697093409107e-01 6.098831349607242158e-01
1.550000000000000000e+03 2.804321699125582046e-01 6.132376799347030172e-01
1.560000000000000000e+03 2.772287713887965910e-01 6.164411133967361289e-01
1.570000000000000000e+03 2.741832113191719489e-01 6.194867016622376266e-01
1.580000000000000000e+03 2.713007353678374978e-01 6.223692068634077978e-01
1.590000000000000000e+03 2.685850208629942393e-01 6.250849544390817414e-01
1.600000000000000000e+03 2.660381325127347263e-01 6.276318852798019599e-01
1.610000000000000000e+03 2.636605261153704971e-01 6.300095360885354934e-01
1.620000000000000000e+03 2.614510931407950101e-01 6.322190082518358567e-01
1.630000000000000000e+03 2.594072286225809210e-01 6.342629107716478698e-01
1.640000000000000000e+03 2.575249142209390385e-01 6.361452640606194420e-01
1.650000000000000000e+03 2.557988338499798120e-01 6.378713854871846944e-01
1.660000000000000000e+03 2.542225139870523676e-01 6.394477416920634205e-01
1.670000000000000000e+03 2.527884750447487172e-01 6.408818156718959491e-01
1.680000000000000000e+03 2.514884004304394627e-01 6.421819370253181170e-01
1.690000000000000000e+03 2.503133056261287459e-01 6.433570838000123304e-01
1.700000000000000000e+03 2.492537123795617593e-01 6.444167313041754275e-01
1.710000000000000000e+03 2.482998193066172921e-01 6.453706862865954408e-01
1.720000000000000000e+03 2.474416440481247703e-01 6.462289239886825909e-01
1.730000000000000000e+03 2.466691609388103334e-01 6.470014701810171687e-01
1.740000000000000000e+03 2.459724327729395366e-01 6.476982589520842160e-01
1.750000000000000000e+03 2.453417335044962011e-01 6.483290138700991134e-01
1.760000000000000000e+03 2.447676602129651435e-01 6.489031499720928631e-01
1.770000000000000000e+03 2.442412054905803709e-01 6.494296658150406909e-01
1.780000000000000000e+03 2.437538397287761227e-01 6.499170840329590026e-01
1.790000000000000000e+03 2.432975935467757145e-01 6.503733820128863030e-01
1.800000000000000000e+03 2.428651055683292703e-01 6.508059231472517192e-01
1.810000000000000000e+03 2.424496549382193500e-01 6.512214286497823856e-01
1.820000000000000000e+03 2.420451899484541147e-01 6.516259647003601607e-01
1.830000000000000000e+03 2.416463373200600784e-01 6.520248919571376423e-01
1.840000000000000000e+03 2.412484124503045668e-01 6.524228823623356988e-01
1.850000000000000000e+03 2.408474132801121104e-01 6.528239470516136178e-01
1.860000000000000000e+03 2.404400094469620053e-01 6.532314023403343883e-01
1.870000000000000000e+03 2.400235215351528562e-01 6.536479323359301041e-01
1.880000000000000000e+03 2.395959045796899334e-01 6.540755920971526027e-01
1.890000000000000000e+03 2.391557070802614871e-01 6.545158179862853309e-01
1.900000000000000000e+03 2.387020112461519517e-01 6.549695399144745966e-01
1.910000000000000000e+03 2.382343901498084338e-01 6.554372001137939163e-01
1.920000000000000000e+03 2.377528491451630366e-01 6.559187791000890000e-01
1.930000000000000000e+03 2.372577763431214237e-01 6.564138975090682004e-01
1.940000000000000000e+03 2.367498749269912328e-01 6.569218516524789608e-01
1.950000000000000000e+03 2.362300818706891958e-01 6.574416912885293618e-01
1.960000000000000000e+03 2.356995085863726469e-01 6.579723114262030492e-01
1.970000000000000000e+03 2.351593762208170624e-01 6.585124979929058986e-01
1.980000000000000000e+03 2.346109403302056862e-01 6.590609958284744385e-01
1.990000000000000000e+03 2.340554303067022002e-01 6.596165732544498894e-01
2.000000000000000000e+03 2.334940157164898389e-01 6.601780566017404484e-01
2.010000000000000000e+03 2.329277813740471548e-01 6.607443505127483796e-01
2.020000000000000000e+03 2.323576790785234214e-01 6.613145072198810537e-01
2.030000000000000000e+03 2.317845029358034381e-01 6.618877351869685288e-01
2.040000000000000000e+03 2.312089099731615693e-01 6.624633724016931735e-01
2.050000000000000000e+03 2.306314421819479765e-01 6.630408810269564635e-01
2.060000000000000000e+03 2.300525492795454929e-01 6.636198173890628382e-01
2.070000000000000000e+03 2.294726070684148800e-01 6.641998072272552456e-01
2.080000000000000000e+03 2.288919420556017326e-01 6.647805201868852709e-01
2.090000000000000000e+03 2.283109004413204079e-01 6.653616079983372122e-01
2.100000000000000000e+03 2.277299239854415069e-01 6.659426311749113703e-01
2.110000000000000000e+03 2.271495827050251104e-01 6.665230225934257735e-01
2.120000000000000000e+03 2.265706053167915179e-01 6.671020516881485118e-01
2.130000000000000000e+03 2.259939350780581224e-01 6.676787719663331844e-01
2.140000000000000000e+03 2.254207792003057875e-01 6.682519753635444149e-01
2.150000000000000000e+03 2.248526244869985813e-01 6.688201778073091797e-01
2.160000000000000000e+03 2.242912439903739508e-01 6.693816069212976672e-01
2.170000000000000000e+03 2.237387042416465743e-01 6.699341962880952517e-01
2.180000000000000000e+03 2.231973688711706427e-01 6.704755832038042929e-01
2.190000000000000000e+03 2.226698833804512945e-01 6.710031201990130922e-01
2.200000000000000000e+03 2.221591384879866016e-01 6.715139146935580339e-01
2.210000000000000000e+03 2.216682543878775724e-01 6.720048500018912518e-01
2.220000000000000000e+03 2.212005280925292694e-01 6.724726327079746380e-01
2.230000000000000000e+03 2.207593564486183546e-01 6.729138688959468428e-01
2.240000000000000000e+03 2.203482115332146829e-01 6.733250884362229627e-01
2.250000000000000000e+03 2.199705911717375895e-01 6.737027905429952002e-01
2.260000000000000000e+03 2.196299546837579553e-01 6.740435091379100019e-01
2.270000000000000000e+03 2.193296545862035984e-01 6.743438849055392037e-01
2.280000000000000000e+03 2.190728667920625317e-01 6.746007403145319881e-01
2.290000000000000000e+03 2.188625426352439340e-01 6.748111263527255543e-01
2.300000000000000000e+03 2.187013291315859087e-01 6.749723991149084723e-01
2.310000000000000000e+03 2.185915009450703494e-01 6.750822886371952158e-01
2.320000000000000000e+03 2.185349330697888004e-01 6.751389174259864179e-01
2.330000000000000000e+03 2.185330909211780082e-01 6.751408161575179756e-01
2.340000000000000000e+03 2.185869534819569193e-01 6.750870082924079751e-01
2.350000000000000000e+03 2.186969631426302074e-01 6.749770542692165032e-01
2.360000000000000000e+03 2.188630395092071579e-01 6.748110346710622931e-01
2.370000000000000000e+03 2.190845827232995868e-01 6.745895504260530640e-01
2.380000000000000000e+03 2.193604658124355400e-01 6.743137297613032155e-01
2.390000000000000000e+03 2.196890575646185118e-01 6.739852031722288750e-01
2.400000000000000000e+03 2.200682562381589269e-01 6.736060708664576291e-01
2.410000000000000000e+03 2.204954994057140572e-01 6.731788901081737775e-01
2.420000000000000000e+03 2.209678091301571501e-01 6.727066356554011195e-01
2.430000000000000000e+03 2.214818430831248797e-01 6.721926515948176695e-01
2.440000000000000000e+03 2.220338985532901988e-01 6.716406415044301470e-01
2.450000000000000000e+03 2.226199773112985114e-01 6.710546039003904006e-01
2.460000000000000000e+03 2.232358415850561606e-01 6.704387796348884043e-01
2.470000000000000000e+03 2.238770145883081097e-01 6.697976459767949198e-01
2.480000000000000000e+03 2.245388793612757283e-01 6.691358161709811680e-01
2.490000000000000000e+03 2.252167591923638912e-01 6.684579656471210107e-01
2.500000000000000000e+03 2.259059006862533525e-01 6.677688500451556264e-01
2.510000000000000000e+03 2.266015627632676221e-01 6.670732140703334867e-01
2.520000000000000000e+03 2.272990946837131210e-01 6.663757104700993583e-01
2.530000000000000000e+03 2.279939402568554596e-01 6.656808936550024924e-01
2.540000000000000000e+03 2.286816710511044848e-01 6.649931878641190952e-01
2.550000000000000000e+03 2.293580743124981891e-01 6.643168050148720027e-01
2.560000000000000000e+03 2.300191919615167668e-01 6.636557056719454284e-01
2.570000000000000000e+03 2.306613288618669932e-01 6.630135873172451344e-01
2.580000000000000000e+03 2.312810884742935447e-01 6.623938480190073586e-01
2.590000000000000000e+03 2.318754078027507604e-01 6.617995521093651412e-01
2.600000000000000000e+03 2.324415793711829548e-01 6.612334080379452805e-01
2.610000000000000000e+03 2.329772718143719723e-01 6.606977471280539582e-01
2.620000000000000000e+03 2.334805345504885887e-01 6.601945194138910677e-01
2.630000000000000000e+03 2.339497806939060398e-01 6.597253106971929792e-01
2.640000000000000000e+03 2.343837685663498760e-01 6.592913608252793933e-01
2.650000000000000000e+03 2.347816141089616448e-01 6.588935511172023807e-01
2.660000000000000000e+03 2.351427982812274997e-01 6.585323983772833900e-01
2.670000000000000000e+03 2.354671491651235682e-01 6.582080745511620368e-01
2.680000000000000000e+03 2.357548188335743811e-01 6.579204288615360108e-01
2.690000000000000000e+03 2.360062563997271934e-01 6.576690151488253644e-01
2.700000000000000000e+03 2.362221676159213246e-01 6.574531309698048442e-01
2.710000000000000000e+03 2.364034758217241627e-01 6.572718526197727229e-01
2.720000000000000000e+03 2.365512989930285970e-01 6.571240593186015166e-01
2.730000000000000000e+03 2.366669198070929236e-01 6.570084670289351170e-01
2.740000000000000000e+03 2.367517390857732940e-01 6.569236762896094595e-01
2.750000000000000000e+03 2.368072183698059774e-01 6.568682267980787692e-01
2.760000000000000000e+03 2.368348294903659390e-01 6.568406452915639404e-01
2.770000000000000000e+03 2.368360249868276812e-01 6.568394768912453330e-01
2.780000000000000000e+03 2.368122042665828930e-01 6.568633219125793454e-01
2.790000000000000000e+03 2.367646722745544718e-01 6.569108754846487708e-01
2.800000000000000000e+03 2.366945856904939804e-01 6.569809802387113207e-01
2.810000000000000000e+03 2.366029028706902460e-01 6.570726778429837323e-01
2.820000000000000000e+03 2.364903719295244899e-01 6.571852218162879122e-01
2.830000000000000000e+03 2.363575452000057364e-01 6.573180613080118473e-01
2.840000000000000000e+03 2.362047898134756185e-01 6.574708292712257984e-01
2.850000000000000000e+03 2.360322921592643286e-01 6.576433390639325749e-01
2.860000000000000000e+03 2.358400715263927472e-01 6.578355703077676253e-01
2.870000000000000000e+03 2.356280087206801821e-01 6.580476402140054137e-01
2.880000000000000000e+03 2.353958984567735002e-01 6.582797531916849687e-01
2.890000000000000000e+03 2.351435088233078674e-01 6.585321421208838455e-01
2.900000000000000000e+03 2.348706356683621377e-01 6.588050119203578969e-01
2.910000000000000000e+03 2.345771630889507686e-01 6.590984780779549634e-01
2.920000000000000000e+03 2.342631304248775359e-01 6.594125017510609199e-01
2.930000000000000000e+03 2.339287910198148135e-01 6.597468318395205422e-01
2.940000000000000000e+03 2.335746548989610649e-01 6.601009592681652549e-01
2.950000000000000000e+03 2.332015142550147857e-01 6.604740896966437846e-01
2.960000000000000000e+03 2.328104604322611404e-01 6.608651287608287017e-01
2.970000000000000000e+03 2.324029075554337465e-01 6.612726620164907088e-01
2.980000000000000000e+03 2.319806096493464420e-01 6.616949381020943433e-01
2.990000000000000000e+03 2.315456429363297042e-01 6.621298836539508681e-01
3.000000000000000000e+03 2.311003680650884629e-01 6.625751384028013558e-01
3.010000000000000000e+03 2.306473950459585753e-01 6.630280911150874257e-01
3.020000000000000000e+03 2.301895428608285721e-01 6.634859226381240038e-01
3.030000000000000000e+03 2.297297961789578902e-01 6.639456479661415278e-01
3.040000000000000000e+03 2.292712560226761453e-01 6.644041642854564556e-01
3.050000000000000000e+03 2.288170699365324190e-01 6.648583226555752068e-01
3.060000000000000000e+03 2.283703530250467961e-01 6.653050091514012276e-01
3.070000000000000000e+03 2.279341422984434706e-01 6.657411894038255396e-01
3.080000000000000000e+03 2.275113685291849097e-01 6.661639333511022443e-01
3.090000000000000000e+03 2.271048033282327405e-01 6.665704677506916198e-01
3.100000000000000000e+03 2.267169914166445310e-01 6.669582465566088469e-01
3.110000000000000000e+03 2.263501821132479497e-01 6.673250208465498767e-01
3.120000000000000000e+03 2.260062667082934629e-01 6.676689003373539322e-01
3.130000000000000000e+03 2.256867405149008132e-01 6.679883896280512934e-01
3.140000000000000000e+03 2.253926978871578779e-01 6.682823928844447980e-01
3.150000000000000000e+03 2.251248293514126197e-01 6.685502192555208278e-01
3.160000000000000000e+03 2.248833899842276329e-01 6.687916157018574115e-01
3.170000000000000000e+03 2.246681603497807100e-01 6.690068025627994297e-01
3.180000000000000000e+03 2.244784512677275856e-01 6.691964678912338815e-01
3.190000000000000000e+03 2.243131482295963042e-01 6.693617254612904688e-01
3.200000000000000000e+03 2.241707423350662587e-01 6.695040849608158151e-01
3.210000000000000000e+03 2.240493455449329985e-01 6.696254368654539491e-01
3.220000000000000000e+03 2.239467161932817418e-01 6.697280244583652120e-01
3.230000000000000000e+03 2.238602970275406501e-01 6.698144036927399236e-01
3.240000000000000000e+03 2.237872717590237703e-01 6.698873887346880052e-01
3.250000000000000000e+03 2.237246345412887416e-01 6.699499847215082404e-01
3.260000000000000000e+03 2.236692371764976706e-01 6.700053407100868830e-01
3.270000000000000000e+03 2.236178381288361217e-01 6.700566986831613114e-01
3.280000000000000000e+03 2.235671621514880025e-01 6.701073337878138414e-01
3.290000000000000000e+03 2.235139543683831442e-01 6.701605005782624858e-01
3.300000000000000000e+03 2.234550367311789743e-01 6.702193768976891786e-01
3.310000000000000000e+03 2.233873673082239775e-01 6.702870060131017604e-01
3.320000000000000000e+03 2.233080926343720407e-01 6.703662438147651725e-01
3.330000000000000000e+03 2.232145832197932056e-01 6.704597204503124352e-01
3.340000000000000000e+03 2.231044647256677504e-01 6.705698088538994961e-01
3.350000000000000000e+03 2.229756513312511901e-01 6.706985925336624854e-01
3.360000000000000000e+03 2.228263666264665988e-01 6.708478453081899717e-01
3.370000000000000000e+03 2.226551647828068914e-01 6.710190105810017736e-01
3.380000000000000000e+03 2.224609439434661606e-01 6.712131895034020301e-01
3.390000000000000000e+03 2.222429455000815568e-01 6.714311427519462638e-01
3.400000000000000000e+03 2.220007442814226351e-01 6.716732979160915384e-01
3.410000000000000000e+03 2.217342451952805660e-01 6.719397502672396216e-01
3.420000000000000000e+03 2.214436641682798190e-01 6.722302841906713233e-01
3.430000000000000000e+03 2.211294779105139607e-01 6.725444245151085410e-01
3.440000000000000000e+03 2.207923870347745787e-01 6.728814710127930532e-01
3.450000000000000000e+03 2.204332701176770770e-01 6.732405435405472982e-01
3.460000000000000000e+03 2.200531220013383360e-01 6.736206456947836374e-01
3.470000000000000000e+03 2.196529997971216341e-01 6.740207207484916196e-01
3.480000000000000000e+03 2.192339814534644826e-01 6.744396919365992504e-01
3.490000000000000000e+03 2.187971203781177987e-01 6.748765069088309421e-01
3.500000000000000000e+03 2.183433890077386419e-01 6.753301949466221643e-01
3.510000000000000000e+03 2.178736229060783403e-01 6.757999222021990882e-01
3.520000000000000000e+03 2.173884767956430486e-01 6.762850340318240505e-01
3.530000000000000000e+03 2.168884109725287279e-01 6.767850690407448688e-01
3.540000000000000000e+03 2.163736986764323023e-01 6.772997518767632785e-01
3.550000000000000000e+03 2.158444312675915910e-01 6.778289896348959065e-01
3.560000000000000000e+03 2.153005235950146978e-01 6.783728670690452045e-01
3.570000000000000000e+03 2.147417256253767448e-01 6.789316346255219736e-01
3.580000000000000000e+03 2.141676539579019101e-01 6.795056766615314991e-01
3.590000000000000000e+03 2.135778474249898362e-01 6.800954552822140453e-01
3.600000000000000000e+03 2.129718268731670694e-01 6.807014496623395861e-01
3.610000000000000000e+03 2.123491522206219784e-01 6.813240988976396739e-01
3.620000000000000000e+03 2.117094774040916283e-01 6.819637483927517563e-01
3.630000000000000000e+03 2.110526065358185877e-01 6.826205941971210667e-01
3.640000000000000000e+03 2.103785560546382327e-01 6.832946205759472535e-01
3.650000000000000000e+03 2.096876170815408502e-01 6.839855370302134752e-01
3.660000000000000000e+03 2.089803971022949070e-01 6.846927357802932157e-01
3.670000000000000000e+03 2.082578477068913470e-01 6.854152639275334913e-01
3.680000000000000000e+03 2.075212902180574026e-01 6.861517987365248761e-01
3.690000000000000000e+03 2.067724438836456569e-01 6.869006206301843109e-01
3.700000000000000000e+03 2.060134482396599465e-01 6.876595911110833237e-01
3.710000000000000000e+03 2.052468664174745827e-01 6.884261479404504280e-01
3.720000000000000000e+03 2.044756707604615531e-01 6.891973182836637069e-01
3.730000000000000000e+03 2.037032228302463888e-01 6.899697401884812287e-01
3.740000000000000000e+03 2.029332477296736936e-01 6.907396882992096199e-01
3.750000000000000000e+03 2.021698003085067585e-01 6.915031073332075229e-01
3.760000000000000000e+03 2.014172228198637948e-01 6.922556548087592798e-01
3.770000000000000000e+03 2.006800967521014945e-01 6.929927500513746175e-01
3.780000000000000000e+03 1.999631821565966139e-01 6.937096336554550158e-01
3.790000000000000000e+03 1.992713510282491940e-01 6.944014332826056179e-01
3.800000000000000000e+03 1.986095242125640870e-01 6.950632274370791563e-01
3.810000000000000000e+03 1.979826045803514123e-01 6.956901135090681754e-01
3.820000000000000000e+03 1.973954031381029428e-01 6.962772811446658050e-01
3.830000000000000000e+03 1.968525664321559010e-01 6.968200836564654166e-01
3.840000000000000000e+03 1.963585111095489666e-01 6.973141042073909279e-01
3.850000000000000000e+03 1.959173646254133982e-01 6.977552158686176620e-01
3.860000000000000000e+03 1.955329100604770443e-01 6.981396356125049163e-01
3.870000000000000000e+03 1.952085384656633282e-01 6.984639713835414376e-01
3.880000000000000000e+03 1.949472102178379795e-01 6.987252627744717781e-01
3.890000000000000000e+03 1.947514176582133827e-01 6.989210189315762101e-01
3.900000000000000000e+03 1.946231527533635319e-01 6.990492481272860825e-01
3.910000000000000000e+03 1.945638915689825998e-01 6.991084730065307840e-01
3.920000000000000000e+03 1.945745932033140502e-01 6.990977329860073031e-01
3.930000000000000000e+03 1.946557004294023063e-01 6.990165852088879861e-01
3.940000000000000000e+03 1.948071413777529293e-01 6.988651020631138078e-01
3.950000000000000000e+03 1.950283419503869298e-01 6.986438569652095865e-01
3.960000000000000000e+03 1.953182458983548364e-01 6.983539061884181942e-01
3.970000000000000000e+03 1.956753363518375921e-01 6.979967674420310964e-01
3.980000000000000000e+03 1.960976599819871102e-01 6.975743946675790896e-01
3.990000000000000000e+03 1.965828560211019538e-01 6.970891487439550005e-01
4.000000000000000000e+03 1.971281887101254959e-01 6.965437646753988021e-01
4.010000000000000000e+03 1.977305835979931703e-01 6.959413168424787299e-01
4.020000000000000000e+03 1.983866602462311113e-01 6.952851872482579410e-01
4.030000000000000000e+03 1.990927605077155715e-01 6.945790352306434601e-01
4.040000000000000000e+03 1.998449817542035656e-01 6.938267632811385699e-01
4.050000000000000000e+03 2.006392146773569030e-01 6.930324796717982627e-01
4.060000000000000000e+03 2.014711847551318435e-01 6.922004587365173656e-01
4.070000000000000000e+03 2.023364945147445304e-01 6.913350988122612950e-01
4.080000000000000000e+03 2.032306616567546853e-01 6.904408824559474800e-01
4.090000000000000000e+03 2.041491609346357539e-01 6.895223350958674668e-01
4.100000000000000000e+03 2.050874714117572051e-01 6.885839783532904379e-01
4.110000000000000000e+03 2.060411207234094655e-01 6.876302843565166301e-01
4.120000000000000000e+03 2.070057272225124811e-01 6.866656337399279497e-01
4.130000000000000000e+03 2.079770392607526719e-01 6.856942778919957737e-01
4.140000000000000000e+03 2.089509699514295882e-01 6.847203041664570167e-01
4.150000000000000000e+03 2.099236315571364475e-01 6.837476006211674617e-01
4.160000000000000000e+03 2.108913680850282024e-01 6.827798234115068921e-01
4.170000000000000000e+03 2.118507773397032001e-01 6.818203746262966325e-01
4.180000000000000000e+03 2.127987258985156727e-01 6.808723872969503210e-01
4.190000000000000000e+03 2.137323572665859595e-01 6.799387172765779530e-01
4.200000000000000000e+03 2.146490906292509437e-01 6.790219450975584214e-01
