0.000000000000000000e+00 6.785299772174288080e+01 -1.110743631249653565e-17 6.785299772174288080e+01 -1.636985348539325803e-19
1.000000000000000000e+01 6.771269578749122786e+01 1.818855378965948677e-02 6.771269823033802027e+01 -1.109731386364984251e+00
2.000000000000000000e+01 6.742406765275276825e+01 6.033779796316642713e-02 6.742409465089498610e+01 -2.219105100241551387e+00
3.000000000000000000e+01 6.699143530957675807e+01 1.350940889405884970e-01 6.699157152396168158e+01 -3.327983415265084677e+00
4.000000000000000000e+01 6.642094282046058140e+01 2.499094705257392246e-01 6.642141296225452152e+01 -4.436237507619674503e+00
5.000000000000000000e+01 6.572027352752387230e+01 4.108153403760536615e-01 6.572155751179701610e+01 -5.543749113209123003e+00
6.000000000000000000e+01 6.489831730383990305e+01 6.222563955862310259e-01 6.490130038675445689e+01 -6.650412119237646635e+00
7.000000000000000000e+01 6.396483082900320483e+01 8.870143927849496457e-01 6.397098074530362055e+01 -7.756133668606843834e+00
8.000000000000000000e+01 6.293009526460425462e+01 1.206226992191636871e+00 6.294165451883878148e+01 -8.860834618216543390e+00
9.000000000000000000e+01 6.180457760483525931e+01 1.579479153050044493e+00 6.182475691263996964e+01 -9.964449539323560145e+00
1.000000000000000000e+02 6.059866059169254271e+01 2.004948906856146351e+00 6.063181908557795197e+01 -1.106692636790871909e+01
1.100000000000000000e+02 5.932241153830267422e+01 2.479593580641876294e+00 5.937421068986859751e+01 -1.216822571981101042e+01
1.200000000000000000e+02 5.798540915653484973e+01 2.999362872312444139e+00 5.806293010769059038e+01 -1.326831989332969641e+01
1.300000000000000000e+02 5.659662138664158704e+01 3.559413806275214753e+00 5.670843834057819066e+01 -1.436719179674666336e+01
1.400000000000000000e+02 5.516433599878295269e+01 4.154320471196646380e+00 5.532054179745553313e+01 -1.546483379822048931e+01
1.500000000000000000e+02 5.369613860784716053e+01 4.778257514752305646e+00 5.390832075172088622e+01 -1.656124679124172516e+01
1.600000000000000000e+02 5.219890818257393761e+01 5.425184144618031112e+00 5.248007849132658009e+01 -1.765643891791781073e+01
1.700000000000000000e+02 5.067881573214916102e+01 6.089021509738159921e+00 5.104330070596123647e+01 -1.875042394899359977e+01
1.800000000000000000e+02 4.914138990629144388e+01 6.763761032700773335e+00 4.960468390413998208e+01 -1.984322063361640076e+01
1.900000000000000000e+02 4.759157696622344957e+01 7.443563231282976034e+00 4.817016536934534798e+01 -2.093485190158558851e+01
2.000000000000000000e+02 4.603379708620055766e+01 8.122844014647039756e+00 4.674495768593415335e+01 -2.202534396447327936e+01
2.100000000000000000e+02 4.447200504416641564e+01 8.796340598012033496e+00 4.533359505449129756e+01 -2.311472552090462074e+01
2.200000000000000000e+02 4.290974772739838983e+01 9.459159794905126262e+00 4.393998354636151760e+01 -2.420302704618385903e+01
2.300000000000000000e+02 4.135021779281431975e+01 1.010681127941949775e+01 4.256745406705666568e+01 -2.529028016175128357e+01
2.400000000000000000e+02 3.979630274283601210e+01 1.073522736944042322e+01 4.121881631819429259e+01 -2.637651710132661620e+01
2.500000000000000000e+02 3.825063014482059032e+01 1.134077252077431197e+01 3.989641372158413901e+01 -2.746177026003741872e+01
2.600000000000000000e+02 3.671560351675591249e+01 1.192024837300864881e+01 3.860217432831775852e+01 -2.854607169454516935e+01
2.700000000000000000e+02 3.519342956327802341e+01 1.247088707560142851e+01 3.733765537467255058e+01 -2.962945276458590982e+01
2.800000000000000000e+02 3.368614385481650686e+01 1.299033758996612065e+01 3.610408783654114728e+01 -3.071194389460915986e+01
2.900000000000000000e+02 3.219563312382231146e+01 1.347664760057659628e+01 3.490241858086472604e+01 -3.179357442024283387e+01
3.000000000000000000e+02 3.072365327923537137e+01 1.392824253834095671e+01 3.373334864832605007e+01 -3.287437249936529327e+01
3.100000000000000000e+02 2.927184306508926070e+01 1.434390340660664087e+01 3.259736739930504967e+01 -3.395436505483699108e+01
3.200000000000000000e+02 2.784173433629238303e+01 1.472274056201064063e+01 3.149478148057159643e+01 -3.503357784428725097e+01
3.300000000000000000e+02 2.643475973478137320e+01 1.506416785306751827e+01 3.042574034170757002e+01 -3.611203555654466157e+01
3.400000000000000000e+02 2.505226076214711384e+01 1.536787650480959933e+01 2.939026024998238995e+01 -3.718976200223734452e+01
3.500000000000000000e+02 2.369549452175701632e+01 1.563380913618573587e+01 2.838824490413772139e+01 -3.826678037918532027e+01
3.600000000000000000e+02 2.236563712508750257e+01 1.586213507191721028e+01 2.741950132753764180e+01 -3.934311353888985252e+01
3.700000000000000000e+02 2.106378590381089211e+01 1.605322624401470577e+01 2.648375255591822253e+01 -4.041878429414998664e+01
3.800000000000000000e+02 1.979096153797528856e+01 1.620763617488737296e+01 2.558064950260518700e+01 -4.149381570902991001e+01
3.900000000000000000e+02 1.854810879115275313e+01 1.632608241414772010e+01 2.470978160004619539e+01 -4.256823132045720115e+01
4.000000000000000000e+02 1.733609618619394510e+01 1.640942792721275367e+01 2.387068402613042295e+01 -4.364205541635758578e+01
4.100000000000000000e+02 1.615571560937567952e+01 1.645866235966832747e+01 2.306284270250716517e+01 -4.471531335536285923e+01
4.200000000000000000e+02 1.500768088115833798e+01 1.647488589392359515e+01 2.228569834329828936e+01 -4.578803180328573319e+01
4.300000000000000000e+02 1.389262673480973120e+01 1.645929479092260195e+01 2.153865043607054730e+01 -4.686023893765942461e+01
4.400000000000000000e+02 1.281110643798700899e+01 1.641316904323064563e+01 2.082106064078141472e+01 -4.793196453645897748e+01
4.500000000000000000e+02 1.176358767542688000e+01 1.633785977523955069e+01 2.013225414683725134e+01 -4.900323997360144546e+01
4.600000000000000000e+02 1.075044980774076286e+01 1.623477612004490567e+01 1.947152091483183867e+01 -5.007409821599220123e+01
4.700000000000000000e+02 9.771984357656039677e+00 1.610537344225396339e+01 1.883811912056863491e+01 -5.114457385680100288e+01
4.800000000000000000e+02 8.828397137790682692e+00 1.595114129660376001e+01 1.823127819673564787e+01 -5.221470319849436237e+01
4.900000000000000000e+02 7.919808090705556580e+00 1.577359141714256197e+01 1.765019961327799436e+01 -5.328452419167096821e+01
5.000000000000000000e+02 7.046249920147920953e+00 1.557424765044908277e+01 1.709405826053905031e+01 -5.435407618054405532e+01
5.100000000000000000e+02 6.207670634101958740e+00 1.535463849131053493e+01 1.656200766514515621e+01 -5.542339970279685701e+01
5.200000000000000000e+02 5.403940818575411420e+00 1.511628922627347116e+01 1.605318586271948789e+01 -5.649253654310591344e+01
5.300000000000000000e+02 4.634859787599877379e+00 1.486071226051085326e+01 1.556671751334904741e+01 -5.756152978668004039e+01
5.400000000000000000e+02 3.900157721390924426e+00 1.458939869539428535e+01 1.510171462268101905e+01 -5.863042357913890612e+01
5.500000000000000000e+02 3.199497993101590332e+00 1.430381216409471712e+01 1.465727907333298674e+01 -5.969926278331773517e+01
5.600000000000000000e+02 2.532480986123191169e+00 1.400538457606171683e+01 1.423250705492405288e+01 -6.076809265430971152e+01
5.700000000000000000e+02 1.898647475437126753e+00 1.369551406577875952e+01 1.382649513658206963e+01 -6.183695844664396191e+01
5.800000000000000000e+02 1.297482455768250276e+00 1.337556226583067165e+01 1.343834538364525422e+01 -6.290590507417176269e+01
5.900000000000000000e+02 7.284204105448665034e-01 1.304684830839512699e+01 1.306716675782363701e+01 -6.397497691044341650e+01
6.000000000000000000e+02 1.908509535095128107e-01 1.271064135464614786e+01 1.271207409248767561e+01 -6.504421759795995683e+01
6.100000000000000000e+02 -3.158773141374739968e-01 1.236815530532764562e+01 1.237218833247744776e+01 -6.611366965829581943e+01
6.200000000000000000e+02 -7.924546901748532601e-01 1.202054671745698400e+01 1.204663969007731161e+01 -6.718337391835549965e+01
6.300000000000000000e+02 -1.239608041869836974e+00 1.166891426821972999e+01 1.173457235252015352e+01 -6.825336895069057164e+01
6.400000000000000000e+02 -1.658097140597881047e+00 1.131429968546300557e+01 1.143515034882039139e+01 -6.932369067064855983e+01
6.500000000000000000e+02 -2.048708641085826621e+00 1.095768881261331451e+01 1.114756256811912749e+01 -7.039437221967021685e+01
6.600000000000000000e+02 -2.412250018585807787e+00 1.060000919139574371e+01 1.087102318136804868e+01 -7.146544388671512138e+01
6.700000000000000000e+02 -2.749546491830160644e+00 1.024212640787226292e+01 1.060477058995478394e+01 -7.253693274380312062e+01
6.800000000000000000e+02 -3.061437960053748686e+00 9.884843857709610049e+00 1.034806940808561926e+01 -7.360886232519926864e+01
6.900000000000000000e+02 -3.348774335182674644e+00 9.528904363655705367e+00 1.010021326109874273e+01 -7.468125254021136072e+01
7.000000000000000000e+02 -3.612412040552468007e+00 9.174992299443832877e+00 9.860527594686912423e+00 -7.575411956985945494e+01
7.100000000000000000e+02 -3.853212284641200469e+00 8.823738140577368938e+00 9.628374716637777553e+00 -7.682747577008341011e+01
7.200000000000000000e+02 -4.072038623803063473e+00 8.475723492535307102e+00 9.403158367041303478e+00 -7.790132979197497320e+01
7.300000000000000000e+02 -4.269753757018389884e+00 8.131484121281820521e+00 9.184325296951923789e+00 -7.897568681855581474e+01
7.400000000000000000e+02 -4.447216607754031159e+00 7.791512192167820317e+00 8.971365436597880105e+00 -8.005054881819893353e+01
7.500000000000000000e+02 -4.605279056486203615e+00 7.456258343722585558e+00 8.763811024688012097e+00 -8.112591487948434121e+01
7.600000000000000000e+02 -4.744780361010912273e+00 7.126131657477668746e+00 8.561231983420391600e+00 -8.220178167920894907e+01
7.700000000000000000e+02 -4.866542716857657602e+00 6.801497989419867274e+00 8.363229813599696527e+00 -8.327814369980256970e+01
7.800000000000000000e+02 -4.971372413136901258e+00 6.482682060451276485e+00 8.169437579600900889e+00 -8.435499309196700324e+01
7.900000000000000000e+02 -5.060063516772346226e+00 6.169972849679588478e+00 7.979524281531686469e+00 -8.543231956690165418e+01
8.000000000000000000e+02 -5.133399494983351019e+00 5.863628641314754475e+00 7.793197753062733213e+00 -8.651011057934442761e+01
8.100000000000000000e+02 -5.192150825368115896e+00 5.563879385564004743e+00 7.610202626111534308e+00 -8.758835177474151124e+01
8.200000000000000000e+02 -5.237070535190874843e+00 5.270925823877611549e+00 7.430314046619046486e+00 -8.866702735823498926e+01
8.300000000000000000e+02 -5.268892187802269866e+00 4.984938502995389875e+00 7.253332803982574184e+00 -8.974612013627310603e+01
8.400000000000000000e+02 -5.288330770946267911e+00 4.706059248993503807e+00 7.079084403930670177e+00 -9.082561145538980441e+01
8.500000000000000000e+02 -5.296083089891557627e+00 4.434404858761952894e+00 6.907419383999130247e+00 -9.190548143214012100e+01
8.600000000000000000e+02 -5.292827373602825958e+00 4.170069902121818828e+00 6.738212269982422065e+00 -9.298570922491740021e+01
8.700000000000000000e+02 -5.279223115491019414e+00 3.913127911921305824e+00 6.571359582171127478e+00 -9.406627313190453776e+01
8.800000000000000000e+02 -5.255910981263403947e+00 3.663632517989561244e+00 6.406777931990133013e+00 -9.514715067026648398e+01
8.900000000000000000e+02 -5.223513189096390619e+00 3.421618604131173580e+00 6.244402606238686815e+00 -9.622831861139457033e+01
9.000000000000000000e+02 -5.182633988860012586e+00 3.187103648715559956e+00 6.084186447680830057e+00 -9.730975303481370986e+01
9.100000000000000000e+02 -5.133860853121140266e+00 2.960089348557085387e+00 5.926099578192289385e+00 -9.839142937614340667e+01
9.200000000000000000e+02 -5.077765433872805545e+00 2.740561935451251152e+00 5.770128380155660430e+00 -9.947332233127325196e+01
9.300000000000000000e+02 -5.014902318867739517e+00 2.528493537430963833e+00 5.616273215987197531e+00 -1.005554060940659440e+02
9.400000000000000000e+02 -4.945806700042879811e+00 2.323845617593141899e+00 5.464545943497582492e+00 -1.016376550290205216e+02
9.500000000000000000e+02 -4.870994519199795647e+00 2.126570947210355111e+00 5.314968635805257691e+00 -1.027200439786179942e+02
9.600000000000000000e+02 -4.790963871422143860e+00 1.936613226968965984e+00 5.167572506326679971e+00 -1.038025481126342555e+02
9.700000000000000000e+02 -4.706194829889176923e+00 1.753906064920141672e+00 5.022395470434330100e+00 -1.048851427509846843e+02
9.800000000000000000e+02 -4.617147720624780405e+00 1.578372484156146394e+00 4.879478739866774717e+00 -1.059678033215948005e+02
9.900000000000000000e+02 -4.524263169038469812e+00 1.409925704728325346e+00 4.738865657050395974e+00 -1.070505053787225762e+02
1.000000000000000000e+03 -4.427963922133908881e+00 1.248471026452484978e+00 4.600602612659653978e+00 -1.081332247473647357e+02
1.010000000000000000e+03 -4.328655758986421631e+00 1.093907081531031888e+00 4.464738893018274979e+00 -1.092159376779696771e+02
1.020000000000000000e+03 -4.226726555516710171e+00 9.461254249952361084e-01 4.331324358084091664e+00 -1.102986207790358861e+02
1.030000000000000000e+03 -4.122545239135544826e+00 8.050098693862525190e-01 4.200407139614970475e+00 -1.113812508276235178e+02
1.040000000000000000e+03 -4.016462281643596199e+00 6.704374659265432967e-01 4.072033356393792047e+00 -1.124638048211623698e+02
1.050000000000000000e+03 -3.908810861940235970e+00 5.422804985324466420e-01 3.946247647260694880e+00 -1.135462602878835980e+02
1.060000000000000000e+03 -3.799906730257544663e+00 4.204083895410214433e-01 3.823092252699777482e+00 -1.146285957222551133e+02
1.070000000000000000e+03 -3.690047445491971612e+00 3.046884081557532653e-01 3.702605187708555956e+00 -1.157107907820480932e+02
1.080000000000000000e+03 -3.579512712442281863e+00 1.949849844735437876e-01 3.584819437950264476e+00 -1.167928260581683446e+02
1.090000000000000000e+03 -3.468565588014271395e+00 9.115894832010931759e-02 3.469763276106255567e+00 -1.178746827523155360e+02
1.100000000000000000e+03 -3.357454003850587121e+00 -6.932166981656488758e-03 3.357461160298269132e+00 -1.189563426399025303e+02
1.110000000000000000e+03 -3.246411204962227792e+00 -9.943320633543223375e-02 3.247933600649257180e+00 -1.200377882645051670e+02
1.120000000000000000e+03 -3.135655353625657504e+00 -1.864897604209885262e-01 3.141196098218499433e+00 -1.211190033864057511e+02
1.130000000000000000e+03 -3.025389708888591933e+00 -2.682471635960382295e-01 3.037258538785646333e+00 -1.221999732796260929e+02
1.140000000000000000e+03 -2.915803507850304843e+00 -3.448509585059261751e-01 2.936125385601677351e+00 -1.232806845890886507e+02
1.150000000000000000e+03 -2.807072833565934289e+00 -4.164477862055656621e-01 2.837796090556789608e+00 -1.243611250205285046e+02
1.160000000000000000e+03 -2.699361340013587185e+00 -4.831853529558426952e-01 2.742265437420493779e+00 -1.254412833109451952e+02
1.170000000000000000e+03 -2.592820650823469020e+00 -5.452115539035786718e-01 2.649523460142708675e+00 -1.265211494951858526e+02
1.180000000000000000e+03 -2.487590375151596422e+00 -6.026735595721944838e-01 2.559554901531568838e+00 -1.276007151914330819e+02
1.190000000000000000e+03 -2.383798169593412730e+00 -6.557177477890724360e-01 2.472338867979565258e+00 -1.286799735680295100e+02
1.200000000000000000e+03 -2.281560075337049742e+00 -7.044902776456613003e-01 2.387849017142680275e+00 -1.297589190356121946e+02
1.210000000000000000e+03 -2.180981458858668010e+00 -7.491371235836038478e-01 2.306054325859735687e+00 -1.308375471743665912e+02
1.220000000000000000e+03 -2.082158600940211990e+00 -7.898036905453724721e-01 2.226920364330164048e+00 -1.319158549665093858e+02
1.230000000000000000e+03 -1.985179685942630723e+00 -8.266348574193876919e-01 2.150410094140197792e+00 -1.329938408758366961e+02
1.240000000000000000e+03 -1.890124744806659152e+00 -8.597745894747702566e-01 2.076483540902009484e+00 -1.340715049751393906e+02
1.250000000000000000e+03 -1.797065257828104334e+00 -8.893649972585300212e-01 2.005096915174290562e+00 -1.351488492164879744e+02
1.260000000000000000e+03 -1.706064474922508234e+00 -9.155458977805842613e-01 1.936202541971131064e+00 -1.362258775875094443e+02
1.270000000000000000e+03 -1.617178359473223415e+00 -9.384550077657247691e-01 1.869749621727217370e+00 -1.373025961351874003e+02
1.280000000000000000e+03 -1.530455994964929012e+00 -9.582284186875777987e-01 1.805684705286221048e+00 -1.383790127543548465e+02
1.290000000000000000e+03 -1.445939350555443204e+00 -9.750007586742301946e-01 1.743951571833352698e+00 -1.394551368963297762e+02
1.300000000000000000e+03 -1.363663301557704433e+00 -9.889049137042983384e-01 1.684491177882438295e+00 -1.405309794685840359e+02
1.310000000000000000e+03 -1.283656178578864493e+00 -1.000071819489997571e+00 1.627242092911109550e+00 -1.416065528375740996e+02
1.320000000000000000e+03 -1.205940794191129983e+00 -1.008630729863754460e+00 1.572141580240095093e+00 -1.426818708173486243e+02
1.330000000000000000e+03 -1.130535087575962327e+00 -1.014709112575675087e+00 1.519126119643956052e+00 -1.437569487867397413e+02
1.340000000000000000e+03 -1.057452419145755274e+00 -1.018432428333894579e+00 1.468131543779127357e+00 -1.448318037690049493e+02
1.350000000000000000e+03 -9.867012887957957723e-01 -1.019923957678595672e+00 1.419092778065639493e+00 -1.459064542065397347e+02
1.360000000000000000e+03 -9.182850019554367194e-01 -1.019304953701098526e+00 1.371943852151353616e+00 -1.469809194373435446e+02
1.370000000000000000e+03 -8.522018566791358385e-01 -1.016695080722452627e+00 1.326618593150495684e+00 -1.480552192059468268e+02
1.380000000000000000e+03 -7.884451323744515738e-01 -1.012212253612820634e+00 1.283050806916433695e+00 -1.491293733350528044e+02
1.390000000000000000e+03 -7.270028381492174008e-01 -1.005971836667951536e+00 1.241173824589492769e+00 -1.502034014901425110e+02
1.400000000000000000e+03 -6.678584875766453433e-01 -9.980862668985983621e-01 1.200920961429079448e+00 -1.512773233144181972e+02
1.410000000000000000e+03 -6.109922187688153761e-01 -9.886647745984088465e-01 1.162226108779080169e+00 -1.523511588719058523e+02
1.420000000000000000e+03 -5.563811355314256524e-01 -9.778131015368002332e-01 1.125023746199277141e+00 -1.534249286836371766e+02
1.430000000000000000e+03 -5.039989999906123730e-01 -9.656335819867811754e-01 1.089248918591227744e+00 -1.544986530908063287e+02
1.440000000000000000e+03 -4.538163957350202504e-01 -9.522253318679512191e-01 1.054837619583675279e+00 -1.555723518527059923e+02
1.450000000000000000e+03 -4.058017452143416470e-01 -9.376851268623194180e-01 1.021728170091149801e+00 -1.566460442540997917e+02
1.460000000000000000e+03 -3.599219532435754543e-01 -9.221077998175172263e-01 9.898619130520038834e-01 -1.577197493689434680e+02
1.470000000000000000e+03 -3.161422059328724554e-01 -9.055856549791512222e-01 9.591826066376105686e-01 -1.587934860507690473e+02
1.480000000000000000e+03 -2.744256104409396047e-01 -8.882075575415664392e-01 9.296354559394974792e-01 -1.598672727345789042e+02
1.490000000000000000e+03 -2.347333591319893387e-01 -8.700585651401866460e-01 9.011668306496793956e-01 -1.609411273898553816e+02
1.500000000000000000e+03 -1.970247989001660260e-01 -8.512200656996002923e-01 8.737244254519171971e-01 -1.620150671748717457e+02
1.510000000000000000e+03 -1.612572176521208378e-01 -8.317703101801162680e-01 8.472577760882636921e-01 -1.630891076709673939e+02
1.520000000000000000e+03 -1.273860122187929489e-01 -8.117848330012942260e-01 8.217188151672965013e-01 -1.641632626121524936e+02
1.530000000000000000e+03 -9.536534894206312452e-02 -7.913363245837236049e-01 7.970619350994738728e-01 -1.652375444298929779e+02
1.540000000000000000e+03 -6.514875192760040401e-02 -7.704943071525864884e-01 7.732437114081616159e-01 -1.663119648616320774e+02
1.550000000000000000e+03 -3.668927901551810589e-02 -7.493250373762208039e-01 7.502227101558265332e-01 -1.673865350510313874e+02
1.560000000000000000e+03 -9.939414100593926132e-03 -7.278915116926352180e-01 7.279593702582944914e-01 -1.684612652472559091e+02
1.570000000000000000e+03 1.514873782621193633e-02 -7.062534780009379620e-01 7.064159252495293417e-01 -1.695361648735253937e+02
1.580000000000000000e+03 3.862312414404586031e-02 -6.844674101850328762e-01 6.855562568630326759e-01 -1.706112428008048596e+02
1.590000000000000000e+03 6.053202204911390522e-02 -6.625865564574343614e-01 6.653458277403377918e-01 -1.716865067599946144e+02
1.600000000000000000e+03 8.092427723000575335e-02 -6.406612993950415724e-01 6.457519951093778632e-01 -1.727619627793775408e+02
1.610000000000000000e+03 9.984881913006293797e-02 -6.187397417941062905e-01 6.267444892115967559e-01 -1.738376158502370572e+02
1.620000000000000000e+03 1.173542923628087264e-01 -5.968678834833660574e-01 6.082954054321704218e-01 -1.749134705800171616e+02
1.630000000000000000e+03 1.334891380114402726e-01 -5.750891505576783969e-01 5.903785912922228096e-01 -1.759895309965407364e+02
1.640000000000000000e+03 1.483015277006515253e-01 -5.534441025374609024e-01 5.729692118707973014e-01 -1.770658004592301040e+02
1.650000000000000000e+03 1.618392157320828473e-01 -5.319709422599172566e-01 5.560440766321316231e-01 -1.781422819875974994e+02
1.660000000000000000e+03 1.741494456244026545e-01 -5.107056282506531319e-01 5.395815676412427653e-01 -1.792189784661853196e+02
1.670000000000000000e+03 1.852788927464852353e-01 -4.896810576672990245e-01 5.235606997622417325e-01 -1.802958921959518364e+02
1.680000000000000000e+03 1.952737593555496365e-01 -4.689270843443758552e-01 5.079610728437431444e-01 -1.813730243840076923e+02
1.690000000000000000e+03 2.041798772569331233e-01 -4.484713079862395202e-01 4.927635704509260584e-01 -1.824503751861315379e+02
1.700000000000000000e+03 2.120428995455756471e-01 -4.283395580815969605e-01 4.779508010927828177e-01 -1.835279436191861464e+02
1.710000000000000000e+03 2.189086715942748507e-01 -4.085556260844773746e-01 4.635069644616457984e-01 -1.846057265601078257e+02
1.720000000000000000e+03 2.248229700190495228e-01 -3.891409780094495785e-01 4.494174769791862145e-01 -1.856837187209684430e+02
1.730000000000000000e+03 2.298307244747616329e-01 -3.701150836274879063e-01 4.356688387309518573e-01 -1.867619142281661198e+02
1.740000000000000000e+03 2.339755252505906491e-01 -3.514959197050098738e-01 4.222486565823040383e-01 -1.878403081246390798e+02
1.750000000000000000e+03 2.372998936266297043e-01 -3.332998642118480404e-01 4.091454985684751522e-01 -1.889188958169913803e+02
1.760000000000000000e+03 2.398456942188690877e-01 -3.155414004517302362e-01 3.963487510190620289e-01 -1.899976718112309300e+02
1.770000000000000000e+03 2.416543053422252896e-01 -2.982332202355849615e-01 3.838487422703380503e-01 -1.910766293130023996e+02
1.780000000000000000e+03 2.427663775059711038e-01 -2.813863827276593677e-01 3.716366645420342008e-01 -1.921557607745687335e+02
1.790000000000000000e+03 2.432217670143504429e-01 -2.650102902980459030e-01 3.597044368831687766e-01 -1.932350578302816757e+02
1.800000000000000000e+03 2.430598369983300588e-01 -2.491126310925790566e-01 3.480448064998559188e-01 -1.943145103522491013e+02
1.810000000000000000e+03 2.423193477494352821e-01 -2.336996851902468364e-01 3.366514653937098811e-01 -1.953941070242245246e+02
1.820000000000000000e+03 2.410382902929147919e-01 -2.187764954753326496e-01 3.255189892460956247e-01 -1.964738359310509850e+02
1.830000000000000000e+03 2.392539109981899059e-01 -2.043466959371571523e-01 3.146426640943067454e-01 -1.975536840399379344e+02
1.840000000000000000e+03 2.370025992483731914e-01 -1.904125289756520567e-01 3.040183600399629094e-01 -1.986336372700256163e+02
1.850000000000000000e+03 2.343195751336291377e-01 -1.769750802514488963e-01 2.936423714670811091e-01 -1.997136815317772687e+02
1.860000000000000000e+03 2.312386568756846228e-01 -1.640344671178086688e-01 2.835112393473917525e-01 -2.007938036218137370e+02
1.870000000000000000e+03 2.277923909913831257e-01 -1.515896115204494743e-01 2.736216068122032663e-01 -2.018739902303850613e+02
1.880000000000000000e+03 2.240124708525088049e-01 -1.396379699563788934e-01 2.639703577127263112e-01 -2.029542259563005473e+02
1.890000000000000000e+03 2.199298432940818560e-01 -1.281759415547024383e-01 2.545549213132480282e-01 -2.040344939347102127e+02
1.900000000000000000e+03 2.155744242933003707e-01 -1.171993509748661122e-01 2.453732264904175397e-01 -2.051147778848589098e+02
1.910000000000000000e+03 2.109750257411630303e-01 -1.067032179360146854e-01 2.364234298972609227e-01 -2.061950615223836394e+02
1.920000000000000000e+03 2.061595303335341245e-01 -9.668160025740632491e-02 2.277039388672850440e-01 -2.072753274916793771e+02
1.930000000000000000e+03 2.011549143521713934e-01 -8.712791000974369482e-02 2.192135312217186327e-01 -2.083555583616844160e+02
1.940000000000000000e+03 1.959870862376914269e-01 -7.803515798488325217e-02 2.109512357244346381e-01 -2.094357379960327137e+02
1.950000000000000000e+03 1.906806955291304728e-01 -6.939555448315298802e-02 2.029159200986881961e-01 -2.105158502432253442e+02
1.960000000000000000e+03 1.852590198997724757e-01 -6.120012217951653621e-02 1.951060209450544980e-01 -2.115958768992292960e+02
1.970000000000000000e+03 1.797438346913426133e-01 -5.343927409758621183e-02 1.875196046434229324e-01 -2.126757999061476880e+02
1.980000000000000000e+03 1.741555939127439889e-01 -4.610340845897302475e-02 1.801546423566028898e-01 -2.137556038200055184e+02
1.990000000000000000e+03 1.685139156420724371e-01 -3.918282496443028368e-02 1.730093452308767155e-01 -2.148352749763100178e+02
2.000000000000000000e+03 1.628378482665960580e-01 -3.266729176268341056e-02 1.660822590742408178e-01 -2.159147990306624649e+02
2.010000000000000000e+03 1.571457963235739219e-01 -2.654622857716366219e-02 1.593722170073604838e-01 -2.169941621793075228e+02
2.020000000000000000e+03 1.514551442163678818e-01 -2.080911814110263450e-02 1.528779909189388886e-01 -2.180733544042926724e+02
2.030000000000000000e+03 1.457818137771049460e-01 -1.544534549193002718e-02 1.465977350626795628e-01 -2.191523692856742684e+02
2.040000000000000000e+03 1.401401209212461418e-01 -1.044374323775420707e-02 1.405287346582101415e-01 -2.202312007666543252e+02
2.050000000000000000e+03 1.345430115598805210e-01 -5.792574683458703681e-03 1.346676497198402433e-01 -2.213098418222999442e+02
2.060000000000000000e+03 1.290025114221952651e-01 -1.479852534140024562e-03 1.290109992084257085e-01 -2.223882856914005686e+02
2.070000000000000000e+03 1.235299893449631897e-01 2.506420350045268034e-03 1.235554143311325681e-01 -2.234665275018476791e+02
2.080000000000000000e+03 1.181361714125507834e-01 6.178285717635240669e-03 1.182976170952919764e-01 -2.245445642925798779e+02
2.090000000000000000e+03 1.128308666905600000e-01 9.547864986650890853e-03 1.132341212000439190e-01 -2.256223947745781402e+02
2.100000000000000000e+03 1.076226878145873089e-01 1.262731706875329894e-02 1.083609342373484247e-01 -2.267000191749140470e+02
2.110000000000000000e+03 1.025191327874359626e-01 1.542877234975241485e-02 1.036736205777940983e-01 -2.277774391899964712e+02
2.120000000000000000e+03 9.752691861446451116e-02 1.796419758990012994e-02 9.916759677173465903e-02 -2.288546591497777740e+02
2.130000000000000000e+03 9.265214195308359157e-02 2.024547602038280839e-02 9.483827659645786834e-02 -2.299316854628341673e+02
2.140000000000000000e+03 8.790005274728029949e-02 2.228460677134722068e-02 9.068088537243244873e-02 -2.310085238604083315e+02
2.150000000000000000e+03 8.327499421815352798e-02 2.409351641009015166e-02 8.669038121404695763e-02 -2.320851802554270478e+02
2.160000000000000000e+03 7.878078165206797712e-02 2.568397411292985474e-02 8.286180111453322894e-02 -2.331616620795465167e+02
2.170000000000000000e+03 7.442075308764026231e-02 2.706782751907858831e-02 7.919037679373741589e-02 -2.342379756232241732e+02
2.180000000000000000e+03 7.019752311571374193e-02 2.825693433960121265e-02 7.567130625179994963e-02 -2.353141251971486554e+02
2.190000000000000000e+03 6.611295370686098849e-02 2.926281448161762236e-02 7.229961935744277923e-02 -2.363901161780396194e+02
2.200000000000000000e+03 6.216839707377546514e-02 3.009638687865481832e-02 6.907026927609505318e-02 -2.374659591246293076e+02
2.210000000000000000e+03 5.836484666803037902e-02 3.076811416026363488e-02 6.597827048022486540e-02 -2.385416691840902672e+02
2.220000000000000000e+03 5.470286456571332029e-02 3.128839985184908579e-02 6.301878574666418265e-02 -2.396172604867785196e+02
2.230000000000000000e+03 5.118240766121780194e-02 3.166767360987374214e-02 6.018704516638593432e-02 -2.406927427508412620e+02
2.240000000000000000e+03 4.780286282016654037e-02 3.191608525999468926e-02 5.747825842983510930e-02 -2.417681243378967224e+02
2.250000000000000000e+03 4.456317819079456261e-02 3.204351473784380899e-02 5.488773712969884783e-02 -2.428434122336039138e+02
2.260000000000000000e+03 4.146192136965856645e-02 3.205950136486736962e-02 5.241090107437270523e-02 -2.439186129014348694e+02
2.270000000000000000e+03 3.849746537925379658e-02 3.197296737465878808e-02 5.004323614004033832e-02 -2.449937382374416472e+02
2.280000000000000000e+03 3.566793455626895287e-02 3.179236086149597740e-02 4.778028636014926972e-02 -2.460688031500823172e+02
2.290000000000000000e+03 3.297102351093483125e-02 3.152582941632516705e-02 4.561760966716527088e-02 -2.471438199837444358e+02
2.300000000000000000e+03 3.040412716857398417e-02 3.118131390801109210e-02 4.355095045934984782e-02 -2.482187975488216125e+02
2.310000000000000000e+03 2.796451790685829109e-02 3.076652763714902983e-02 4.157635727923326280e-02 -2.492937435030499955e+02
2.320000000000000000e+03 2.564928603229277640e-02 3.028867544716181553e-02 3.968991980729959235e-02 -2.503686677971327867e+02
2.330000000000000000e+03 2.345528305662108667e-02 2.975434419194374416e-02 3.788761409166421096e-02 -2.514435829566987763e+02
2.340000000000000000e+03 2.137922814484811626e-02 2.916965614335913226e-02 3.616545638577335631e-02 -2.525185029062775754e+02
2.350000000000000000e+03 1.941782877301614571e-02 2.854044027973036413e-02 3.451968721786206201e-02 -2.535934424666984626e+02
2.360000000000000000e+03 1.756770624675121212e-02 2.787225329519657166e-02 3.294672679529390968e-02 -2.546684153484964099e+02
2.370000000000000000e+03 1.582523420855845228e-02 2.717044131953384734e-02 3.144313787226015594e-02 -2.557434282903795690e+02
2.380000000000000000e+03 1.418665318554204746e-02 2.644012595006952487e-02 3.000568927490902121e-02 -2.568184826512103314e+02
2.390000000000000000e+03 1.264826209297679679e-02 2.568607398372277709e-02 2.863132778391379307e-02 -2.578935812750083301e+02
2.400000000000000000e+03 1.120636614028298894e-02 2.491264063177546159e-02 2.731706985234819834e-02 -2.589687280066947324e+02
2.410000000000000000e+03 9.857154347011173184e-03 2.412385183201826155e-02 2.606000228384433917e-02 -2.600439217555128835e+02
2.420000000000000000e+03 8.596721223642604312e-03 2.332341642067891838e-02 2.485730012148186160e-02 -2.611191553564442529e+02
2.430000000000000000e+03 7.421196909405252187e-03 2.251475619928981070e-02 2.370629473961768235e-02 -2.621944185172787911e+02
2.440000000000000000e+03 6.326827729755657090e-03 2.170109970338588573e-02 2.260456762378568532e-02 -2.632696995203465917e+02
2.450000000000000000e+03 5.309923275693109214e-03 2.088544171761616899e-02 2.154987148299704336e-02 -2.643449840046113195e+02
2.460000000000000000e+03 4.366822998143875950e-03 2.007049863326560227e-02 2.054005984618921879e-02 -2.654202537001528981e+02
2.470000000000000000e+03 3.493963311128321127e-03 1.925875948427588011e-02 1.957313455971467289e-02 -2.664954883676674626e+02
2.480000000000000000e+03 2.687864734407319125e-03 1.845254227242842243e-02 1.864727682923778690e-02 -2.675706647144658632e+02
2.490000000000000000e+03 1.945098306069411708e-03 1.765394384614035056e-02 1.776077534182983822e-02 -2.686457549971113963e+02
2.500000000000000000e+03 1.262316152690394922e-03 1.686478299634449479e-02 1.691195871515577612e-02 -2.697207282931308896e+02
2.510000000000000000e+03 6.363120086181955556e-04 1.608662323124994409e-02 1.609920308451639331e-02 -2.707955531053738696e+02
2.520000000000000000e+03 6.403101349119847145e-05 1.532084533127000409e-02 1.532097913435647926e-02 -2.718701976811549343e+02
2.530000000000000000e+03 -4.575313685731201112e-04 1.456869486664235519e-02 1.457587750602205509e-02 -2.729446235812752093e+02
2.540000000000000000e+03 -9.313931247048476631e-04 1.383129990954673309e-02 1.386262422272835533e-02 -2.740187803541556377e+02
2.550000000000000000e+03 -1.360497155715014025e-03 1.310967408049535689e-02 1.318007993175763885e-02 -2.750926104300054362e+02
2.560000000000000000e+03 -1.747586008525077754e-03 1.240473164218065631e-02 1.252722730582113420e-02 -2.761660588593657621e+02
2.570000000000000000e+03 -2.095244129941895798e-03 1.171730564097887839e-02 1.190316342188795645e-02 -2.772390723075473602e+02
2.580000000000000000e+03 -2.405954004251432184e-03 1.104807045021126422e-02 1.130701000899021064e-02 -2.783115947474820473e+02
2.590000000000000000e+03 -2.682055183905007571e-03 1.039745080206271044e-02 1.073780253081729058e-02 -2.793835685058187437e+02
2.600000000000000000e+03 -2.925748624115338120e-03 9.765677508773634719e-03 1.019453099543475919e-02 -2.804549331283392917e+02
2.610000000000000000e+03 -3.139171958990420990e-03 9.152947562907997811e-03 9.676303513090895106e-03 -2.815256214427692498e+02
2.620000000000000000e+03 -3.324456051982792142e-03 8.559504751431350200e-03 9.182435931240733040e-03 -2.825955574558034868e+02
2.630000000000000000e+03 -3.483661278950710496e-03 7.985525389987657013e-03 8.712319533889813922e-03 -2.836646601292376886e+02
2.640000000000000000e+03 -3.618716348079011047e-03 7.430979990119659755e-03 8.265262949320673069e-03 -2.847328433292791487e+02
2.650000000000000000e+03 -3.731454065307652449e-03 6.895663159237110269e-03 7.840530584543429354e-03 -2.858000101990685380e+02
2.660000000000000000e+03 -3.823658310510993832e-03 6.379339013062967738e-03 7.437494814729418702e-03 -2.868660537088505862e+02
2.670000000000000000e+03 -3.897066680342122294e-03 5.881829400936493084e-03 7.055710156515339511e-03 -2.879308640188768891e+02
2.680000000000000000e+03 -3.953260999114010382e-03 5.402953005945749371e-03 6.694787054983460280e-03 -2.889943421067026179e+02
2.690000000000000000e+03 -3.993561309281115114e-03 4.942475940641528204e-03 6.354258442557042877e-03 -2.900564133874408981e+02
2.700000000000000000e+03 -4.019198073501581425e-03 4.500152104272584809e-03 6.033682301516031174e-03 -2.911170146514784278e+02
2.710000000000000000e+03 -4.031587395553070004e-03 4.075716469834506431e-03 5.732814463286130084e-03 -2.921760632746047577e+02
2.720000000000000000e+03 -4.032314828176685600e-03 3.668858432379556739e-03 5.451613070493553821e-03 -2.932334602577871010e+02
2.730000000000000000e+03 -4.022901149092039663e-03 3.279175243045700811e-03 5.190060108512220723e-03 -2.942891189269153074e+02
2.740000000000000000e+03 -4.004634346041539145e-03 2.906170448467595979e-03 4.948022122125353937e-03 -2.953429901018752730e+02
2.750000000000000000e+03 -3.978598595188200665e-03 2.549404674672925072e-03 4.725326547115838056e-03 -2.963950880740291041e+02
2.760000000000000000e+03 -3.945817216387690653e-03 2.208570904153777433e-03 4.521864542842491883e-03 -2.974455006722926100e+02
2.770000000000000000e+03 -3.907265080769536068e-03 1.883399569256811405e-03 4.337500933588108940e-03 -2.984943865446593350e+02
2.780000000000000000e+03 -3.863763971581191461e-03 1.573579767012400722e-03 4.171909072743515759e-03 -2.995419764887206497e+02
2.790000000000000000e+03 -3.816056585292999792e-03 1.278725957404551992e-03 4.024602829634032000e-03 -3.005885535974014147e+02
2.800000000000000000e+03 -3.765003887271549041e-03 9.984475035836866495e-04 3.895144629995447427e-03 -3.016344468134948897e+02
2.810000000000000000e+03 -3.711630509811058871e-03 7.324186823090642626e-04 3.783204748299468477e-03 -3.026800496611597850e+02
2.820000000000000000e+03 -3.656896300639960167e-03 4.802650472282206395e-04 3.688298397530133388e-03 -3.037258060221469123e+02
2.830000000000000000e+03 -3.601483449466880322e-03 2.414421525878703955e-04 3.609567474065296291e-03 -3.047721615164386435e+02
2.840000000000000000e+03 -3.545828318955336969e-03 1.525701982897657999e-05 3.545861142819850109e-03 -3.058195248210634531e+02
2.850000000000000000e+03 -3.490273402805252594e-03 -1.989400171156773813e-04 3.495938437206774340e-03 -3.068682852399650756e+02
2.860000000000000000e+03 -3.435257880217993699e-03 -4.016429195516384078e-04 3.458657794351124772e-03 -3.079188326223706440e+02
2.870000000000000000e+03 -3.381403911571709449e-03 -5.932637884378937640e-04 3.433053209005671857e-03 -3.089715407900584978e+02
2.880000000000000000e+03 -3.329361026249451263e-03 -7.741868116215740430e-04 3.418188125659203484e-03 -3.100267491060927796e+02
2.890000000000000000e+03 -3.279538794009580985e-03 -9.448202994233514257e-04 3.412925445950475145e-03 -3.110847222871336157e+02
2.900000000000000000e+03 -3.232039755901887010e-03 -1.105676318829268640e-03 3.415933416469087418e-03 -3.121456035848928536e+02
2.910000000000000000e+03 -3.186854857389720668e-03 -1.257341560680608422e-03 3.425923478754772794e-03 -3.132094314443988310e+02
2.920000000000000000e+03 -3.144044486478262106e-03 -1.400376498258119710e-03 3.441812032901859879e-03 -3.142761949894990607e+02
2.930000000000000000e+03 -3.103773356636845698e-03 -1.535276605854962685e-03 3.462727726208673137e-03 -3.153458648472679329e+02
2.940000000000000000e+03 -3.066281235346040093e-03 -1.662490488142911050e-03 3.487972941036224846e-03 -3.164183989244563691e+02
2.950000000000000000e+03 -3.031778596860900277e-03 -1.782449369479684664e-03 3.516931505608600177e-03 -3.174937307514722988e+02
2.960000000000000000e+03 -3.000307576159676193e-03 -1.895588615880259252e-03 3.548957840298471150e-03 -3.185717491340735705e+02
2.970000000000000000e+03 -2.971731818531301791e-03 -2.002386108799956120e-03 3.583397847014253325e-03 -3.196522895337717500e+02
2.980000000000000000e+03 -2.945863509546903323e-03 -2.103381187022076732e-03 3.619713280744539692e-03 -3.207351539793991151e+02
2.990000000000000000e+03 -2.922561169538471972e-03 -2.199119757192123485e-03 3.657525324063638783e-03 -3.218201463394502184e+02
3.000000000000000000e+03 -2.901726950031967463e-03 -2.290066782252016091e-03 3.696542324891726079e-03 -3.229070961738622714e+02
3.010000000000000000e+03 -2.883260454058759678e-03 -2.376569987231839064e-03 3.736479057903345329e-03 -3.239958596323092479e+02
3.020000000000000000e+03 -2.867025060025741798e-03 -2.458926532591440301e-03 3.777056047704054672e-03 -3.250862989676759298e+02
3.030000000000000000e+03 -2.852840908469209732e-03 -2.537479925627722510e-03 3.818049976362161268e-03 -3.261782623101194076e+02
3.040000000000000000e+03 -2.840476380004187604e-03 -2.612660133891953236e-03 3.859313286141721495e-03 -3.272715766994153341e+02
3.050000000000000000e+03 -2.829631246855459671e-03 -2.684979582449173625e-03 3.900759970999205257e-03 -3.283660484829599113e+02
3.060000000000000000e+03 -2.819963667819033997e-03 -2.754971143234379374e-03 3.942342081539033927e-03 -3.294614813359968934e+02
3.070000000000000000e+03 -2.811142688854764444e-03 -2.823071368196644528e-03 3.983999895461001577e-03 -3.305577066929576517e+02
3.080000000000000000e+03 -2.802841955610202440e-03 -2.889567022787197480e-03 4.025608104039449762e-03 -3.316545898407397885e+02
3.090000000000000000e+03 -2.794691171834196800e-03 -2.954675844156122964e-03 4.066990052848383150e-03 -3.327520045701077720e+02
3.100000000000000000e+03 -2.786261706156608394e-03 -3.018662095145108019e-03 4.107989184486807166e-03 -3.338498101991596627e+02
3.110000000000000000e+03 -2.777121970814754558e-03 -3.081859013915512133e-03 4.148525210533777173e-03 -3.349478587485993444e+02
3.120000000000000000e+03 -2.766916762930653455e-03 -3.144593366301688415e-03 4.188591148867985836e-03 -3.360460222425595589e+02
3.130000000000000000e+03 -2.755370440756443971e-03 -3.207141711260366734e-03 4.228217617613884774e-03 -3.371441997592220901e+02
3.140000000000000000e+03 -2.742231779072918079e-03 -3.269753211783445624e-03 4.267449026775315020e-03 -3.382423030610036108e+02
3.150000000000000000e+03 -2.727252875414171163e-03 -3.332652157340924761e-03 4.306330067271200469e-03 -3.393402518211140091e+02
3.160000000000000000e+03 -2.710203440846813919e-03 -3.396020164851256806e-03 4.344899958670425319e-03 -3.404379782163891832e+02
3.170000000000000000e+03 -2.690860294253608238e-03 -3.459982951756927945e-03 4.383173639001676850e-03 -3.415354261003588476e+02
3.180000000000000000e+03 -2.668965858907801792e-03 -3.524605145757470429e-03 4.421110741602781585e-03 -3.426325432340169641e+02
3.190000000000000000e+03 -2.644237083899959699e-03 -3.589905399751928614e-03 4.458633258638774501e-03 -3.437292797648440796e+02
3.200000000000000000e+03 -2.616440256876750164e-03 -3.655875781827136722e-03 4.495685414923452500e-03 -3.448255983896006001e+02
3.210000000000000000e+03 -2.585414914376854036e-03 -3.722515932324299386e-03 4.532272624841815825e-03 -3.459214739798302389e+02
3.220000000000000000e+03 -2.551032397586779858e-03 -3.789886131724733674e-03 4.568479307710260340e-03 -3.470168798505388281e+02
3.230000000000000000e+03 -2.513156078410958612e-03 -3.858117407168858842e-03 4.604456906297777971e-03 -3.481117805554640086e+02
3.240000000000000000e+03 -2.471612982581935722e-03 -3.927322348708125327e-03 4.640337440998216698e-03 -3.492061383700831243e+02
3.250000000000000000e+03 -2.426200686269961316e-03 -3.997441691241179762e-03 4.676108408166985454e-03 -3.502999313318863415e+02
3.260000000000000000e+03 -2.376762434390907071e-03 -4.068228452563271702e-03 4.711632669444546992e-03 -3.513931654930869968e+02
3.270000000000000000e+03 -2.323245362911342295e-03 -4.139477958648323831e-03 4.746867049583793768e-03 -3.524858583793430853e+02
3.280000000000000000e+03 -2.265622849251303084e-03 -4.211181679160465319e-03 4.781955460891114396e-03 -3.535780105228679986e+02
3.290000000000000000e+03 -2.203796872934377614e-03 -4.283412340707462573e-03 4.817088533303111493e-03 -3.546696024520801416e+02
3.300000000000000000e+03 -2.137653026087957091e-03 -4.356165239701179429e-03 4.852394878358915441e-03 -3.557606209883911106e+02
3.310000000000000000e+03 -2.067158699671811737e-03 -4.429319322867854986e-03 4.887945862380168455e-03 -3.568510793861243542e+02
3.320000000000000000e+03 -1.992366665824973904e-03 -4.502678118757186786e-03 4.923782608140339113e-03 -3.579410124555873836e+02
3.330000000000000000e+03 -1.913370921449062626e-03 -4.576045871786552609e-03 4.959958074796760354e-03 -3.590304609760133303e+02
3.340000000000000000e+03 -1.830284639487308107e-03 -4.649289639958179357e-03 4.996582433800691829e-03 -3.601194630844661901e+02
3.350000000000000000e+03 -1.743225691834071958e-03 -4.722332743915573332e-03 5.033811911159133401e-03 -3.612080534092299899e+02
3.360000000000000000e+03 -1.652296841048882161e-03 -4.795091764509707734e-03 5.071783698168617384e-03 -3.622962646560341113e+02
3.370000000000000000e+03 -1.557598837142739993e-03 -4.867419646393516403e-03 5.110566323957258135e-03 -3.633841332322627977e+02
3.380000000000000000e+03 -1.459274006475837649e-03 -4.939110533414122796e-03 5.150174122033000443e-03 -3.644717055549007227e+02
3.390000000000000000e+03 -1.357511982196105312e-03 -5.009955932622655282e-03 5.190616266747806462e-03 -3.655590347650322087e+02
3.400000000000000000e+03 -1.252503295607514892e-03 -5.079784284052102535e-03 5.231918661257112767e-03 -3.666461699966776564e+02
3.410000000000000000e+03 -1.144398605037234753e-03 -5.148454802264519799e-03 5.274109879228130321e-03 -3.677331497297099077e+02
3.420000000000000000e+03 -1.033305207188418319e-03 -5.215828597080381275e-03 5.317197344967008153e-03 -3.688200028268820461e+02
3.430000000000000000e+03 -9.193110863807247516e-04 -5.281742967983426781e-03 5.361151150022249595e-03 -3.699067538190722075e+02
3.440000000000000000e+03 -8.025086072863870388e-04 -5.346003830563731719e-03 5.405902054344938895e-03 -3.709934268913694382e+02
3.450000000000000000e+03 -6.829939373790830034e-04 -5.408399382567378316e-03 5.451354382156032782e-03 -3.720800446853212975e+02
3.460000000000000000e+03 -5.608577336790297480e-04 -5.468717884749320357e-03 5.497402723141598009e-03 -3.731666258422777105e+02
3.470000000000000000e+03 -4.361921507091057453e-04 -5.526749951253246383e-03 5.543936202376249615e-03 -3.742531862586606053e+02
3.480000000000000000e+03 -3.091052150741332018e-04 -5.582278192526215002e-03 5.590829621151030202e-03 -3.753397418156531558e+02
3.490000000000000000e+03 -1.797227019336855992e-04 -5.635075069183692435e-03 5.637940340667497822e-03 -3.764263084822123346e+02
3.500000000000000000e+03 -4.817629503983483584e-05 -5.684915748421628945e-03 5.685119877544888949e-03 -3.775128999174990554e+02
3.510000000000000000e+03 8.540965651541139263e-05 -5.731589999557041779e-03 5.732226332974681669e-03 -3.785995252510563205e+02
3.520000000000000000e+03 2.209310796511199581e-04 -5.774899688171798197e-03 5.779124237321995455e-03 -3.796861872320050111e+02
3.530000000000000000e+03 3.583125928372242518e-04 -5.814652660083443649e-03 5.825682232288438046e-03 -3.807728811796119999e+02
3.540000000000000000e+03 4.975018591940744139e-04 -5.850672859704033994e-03 5.871786866974902826e-03 -3.818595965042414946e+02
3.550000000000000000e+03 6.384535371993512809e-04 -5.882816000034338765e-03 5.917359800571736148e-03 -3.829463202676334390e+02
3.560000000000000000e+03 7.811161626083850838e-04 -5.910966206679271924e-03 5.962353893890599658e-03 -3.840330400201502243e+02
3.570000000000000000e+03 9.254311155332535337e-04 -5.935018111666065521e-03 6.006734781509947586e-03 -3.851197440338518163e+02
3.580000000000000000e+03 1.071337777764003489e-03 -5.954868769527654586e-03 6.050473262180415188e-03 -3.862064203841905510e+02
3.590000000000000000e+03 1.218773329106693105e-03 -5.970424417337031470e-03 6.093552014291504088e-03 -3.872930572519958901e+02
3.600000000000000000e+03 1.367664866103843148e-03 -5.981609851185744862e-03 6.135972913709544611e-03 -3.883796446771697788e+02
3.610000000000000000e+03 1.517922911300450140e-03 -5.988370848860505129e-03 6.177756501201153889e-03 -3.894661759107564194e+02
3.620000000000000000e+03 1.669442142033493838e-03 -5.990667464937815545e-03 6.218933489036673409e-03 -3.905526472055806266e+02
3.630000000000000000e+03 1.822108423061415778e-03 -5.988471151328489221e-03 6.259541982899781074e-03 -3.916390566698160001e+02
3.640000000000000000e+03 1.975801865853741689e-03 -5.981778039749384435e-03 6.299639793665913479e-03 -3.927254045358824328e+02
3.650000000000000000e+03 2.130385439052904107e-03 -5.970621235692049819e-03 6.339310692735094024e-03 -3.938116958068972053e+02
3.660000000000000000e+03 2.285698244456779975e-03 -5.955056522325712434e-03 6.378645204806959214e-03 -3.948979407857840442e+02
3.670000000000000000e+03 2.441572789858223892e-03 -5.935134765550344367e-03 6.417717847757129987e-03 -3.959841509553261290e+02
3.680000000000000000e+03 2.597852145586036169e-03 -5.910894313230747633e-03 6.456586354453067861e-03 -3.970703358173269635e+02
3.690000000000000000e+03 2.754377752042342156e-03 -5.882370281459547989e-03 6.495296523573369785e-03 -3.981565050337403022e+02
3.700000000000000000e+03 2.910968059193378386e-03 -5.849597036856386649e-03 6.533874848452722421e-03 -3.992426713668476168e+02
3.710000000000000000e+03 3.067421463503894417e-03 -5.812603476979815408e-03 6.572323304232850424e-03 -4.003288495697194662e+02
3.720000000000000000e+03 3.223538619444901807e-03 -5.771410630042241724e-03 6.610626437155357575e-03 -4.014150528431640623e+02
3.730000000000000000e+03 3.379139963103735839e-03 -5.726035429350021660e-03 6.648764443745650184e-03 -4.025012906842228517e+02
3.740000000000000000e+03 3.534056408371580305e-03 -5.676498382286567293e-03 6.686717324790562508e-03 -4.035875707942803956e+02
3.750000000000000000e+03 3.688101889404543990e-03 -5.622823192567779314e-03 6.724450624512569134e-03 -4.046739025800566196e+02
3.760000000000000000e+03 3.841066688459594640e-03 -5.565029894006418357e-03 6.761904393466314223e-03 -4.057602971458304069e+02
3.770000000000000000e+03 3.992735770332195462e-03 -5.503133330098661409e-03 6.799001057547572439e-03 -4.068467645607750569e+02
3.780000000000000000e+03 4.142902930303439708e-03 -5.437141786287761833e-03 6.835653260231482758e-03 -4.079333119040051656e+02
3.790000000000000000e+03 4.291377340324228733e-03 -5.367047039009597426e-03 6.871762029930165126e-03 -4.090199416170970039e+02
3.800000000000000000e+03 4.437991131541483072e-03 -5.292823155504760430e-03 6.907223916964631491e-03 -4.101066505513670677e+02
3.810000000000000000e+03 4.582600645241581561e-03 -5.214448368103054982e-03 6.941952207944186541e-03 -4.111934320303025174e+02
3.820000000000000000e+03 4.725070690325208073e-03 -5.131927518536062716e-03 6.975885111158156709e-03 -4.122802800684270892e+02
3.830000000000000000e+03 4.865254568425388636e-03 -5.045284454636429772e-03 7.008965490268883464e-03 -4.133671910502669675e+02
3.840000000000000000e+03 5.002991741275606037e-03 -4.954539405595824279e-03 7.041121152549055864e-03 -4.144541616889601983e+02
3.850000000000000000e+03 5.138120098486165764e-03 -4.859704319933154035e-03 7.072270089839926589e-03 -4.155411871078840136e+02
3.860000000000000000e+03 5.270481175085203751e-03 -4.760788995263866286e-03 7.102329454084275497e-03 -4.166282608737358828e+02
3.870000000000000000e+03 5.399918842724663569e-03 -4.657799846845457267e-03 7.131214687645186755e-03 -4.177153750032173321e+02
3.880000000000000000e+03 5.526283122751446918e-03 -4.550731180039092709e-03 7.158837854413764926e-03 -4.188025186745190922e+02
3.890000000000000000e+03 5.649440421528273588e-03 -4.439563905248009035e-03 7.185116891545920495e-03 -4.198896771835088657e+02
3.900000000000000000e+03 5.769274467810690810e-03 -4.324276298112634566e-03 7.209985671785419312e-03 -4.209768331786937665e+02
3.910000000000000000e+03 5.885678242502139987e-03 -4.204852756746787872e-03 7.233394436928220796e-03 -4.220639685168356436e+02
3.920000000000000000e+03 5.998547462565419902e-03 -4.081285825757383946e-03 7.255306034357074038e-03 -4.231510651726749757e+02
3.930000000000000000e+03 6.107782810092312643e-03 -3.953575131934969865e-03 7.275697023592568244e-03 -4.242381050415857544e+02
3.940000000000000000e+03 6.213297110137133358e-03 -3.821731914544759454e-03 7.294566183501827172e-03 -4.253250700646665337e+02
3.950000000000000000e+03 6.315014358244227556e-03 -3.685784319838003413e-03 7.311936296029557421e-03 -4.264119431643616736e+02
3.960000000000000000e+03 6.412863114091789385e-03 -3.545781827036566854e-03 7.327849758627821147e-03 -4.274987094716892670e+02
3.970000000000000000e+03 6.506768444432201558e-03 -3.401781270218567129e-03 7.342353260356552537e-03 -4.285853553382370364e+02
3.980000000000000000e+03 6.596659812167260037e-03 -3.253834321297951939e-03 7.355498519333621490e-03 -4.296718663137758654e+02
3.990000000000000000e+03 6.682488949474060455e-03 -3.101993452601544288e-03 7.367361938972849349e-03 -4.307582268783583572e+02
4.000000000000000000e+03 6.764230060654327463e-03 -2.946330446500416977e-03 7.378053362062041674e-03 -4.318444230645289963e+02
4.010000000000000000e+03 6.841861641632342173e-03 -2.786946223664242290e-03 7.387701941526633558e-03 -4.329304450717141890e+02
4.020000000000000000e+03 6.915353811497945181e-03 -2.623957912699204087e-03 7.396436538348444972e-03 -4.340162864674953198e+02
4.030000000000000000e+03 6.984674735086352643e-03 -2.457484411836150483e-03 7.404384565199951911e-03 -4.351019420099986519e+02
4.040000000000000000e+03 7.049804691027858859e-03 -2.287650504172399155e-03 7.411686111194849998e-03 -4.361874075585494666e+02
4.050000000000000000e+03 7.110735436636578428e-03 -2.114603462207474173e-03 7.418497573782647722e-03 -4.372726824547535784e+02
4.060000000000000000e+03 7.167452100342366732e-03 -1.938511213573517345e-03 7.424971066330997814e-03 -4.383577701904021069e+02
4.070000000000000000e+03 7.219928530196717716e-03 -1.759542126893998137e-03 7.431241920262264718e-03 -4.394426758587351287e+02
4.080000000000000000e+03 7.268144078174929024e-03 -1.577852728981025097e-03 7.437441601482471833e-03 -4.405274038324709522e+02
4.090000000000000000e+03 7.312089468038650286e-03 -1.393596681267475360e-03 7.443706341510355172e-03 -4.416119588066218853e+02
4.100000000000000000e+03 7.351757827678283112e-03 -1.206937413425137814e-03 7.450170540112103362e-03 -4.426963478061289265e+02
4.110000000000000000e+03 7.387133624558517471e-03 -1.018047430352331468e-03 7.456954053601916321e-03 -4.437805803097188004e+02
4.120000000000000000e+03 7.418187453969207409e-03 -8.271004525167381573e-04 7.464154356709107319e-03 -4.448646670820004374e+02
4.130000000000000000e+03 7.444878274738242832e-03 -6.342589294090346082e-04 7.471846954749847627e-03 -4.459486181613681879e+02
4.140000000000000000e+03 7.467167743616526243e-03 -4.396722624199057394e-04 7.480100655047935976e-03 -4.470324422081261559e+02
4.150000000000000000e+03 7.485026494840064416e-03 -2.434868932783824491e-04 7.488985745456863859e-03 -4.481161477825546058e+02
4.160000000000000000e+03 7.498425536772347459e-03 -4.585684445109038928e-05 7.498565754909579731e-03 -4.491997448391532544e+02
4.170000000000000000e+03 7.507324474747011783e-03 1.530580797655020349e-04 7.508884573950847310e-03 -4.502832443764848449e+02
4.180000000000000000e+03 7.511672303873807681e-03 3.531038821849042395e-04 7.519966964847577158e-03 -4.513666566040020598e+02
4.190000000000000000e+03 7.511421285229752040e-03 5.541335258584711900e-04 7.531833355079155246e-03 -4.524499906538820255e+02
4.200000000000000000e+03 7.506532284343080987e-03 7.559934416230003730e-04 7.544504822694590891e-03 -4.660996270320778194e+02
