0.000000000000000000e+00 8.831306246792266501e-01 8.659857950459154061e-03
1.000000000000000000e+01 8.805653982499751509e-01 1.122456637456814392e-02
2.000000000000000000e+01 8.763512907416528552e-01 1.543832654373313538e-02
3.000000000000000000e+01 8.705831764225204772e-01 2.120630588521369569e-02
4.000000000000000000e+01 8.633872754953343387e-01 2.840227148954702074e-02
5.000000000000000000e+01 8.549153512145705180e-01 3.687449612388261910e-02
6.000000000000000000e+01 8.453378539885023635e-01 4.645223889309789411e-02
7.000000000000000000e+01 8.348371089742920859e-01 5.695291323620828294e-02
8.000000000000000000e+01 8.236007356502860199e-01 6.818913069510861014e-02
9.000000000000000000e+01 8.118144832605017625e-01 7.997514515474916930e-02
1.000000000000000000e+02 7.996567915568065787e-01 9.213249301192906471e-02
1.100000000000000000e+02 7.872941782423342749e-01 1.044946983629423953e-01
1.200000000000000000e+02 7.748774410404466462e-01 1.169109409226840451e-01
1.300000000000000000e+02 7.625390722558620382e-01 1.292486528218975694e-01
1.400000000000000000e+02 7.503917088761842269e-01 1.413951268469943734e-01
1.500000000000000000e+02 7.385276601950406805e-01 1.532582908007051881e-01
1.600000000000000000e+02 7.270187338490385898e-01 1.647667107353957827e-01
1.700000000000000000e+02 7.159162657878300751e-01 1.758688803348500695e-01
1.800000000000000000e+02 7.052527930993351957e-01 1.865321112837194373e-01
1.900000000000000000e+02 6.950436421740395776e-01 1.967410104604405130e-01
2.000000000000000000e+02 6.852887127628076724e-01 2.064956643422867777e-01
2.100000000000000000e+02 6.759745126406490057e-01 2.158095667141708696e-01
2.200000000000000000e+02 6.670763544174196369e-01 2.247074020622119306e-01
2.300000000000000000e+02 6.585606344006851298e-01 2.332227809258235474e-01
2.400000000000000000e+02 6.503871273081308635e-01 2.413959226540966785e-01
2.500000000000000000e+02 6.425112371759652552e-01 2.492714140698186753e-01
2.600000000000000000e+02 6.348861495084542339e-01 2.568960786049397371e-01
2.700000000000000000e+02 6.274647730308902105e-01 2.643170259101232933e-01
2.800000000000000000e+02 6.202014483604085804e-01 2.715799104382854989e-01
2.900000000000000000e+02 6.130534147095172415e-01 2.787274741006281475e-01
3.000000000000000000e+02 6.059820021261145273e-01 2.857983643587259648e-01
3.100000000000000000e+02 5.989535450657509363e-01 2.928262384838813404e-01
3.200000000000000000e+02 5.919400112817864157e-01 2.998391465183546378e-01
3.300000000000000000e+02 5.849193579179485791e-01 3.068591890109796938e-01
3.400000000000000000e+02 5.778756368203938898e-01 3.139023951810092639e-01
3.500000000000000000e+02 5.707988728104655962e-01 3.209788099136218209e-01
3.600000000000000000e+02 5.636847707209763358e-01 3.280927403998538661e-01
3.700000000000000000e+02 5.565343216131837245e-01 3.352431459440195494e-01
3.800000000000000000e+02 5.493533354673012514e-01 3.424241504375695744e-01
3.900000000000000000e+02 5.421519041620921353e-01 3.496256153152364488e-01
4.000000000000000000e+02 5.349437690995738626e-01 3.568337696624075961e-01
4.100000000000000000e+02 5.277456186525097959e-01 3.640319221552743567e-01
4.200000000000000000e+02 5.205763676806697271e-01 3.712011677259046682e-01
4.300000000000000000e+02 5.134564123310125794e-01 3.783211120644574543e-01
4.400000000000000000e+02 5.064069047841914806e-01 3.853706021097078049e-01
4.500000000000000000e+02 4.994490740689958574e-01 3.923283952589839418e-01
4.600000000000000000e+02 4.926036076584382473e-01 3.991737850080237515e-01
4.700000000000000000e+02 4.858901147432591050e-01 4.058871513461964620e-01
4.800000000000000000e+02 4.793266721280884934e-01 4.124504199174650609e-01
4.900000000000000000e+02 4.729294653539973803e-01 4.188474162050307981e-01
5.000000000000000000e+02 4.667125440026639316e-01 4.250640991604736074e-01
5.100000000000000000e+02 4.606876877028051043e-01 4.310887003976994203e-01
5.200000000000000000e+02 4.548643731645764521e-01 4.369117560645398579e-01
5.300000000000000000e+02 4.492498246501513415e-01 4.425260484516169712e-01
5.400000000000000000e+02 4.438491406408236473e-01 4.479264875074036589e-01
5.500000000000000000e+02 4.386654717286920246e-01 4.531099340055131375e-01
5.600000000000000000e+02 4.337002353020177337e-01 4.580749745408565499e-01
5.700000000000000000e+02 4.289533548808184271e-01 4.628216887109357081e-01
5.800000000000000000e+02 4.244235020348287035e-01 4.673514061964034183e-01
5.900000000000000000e+02 4.201083384850344271e-01 4.716664560086687441e-01
6.000000000000000000e+02 4.160047501146897919e-01 4.757699411968507319e-01
6.100000000000000000e+02 4.121090644333157971e-01 4.796655204684804885e-01
6.200000000000000000e+02 4.084172500696601760e-01 4.833572134478643645e-01
6.300000000000000000e+02 4.049250845211680994e-01 4.868492428437473651e-01
6.400000000000000000e+02 4.016282840513929475e-01 4.901458871840105314e-01
6.500000000000000000e+02 3.985226153077023326e-01 4.932513704051419423e-01
6.600000000000000000e+02 3.956039793637405322e-01 4.961697899954239377e-01
6.700000000000000000e+02 3.928684515848007708e-01 4.989050787149533761e-01
6.800000000000000000e+02 3.903122900619657165e-01 5.014609897559866303e-01
6.900000000000000000e+02 3.879319121089258582e-01 5.038411172948151773e-01
7.000000000000000000e+02 3.857238469248751023e-01 5.060489478016690912e-01
7.100000000000000000e+02 3.836846680357092199e-01 5.080879164039271423e-01
7.200000000000000000e+02 3.818109130064726298e-01 5.099614832547439969e-01
7.300000000000000000e+02 3.800989928259935757e-01 5.116732352090457292e-01
7.400000000000000000e+02 3.785450997303669851e-01 5.132269824356863186e-01
7.500000000000000000e+02 3.771451065428115257e-01 5.146268589850265807e-01
7.600000000000000000e+02 3.758944588227588479e-01 5.158774158425352141e-01
7.700000000000000000e+02 3.747880940487490764e-01 5.169837072590227622e-01
7.800000000000000000e+02 3.738203862742043304e-01 5.179513603178742542e-01
7.900000000000000000e+02 3.729850830666513462e-01 5.187866236856587543e-01
8.000000000000000000e+02 3.722752564449733903e-01 5.194964112829923986e-01
8.100000000000000000e+02 3.716832947497704653e-01 5.200883295672964479e-01
8.200000000000000000e+02 3.712009069253821569e-01 5.205706784933876730e-01
8.300000000000000000e+02 3.708191162052851819e-01 5.209524489667274327e-01
8.400000000000000000e+02 3.705282713766137048e-01 5.212432988616916285e-01
8.500000000000000000e+02 3.703180870644659506e-01 5.214535118195617880e-01
8.600000000000000000e+02 3.701777022840580522e-01 5.215939538659701835e-01
8.700000000000000000e+02 3.700957384127164795e-01 5.216760070708055252e-01
8.800000000000000000e+02 3.700603610445202252e-01 5.217114954578749852e-01
8.900000000000000000e+02 3.700593651188611166e-01 5.217126083432511718e-01
9.000000000000000000e+02 3.700802676200309338e-01 5.216918129652101666e-01
9.100000000000000000e+02 3.701103960954130190e-01 5.216617757844060899e-01
9.200000000000000000e+02 3.701369803516751933e-01 5.216352764187125457e-01
9.300000000000000000e+02 3.701472449325504122e-01 5.216250984497163845e-01
9.400000000000000000e+02 3.701284979072715919e-01 5.216439324775372643e-01
9.500000000000000000e+02 3.700682334538530349e-01 5.217042826818476531e-01
9.600000000000000000e+02 3.699542281442858016e-01 5.218183671237643928e-01
9.700000000000000000e+02 3.697746247061287073e-01 5.219980389194858184e-01
9.800000000000000000e+02 3.695180157956972633e-01 5.222547086631447177e-01
9.900000000000000000e+02 3.691735352128200365e-01 5.225992485974995105e-01
1.000000000000000000e+03 3.687309479872341034e-01 5.230419010076313713e-01
1.010000000000000000e+03 3.681807324814969085e-01 5.235921937093621636e-01
1.020000000000000000e+03 3.675141657402047901e-01 5.242588574603179730e-01
1.030000000000000000e+03 3.667233983314525658e-01 5.250497450941961075e-01
1.040000000000000000e+03 3.658015199935274464e-01 5.259717639849575965e-01
1.050000000000000000e+03 3.647426352923361925e-01 5.270308024038795613e-01
1.060000000000000000e+03 3.635419312641310907e-01 5.282316636314546843e-01
1.070000000000000000e+03 3.621957336197198507e-01 5.295780053400735987e-01
1.080000000000000000e+03 3.607015617718666300e-01 5.310722974399429974e-01
1.090000000000000000e+03 3.590581670007686466e-01 5.327157907938205872e-01
1.100000000000000000e+03 3.572655435407015023e-01 5.345084985534918065e-01
1.110000000000000000e+03 3.553249249887786565e-01 5.364491892268233864e-01
1.120000000000000000e+03 3.532387703343907726e-01 5.385354055741395918e-01
1.130000000000000000e+03 3.510107282913315641e-01 5.407635104248809110e-01
1.140000000000000000e+03 3.486455671328158590e-01 5.431287463338493327e-01
1.150000000000000000e+03 3.461490875982352611e-01 5.456253108015642894e-01
1.160000000000000000e+03 3.435280433258100508e-01 5.482464446452621765e-01
1.170000000000000000e+03 3.407900459881847977e-01 5.509845310314931410e-01
1.180000000000000000e+03 3.379434511014247633e-01 5.538312101312771185e-01
1.190000000000000000e+03 3.349972364087429599e-01 5.567775012952052016e-01
1.200000000000000000e+03 3.319608754167845399e-01 5.598139275033801043e-01
1.210000000000000000e+03 3.288442140728545238e-01 5.629306439810823903e-01
1.220000000000000000e+03 3.256573433694006092e-01 5.661175645357831021e-01
1.230000000000000000e+03 3.224104760643223266e-01 5.693644834978096592e-01
1.240000000000000000e+03 3.191138367443980828e-01 5.726611815671396322e-01
1.250000000000000000e+03 3.157775604498150868e-01 5.759975230888887410e-01
1.260000000000000000e+03 3.124115964065803941e-01 5.793635623733974782e-01
1.270000000000000000e+03 3.090256147544374610e-01 5.827496308404159775e-01
1.280000000000000000e+03 3.056289269838765033e-01 5.861464148111014127e-01
1.290000000000000000e+03 3.022304265047294214e-01 5.895450161147991475e-01
1.300000000000000000e+03 2.988385468232934716e-01 5.929370005547131006e-01
1.310000000000000000e+03 2.954612213379810282e-01 5.963144343739622544e-01
1.320000000000000000e+03 2.921058591989255104e-01 5.996699026751648454e-01
1.330000000000000000e+03 2.887793502765135800e-01 6.029965120772932119e-01
1.340000000000000000e+03 2.854880788408180603e-01 6.062878825317475906e-01
1.350000000000000000e+03 2.822379395844177852e-01 6.095381303112433757e-01
1.360000000000000000e+03 2.790343572085783874e-01 6.127418365589545335e-01
1.370000000000000000e+03 2.758823247327943373e-01 6.158940015743590290e-01
1.380000000000000000e+03 2.727864503313208178e-01 6.189900074508393191e-01
1.390000000000000000e+03 2.697509946164937666e-01 6.220255957769403876e-01
1.400000000000000000e+03 2.667798935896892876e-01 6.249968393594779181e-01
1.410000000000000000e+03 2.638767821472057795e-01 6.279001103890770041e-01
1.420000000000000000e+03 2.610450265742591536e-01 6.307320449674930218e-01
1.430000000000000000e+03 2.582877550986860671e-01 6.334895164173229842e-01
1.440000000000000000e+03 2.556078784081050048e-01 6.361696152214152411e-01
1.450000000000000000e+03 2.530081002840992577e-01 6.387696331091643476e-01
1.460000000000000000e+03 2.504909281691534706e-01 6.412870493821835050e-01
1.470000000000000000e+03 2.480586813250921230e-01 6.437195301094348343e-01
1.480000000000000000e+03 2.457134862659371977e-01 6.460649431980071133e-01
1.490000000000000000e+03 2.434572631585826541e-01 6.483213701004726381e-01
1.500000000000000000e+03 2.412917198638299399e-01 6.504871000769509859e-01
1.510000000000000000e+03 2.392183517055603004e-01 6.525606337522756872e-01
1.520000000000000000e+03 2.372384413494257605e-01 6.545406964798026195e-01
1.530000000000000000e+03 2.353530484487023067e-01 6.564262290586813098e-01
1.540000000000000000e+03 2.335630010545561575e-01 6.582164028023957947e-01
1.550000000000000000e+03 2.318688868097853184e-01 6.599106378064670819e-01
1.560000000000000000e+03 2.302710420943365477e-01 6.615085998454003358e-01
1.570000000000000000e+03 2.287695488728087034e-01 6.630102114013110004e-01
1.580000000000000000e+03 2.273642253942764202e-01 6.644156531849125802e-01
1.590000000000000000e+03 2.260546279902603817e-01 6.657253611062277088e-01
1.600000000000000000e+03 2.248400599122771515e-01 6.669400293039616789e-01
1.610000000000000000e+03 2.237195652817236535e-01 6.680606121350518567e-01
1.620000000000000000e+03 2.226919227253160161e-01 6.690883325849075192e-01
1.630000000000000000e+03 2.217556474947164069e-01 6.700246775695550827e-01
1.640000000000000000e+03 2.209089945846560155e-01 6.708713885778689878e-01
1.650000000000000000e+03 2.201499582474068795e-01 6.716304663924766993e-01
1.660000000000000000e+03 2.194762715523612406e-01 6.723041831847935690e-01
1.670000000000000000e+03 2.188854010663252025e-01 6.728950854916895263e-01
1.680000000000000000e+03 2.183745458075899981e-01 6.734059795436287965e-01
1.690000000000000000e+03 2.179406409047353332e-01 6.738399288237578721e-01
1.700000000000000000e+03 2.175803536872293609e-01 6.742002574213443733e-01
1.710000000000000000e+03 2.172900892739016709e-01 6.744905564886656268e-01
1.720000000000000000e+03 2.170660146056822004e-01 6.747146581625963480e-01
1.730000000000000000e+03 2.169040872628534289e-01 6.748766042037307455e-01
1.740000000000000000e+03 2.168000806918384815e-01 6.749806252221565162e-01
1.750000000000000000e+03 2.167496056631001422e-01 6.750311121693668426e-01
1.760000000000000000e+03 2.167481461202987458e-01 6.750325771176113321e-01
1.770000000000000000e+03 2.167911124356915187e-01 6.749896030283213388e-01
1.780000000000000000e+03 2.168738900382506662e-01 6.749068040223459297e-01
1.790000000000000000e+03 2.169918813955289683e-01 6.747887902175414565e-01
1.800000000000000000e+03 2.171405410629060617e-01 6.746401194870715878e-01
1.810000000000000000e+03 2.173154135876109727e-01 6.744652445537298036e-01
1.820000000000000000e+03 2.175121871826374564e-01 6.742684660055027202e-01
1.830000000000000000e+03 2.177267488100840254e-01 6.740538908001959539e-01
1.840000000000000000e+03 2.179552296990724392e-01 6.738253869393747708e-01
1.850000000000000000e+03 2.181940436170849429e-01 6.735865523580811809e-01
1.860000000000000000e+03 2.184399149385839733e-01 6.733406833154030879e-01
1.870000000000000000e+03 2.186898990751005856e-01 6.730907260838988604e-01
1.880000000000000000e+03 2.189414185184786477e-01 6.728392436282076838e-01
1.890000000000000000e+03 2.191922997260193073e-01 6.725884001459241368e-01
1.900000000000000000e+03 2.194407844036722899e-01 6.723399599094057599e-01
1.910000000000000000e+03 2.196855277301961173e-01 6.720952776869717482e-01
1.920000000000000000e+03 2.199256025617271904e-01 6.718552770903658544e-01
1.930000000000000000e+03 2.201605004743705241e-01 6.716204528298136411e-01
1.940000000000000000e+03 2.203901243550308864e-01 6.713908879614894909e-01
1.950000000000000000e+03 2.206147688739912571e-01 6.711662841266027302e-01
1.960000000000000000e+03 2.208350925898676653e-01 6.709459942353187545e-01
1.970000000000000000e+03 2.210520858023918289e-01 6.707290381104652477e-01
1.980000000000000000e+03 2.212670358934118731e-01 6.705141352963965851e-01
1.990000000000000000e+03 2.214814918464292903e-01 6.702997323189512358e-01
2.000000000000000000e+03 2.216972366489808610e-01 6.700840401861246631e-01
2.010000000000000000e+03 2.219162504442183659e-01 6.698650768632034014e-01
2.020000000000000000e+03 2.221406567540760713e-01 6.696407180345207433e-01
2.030000000000000000e+03 2.223726749238365274e-01 6.694087459297877185e-01
2.040000000000000000e+03 2.226145752347361562e-01 6.691668990625306845e-01
2.050000000000000000e+03 2.228686300360260553e-01 6.689129100102061409e-01
2.060000000000000000e+03 2.231370657220987375e-01 6.686445447746988124e-01
2.070000000000000000e+03 2.234220231035768389e-01 6.683596508227910293e-01
2.080000000000000000e+03 2.237255367828069608e-01 6.680561991258727739e-01
2.090000000000000000e+03 2.240495099902281018e-01 6.677322968770067479e-01
2.100000000000000000e+03 2.243956797366398470e-01 6.673862075963516993e-01
2.110000000000000000e+03 2.247655951951327558e-01 6.670163817601598710e-01
2.120000000000000000e+03 2.251606027573669622e-01 6.666214716126700468e-01
2.130000000000000000e+03 2.255818369418119695e-01 6.662003322241498715e-01
2.140000000000000000e+03 2.260302269762826666e-01 6.657520327063597421e-01
2.150000000000000000e+03 2.265065036874605309e-01 6.652758523012609615e-01
2.160000000000000000e+03 2.270112055044716803e-01 6.647712605698329336e-01
2.170000000000000000e+03 2.275446941773674181e-01 6.642379010716881194e-01
2.180000000000000000e+03 2.281071628651117622e-01 6.636755742272679726e-01
2.190000000000000000e+03 2.286986452993765573e-01 6.630842326671788634e-01
2.200000000000000000e+03 2.293190447112086749e-01 6.624639686852547005e-01
2.210000000000000000e+03 2.299681639003364753e-01 6.618149844406376880e-01
2.220000000000000000e+03 2.306457207157414369e-01 6.611375644320627298e-01
2.230000000000000000e+03 2.313513561799284968e-01 6.604320599447381923e-01
2.240000000000000000e+03 2.320846509792226786e-01 6.596988831167492906e-01
2.250000000000000000e+03 2.328451495474620214e-01 6.589384898478612973e-01
2.260000000000000000e+03 2.336323688749196714e-01 6.581513654138023695e-01
2.270000000000000000e+03 2.344457920232349002e-01 6.573380253763327907e-01
2.280000000000000000e+03 2.352848702943651504e-01 6.564990161545629643e-01
2.290000000000000000e+03 2.361490245572357427e-01 6.556349183197057728e-01
2.300000000000000000e+03 2.370376325915315718e-01 6.547463596329208269e-01
2.310000000000000000e+03 2.379500153451541422e-01 6.538340260342743182e-01
2.320000000000000000e+03 2.388854332871361563e-01 6.528986585156433264e-01
2.330000000000000000e+03 2.398430789032707788e-01 6.519410618921636091e-01
2.340000000000000000e+03 2.408220555535979801e-01 6.509621305341314335e-01
2.350000000000000000e+03 2.418213546742737363e-01 6.499628703458971701e-01
2.360000000000000000e+03 2.428398467000691119e-01 6.489444106863293538e-01
2.370000000000000000e+03 2.438762640404477655e-01 6.479080236266210324e-01
2.380000000000000000e+03 2.449291703983471069e-01 6.468551508002919892e-01
2.390000000000000000e+03 2.459969477674738558e-01 6.457874096411868603e-01
2.400000000000000000e+03 2.470777940344521806e-01 6.447065996056329240e-01
2.410000000000000000e+03 2.481697032148623416e-01 6.436147269921506098e-01
2.420000000000000000e+03 2.492704462336858273e-01 6.425140257588937143e-01
2.430000000000000000e+03 2.503775640785859125e-01 6.414069621171987201e-01
2.440000000000000000e+03 2.514883687919465816e-01 6.402962256439845845e-01
2.450000000000000000e+03 2.525999443795827748e-01 6.391847236759848894e-01
2.460000000000000000e+03 2.537091419355402278e-01 6.380755922785542600e-01
2.470000000000000000e+03 2.548125828297929663e-01 6.369722040447429734e-01
2.480000000000000000e+03 2.559066816259203403e-01 6.358781479762877220e-01
2.490000000000000000e+03 2.569876608160654441e-01 6.347972066029102800e-01
2.500000000000000000e+03 2.580515525547427691e-01 6.337333479296035632e-01
2.510000000000000000e+03 2.590942276724935711e-01 6.326906992488354753e-01
2.520000000000000000e+03 2.601114460248467042e-01 6.316735000106173947e-01
2.530000000000000000e+03 2.610988951513699696e-01 6.306860628802039015e-01
2.540000000000000000e+03 2.620522145440839501e-01 6.297327487940488355e-01
2.550000000000000000e+03 2.629670275038609728e-01 6.288179371618544122e-01
2.560000000000000000e+03 2.638389923721041197e-01 6.279459721211929635e-01
2.570000000000000000e+03 2.646638629526528730e-01 6.271211009091162136e-01
2.580000000000000000e+03 2.654375387214157889e-01 6.263474276520858419e-01
2.590000000000000000e+03 2.661561072429327601e-01 6.256288676078736177e-01
2.600000000000000000e+03 2.668158917546207265e-01 6.249690969577482713e-01
2.610000000000000000e+03 2.674134943133423814e-01 6.243715144081428692e-01
2.620000000000000000e+03 2.679458285634748194e-01 6.238392073066471033e-01
2.630000000000000000e+03 2.684101618403075817e-01 6.233749047763985640e-01
2.640000000000000000e+03 2.688041652436922169e-01 6.229809313452171482e-01
2.650000000000000000e+03 2.691259459318813829e-01 6.226591768951316164e-01
2.660000000000000000e+03 2.693740611325948775e-01 6.224110798245451326e-01
2.670000000000000000e+03 2.695475300768296334e-01 6.222376172323276222e-01
2.680000000000000000e+03 2.696458428108310379e-01 6.221392984602217568e-01
2.690000000000000000e+03 2.696689612552038429e-01 6.221161630965825751e-01
2.700000000000000000e+03 2.696173078774768972e-01 6.221677930101364717e-01
2.710000000000000000e+03 2.694917397833798689e-01 6.222933385005027240e-01
2.720000000000000000e+03 2.692935163128885034e-01 6.224915464737392767e-01
2.730000000000000000e+03 2.690242723431857108e-01 6.227607858284753828e-01
2.740000000000000000e+03 2.686859919613225345e-01 6.230990732150520905e-01
2.750000000000000000e+03 2.682809628453156070e-01 6.235041139972991031e-01
2.760000000000000000e+03 2.678117173444968802e-01 6.239733648287041357e-01
2.770000000000000000e+03 2.672809842395855173e-01 6.245040951548375130e-01
2.780000000000000000e+03 2.666916427599271278e-01 6.250934335603648417e-01
2.790000000000000000e+03 2.660466727660744657e-01 6.257384068550579936e-01
2.800000000000000000e+03 2.653491159903398899e-01 6.264359720872664239e-01
2.810000000000000000e+03 2.646020499598579767e-01 6.271830457488132282e-01
2.820000000000000000e+03 2.638085614722043282e-01 6.279765404748364199e-01
2.830000000000000000e+03 2.629717137080908596e-01 6.288133955022412458e-01
2.840000000000000000e+03 2.620945235234518056e-01 6.296905969424788641e-01
2.850000000000000000e+03 2.611799509236363837e-01 6.306051864195598711e-01
2.860000000000000000e+03 2.602308943144167053e-01 6.315542635755887479e-01
2.870000000000000000e+03 2.592501945036648214e-01 6.325349836058405950e-01
2.880000000000000000e+03 2.582406383334813205e-01 6.335445557076744283e-01
2.890000000000000000e+03 2.572049538690793780e-01 6.345802510374051186e-01
2.900000000000000000e+03 2.561458028656757313e-01 6.356394108103313734e-01
2.910000000000000000e+03 2.550657863721351171e-01 6.367194381363190381e-01
2.920000000000000000e+03 2.539674598960990348e-01 6.378177770268621538e-01
2.930000000000000000e+03 2.528533330493245024e-01 6.389319123830464742e-01
2.940000000000000000e+03 2.517258630281633547e-01 6.400593838764083721e-01
2.950000000000000000e+03 2.505874658223331553e-01 6.411977791791144687e-01
2.960000000000000000e+03 2.494405271192065010e-01 6.423447189936229984e-01
2.970000000000000000e+03 2.482873973874774043e-01 6.434978538142350768e-01
2.980000000000000000e+03 2.471303848401868730e-01 6.446548712175552698e-01
2.990000000000000000e+03 2.459717683272518995e-01 6.458134905878896159e-01
3.000000000000000000e+03 2.448138199152427308e-01 6.469714412908437184e-01
3.010000000000000000e+03 2.436588119406692121e-01 6.481264517897823429e-01
3.020000000000000000e+03 2.425090124831493221e-01 6.492762544249026657e-01
3.030000000000000000e+03 2.413666822470068307e-01 6.504185879954604843e-01
3.040000000000000000e+03 2.402340742361169512e-01 6.515511966979000702e-01
3.050000000000000000e+03 2.391134347540061766e-01 6.526718334472778604e-01
3.060000000000000000e+03 2.380070036755331520e-01 6.537782600246967446e-01
3.070000000000000000e+03 2.369170078489752085e-01 6.548682494837831936e-01
3.080000000000000000e+03 2.358456505243875234e-01 6.559395977029601754e-01
3.090000000000000000e+03 2.347951045640122303e-01 6.569901332161502960e-01
3.100000000000000000e+03 2.337675018635698154e-01 6.580177270489470098e-01
3.110000000000000000e+03 2.327649205580794578e-01 6.590203012314218567e-01
3.120000000000000000e+03 2.317893705442446994e-01 6.599958435968649173e-01
3.130000000000000000e+03 2.308427680951314898e-01 6.609424368678717965e-01
3.140000000000000000e+03 2.299269002657675087e-01 6.618582962245789236e-01
3.150000000000000000e+03 2.290433898678184144e-01 6.627418004621030700e-01
3.160000000000000000e+03 2.281936696548090004e-01 6.635915141042696419e-01
3.170000000000000000e+03 2.273789638015300263e-01 6.644062098745084910e-01
3.180000000000000000e+03 2.266002664458220128e-01 6.651848932956675453e-01
3.190000000000000000e+03 2.258583140017954294e-01 6.659268266138944625e-01
3.200000000000000000e+03 2.251535599834496582e-01 6.666315552778930842e-01
3.210000000000000000e+03 2.244861557028921539e-01 6.672989318229933797e-01
3.220000000000000000e+03 2.238559364393877538e-01 6.679291264639694026e-01
3.230000000000000000e+03 2.232624072163838236e-01 6.685226337475429492e-01
3.240000000000000000e+03 2.227047254697485934e-01 6.690802918034061131e-01
3.250000000000000000e+03 2.221816884489389299e-01 6.696032997513561291e-01
3.260000000000000000e+03 2.216917409852887932e-01 6.700932110684971743e-01
3.270000000000000000e+03 2.212330125620566024e-01 6.705518978843475475e-01
3.280000000000000000e+03 2.208033469032533169e-01 6.709815189603040020e-01
3.290000000000000000e+03 2.204003090375846463e-01 6.713845106527175366e-01
3.300000000000000000e+03 2.200212025322483833e-01 6.717635712743666998e-01
3.310000000000000000e+03 2.196631116926711647e-01 6.721216180773136317e-01
3.320000000000000000e+03 2.193229549870103767e-01 6.724617319803297688e-01
3.330000000000000000e+03 2.189975380907573099e-01 6.727871065898501923e-01
3.340000000000000000e+03 2.186836000845009675e-01 6.731010037561709902e-01
3.350000000000000000e+03 2.183778590071960291e-01 6.734067067856938094e-01
3.360000000000000000e+03 2.180770664324246655e-01 6.737074632576846023e-01
3.370000000000000000e+03 2.177780673553408319e-01 6.740064231553506424e-01
3.380000000000000000e+03 2.174778555232378396e-01 6.743065894775992497e-01
3.390000000000000000e+03 2.171736108180899738e-01 6.746107832537515669e-01
3.400000000000000000e+03 2.168627273667763367e-01 6.749216113146059293e-01
3.410000000000000000e+03 2.165428515617622840e-01 6.752414298210756005e-01
3.420000000000000000e+03 2.162119217109957359e-01 6.755723043884179768e-01
3.430000000000000000e+03 2.158681985059625608e-01 6.759159771645230075e-01
3.440000000000000000e+03 2.155102855043279919e-01 6.762738455680024074e-01
3.450000000000000000e+03 2.151371402324695481e-01 6.766469494036476684e-01
3.460000000000000000e+03 2.147480792380897230e-01 6.770359668567117462e-01
3.470000000000000000e+03 2.143427799322487337e-01 6.774412181729596583e-01
3.480000000000000000e+03 2.139212790958775756e-01 6.778626672228237338e-01
3.490000000000000000e+03 2.134839646864934437e-01 6.782999278231942597e-01
3.500000000000000000e+03 2.130315590213561761e-01 6.787522800837938464e-01
3.510000000000000000e+03 2.125650972126469362e-01 6.792186903392333219e-01
3.520000000000000000e+03 2.120858965685016306e-01 6.796978407417353374e-01
3.530000000000000000e+03 2.115955195354380647e-01 6.801881675158736318e-01
3.540000000000000000e+03 2.110957400950200513e-01 6.806878986374952367e-01
3.550000000000000000e+03 2.105885080359717609e-01 6.811950863487616914e-01
3.560000000000000000e+03 2.100759100345799268e-01 6.817076420132572867e-01
3.570000000000000000e+03 2.095601332559963448e-01 6.822233758567521900e-01
3.580000000000000000e+03 2.090434265421039217e-01 6.827400373566754332e-01
3.590000000000000000e+03 2.085280606306105788e-01 6.832553548350198680e-01
3.600000000000000000e+03 2.080162900522144198e-01 6.837670736656827897e-01
3.610000000000000000e+03 2.075103138115249046e-01 6.842729960470390616e-01
3.620000000000000000e+03 2.070122378514301087e-01 6.847710173045024051e-01
3.630000000000000000e+03 2.065240435353820070e-01 6.852591566791889077e-01
3.640000000000000000e+03 2.060475627846756752e-01 6.857355836607520461e-01
3.650000000000000000e+03 2.055844593671868892e-01 6.861986344616003430e-01
3.660000000000000000e+03 2.051362129693163061e-01 6.866468286837986712e-01
3.670000000000000000e+03 2.047041069662517976e-01 6.870788833640150139e-01
3.680000000000000000e+03 2.042892222829875981e-01 6.874937167525094761e-01
3.690000000000000000e+03 2.038924382891645626e-01 6.878904467389487243e-01
3.700000000000000000e+03 2.035144450123190507e-01 6.882683835505728487e-01
3.710000000000000000e+03 2.031557619334094233e-01 6.886270116479304981e-01
3.720000000000000000e+03 2.028167577521356180e-01 6.889659651477589852e-01
3.730000000000000000e+03 2.024976691417073038e-01 6.892850058203950914e-01
3.740000000000000000e+03 2.021986253849007709e-01 6.895840021598268477e-01
3.750000000000000000e+03 2.019196794518274551e-01 6.898629002048880521e-01
3.760000000000000000e+03 2.016608419092243421e-01 6.901216883146775727e-01
3.770000000000000000e+03 2.014221154071322017e-01 6.903603652805324620e-01
3.780000000000000000e+03 2.012035265023322528e-01 6.905789080751690845e-01
3.790000000000000000e+03 2.010051533238364219e-01 6.907772381661606564e-01
3.800000000000000000e+03 2.008271517972437525e-01 6.909551943243819050e-01
3.810000000000000000e+03 2.006697757452534925e-01 6.911125194885876510e-01
3.820000000000000000e+03 2.005333890407046959e-01 6.912488507025386086e-01
3.830000000000000000e+03 2.004184698186223523e-01 6.913637123912953486e-01
3.840000000000000000e+03 2.003256071722741560e-01 6.914565175555598131e-01
3.850000000000000000e+03 2.002554968438496619e-01 6.915265704497999266e-01
3.860000000000000000e+03 2.002089334023010037e-01 6.915730783810624116e-01
3.870000000000000000e+03 2.001867921152437613e-01 6.915951692292567898e-01
3.880000000000000000e+03 2.001900159758234210e-01 6.915918950765643780e-01
3.890000000000000000e+03 2.002195881372691166e-01 6.915622710658944072e-01
3.900000000000000000e+03 2.002765013900445479e-01 6.915053059341051966e-01
3.910000000000000000e+03 2.003617317227876504e-01 6.914200243284835956e-01
3.920000000000000000e+03 2.004762109098214007e-01 6.913054948841160785e-01
3.930000000000000000e+03 2.006207976642366275e-01 6.911608584339806738e-01
3.940000000000000000e+03 2.007962496957623466e-01 6.909853559842042969e-01
3.950000000000000000e+03 2.010031921478375727e-01 6.907783594091841950e-01
3.960000000000000000e+03 2.012420933901760689e-01 6.905393960248999985e-01
3.970000000000000000e+03 2.015132412407602547e-01 6.902681809109967315e-01
3.980000000000000000e+03 2.018167182302921803e-01 6.899646351683633716e-01
3.990000000000000000e+03 2.021523832345966387e-01 6.896289002394890844e-01
4.000000000000000000e+03 2.025198568257744469e-01 6.892613569855913225e-01
4.010000000000000000e+03 2.029185095017562723e-01 6.888626333903138388e-01
4.020000000000000000e+03 2.033474599026505181e-01 6.884336098947378968e-01
4.030000000000000000e+03 2.038055786723993734e-01 6.879754176492203221e-01
4.040000000000000000e+03 2.042914932140133533e-01 6.874894307662239301e-01
4.050000000000000000e+03 2.048036026284433819e-01 6.869772488507412955e-01
4.060000000000000000e+03 2.053401047886641018e-01 6.864406742754269874e-01
4.070000000000000000e+03 2.058990143427248953e-01 6.858816938642336991e-01
4.080000000000000000e+03 2.064781859884675663e-01 6.853024522759174619e-01
4.090000000000000000e+03 2.070753478945045467e-01 6.847052216396221080e-01
4.100000000000000000e+03 2.076881338106592312e-01 6.840923687335377368e-01
4.110000000000000000e+03 2.083141137088939387e-01 6.834663221048182802e-01
4.120000000000000000e+03 2.089508212115848418e-01 6.828295436478535319e-01
4.130000000000000000e+03 2.095957859689781544e-01 6.821845062652490688e-01
4.140000000000000000e+03 2.102465587107807954e-01 6.815336616306467699e-01
4.150000000000000000e+03 2.109007417554110420e-01 6.808794079511752972e-01
4.160000000000000000e+03 2.115560125906930378e-01 6.802240681174612780e-01
4.170000000000000000e+03 2.122101406993235351e-01 6.795698720797161974e-01
4.180000000000000000e+03 2.128610083484715754e-01 6.789189371310452303e-01
4.190000000000000000e+03 2.135066231284897253e-01 6.782732542877998316e-01
4.200000000000000000e+03 2.141451347833982222e-01 6.776346740214385100e-01
