0.000000000000000000e+00 1.755040757429009091e+01 -6.118373609388498103e-15 1.755040757429009091e+01 -3.486171807400879998e-16
1.000000000000000000e+01 1.749603287856768929e+01 1.508562678824412417e+00 1.756094894485669400e+01 -1.023989597317906286e+00
2.000000000000000000e+01 1.726126422050037235e+01 2.995640828917331522e+00 1.751927813769171394e+01 -2.048164493010120157e+00
3.000000000000000000e+01 1.685177400342294618e+01 4.433717899918314664e+00 1.742527306754466565e+01 -3.072729534032600629e+00
4.000000000000000000e+01 1.627873396063400691e+01 5.798008691350003296e+00 1.728045381771176636e+01 -4.097838475669772329e+00
5.000000000000000000e+01 1.555743229097317659e+01 7.066487648558525514e+00 1.708709885192466160e+01 -5.123642758670460040e+00
6.000000000000000000e+01 1.470655317748488322e+01 8.220628756040660789e+00 1.684818813721028263e+01 -6.150290597726086439e+00
7.000000000000000000e+01 1.374729198975634858e+01 9.245918219317424303e+00 1.656728827448610986e+01 -7.177926507077747154e+00
8.000000000000000000e+01 1.270241318304234035e+01 1.013211889356470330e+01 1.624841942916475190e+01 -8.206691750842303179e+00
9.000000000000000000e+01 1.159531607176816514e+01 1.087331596059943628e+01 1.589592258358197796e+01 -9.236724475744519935e+00
1.000000000000000000e+02 1.044915767502468285e+01 1.146776554996306174e+01 1.551433346381489997e+01 -1.026815939511900311e+01
1.100000000000000000e+02 9.286072942983530254e+00 1.191756970583223918e+01 1.510826324882450145e+01 -1.130112730150744760e+01
1.200000000000000000e+02 8.126523682805322224e+00 1.222821315642528894e+01 1.468228811071926643e+01 -1.233575447152594506e+01
1.300000000000000000e+02 6.988797780946638838e+00 1.240800672588251530e+01 1.424085409420763604e+01 -1.337216194921792933e+01
1.400000000000000000e+02 5.888665536761731545e+00 1.246748288265450633e+01 1.378820188542104397e+01 -1.441046467543920784e+01
1.500000000000000000e+02 4.839187243821316819e+00 1.241878250285314955e+01 1.332831167229872626e+01 -1.545077050385345174e+01
1.600000000000000000e+02 3.850657326669421732e+00 1.227506487589652728e+01 1.286486609160396632e+01 -1.649317914226413606e+01
1.700000000000000000e+02 2.930664499928450351e+00 1.204996537299450488e+01 1.240122816101322556e+01 -1.753778101547251111e+01
1.800000000000000000e+02 2.084245272485051093e+00 1.175711763895119155e+01 1.194043104464882887e+01 -1.858465606709110673e+01
1.900000000000000000e+02 1.314108605802154939e+00 1.140975091974711297e+01 1.148517729416979449e+01 -1.963387259442561827e+01
2.000000000000000000e+02 6.209095688256779377e-01 1.102036789566753328e+01 1.103784567968400943e+01 -2.068548616883407121e+01
2.100000000000000000e+02 3.550963926880900453e-03 1.060050270481354318e+01 1.060050329956573556e+01 -2.173953865390299356e+01
2.200000000000000000e+02 -5.405050322756786985e-01 1.016055419156028172e+01 1.017492049942153365e+01 -2.279605735508628328e+01
2.300000000000000000e+02 -1.014929805979398081e+00 9.709687163286714551e+00 9.762587122272465834e+00 -2.385505433696231492e+01
2.400000000000000000e+02 -1.424237012870001262e+00 9.255793230828523122e+00 9.364729542313540378e+00 -2.491652597265562719e+01
2.500000000000000000e+02 -1.773515775277573647e+00 8.805501960660730987e+00 8.982328372107000192e+00 -2.598045275336205151e+01
2.600000000000000000e+02 -2.068195025728893022e+00 8.364232220750890789e+00 8.616136681082602777e+00 -2.704679929851854325e+01
2.700000000000000000e+02 -2.313842717404283267e+00 7.936273140682339466e+00 8.266698221442510430e+00 -2.811551449956612814e+01
2.800000000000000000e+02 -2.516000578972940716e+00 7.524885199460144669e+00 7.934365518328892364e+00 -2.918653179850680957e+01
2.900000000000000000e+02 -2.680053013931428474e+00 7.132413547820537048e+00 7.619318025559562280e+00 -3.025976965708295197e+01
3.000000000000000000e+02 -2.811127765286659752e+00 6.760406529537320353e+00 7.321580140746695164e+00 -3.133513223285201121e+01
3.100000000000000000e+02 -2.914025388567957009e+00 6.409733311296079705e+00 7.041038636959553010e+00 -3.241251020801760063e+01
3.200000000000000000e+02 -2.993174071276558657e+00 6.080696595397867554e+00 6.777459856483512013e+00 -3.349178172754810134e+01
3.300000000000000000e+02 -3.052605709178517035e+00 5.773137498459157690e+00 6.530506733158196297e+00 -3.457281345316811638e+01
3.400000000000000000e+02 -3.095948724357182602e+00 5.486530133175283375e+00 6.299754868730151891e+00 -3.565546176176814441e+01
3.500000000000000000e+02 -3.126433752455974435e+00 5.220064685456700992e+00 6.084707333048000599e+00 -3.673957407103831230e+01
3.600000000000000000e+02 -3.146908746267047974e+00 4.972719051606826035e+00 5.884808359118038013e+00 -3.782499030470363977e+01
3.700000000000000000e+02 -3.159860474208176395e+00 4.743319539011680241e+00 5.699455979796063332e+00 -3.891154451321824581e+01
3.800000000000000000e+02 -3.167439728670997212e+00 4.530590990114833794e+00 5.528013129006940751e+00 -3.999906663626729397e+01
3.900000000000000000e+02 -3.171488258221048628e+00 4.333197430085458990e+00 5.369817291131347758e+00 -4.108738439170497259e+01
4.000000000000000000e+02 -3.173566492144234363e+00 4.149774627825378204e+00 5.224189290387927898e+00 -4.217632519841865246e+01
4.100000000000000000e+02 -3.174980958542630738e+00 3.978955396774621178e+00 5.090441055216155419e+00 -4.326571805076868316e+01
4.200000000000000000e+02 -3.176810127972677034e+00 3.819388890428669470e+00 4.967882253588516761e+00 -4.435539537940034904e+01
4.300000000000000000e+02 -3.179927996326801232e+00 3.669754856709870339e+00 4.855825652777153500e+00 -4.544519486659515195e+01
4.400000000000000000e+02 -3.185025505574263782e+00 3.528773654343564825e+00 4.753591376501332455e+00 -4.653496108321566993e+01
4.500000000000000000e+02 -3.192630071537779557e+00 3.395213165621829177e+00 4.660510617271365952e+00 -4.762454687188647995e+01
4.600000000000000000e+02 -3.203123210765618012e+00 3.267893675734561132e+00 4.575929127428809196e+00 -4.871381449343327574e+01
4.700000000000000000e+02 -3.216756182165801725e+00 3.145690949783451984e+00 4.499210140352572829e+00 -4.980263649325986108e+01
4.800000000000000000e+02 -3.233663292295328340e+00 3.027537892263746144e+00 4.429736332676141863e+00 -5.089089633210278407e+01
4.900000000000000000e+02 -3.253873271591567029e+00 2.912425155166899149e+00 4.366910985127467448e+00 -5.197848872965862199e+01
5.000000000000000000e+02 -3.277319075517981517e+00 2.799400870700776700e+00 4.310158414447699649e+00 -5.306531966940431744e+01
5.100000000000000000e+02 -3.303845850174703891e+00 2.687570207513759080e+00 4.258923692910236092e+00 -5.415130621669999300e+01
5.200000000000000000e+02 -3.333217563103842096e+00 2.576095472219223748e+00 4.212672216654447688e+00 -5.523637622363889932e+01
5.300000000000000000e+02 -3.365122809617847377e+00 2.464196758542943844e+00 4.170889256336574924e+00 -5.632046789255073094e+01
5.400000000000000000e+02 -3.399179744622731203e+00 2.351153192845061746e+00 4.133079272464899923e+00 -5.740352926612413853e+01
5.500000000000000000e+02 -3.434939855085179516e+00 2.236305026685499353e+00 4.098764689565800090e+00 -5.848551778070793006e+01
5.600000000000000000e+02 -3.471890617545736024e+00 2.119056551005341849e+00 4.067483881536689161e+00 -5.956639990928340467e+01
5.700000000000000000e+02 -3.509458152800589037e+00 1.998879630411444897e+00 4.038788964916626867e+00 -6.064615073498616482e+01
5.800000000000000000e+02 -3.547010676023763853e+00 1.875318116515391376e+00 4.012244106975221491e+00 -6.172475345909968070e+01
5.900000000000000000e+02 -3.583862381494519411e+00 1.747993663449066926e+00 3.987424158143908492e+00 -6.280219908008709240e+01
6.000000000000000000e+02 -3.619278040091546966e+00 1.616612735808500068e+00 3.963913504236331597e+00 -6.387848624733941705e+01
6.100000000000000000e+02 -3.652479211768742129e+00 1.480974140854441012e+00 3.941305468785991195e+00 -6.495362112654638054e+01
6.200000000000000000e+02 -3.682652286082986670e+00 1.340976819385453211e+00 3.919202302806193750e+00 -6.602761729733644813e+01
6.300000000000000000e+02 -3.708958230509310727e+00 1.196627572145160912e+00 3.897215506240420790e+00 -6.710049572799518103e+01
6.400000000000000000e+02 -3.730544070094413911e+00 1.048047952099026014e+00 3.874966266797113423e+00 -6.817228474079114164e+01
6.500000000000000000e+02 -3.746556795264782469e+00 8.954799776622820451e-01 3.852086734555539405e+00 -6.924301993327840421e+01
6.600000000000000000e+02 -3.756159784285486580e+00 7.392903736300832085e-01 3.828222378810523185e+00 -7.031274412261313955e+01
6.700000000000000000e+02 -3.758550849194314480e+00 5.799726585603957041e-01 3.803034679128881823e+00 -7.138150734179411927e+01
6.800000000000000000e+02 -3.752981605147547306e+00 4.181463945741242250e-01 3.776204090865746377e+00 -7.244936683257887466e+01
6.900000000000000000e+02 -3.738777840219490223e+00 2.545532706594606509e-01 3.747433402492930998e+00 -7.351638705617943970e+01
7.000000000000000000e+02 -3.715360321471988581e+00 9.004946150989170950e-02 3.716451428969126169e+00 -7.458263967576050391e+01
7.100000000000000000e+02 -3.682265294157391899e+00 -7.440599011527285200e-02 3.683016962752283963e+00 -7.564820351538477894e+01
7.200000000000000000e+02 -3.639163796107542481e+00 -2.377669359466669519e-01 3.646922846829820930e+00 -7.671316447981018882e+01
7.300000000000000000e+02 -3.585878929402726456e+00 -3.989199444390332805e-01 3.608000113415420262e+00 -7.777761543518435872e+01
7.400000000000000000e+02 -3.522400029504064722e+00 -5.567078331022661253e-01 3.566121924344098471e+00 -7.884165606156793160e+01
7.500000000000000000e+02 -3.448892586619110023e+00 -7.099563660975134471e-01 3.521206911812857943e+00 -7.990539265845937678e+01
7.600000000000000000e+02 -3.365703038054445262e+00 -8.575034068489949535e-01 3.473221708029384569e+00 -8.096893784949229200e+01
7.700000000000000000e+02 -3.273357920277493616e+00 -9.982295133026131140e-01 3.422182671259933251e+00 -8.203241016227164550e+01
7.800000000000000000e+02 -3.172557109222400751e+00 -1.131089031515200460e+00 3.368156915657521733e+00 -8.309593340434274467e+01
7.900000000000000000e+02 -3.064160989524081113e+00 -1.255140501541136322e+00 3.311262636567829265e+00 -8.415963578718631766e+01
8.000000000000000000e+02 -2.949171586551904145e+00 -1.369574560533163510e+00 3.251668421562180722e+00 -8.522364889697777812e+01
8.100000000000000000e+02 -2.828708175125176805e+00 -1.473737766326941534e+00 3.189591344344652857e+00 -8.628810655950861985e+01
8.200000000000000000e+02 -2.703978321751655756e+00 -1.567151384591906504e+00 3.125293942452650242e+00 -8.735314352673701421e+01
8.300000000000000000e+02 -2.576245644930762246e+00 -1.649524365462123665e+00 3.059080295657166992e+00 -8.841889394483010278e+01
8.400000000000000000e+02 -2.446795708061477281e+00 -1.720759780608628553e+00 2.991291269593838731e+00 -8.948548963887230911e+01
8.500000000000000000e+02 -2.316901419850799115e+00 -1.780954319716857359e+00 2.922298834517917943e+00 -9.055305823169315715e+01
8.600000000000000000e+02 -2.187789412689064683e+00 -1.830390944827047450e+00 2.852499522380190555e+00 -9.162172108546734250e+01
8.700000000000000000e+02 -2.060608921444434749e+00 -1.869525071838227026e+00 2.782307157983842316e+00 -9.269159111278679575e+01
8.800000000000000000e+02 -1.936404549583041534e+00 -1.898965138931459906e+00 2.712145124900745330e+00 -9.376277049015391185e+01
8.900000000000000000e+02 -1.816094095782058382e+00 -1.919448865245528379e+00 2.642438591722955810e+00 -9.483534830226598444e+01
9.000000000000000000e+02 -1.700452112494926560e+00 -1.931816561036331370e+00 2.573606926549331320e+00 -9.590939816639998128e+01
9.100000000000000000e+02 -1.590099331995936227e+00 -1.936982814139866393e+00 2.506056325761079062e+00 -9.698497587656268593e+01
9.200000000000000000e+02 -1.485497876294801456e+00 -1.935907671893818627e+00 2.440172628027310164e+00 -9.806211718585676351e+01
9.300000000000000000e+02 -1.386952067837462055e+00 -1.929568456200273285e+00 2.376314471117347171e+00 -9.914083588909127798e+01
9.400000000000000000e+02 -1.294614377102658809e+00 -1.918933396851044026e+00 2.314807069055905497e+00 -1.002211223354911738e+02
9.500000000000000000e+02 -1.208495672760851125e+00 -1.904938088337647217e+00 2.255936814603013651e+00 -1.013029424508262935e+02
9.600000000000000000e+02 -1.128478704482353656e+00 -1.888465444653563363e+00 2.199946799838748746e+00 -1.023862373166368656e+02
9.700000000000000000e+02 -1.054333887136812864e+00 -1.870329378710595236e+00 2.147033285823250370e+00 -1.034709234393214388e+02
9.800000000000000000e+02 -9.857367090737160220e-01 -1.851262188799563946e+00 2.097343212565466519e+00 -1.045568939106522066e+02
9.900000000000000000e+02 -9.222860500075250600e-01 -1.831905534735780661e+00 2.050972804849949593e+00 -1.056440205703589612e+02
1.000000000000000000e+03 -8.635226165401717058e-01 -1.812804805342773884e+00 2.007967273525701035e+00 -1.067321571325173863e+02
1.010000000000000000e+03 -8.089467915793784325e-01 -1.794406747831377436e+00 1.968321744093010528e+00 -1.078211431020606170e+02
1.020000000000000000e+03 -7.580354154848398807e-01 -1.777060271400064506e+00 1.931983669526671887e+00 -1.089108082509511348e+02
1.030000000000000000e+03 -7.102572211697223414e-01 -1.761019944123037195e+00 1.898856646464614162e+00 -1.100009774829181737e+02
1.040000000000000000e+03 -6.650866846783057840e-01 -1.746451477452444889e+00 1.868805249680182134e+00 -1.110914758837960505e+02
1.050000000000000000e+03 -6.220159693063530559e-01 -1.733438736416780035e+00 1.841660587345650191e+00 -1.121821335912201079e+02
1.060000000000000000e+03 -5.805648364897346703e-01 -1.721991916539132639e+00 1.817226372798520506e+00 -1.132727901612518906e+02
1.070000000000000000e+03 -5.402885863251496446e-01 -1.712056593451338760e+00 1.795285363303960047e+00 -1.143632982145929020e+02
1.080000000000000000e+03 -5.007840821338866988e-01 -1.703523425950457026e+00 1.775606026031862017e+00 -1.154535261862829572e+02
1.090000000000000000e+03 -4.616939979980120290e-01 -1.696238141899463203e+00 1.757949140851899461e+00 -1.165433601453494816e+02
1.100000000000000000e+03 -4.227094265107839144e-01 -1.690011327641310679e+00 1.742073921168967310e+00 -1.176327047330854612e+02
1.110000000000000000e+03 -3.835709231294951449e-01 -1.684627658815666784e+00 1.727743326399256318e+00 -1.187214832633227530e+02
1.120000000000000000e+03 -3.440681250709731742e-01 -1.679854424928255430e+00 1.714728481025755480e+00 -1.198096370650587659e+02
1.130000000000000000e+03 -3.040381624334277388e-01 -1.675449325172692516e+00 1.702812275454204549e+00 -1.208971242075633228e+02
1.140000000000000000e+03 -2.633631214580386959e-01 -1.671167473998168562e+00 1.691792203520734228e+00 -1.219839177999858038e+02
1.150000000000000000e+03 -2.219668472005139059e-01 -1.666767462612479100e+00 1.681482398266415990e+00 -1.230700040867295968e+02
1.160000000000000000e+03 -1.798113035548553895e-01 -1.662016366834829784e+00 1.671714840668989233e+00 -1.241553804991545036e+02
1.170000000000000000e+03 -1.368926577694506708e-01 -1.656693742592283414e+00 1.662339843863345212e+00 -1.252400537604653863e+02
1.180000000000000000e+03 -9.323727618784700966e-02 -1.650594761719375914e+00 1.653226015125086379e+00 -1.263240381335930493e+02
1.190000000000000000e+03 -4.889769799690198149e-02 -1.643532628811691820e+00 1.644259859887744923e+00 -1.274073538293546619e+02
1.200000000000000000e+03 -3.948599310583875144e-03 -1.635340161746697607e+00 1.635344928771367945e+00 -1.284900255580272415e+02
1.210000000000000000e+03 4.151703547686633189e-02 -1.625870526608507394e+00 1.626400514488670623e+00 -1.295720813020876108e+02
1.220000000000000000e+03 8.739136518836572443e-02 -1.614997523136079582e+00 1.617360272309530389e+00 -1.306535513599925764e+02
1.230000000000000000e+03 1.335548448242045438e-01 -1.602615607600605951e+00 1.608170912030520761e+00 -1.317344675914750383e+02
1.240000000000000000e+03 1.798790874854055977e-01 -1.588639511595543841e+00 1.598790788038607191e+00 -1.328148628331491636e+02
1.250000000000000000e+03 2.262293967329404853e-01 -1.573003472509915346e+00 1.589188366580375433e+00 -1.338947704692288312e+02
1.260000000000000000e+03 2.724670558017322497e-01 -1.555660322100916426e+00 1.579340791044286263e+00 -1.349742240860942104e+02
1.270000000000000000e+03 3.184514743390193248e-01 -1.536580541167673619e+00 1.569232647189012564e+00 -1.360532571461248210e+02
1.280000000000000000e+03 3.640421772064780792e-01 -1.515751185252160349e+00 1.558854824022609886e+00 -1.371319026746235465e+02
1.290000000000000000e+03 4.091005109415180585e-01 -1.493174708694104957e+00 1.548203455213924995e+00 -1.382101930275366897e+02
1.300000000000000000e+03 4.534910591466875807e-01 -1.468867833536454004e+00 1.537279042049315425e+00 -1.392881597615477176e+02
1.310000000000000000e+03 4.970829009217718197e-01 -1.442860488653211259e+00 1.526085777440241875e+00 -1.403658335365341259e+02
1.320000000000000000e+03 5.397508631039980020e-01 -1.415194748932764313e+00 1.514631034816195987e+00 -1.414432439532383512e+02
1.330000000000000000e+03 5.813767610710757205e-01 -1.385923702025081417e+00 1.502924963578821327e+00 -1.425204193159817692e+02
1.340000000000000000e+03 6.218503983865570905e-01 -1.355110178909665786e+00 1.490980051831045206e+00 -1.435973864385450440e+02
1.350000000000000000e+03 6.610701576203005247e-01 -1.322825363021185918e+00 1.478810567431901202e+00 -1.446741705789225989e+02
1.360000000000000000e+03 6.989433063566804494e-01 -1.289147357841371244e+00 1.466431947186843443e+00 -1.457507954270921005e+02
1.370000000000000000e+03 7.353862041569212415e-01 -1.254159783563951747e+00 1.453860251872064691e+00 -1.468272830439906045e+02
1.380000000000000000e+03 7.703244172433886261e-01 -1.217950450762577796e+00 1.441111726520235115e+00 -1.479036537654825452e+02
1.390000000000000000e+03 8.036926723259151251e-01 -1.180610203625646060e+00 1.428202494205692119e+00 -1.489799261552807366e+02
1.400000000000000000e+03 8.354345934952372987e-01 -1.142232010505121798e+00 1.415148375906613243e+00 -1.500561170897778709e+02
1.410000000000000000e+03 8.655022811485535428e-01 -1.102910242100683780e+00 1.401964764465904345e+00 -1.511322419410478233e+02
1.420000000000000000e+03 8.938558506325062769e-01 -1.062740004197531007e+00 1.388666482000530555e+00 -1.522083147478449803e+02
1.430000000000000000e+03 9.204630303418223081e-01 -1.021816409306242068e+00 1.375267597434605582e+00 -1.532843482651008742e+02
1.440000000000000000e+03 9.452988370146419017e-01 -9.802338665751727520e-01 1.361781305658932961e+00 -1.543603539124890744e+02
1.450000000000000000e+03 9.683451560345358589e-01 -9.380855239725532924e-01 1.348219860223995203e+00 -1.554363417880332463e+02
1.460000000000000000e+03 9.895901555039220421e-01 -8.954628728896053547e-01 1.334594482452996722e+00 -1.565123208016426588e+02
1.470000000000000000e+03 1.009027715708453288e+00 -8.524554573865953389e-01 1.320915303074352565e+00 -1.575882988121525727e+02
1.480000000000000000e+03 1.026656924644702373e+00 -8.091507077964780192e-01 1.307191381875071556e+00 -1.586642827670849556e+02
1.490000000000000000e+03 1.042481630731214359e+00 -7.656339944424258581e-01 1.293430850048767233e+00 -1.597402789288667577e+02
1.500000000000000000e+03 1.056510102508589233e+00 -7.219888529474660643e-01 1.279641160827170276e+00 -1.608162931688239610e+02
1.510000000000000000e+03 1.068754808532148548e+00 -6.782972451100618416e-01 1.265829369814308158e+00 -1.618923312656201006e+02
1.520000000000000000e+03 1.079232280332761640e+00 -6.346397867568011053e-01 1.252002385719360733e+00 -1.629683991909681140e+02
1.530000000000000000e+03 1.087962999581059353e+00 -5.910958888318598170e-01 1.238167128561949104e+00 -1.640445033690146772e+02
1.540000000000000000e+03 1.094971306048929227e+00 -5.477437690814075388e-01 1.224330591645085065e+00 -1.651206508669217783e+02
1.550000000000000000e+03 1.100285382608882312e+00 -5.046604352167908258e-01 1.210499928978095996e+00 -1.661968495548454428e+02
1.560000000000000000e+03 1.103937401910687788e+00 -4.619217586607489157e-01 1.196682705842095240e+00 -1.672731083059776154e+02
1.570000000000000000e+03 1.105963846267834505e+00 -4.196025217658547191e-01 1.182887275070539701e+00 -1.683494371784748580e+02
1.580000000000000000e+03 1.106405847891734906e+00 -3.777762263773546958e-01 1.169123080545817928e+00 -1.694258474762386584e+02
1.590000000000000000e+03 1.105309432037883788e+00 -3.365146506605987686e-01 1.155400818184379785e+00 -1.705023516840390414e+02
1.600000000000000000e+03 1.102725643753613927e+00 -2.958872100281521589e-01 1.141732493384534530e+00 -1.715789632865139822e+02
1.610000000000000000e+03 1.098710523044881038e+00 -2.559601233681654264e-01 1.128131374532329145e+00 -1.726556964420278177e+02
1.620000000000000000e+03 1.093324899606205269e+00 -2.167955012274949134e-01 1.114611872111274327e+00 -1.737325655765700105e+02
1.630000000000000000e+03 1.086634060787736500e+00 -1.784504977263221270e-01 1.101189430662507851e+00 -1.748095849829210806e+02
1.640000000000000000e+03 1.078707302380514710e+00 -1.409764940302613012e-01 1.087880423611948144e+00 -1.758867683854407460e+02
1.650000000000000000e+03 1.069617201635422399e+00 -1.044182580167360014e-01 1.074701879891182488e+00 -1.769641284208301784e+02
1.660000000000000000e+03 1.059438550748923236e+00 -6.881321018118968791e-02 1.061670994568665538e+00 -1.780416761082605319e+02
1.670000000000000000e+03 1.048247161094197244e+00 -3.419092843589306013e-02 1.048804619712056851e+00 -1.791194203724486727e+02
1.680000000000000000e+03 1.036118692278820363e+00 -5.728819785090515830e-04 1.036118850655335821e+00 -1.801973676043009220e+02
1.690000000000000000e+03 1.023127474640211254e+00 3.202766378218994958e-02 1.023628643899241908e+00 -1.812755212233393536e+02
1.700000000000000000e+03 1.009345317914743356e+00 6.360554119602923606e-02 1.011347435685310936e+00 -1.823538812789100803e+02
1.710000000000000000e+03 9.948403577806815834e-01 9.416327336978004559e-02 9.992867754157994664e-01 -1.834324442003530464e+02
1.720000000000000000e+03 9.796760044016440405e-01 1.237104100938704182e-01 9.874559935338707017e-01 -1.845112026800359217e+02
1.730000000000000000e+03 9.639100870806811550e-01 1.522626706541845287e-01 9.758619660846665766e-01 -1.855901456656686719e+02
1.740000000000000000e+03 9.475942302402995399e-01 1.798408980568338422e-01 9.645089806728573967e-01 -1.866692585041934365e+02
1.750000000000000000e+03 9.307734339172674121e-01 2.064698892435788136e-01 9.533986576718038730e-01 -1.877485232101971064e+02
1.760000000000000000e+03 9.134858590746550711e-01 2.321771706182134687e-01 9.425299216924837298e-01 -1.888279188209716608e+02
1.770000000000000000e+03 8.957628300369890884e-01 2.569917737514335609e-01 9.318990393018891094e-01 -1.899074218145154020e+02
1.780000000000000000e+03 8.776290200018350696e-01 2.809430798084381342e-01 9.214997074560750123e-01 -1.909870065388035982e+02
1.790000000000000000e+03 8.591027815578463622e-01 3.040597385025065047e-01 9.113231665324004194e-01 -1.920666456544296921e+02
1.800000000000000000e+03 8.401966598907113504e-01 3.263686587006142115e-01 9.013583797100604977e-01 -1.931463106234259328e+02
1.810000000000000000e+03 8.209180897444265934e-01 3.478940874334859323e-01 8.915922869455614741e-01 -1.942259722535131345e+02
1.820000000000000000e+03 8.012701682233775990e-01 3.686568055541354361e-01 8.820100468623355283e-01 -1.953056012464318485e+02
1.830000000000000000e+03 7.812524306988268830e-01 3.886734916802387363e-01 8.725952346923135927e-01 -1.963851686651290152e+02
1.840000000000000000e+03 7.608616245592788596e-01 4.079562233171227237e-01 8.633300017201737120e-01 -1.974646463396566958e+02
1.850000000000000000e+03 7.400925393354125248e-01 4.265120970203264417e-01 8.541952561824581736e-01 -1.985440072570151813e+02
1.860000000000000000e+03 7.189389209630597799e-01 4.443429935129584729e-01 8.451709105024768354e-01 -1.996232259366534549e+02
1.870000000000000000e+03 6.973944338336588444e-01 4.614454637113923341e-01 8.362361582244524083e-01 -2.007022788147549477e+02
1.880000000000000000e+03 6.754536176601592112e-01 4.778107511575714339e-01 8.273697501915084906e-01 -2.017811446017117305e+02
1.890000000000000000e+03 6.531128048355316906e-01 4.934250195659510285e-01 8.185502952010916822e-01 -2.028598045282451778e+02
1.900000000000000000e+03 6.303709608197053393e-01 5.082697981984196645e-01 8.097565905909138717e-01 -2.039382424481105147e+02
1.910000000000000000e+03 6.072304263267683799e-01 5.223225303130759611e-01 8.009679246571881350e-01 -2.050164448961202197e+02
1.920000000000000000e+03 5.836976423244976120e-01 5.355571295729022463e-01 7.921643621695837467e-01 -2.060944012553129028e+02
1.930000000000000000e+03 5.597838354611276435e-01 5.479446009273377660e-01 7.833270250214723340e-01 -2.071721039717388919e+02
1.940000000000000000e+03 5.355055147321213793e-01 5.594537713475888907e-01 7.744382987582384414e-01 -2.082495486486602090e+02
1.950000000000000000e+03 5.108847063807948619e-01 5.700521018611834911e-01 7.654819279709639268e-01 -2.093267339527296826e+02
1.960000000000000000e+03 4.859490146904499874e-01 5.797065560728310585e-01 7.564430818194066708e-01 -2.104036613992969080e+02
1.970000000000000000e+03 4.607316541136486365e-01 5.883844832796178981e-01 7.473084753075678321e-01 -2.114803351850397064e+02
1.980000000000000000e+03 4.352714703944322583e-01 5.960544637246718569e-01 7.380665123587691889e-01 -2.125567621458233134e+02
1.990000000000000000e+03 4.096128743643929204e-01 6.026871049403210723e-01 7.287073852421186437e-01 -2.136329517749273350e+02
2.000000000000000000e+03 3.838056668925157178e-01 6.082557960348351500e-01 7.192231248707036118e-01 -2.147089162597341385e+02
2.010000000000000000e+03 3.579047179951732605e-01 6.127374354953083468e-01 7.096076042578544074e-01 -2.157846704632208059e+02
2.020000000000000000e+03 3.319694735234534066e-01 6.161131221501338073e-01 6.998564928876666036e-01 -2.168602317983140040e+02
2.030000000000000000e+03 3.060633916747945160e-01 6.183687855527891797e-01 6.899672127496422336e-01 -2.179356201076103616e+02
2.040000000000000000e+03 2.802533901508341141e-01 6.194958157367417284e-01 6.799389887382298880e-01 -2.190108576081273100e+02
2.050000000000000000e+03 2.546092962262958004e-01 6.194917210776677008e-01 6.697730109586534919e-01 -2.200859689002896573e+02
2.060000000000000000e+03 2.292032213329819879e-01 6.183606822584772900e-01 6.594725544195038092e-01 -2.211609810336383646e+02
2.070000000000000000e+03 2.041087312718715407e-01 6.161139291085366843e-01 6.490429475951279281e-01 -2.222359234527928322e+02
2.080000000000000000e+03 1.793998025815629338e-01 6.127700472730184256e-01 6.384915191302708015e-01 -2.233108276764288007e+02
2.090000000000000000e+03 1.551497152120355771e-01 6.083552618368287535e-01 6.278276505020563558e-01 -2.243857268622658694e+02
2.100000000000000000e+03 1.314299730902094843e-01 6.029035930381724251e-01 6.170628657801662253e-01 -2.254606554372139442e+02
2.110000000000000000e+03 1.083092320946286991e-01 5.964567736751451577e-01 6.062108318232951598e-01 -2.265356487802571337e+02
2.120000000000000000e+03 8.585220407239564644e-02 5.890639527747616455e-01 5.952872763655501220e-01 -2.276107428371538219e+02
2.130000000000000000e+03 6.411855472261004940e-02 5.807812362439579434e-01 5.843098779181954416e-01 -2.286859736144043893e+02
2.140000000000000000e+03 4.316185451868247841e-02 5.716710419085114792e-01 5.732981125402865086e-01 -2.297613766000200144e+02
2.150000000000000000e+03 2.302866920521675839e-02 5.618012712720077406e-01 5.622730546702441323e-01 -2.308369862054465784e+02
2.160000000000000000e+03 3.757868759068107127e-03 5.512443669551803094e-01 5.512571756244338816e-01 -2.319128353255694037e+02
2.170000000000000000e+03 -1.461986174825548671e-02 5.400762818095888873e-01 5.402741253574971925e-01 -2.329889549812036478e+02
2.180000000000000000e+03 -3.208236125280623102e-02 5.283753439402787411e-01 5.293484504440939542e-01 -2.340653739364429669e+02
2.190000000000000000e+03 -4.861618728509116416e-02 5.162210281623201835e-01 5.185052396872205094e-01 -2.351421182460452997e+02
2.200000000000000000e+03 -6.421660228574302409e-02 5.036927033681445343e-01 5.077697425363537631e-01 -2.362192108341706671e+02
2.210000000000000000e+03 -7.888730825004382219e-02 4.908684237556282248e-01 4.971669909027272016e-01 -2.372966712129940277e+02
2.220000000000000000e+03 -9.263998344645982264e-02 4.778238010797707380e-01 4.867214310170455693e-01 -2.383745152859286520e+02
2.230000000000000000e+03 -1.054937165091989343e-01 4.646309828358393679e-01 4.764565818979955014e-01 -2.394527550941465108e+02
2.240000000000000000e+03 -1.174743596248462169e-01 4.513577221436560483e-01 4.663947024870431779e-01 -2.405313984884245428e+02
2.250000000000000000e+03 -1.286137677508692179e-01 4.380665307891746241e-01 4.565564441038341137e-01 -2.416104488162200994e+02
2.260000000000000000e+03 -1.389488850486415294e-01 4.248139748263441984e-01 4.469605193571557500e-01 -2.426899047771718472e+02
2.270000000000000000e+03 -1.485206779953134326e-01 4.116501936776646997e-01 4.376234382971808112e-01 -2.437697605798270786e+02
2.280000000000000000e+03 -1.573730352580309522e-01 3.986186083601394592e-01 4.285592924640646562e-01 -2.448500062236034012e+02
2.290000000000000000e+03 -1.655517377510131449e-01 3.857557533645266101e-01 4.197795601577257729e-01 -2.459306276960285231e+02
2.300000000000000000e+03 -1.731034838262145992e-01 3.730912691692907512e-01 4.112929749498825394e-01 -2.470116071866865184e+02
2.310000000000000000e+03 -1.800749191359776458e-01 3.606481163531454759e-01 4.031054952874009722e-01 -2.480929235570887386e+02
2.320000000000000000e+03 -1.865116815073870893e-01 3.484429829791148014e-01 3.952203432594236787e-01 -2.491745531150986892e+02
2.330000000000000000e+03 -1.924575398524765724e-01 3.364867954113050508e-01 3.876380633171064849e-01 -2.502564704912205684e+02
2.340000000000000000e+03 -1.979536544565997369e-01 3.247852711172261597e-01 3.803565717158216564e-01 -2.513386495019945812e+02
2.350000000000000000e+03 -2.030379365477205933e-01 3.133395356837926360e-01 3.733712205032559406e-01 -2.524210640775061165e+02
2.360000000000000000e+03 -2.077445575508575226e-01 3.021468765459703332e-01 3.666749735099020802e-01 -2.535036892645522357e+02
2.370000000000000000e+03 -2.121036614643460050e-01 2.912016049711044219e-01 3.602587097411095729e-01 -2.545865022016643593e+02
2.380000000000000000e+03 -2.161412451805772295e-01 2.804958941330538691e-01 3.541115424463198158e-01 -2.556694829733903873e+02
2.390000000000000000e+03 -2.198791882433879796e-01 2.700205122499692023e-01 3.482210999613708502e-01 -2.567526152234760843e+02
2.400000000000000000e+03 -2.233354464542533224e-01 2.597654498162270120e-01 3.425738030864990402e-01 -2.578358864370422339e+02
2.410000000000000000e+03 -2.265243353082114774e-01 2.497204489673579275e-01 3.371551232285902033e-01 -2.589192880258973446e+02
2.420000000000000000e+03 -2.294568597698628254e-01 2.398754676597097402e-01 3.319498312703456633e-01 -2.600028153432675708e+02
2.430000000000000000e+03 -2.321411287819885594e-01 2.302210700134256216e-01 3.269422651635949251e-01 -2.610864675107849848e+02
2.440000000000000000e+03 -2.345828251240080209e-01 2.207486967181065129e-01 3.221165766394264440e-01 -2.621702470056431480e+02
2.450000000000000000e+03 -2.367856871055257773e-01 2.114508275210702781e-01 3.174569483841571116e-01 -2.632541590895107220e+02
2.460000000000000000e+03 -2.387519835186754091e-01 2.023211038882517521e-01 3.129478210703225405e-01 -2.643382112480252886e+02
2.470000000000000000e+03 -2.404829399848292804e-01 1.933544223829688213e-01 3.085741030592141776e-01 -2.654224127551892707e+02
2.480000000000000000e+03 -2.419791228953626638e-01 1.845469505666033905e-01 3.043213316227460496e-01 -2.665067742207903621e+02
2.490000000000000000e+03 -2.432408064526281055e-01 1.758960520522402649e-01 3.001758002426066496e-01 -2.675913069988486086e+02
2.500000000000000000e+03 -2.442682663160345713e-01 1.674001363941579057e-01 2.961246217284606019e-01 -2.686760225686366539e+02
2.510000000000000000e+03 -2.450619704630053186e-01 1.590585030534086008e-01 2.921557405919009143e-01 -2.697609320920357163e+02
2.520000000000000000e+03 -2.456227285028210749e-01 1.508712056912368260e-01 2.882579495242031387e-01 -2.708460460901482634e+02
2.530000000000000000e+03 -2.459518578773452202e-01 1.428389165894786983e-01 2.844209424177022161e-01 -2.719313740806317696e+02
2.540000000000000000e+03 -2.460513320951515093e-01 1.349628396283718001e-01 2.806353971015633220e-01 -2.730169243988856920e+02
2.550000000000000000e+03 -2.459238581447549810e-01 1.272446620506135218e-01 2.768930263209538056e-01 -2.741027042871000958e+02
2.560000000000000000e+03 -2.455729145491297172e-01 1.196864414387957820e-01 2.731865674304585490e-01 -2.751887198590606545e+02
2.570000000000000000e+03 -2.450028315442544513e-01 1.122904177095843531e-01 2.695097871582686211e-01 -2.762749757280670906e+02
2.580000000000000000e+03 -2.442188905015175160e-01 1.050588040567282527e-01 2.658575159509736774e-01 -2.773614744929866447e+02
2.590000000000000000e+03 -2.432273284740493480e-01 9.799356672901850251e-02 2.622256136171630669e-01 -2.784482162786032973e+02
2.600000000000000000e+03 -2.420352538068525905e-01 9.109620607425447658e-02 2.586108714777292095e-01 -2.795351983219510430e+02
2.610000000000000000e+03 -2.406505315737082762e-01 8.436756294917940879e-02 2.550109096189653868e-01 -2.806224145775866532e+02
2.620000000000000000e+03 -2.390816526876390347e-01 7.780768221849652944e-02 2.514240880744472162e-01 -2.817098554416278375e+02
2.630000000000000000e+03 -2.373376007114255670e-01 7.141578254445317409e-02 2.478494516998024366e-01 -2.827975077885155883e+02
2.640000000000000000e+03 -2.354277009937782994e-01 6.519030501383080156e-02 2.442866722991906825e-01 -2.838853552834019638e+02
2.650000000000000000e+03 -2.333614112204032975e-01 5.912894511108579554e-02 2.407359142228844284e-01 -2.849733786585903204e+02
2.660000000000000000e+03 -2.311480709717910753e-01 5.322868230684981578e-02 2.371976461394668112e-01 -2.860615559508880779e+02
2.670000000000000000e+03 -2.287967032801176415e-01 4.748592322814865208e-02 2.336725151503270537e-01 -2.871498630738748261e+02
2.680000000000000000e+03 -2.263158901093229591e-01 4.189675727216957829e-02 2.301612921103334541e-01 -2.882382747863264854e+02
2.690000000000000000e+03 -2.237136638966117363e-01 3.645721048180711188e-02 2.266648001127677114e-01 -2.893267656987449641e+02
2.700000000000000000e+03 -2.209974131819307519e-01 3.116347308315306833e-02 2.231838226388943025e-01 -2.904153112131704688e+02
2.710000000000000000e+03 -2.181738395262223795e-01 2.601209022467622020e-02 2.197190321557750958e-01 -2.915038883169093538e+02
2.720000000000000000e+03 -2.152489942737892681e-01 2.100007736516390847e-02 2.162709707409217474e-01 -2.925924760450596978e+02
2.730000000000000000e+03 -2.122283534859507326e-01 1.612496506505043531e-02 2.128400538472652037e-01 -2.936810556533506542e+02
2.740000000000000000e+03 -2.091168963344331999e-01 1.138481851596228299e-02 2.094265752601313924e-01 -2.947696107117157567e+02
2.750000000000000000e+03 -2.059192069257633761e-01 6.778284051674618449e-03 2.060307377932247830e-01 -2.958581273595147536e+02
2.760000000000000000e+03 -2.026395838208070455e-01 2.304637470268358981e-03 2.026526888174426666e-01 -2.969465946351888306e+02
2.770000000000000000e+03 -1.992821100494113762e-01 -2.036254336515667691e-03 1.992925129488528624e-01 -2.980350044463197605e+02
2.780000000000000000e+03 -1.958506684168584699e-01 -6.244093799824248538e-03 1.959501799609054962e-01 -2.991233509227141099e+02
2.790000000000000000e+03 -1.923489265006828319e-01 -1.031837464863312459e-02 1.926254873617576080e-01 -3.002116293614973870e+02
2.800000000000000000e+03 -1.887803201179462098e-01 -1.425854170194040989e-02 1.893180268101804786e-01 -3.012998353659405666e+02
2.810000000000000000e+03 -1.851480432347863414e-01 -1.806400964690902181e-02 1.860271656457570533e-01 -3.023879646362010476e+02
2.820000000000000000e+03 -1.814550512754080913e-01 -2.173410485877915257e-02 1.827520367803691093e-01 -3.034760131534265497e+02
2.830000000000000000e+03 -1.777040622583080098e-01 -2.526802686763077871e-02 1.794915232675012018e-01 -3.045639772666740441e+02
2.840000000000000000e+03 -1.738975103414322765e-01 -2.866481703823258939e-02 1.762441937732528441e-01 -3.056518536951127771e+02
2.850000000000000000e+03 -1.700374736620731408e-01 -3.192327861664837063e-02 1.730082026003864903e-01 -3.067396397318865411e+02
2.860000000000000000e+03 -1.661256700225543226e-01 -3.504185840835708637e-02 1.697812418412409652e-01 -3.078273336975302072e+02
2.870000000000000000e+03 -1.621635644620683381e-01 -3.801855076762283847e-02 1.665605951043454547e-01 -3.089149354322083241e+02
2.880000000000000000e+03 -1.581525446962195602e-01 -4.085082716680218939e-02 1.633432504699893206e-01 -3.100024468481185522e+02
2.890000000000000000e+03 -1.540941057313229001e-01 -4.353556347794805548e-02 1.601260088445302099e-01 -3.110898726839239430e+02
2.900000000000000000e+03 -1.499900408756880688e-01 -4.606899493523140127e-02 1.569055915390938361e-01 -3.121772213064565449e+02
2.910000000000000000e+03 -1.458426352750604171e-01 -4.844671850973007732e-02 1.536787519416243919e-01 -3.132645054473942423e+02
2.920000000000000000e+03 -1.416548664476170727e-01 -5.066380292803718960e-02 1.504424212628313884e-01 -3.143517425143965625e+02
2.930000000000000000e+03 -1.374306196216096287e-01 -5.271500845124429263e-02 1.471939106267453889e-01 -3.154389544643696013e+02
2.940000000000000000e+03 -1.331748877352579852e-01 -5.459502124960435160e-02 1.439311191804723000e-01 -3.165261677676212457e+02
2.950000000000000000e+03 -1.288939471623498090e-01 -5.629868119345261823e-02 1.406527323560144704e-01 -3.176134135901918398e+02
2.960000000000000000e+03 -1.245955016964676865e-01 -5.782124972028077070e-02 1.373584215190664926e-01 -3.187007278779040007e+02
2.970000000000000000e+03 -1.202887344818853871e-01 -5.915872472616456879e-02 1.340489998264799976e-01 -3.197881510687879540e+02
2.980000000000000000e+03 -1.159842344643810808e-01 -6.030818014524965548e-02 1.307265054865325016e-01 -3.208757273275686543e+02
2.990000000000000000e+03 -1.116938624032357968e-01 -6.126814267919746676e-02 1.273942863942942594e-01 -3.219635032527196472e+02
3.000000000000000000e+03 -1.074306044125957066e-01 -6.203898123072820736e-02 1.240571237640236274e-01 -3.230515262795650528e+02
3.010000000000000000e+03 -1.032083601487395474e-01 -6.262320021011856530e-02 1.207212939342041796e-01 -3.241398432614452076e+02
3.020000000000000000e+03 -9.904161774559508413e-02 -6.302558109030682865e-02 1.173944884457333304e-01 -3.252284993106569573e+02
3.030000000000000000e+03 -9.494507096624864306e-02 -6.325323948590505507e-02 1.140856643327602671e-01 -3.263175365041275882e+02
3.040000000000000000e+03 -9.093321808250187654e-02 -6.331567023718658038e-02 1.108048927097716185e-01 -3.274069919807089946e+02
3.050000000000000000e+03 -8.701991579156619083e-02 -6.322473960972238571e-02 1.075631602505638107e-01 -3.284968954606719649e+02
3.060000000000000000e+03 -8.321791230180089483e-02 -6.299453809847919972e-02 1.043720880221861297e-01 -3.295872668216458123e+02
3.070000000000000000e+03 -7.953841226194495462e-02 -6.264106432818961068e-02 1.012435774028135754e-01 -3.306781142371089572e+02
3.080000000000000000e+03 -7.599065384812662971e-02 -6.218180234991421002e-02 9.818938850888928038e-02 -3.317694323784095900e+02
3.090000000000000000e+03 -7.258151558231075440e-02 -6.163527423720897847e-02 9.522070906331865647e-02 -3.328612001946864325e+02
3.100000000000000000e+03 -6.931524052968199290e-02 -6.102059449411271347e-02 9.234779652001778860e-02 -3.339533787305672945e+02
3.110000000000000000e+03 -6.619328995608718402e-02 -6.035699475859963858e-02 8.957967655389394157e-02 -3.350459096095241875e+02
3.120000000000000000e+03 -6.321428581900899457e-02 -5.966326878407593459e-02 8.692382627109929150e-02 -3.361387146607027603e+02
3.130000000000000000e+03 -6.037401228899558214e-02 -5.895713501361080772e-02 8.438581118224154631e-02 -3.372316968086705629e+02
3.140000000000000000e+03 -5.766546217770950750e-02 -5.825460689407145620e-02 8.196892553005463711e-02 -3.383247415837969925e+02
3.150000000000000000e+03 -5.507899274736392792e-02 -5.756949670533949293e-02 7.967397563175984687e-02 -3.394177188453094232e+02
3.160000000000000000e+03 -5.260262298855174906e-02 -5.691305533183288468e-02 7.749923749611982438e-02 -3.405104851376447073e+02
3.170000000000000000e+03 -5.022244056597537781e-02 -5.629365957503265627e-02 7.544050400648577570e-02 -3.416028873461684725e+02
3.180000000000000000e+03 -4.792312672120166428e-02 -5.571653109248120989e-02 7.349120975814575629e-02 -3.426947680079829865e+02
3.190000000000000000e+03 -4.568855006992390139e-02 -5.518354951955908166e-02 7.164263915483273792e-02 -3.437859713157473038e+02
3.200000000000000000e+03 -4.350235561583790794e-02 -5.469319873744543647e-02 6.988419658449632199e-02 -3.448763485925111354e+02
3.210000000000000000e+03 -4.134854827057036358e-02 -5.424063651273415554e-02 6.820373225410934770e-02 -3.459657630812266120e+02
3.220000000000000000e+03 -3.921206907340929471e-02 -5.381788081844951499e-02 6.658791674776030900e-02 -3.470540939420473023e+02
3.230000000000000000e+03 -3.707935296497294475e-02 -5.341411305280804878e-02 6.502265673993340434e-02 -3.481412392928345412e+02
3.240000000000000000e+03 -3.493884163905899148e-02 -5.301607289790964683e-02 6.349351652409647440e-02 -3.492271182595735581e+02
3.250000000000000000e+03 -3.278142446466880688e-02 -5.260853058507423963e-02 6.198612167456097471e-02 -3.503116719326084194e+02
3.260000000000000000e+03 -3.060080508318726439e-02 -5.217484606444001277e-02 6.048655911512268446e-02 -3.513948632762952684e+02
3.270000000000000000e+03 -2.839374850812278334e-02 -5.169760346825991171e-02 5.898175276052725069e-02 -3.524766756842637960e+02
3.280000000000000000e+03 -2.616019721879878079e-02 -5.115927503731931836e-02 5.745978890381107929e-02 -3.535571105187524950e+02
3.290000000000000000e+03 -2.390328002165800075e-02 -5.054286671343029280e-02 5.591017949716647201e-02 -3.546361844403947998e+02
3.300000000000000000e+03 -2.162922828624979157e-02 -4.983253717815136485e-02 5.432407641065373910e-02 -3.557139268817794004e+02
3.310000000000000000e+03 -1.934720859270321058e-02 -4.901417756417258964e-02 5.269444071836998367e-02 -3.567903779625713696e+02
3.320000000000000000e+03 -1.706903490308042670e-02 -4.807591555543763717e-02 5.101613087069763880e-02 -3.578655864242074927e+02
3.330000000000000000e+03 -1.480877013191074162e-02 -4.700854392338809501e-02 4.928592978342682951e-02 -3.589396074142920270e+02
3.340000000000000000e+03 -1.258229989394698059e-02 -4.580591323032010692e-02 4.750258895560149214e-02 -3.600125011298796380e+02
3.350000000000000000e+03 -1.040684343783495822e-02 -4.446523438376537990e-02 4.566683106087830041e-02 -3.610843319839105447e+02
3.360000000000000000e+03 -8.300337781685438246e-03 -4.298723299833966116e-02 4.378124950413837813e-02 -3.621551667953351625e+02
3.370000000000000000e+03 -6.280784093701656870e-03 -4.137622151720202202e-02 4.185020855231509629e-02 -3.632250726002074543e+02
3.380000000000000000e+03 -4.365650718408156314e-03 -3.964009043358945189e-02 3.987976524226650304e-02 -3.642941158655787035e+02
3.390000000000000000e+03 -2.571316410904816389e-03 -3.779014411883467595e-02 3.787752183825234681e-02 -3.653623629830142931e+02
3.400000000000000000e+03 -9.124782315154704102e-04 -3.584075895353810992e-02 3.585237256986784082e-02 -3.664298794468712686e+02
3.410000000000000000e+03 5.984137463064897024e-04 -3.380893828443755356e-02 3.381423379189119061e-02 -3.674967276924150497e+02
3.420000000000000000e+03 1.951597448424635542e-03 -3.171386675060501592e-02 3.177385838823840181e-02 -3.685629655456737623e+02
3.430000000000000000e+03 3.140340684081353775e-03 -2.957643486854949835e-02 2.974268379191170181e-02 -3.696286449135437238e+02
3.440000000000000000e+03 4.161182814121618459e-03 -2.741864958282165532e-02 2.773261234283757801e-02 -3.706938103564473295e+02
3.450000000000000000e+03 5.014045904195317538e-03 -2.526294830719398588e-02 2.575572195651547325e-02 -3.717584976042515450e+02
3.460000000000000000e+03 5.702231596472029200e-03 -2.313153647865611243e-02 2.382400942417548656e-02 -3.728227313235786937e+02
3.470000000000000000e+03 6.232313726951733794e-03 -2.104583277241222489e-02 2.194923259422732961e-02 -3.738865226552269405e+02
3.480000000000000000e+03 6.613917427472899499e-03 -1.902598976793802230e-02 2.014279499938159343e-02 -3.749498679081072510e+02
3.490000000000000000e+03 6.859431198785793417e-03 -1.709042012379075048e-02 1.841559818139361371e-02 -3.760127464547797445e+02
3.500000000000000000e+03 6.983686080269006953e-03 -1.525533705320819555e-02 1.677787769280519176e-02 -3.770751154984970412e+02
3.510000000000000000e+03 7.003581833169916782e-03 -1.353439472379238534e-02 1.523909442956919436e-02 -3.781369035596942467e+02
3.520000000000000000e+03 6.937665922787451464e-03 -1.193844377636815203e-02 1.380788355461146436e-02 -3.791980044118999444e+02
3.530000000000000000e+03 6.805645370791428735e-03 -1.047532492108628997e-02 1.249196706348949110e-02 -3.802582730456470017e+02
3.540000000000000000e+03 6.627827819754568243e-03 -9.149659206448066198e-03 1.129798058072558654e-02 -3.813175241967606439e+02
3.550000000000000000e+03 6.424561919786737733e-03 -7.962685291632399381e-03 1.023129282714324399e-02 -3.823755318177520053e+02
3.560000000000000000e+03 6.215654511650201518e-03 -6.912210646029627592e-03 9.295860208893140172e-03 -3.834320372012138591e+02
3.570000000000000000e+03 6.019751688653308258e-03 -5.992696513945194176e-03 8.494105126574266751e-03 -3.844867752913381764e+02
3.580000000000000000e+03 5.853778790664445827e-03 -5.195470888260258525e-03 7.826854021942195733e-03 -3.855395184744115795e+02
3.590000000000000000e+03 5.732476035616325231e-03 -4.509052235322911703e-03 7.293341727890309718e-03 -3.865901337992036133e+02
3.600000000000000000e+03 5.667964677909872497e-03 -3.919544242687872035e-03 6.891200959224858501e-03 -3.876386453484612957e+02
3.610000000000000000e+03 5.669341084422041890e-03 -3.411090619831010605e-03 6.616416518646237900e-03 -3.886852782754895088e+02
3.620000000000000000e+03 5.742387611878464401e-03 -2.966412389001517932e-03 6.463328704829807321e-03 -3.897304541914707556e+02
3.630000000000000000e+03 5.889440419474147384e-03 -2.567410858634058390e-03 6.424726217635105645e-03 -3.907747251635056500e+02
3.640000000000000000e+03 6.109375243561716157e-03 -2.195775774671651550e-03 6.491987147189962754e-03 -3.918186633157047822e+02
3.650000000000000000e+03 6.397707082525651116e-03 -1.833579664423575298e-03 6.655273871118043763e-03 -3.928627472607396385e+02
3.660000000000000000e+03 6.746809972460502194e-03 -1.463854330805015218e-03 6.903789850966574569e-03 -3.939072875959739690e+02
3.670000000000000000e+03 7.146217692405201598e-03 -1.071128187977629523e-03 7.226046145875721083e-03 -3.949524092363118370e+02
3.680000000000000000e+03 7.582993879231550959e-03 -6.419040279657000671e-04 7.610114122244274887e-03 -3.959980785313816227e+02
3.690000000000000000e+03 8.042191095336388706e-03 -1.650709860033656420e-04 8.043885009392416283e-03 -3.970441521273127705e+02
3.700000000000000000e+03 8.507362824864889150e-03 3.677642913232233822e-04 8.515308145209166818e-03 -3.980904273417223749e+02
3.710000000000000000e+03 8.961099474696813255e-03 9.620652484605788377e-04 9.012595260950478221e-03 -3.991366788620043167e+02
3.720000000000000000e+03 9.385577254003357392e-03 1.620286477240699078e-03 9.524410147573143456e-03 -4.001826786008635963e+02
3.730000000000000000e+03 9.763081825249528278e-03 2.341926117385596719e-03 1.004003907690654597e-02 -4.012282019355479292e+02
3.740000000000000000e+03 1.007646169637182315e-02 3.123655571341776762e-03 1.054951678736154412e-02 -4.022730280212042544e+02
3.750000000000000000e+03 1.030950125091611470e-02 3.959466709592900958e-03 1.104369470182037238e-02 -4.033169394850745562e+02
3.760000000000000000e+03 1.044727091900060287e-02 4.840850654175842677e-03 1.151430869444754722e-02 -4.043597207404475284e+02
3.770000000000000000e+03 1.047649618628858012e-02 5.757023361185420116e-03 1.195409094505114726e-02 -4.054011562980888925e+02
3.780000000000000000e+03 1.038590719838163035e-02 6.695213675194596620e-03 1.235689906448653001e-02 -4.064410285244774741e+02
3.790000000000000000e+03 1.016652292372537472e-02 7.640989481419879596e-03 1.271781854776214346e-02 -4.074791156949292485e+02
3.800000000000000000e+03 9.811895405326115718e-03 8.578568350811449292e-03 1.303323161746938394e-02 -4.085151943549605562e+02
3.810000000000000000e+03 9.318301212480303505e-03 9.491125216918567739e-03 1.330083438622327308e-02 -4.095490433215950361e+02
3.820000000000000000e+03 8.684813887728964552e-03 1.036115941039299215e-02 1.351960119944612716e-02 -4.105804417062644234e+02
3.830000000000000000e+03 7.913306338179271204e-03 1.117091136374386527e-02 1.368976544351619036e-02 -4.116091644174195494e+02
3.840000000000000000e+03 7.008478621234853767e-03 1.190278422832539637e-02 1.381285795809027335e-02 -4.126349840004082807e+02
3.850000000000000000e+03 5.977934450579234366e-03 1.253975513217901912e-02 1.389176587300664650e-02 -4.136576826804429743e+02
3.860000000000000000e+03 4.832212756977694729e-03 1.306579301877705893e-02 1.393072960538037711e-02 -4.146770695350378446e+02
3.870000000000000000e+03 3.584678649371486701e-03 1.346630397967873635e-02 1.393525255933207412e-02 -4.156929961461342486e+02
3.880000000000000000e+03 2.251328116038135187e-03 1.372859425984409090e-02 1.391196530463931040e-02 -4.167053745805116591e+02
3.890000000000000000e+03 8.505220015889645687e-04 1.384233155614211265e-02 1.386843648669000562e-02 -4.177141994614685245e+02
3.900000000000000000e+03 -5.974137878952188833e-04 1.379997891934324136e-02 1.381290416271267578e-02 -4.187195691520433911e+02
3.910000000000000000e+03 -2.070678385490665706e-03 1.359715283403315801e-02 1.375391850231032047e-02 -4.197217065597992018e+02
3.920000000000000000e+03 -3.546535528964148924e-03 1.323285873833743645e-02 1.369987097191059135e-02 -4.207209771450658309e+02
3.930000000000000000e+03 -5.001919295894976560e-03 1.270962495509285820e-02 1.365846855038168640e-02 -4.217178962026027875e+02
3.940000000000000000e+03 -6.414124010554195753e-03 1.203356038535890668e-02 1.363625910471222454e-02 -4.227131199902200365e+02
3.950000000000000000e+03 -7.761548373363109585e-03 1.121428735577158393e-02 1.363825040281465076e-02 -4.237074203623689073e+02
3.960000000000000000e+03 -9.024368253477622198e-03 1.026467678963836200e-02 1.366758252106477049e-02 -4.247016476831013847e+02
3.970000000000000000e+03 -1.018509685450932380e-02 9.200400298993037865e-03 1.372528919904593067e-02 -4.256966829876462839e+02
3.980000000000000000e+03 -1.122907795787002165e-02 8.039397518111656218e-03 1.381028979558873021e-02 -4.266933837954727551e+02
3.990000000000000000e+03 -1.214488741229494649e-02 6.801286719656206292e-03 1.391961893516816505e-02 -4.276925344417358588e+02
4.000000000000000000e+03 -1.292458173843424180e-02 5.506686416658584590e-03 1.404878672358862712e-02 -4.286948074281648360e+02
4.010000000000000000e+03 -1.356377747268077208e-02 4.176507701325973300e-03 1.419222589686471719e-02 -4.297007402389616004e+02
4.020000000000000000e+03 -1.406159064169544733e-02 2.831285208411662285e-03 1.434379682322597764e-02 -4.307107289330646722e+02
4.030000000000000000e+03 -1.442048843731663470e-02 1.490561867845575407e-03 1.449731911260347672e-02 -4.317250351279263896e+02
4.040000000000000000e+03 -1.464603708342940638e-02 1.723300765592015223e-04 1.464705089444548296e-02 -4.327438025171168192e+02
4.050000000000000000e+03 -1.474649115497387274e-02 -1.107462549296975990e-03 1.478801794297728012e-02 -4.337670773727175515e+02
4.060000000000000000e+03 -1.473225361457928227e-02 -2.335328671441480337e-03 1.491620114398907460e-02 -4.347948267252103847e+02
4.070000000000000000e+03 -1.461529189949641212e-02 -3.500565380718289547e-03 1.502866312391653962e-02 -4.358269514393341524e+02
4.080000000000000000e+03 -1.440857512330870338e-02 -4.595452640541250987e-03 1.512366430649291979e-02 -4.368632967750180569e+02
4.090000000000000000e+03 -1.412553192283291272e-02 -5.615303875286636881e-03 1.520073319661853668e-02 -4.379036626283219675e+02
4.100000000000000000e+03 -1.377949478545880194e-02 -6.558353196347841037e-03 1.526061837510303033e-02 -4.389478134093394601e+02
4.110000000000000000e+03 -1.338315076088672680e-02 -7.425468520951662189e-03 1.530510722093337758e-02 -4.399954874056567178e+02
4.120000000000000000e+03 -1.294805929835945134e-02 -8.219752405650884719e-03 1.533677179865554699e-02 -4.410464033884830428e+02
4.130000000000000000e+03 -1.248425436102451082e-02 -8.946115102648479270e-03 1.535869728787551611e-02 -4.421002618660045300e+02
4.140000000000000000e+03 -1.199995495881944416e-02 -9.610834005523429327e-03 1.537423329130337135e-02 -4.431567436924144090e+02
4.150000000000000000e+03 -1.150144795943094760e-02 -1.022106102996238851e-02 1.538679283482149648e-02 -4.442155133152949134e+02
4.160000000000000000e+03 -1.099315105517073739e-02 -1.078427984490730636e-02 1.539967733087532764e-02 -4.452762294523000151e+02
4.170000000000000000e+03 -1.047778001635751161e-02 -1.130781126699593846e-02 1.541591611683136749e-02 -4.463385569778511126e+02
4.180000000000000000e+03 -9.956552174725649337e-03 -1.179842790779848764e-02 1.543812917109946455e-02 -4.474021754411837719e+02
4.190000000000000000e+03 -9.429425643208685925e-03 -1.226203314786174399e-02 1.546840408316454973e-02 -4.484667870444491768e+02
4.200000000000000000e+03 -8.895392136028705890e-03 -1.270337092656311125e-02 1.550817958857745107e-02 -4.683816824847452835e+02
