0.000000000000000000e+00 1.861702558607717961e+01 1.986476986318878677e-14 1.861702558607717961e+01 1.067021677084911869e-15
1.000000000000000000e+01 1.847239823685923099e+01 2.213206348961268777e+00 1.860450964052002476e+01 -9.907568698286326470e-01
2.000000000000000000e+01 1.802118812397116088e+01 4.371083871161461687e+00 1.854372119096614924e+01 -1.982042956699225922e+00
3.000000000000000000e+01 1.727576302527478802e+01 6.422363736444581583e+00 1.843091815587736804e+01 -2.974076658580431243e+00
4.000000000000000000e+01 1.626093145896280845e+01 8.321021671172504242e+00 1.826628844525369999e+01 -3.967021492200918154e+00
5.000000000000000000e+01 1.501037235434379724e+01 1.002785123780687648e+01 1.805184419009962227e+01 -4.961032393312293287e+00
6.000000000000000000e+01 1.356398107237601991e+01 1.151175078381457517e+01 1.779050276525175889e+01 -5.956261135020440634e+00
7.000000000000000000e+01 1.196572033647288436e+01 1.275064333552579932e+01 1.748591915343511971e+01 -6.952855286075395824e+00
8.000000000000000000e+01 1.026141052070437887e+01 1.373180721495364409e+01 1.714231825813169863e+01 -7.950957297953134884e+00
9.000000000000000000e+01 8.496615556441984296e+00 1.445164240467679839e+01 1.676432056799870907e+01 -8.950704057079599707e+00
1.000000000000000000e+02 6.714762781888512500e+00 1.491496279174084272e+01 1.635677701431577802e+01 -9.952226501167574568e+00
1.100000000000000000e+02 4.955594216074458380e+00 1.513391896246225166e+01 1.592461670486185099e+01 -1.095564946469034240e+01
1.200000000000000000e+02 3.254001832427056318e+00 1.512667471447543832e+01 1.547271197440801771e+01 -1.196109146831795300e+01
1.300000000000000000e+02 1.639258714022133079e+00 1.491595609244644116e+01 1.500576273580545461e+01 -1.296866407246669262e+01
1.400000000000000000e+02 1.346340136027894541e-01 1.452757947661564764e+01 1.452820332205613774e+01 -1.397847088524271086e+01
1.500000000000000000e+02 -1.242645181322468595e+00 1.398905105556776718e+01 1.404413459355704141e+01 -1.499060637661540696e+01
1.600000000000000000e+02 -2.481142287373172106e+00 1.332830678623817278e+01 1.355727955152780417e+01 -1.600515453770484697e+01
1.700000000000000000e+02 -3.574735954564489226e+00 1.257263979432204337e+01 1.307096050574043744e+01 -1.702218743654184507e+01
1.800000000000000000e+02 -4.521988272001872033e+00 1.174783932476632842e+01 1.258809384826188271e+01 -1.804176376730468689e+01
1.900000000000000000e+02 -5.325419534049624204e+00 1.087754701519584088e+01 1.211119821823725573e+01 -1.906392749521759455e+01
2.000000000000000000e+02 -5.990745650948447576e+00 9.982822344425359873e+00 1.164241278321276418e+01 -2.008870667250095110e+01
2.100000000000000000e+02 -6.526124511394221450e+00 9.081897499184018230e+00 1.118352195526549586e+01 -2.111611247983205431e+01
2.200000000000000000e+02 -6.941446973242170415e+00 8.190095433234910516e+00 1.073598385281145262e+01 -2.214613854199237863e+01
2.300000000000000000e+02 -7.247697718011406387e+00 7.319882007676091540e+00 1.030096086867472316e+01 -2.317876060188500631e+01
2.400000000000000000e+02 -7.456401479458895309e+00 6.481021559375112595e+00 9.879350356980049597e+00 -2.421393662210811470e+01
2.500000000000000000e+02 -7.579162028499619730e+00 5.680806407306501882e+00 9.471813896585230097e+00 -2.525160734167562637e+01
2.600000000000000000e+02 -7.627295474205964432e+00 4.924333737634347230e+00 9.078804932943908668e+00 -2.629169724489287674e+01
2.700000000000000000e+02 -7.611554431401996723e+00 4.214806496156569438e+00 8.700595075179570870e+00 -2.733411584901276825e+01
2.800000000000000000e+02 -7.541934868691975602e+00 3.553839151362009119e+00 8.337298979726305959e+00 -2.837875928047727569e+01
2.900000000000000000e+02 -7.427554681038276208e+00 2.941753524242172180e+00 7.988897441900530971e+00 -2.942551212378198144e+01
3.000000000000000000e+02 -7.276592388890042784e+00 2.377853319171212565e+00 7.655258532639250824e+00 -3.047424940154178330e+01
3.100000000000000000e+02 -7.096274026466234730e+00 1.860670173145817063e+00 7.336156933431412952e+00 -3.152483857178176407e+01
3.200000000000000000e+02 -6.892896809452529361e+00 1.388177576873229846e+00 7.031291731303323189e+00 -3.257714146925867738e+01
3.300000000000000000e+02 -6.671879072486031070e+00 9.579714988242591378e-01 6.740302645314723229e+00 -3.363101612180467725e+01
3.400000000000000000e+02 -6.437827298052107849e+00 5.674188355687821428e-01 6.462784574353622524e+00 -3.468631842527226894e+01
3.500000000000000000e+02 -6.194612642244929468e+00 2.137758574409392431e-01 6.198300243186459113e+00 -3.574290362015695877e+01
3.600000000000000000e+02 -5.945451065110456845e+00 -1.057204356854795219e-01 5.946390937210956018e+00 -3.680062748512531101e+01
3.700000000000000000e+02 -5.692982797138463447e+00 -3.937841620597059555e-01 5.706585589895550648e+00 -3.785934725042709204e+01
3.800000000000000000e+02 -5.439348129826237610e+00 -6.530315375346115170e-01 5.478408369814996348e+00 -3.891892228082533478e+01
3.900000000000000000e+02 -5.186257440031714516e+00 -8.859471869071833261e-01 5.261384670623605153e+00 -3.997921457978997495e+01
4.000000000000000000e+02 -4.935054238492683432e+00 -1.094862311233781416e+00 5.055045382330882298e+00 -4.104008916977943500e+01
4.100000000000000000e+02 -4.686771039112308301e+00 -1.281941781262462499e+00 4.858929666460324981e+00 -4.210141439036851096e+01
4.200000000000000000e+02 -4.442178473746503542e+00 -1.449177884608205735e+00 4.672586664135223167e+00 -4.316306213594404539e+01
4.300000000000000000e+02 -4.201828205675223415e+00 -1.598388870901163772e+00 4.495576409386071504e+00 -4.422490806435092026e+01
4.400000000000000000e+02 -3.966090291343494112e+00 -1.731220855337638032e+00 4.327470144211869929e+00 -4.528683180408174991e+01
4.500000000000000000e+02 -3.735185724363949689e+00 -1.849152058236150253e+00 4.167850252824738533e+00 -4.634871717314374706e+01
4.600000000000000000e+02 -3.509214823061851618e+00 -1.953498596865427928e+00 4.016309928572771248e+00 -4.741045242405773052e+01
4.700000000000000000e+02 -3.288182059527925638e+00 -2.045421288786136049e+00 3.872452647253526781e+00 -4.847193051754759807e+01
4.800000000000000000e+02 -3.072017827791712286e+00 -2.125933162018583289e+00 3.735891505871181462e+00 -4.953304940047580374e+01
4.900000000000000000e+02 -2.860597520330316001e+00 -2.195907550711470702e+00 3.606248486251550922e+00 -5.059371223044166754e+01
5.000000000000000000e+02 -2.653758394170853130e+00 -2.256086700983238824e+00 3.483153860653545486e+00 -5.165382751781027082e+01
5.100000000000000000e+02 -2.451314661617805424e+00 -2.307090757104686585e+00 3.366245881063992140e+00 -5.271330919997920006e+01
5.200000000000000000e+02 -2.253071020033613259e+00 -2.349427029746085083e+00 3.255170715863734632e+00 -5.377207665141936843e+01
5.300000000000000000e+02 -2.058834697799594604e+00 -2.383499552751680461e+00 3.149582580411411925e+00 -5.483005459730918574e+01
5.400000000000000000e+02 -1.868426021226055944e+00 -2.409618879373012668e+00 3.049143968497631363e+00 -5.588717289667413013e+01
5.500000000000000000e+02 -1.681687613537899084e+00 -2.428011934321681053e+00 2.953525889972069329e+00 -5.694336621223803974e+01
5.600000000000000000e+02 -1.498492497095569531e+00 -2.438831800835343788e+00 2.862408132432809005e+00 -5.799857362326496713e+01
5.700000000000000000e+02 -1.318751361658487165e+00 -2.442167436389433011e+00 2.775479587609508858e+00 -5.905273824243030845e+01
5.800000000000000000e+02 -1.142419158187080397e+00 -2.438053396078807999e+00 2.692438652063271487e+00 -6.010580688250136916e+01
5.900000000000000000e+02 -9.695010582521288445e-01 -2.426479708538842761e+00 2.612993700318227752e+00 -6.115772979312828284e+01
6.000000000000000000e+02 -8.000577666821614420e-01 -2.407402051767388418e+00 2.536863628357322487e+00 -6.220846048800495964e+01
6.100000000000000000e+02 -6.342101551929477665e-01 -2.380752343056069087e+00 2.463778447814824357e+00 -6.325795569823517184e+01
6.200000000000000000e+02 -4.721430860155390596e-01 -2.346449865537016510e+00 2.393479906987096673e+00 -6.430617546666253759e+01
6.300000000000000000e+02 -3.141082891332339644e-01 -2.304413040096852328e+00 2.325722140899601165e+00 -6.535308341230145857e+01
6.400000000000000000e+02 -1.604261211179311142e-01 -2.254571911298134168e+00 2.260272338359133659e+00 -6.639864720404490583e+01
6.500000000000000000e+02 -1.148581001306118489e-02 -2.196881382378727654e+00 2.196911407424961382e+00 -6.744283920601364457e+01
6.600000000000000000e+02 1.322563237651446233e-01 -2.131335106950027036e+00 2.135434633345997479e+00 -6.848563720861673687e+01
6.700000000000000000e+02 2.702810356401170733e-01 -2.057979756758187673e+00 2.075652311311598996e+00 -6.952702521133645064e+01
6.800000000000000000e+02 4.020129634184809730e-01 -1.976929268299773224e+00 2.017390332736029190e+00 -7.056699425517376767e+01
6.900000000000000000e+02 5.268303335566231205e-01 -1.888378508390946120e+00 1.960490650655645872e+00 -7.160554325502964446e+01
7.000000000000000000e+02 6.440776890917749853e-01 -1.792615703937221916e+00 1.904811573775249567e+00 -7.264267977805835130e+01
7.100000000000000000e+02 7.530815432006467969e-01 -1.690032908670884959e+00 1.850227835457038728e+00 -7.367842073418688642e+01
7.200000000000000000e+02 8.531686926030336293e-01 -1.581133798605832919e+00 1.796630431427587826e+00 -7.471279294101972823e+01
7.300000000000000000e+02 9.436867480015562748e-01 -1.466538173051750826e+00 1.743926286106072698e+00 -7.574583353843580369e+01
7.400000000000000000e+02 1.024026201024429650e+00 -1.346982566936443249e+00 1.692037734808303551e+00 -7.677759025787271696e+01
7.500000000000000000e+02 1.093643137779929386e+00 -1.223316479124156420e+00 1.640901740175155110e+00 -7.780812155743100789e+01
7.600000000000000000e+02 1.152081667470384874e+00 -1.096493948257319495e+00 1.590468845053642610e+00 -7.883749658741064081e+01
7.700000000000000000e+02 1.198995088288066002e+00 -9.675604571356803962e-01 1.540701937414084677e+00 -7.986579494177628646e+01
7.800000000000000000e+02 1.234164738459479382e+00 -8.376354131236891654e-01 1.491574901563997413e+00 -8.089310619356004395e+01
7.900000000000000000e+02 1.257515500709901257e+00 -7.078907049727706235e-01 1.443071198767586827e+00 -8.191952923285388977e+01
8.000000000000000000e+02 1.269127094618631491e+00 -5.795261003207153871e-01 1.395182455182140124e+00 -8.294517142737691984e+01
8.100000000000000000e+02 1.269240514121718011e+00 -4.537424729369608500e-01 1.347907160910910784e+00 -8.397014764740050907e+01
8.200000000000000000e+02 1.258259169086255236e+00 -3.317139446953622506e-01 1.301249506318826965e+00 -8.499457920127191812e+01
8.300000000000000000e+02 1.236744528219745121e+00 -2.145600202780167387e-01 1.255218319808623084e+00 -8.601859266581081442e+01
8.400000000000000000e+02 1.205406347964002478e+00 -1.033188328890266572e-01 1.209826121780094743e+00 -8.704231857722959376e+01
8.500000000000000000e+02 1.165087846751615697e+00 1.077322203066841469e-03 1.165088344835465861e+00 -8.806589002272018263e+01
8.600000000000000000e+02 1.116746415693444350e+00 9.782313704056808112e-02 1.121022713019059758e+00 -8.908944116089124066e+01
8.700000000000000000e+02 1.061430676393901651e+00 1.862573130943120658e-01 1.077648768138825597e+00 -9.011310565088589897e+01
8.800000000000000000e+02 1.000254902372522459e+00 2.658747972767925294e-01 1.034987573619722268e+00 -9.113701502644238417e+01
8.900000000000000000e+02 9.343718997697175732e-01 3.363337479457831902e-01 9.930615474815892574e-01 -9.216129713951937674e+01
9.000000000000000000e+02 8.649454745884179729e-01 3.974570492293590940e-01 9.518943113566195047e-01 -9.318607476747050100e+01
9.100000000000000000e+02 7.931236175849353254e-01 4.492285663695047004e-01 9.115104923221757360e-01 -9.421146436145855319e+01
9.200000000000000000e+02 7.200134844544305857e-01 4.917846236420127526e-01 8.719355101421931709e-01 -9.523757487524164844e+01
9.300000000000000000e+02 6.466590862768241132e-01 5.254013703103402877e-01 8.331953995242414868e-01 -9.626450664924850287e+01
9.400000000000000000e+02 5.740223718256944885e-01 5.504787864769049577e-01 7.953166524834506257e-01 -9.729235038612434039e+01
9.500000000000000000e+02 5.029682100720923588e-01 5.675221331949241721e-01 7.583260459784048058e-01 -9.832118633268066787e+01
9.600000000000000000e+02 4.342535449872220732e-01 5.771217487838097293e-01 7.222504096594559719e-01 -9.935108373447879160e+01
9.700000000000000000e+02 3.685207058101369615e-01 5.799321563719072037e-01 6.871163050059078126e-01 -1.003821004805844552e+02
9.800000000000000000e+02 3.062946786318471726e-01 5.766513826808203902e-01 6.529496514325499046e-01 -1.014142828411938950e+02
9.900000000000000000e+02 2.479840408806089913e-01 5.680012053915498571e-01 6.197753253056539346e-01 -1.024476653326957489e+02
1.000000000000000000e+03 1.938851254826504666e-01 5.547089040813203420e-01 5.876167204483910833e-01 -1.034822707566409008e+02
1.010000000000000000e+03 1.441888630994323794e-01 5.374910022058002612e-01 5.564952881149152208e-01 -1.045181103686853845e+02
1.020000000000000000e+03 9.898969573400673294e-02 5.170393162791779851e-01 5.264300660486168626e-01 -1.055551841174379177e+02
1.030000000000000000e+03 5.829593808981124725e-02 4.940094469655712528e-01 4.974371820531720556e-01 -1.065934808558690605e+02
1.040000000000000000e+03 2.204100333622830560e-02 4.690117472055700398e-01 4.695293652636532977e-01 -1.076329783817642749e+02
1.050000000000000000e+03 -9.904972504105102882e-03 4.426047168846560242e-01 4.427155338237563909e-01 -1.086736432780197674e+02
1.060000000000000000e+03 -3.772344885403947773e-02 4.152906614990660716e-01 4.170004701697291871e-01 -1.097154307171727368e+02
1.070000000000000000e+03 -6.163604374222281940e-02 3.875134325621734099e-01 3.923845846925071434e-01 -1.107582844128803998e+02
1.080000000000000000e+03 -8.189367205023900809e-02 3.596580755720165667e-01 3.688638025695100686e-01 -1.118021367626111697e+02
1.090000000000000000e+03 -9.876657693610925437e-02 3.320521200350066704e-01 3.464295702439658675e-01 -1.128469090958815002e+02
1.100000000000000000e+03 -1.125354803706198614e-01 3.049682031859859421e-01 3.250689762138721517e-01 -1.138925119298831703e+02
1.110000000000000000e+03 -1.234839643773955470e-01 2.786277458493849890e-01 3.047650081874022643e-01 -1.149388452484690646e+02
1.120000000000000000e+03 -1.318921240230182534e-01 2.532053961720606705e-01 2.854969439940704956e-01 -1.159857988705884395e+02
1.130000000000000000e+03 -1.380314680772513347e-01 2.288339239908581124e-01 2.672408107842346170e-01 -1.170332529464171358e+02
1.140000000000000000e+03 -1.421609630399655044e-01 2.056093039730375605e-01 2.499698487672611380e-01 -1.180810787105995843e+02
1.150000000000000000e+03 -1.445240965750208828e-01 1.835958464004450452e-01 2.336549792029302686e-01 -1.191291397672567456e+02
1.160000000000000000e+03 -1.453468981640136382e-01 1.628312258315692818e-01 2.182652718865547570e-01 -1.201772939342299509e+02
1.170000000000000000e+03 -1.448368781106284253e-01 1.433312043452197315e-01 2.037683866547609635e-01 -1.212253952656713523e+02
1.180000000000000000e+03 -1.431827677682544209e-01 1.250938933889103877e-01 1.901309736707145481e-01 -1.222732959098583763e+02
1.190000000000000000e+03 -1.405548585670052253e-01 1.081034858183410607e-01 1.773190117073381034e-01 -1.233208477711474984e+02
1.200000000000000000e+03 -1.371057695668251031e-01 9.233348238155321408e-02 1.652981065143092898e-01 -1.243679041079562921e+02
1.210000000000000000e+03 -1.329715312574896724e-01 7.774943547525768606e-02 1.540337717569845721e-01 -1.254143210689931749e+02
1.220000000000000000e+03 -1.282728535006812942e-01 6.431118324733177405e-02 1.434916486624888132e-01 -1.264599589589689117e+02
1.230000000000000000e+03 -1.231164574964654645e-01 5.197459584528375115e-02 1.336376470900306479e-01 -1.275046830153695510e+02
1.240000000000000000e+03 -1.175964231995265119e-01 4.069292112945391976e-02 1.244380672437903762e-01 -1.285483635699537217e+02
1.250000000000000000e+03 -1.117955226693984616e-01 3.041779720639812418e-02 1.158597482985939675e-01 -1.295908754538891685e+02
1.260000000000000000e+03 -1.057864658288476950e-01 2.109995835475867235e-02 1.078702210766739472e-01 -1.306320964041695731e+02
1.270000000000000000e+03 -9.963300905388042250e-02 1.268971589554229555e-02 1.004378682700912268e-01 -1.316719045495411251e+02
1.280000000000000000e+03 -9.339091901048560129e-02 5.137327922479159592e-03 9.353211155430077306e-02 -1.327101755139008219e+02
1.290000000000000000e+03 -8.710878447761719046e-02 -1.606698856969085692e-03 8.712360078867807667e-02 -1.337467793907695466e+02
1.300000000000000000e+03 -8.082868364475492839e-02 -7.591324674056510249e-03 8.118438464415932143e-02 -1.347815780331480084e+02
1.310000000000000000e+03 -7.458675558897832902e-02 -1.286465214862128614e-02 7.568806632617203212e-02 -1.358144234631961069e+02
1.320000000000000000e+03 -6.841373232620066858e-02 -1.747359211087645345e-02 7.060995108381196150e-02 -1.368451575695179940e+02
1.330000000000000000e+03 -6.233544435177625076e-02 -2.146358824883638772e-02 6.592718136739186829e-02 -1.378736127301874603e+02
1.340000000000000000e+03 -5.637327282263530914e-02 -2.487837999498342806e-02 6.161882569402036408e-02 -1.388996138546734471e+02
1.350000000000000000e+03 -5.054452948947401464e-02 -2.775974970817202125e-02 5.766587522246294228e-02 -1.399229826888388004e+02
1.360000000000000000e+03 -4.486279708961006529e-02 -3.014724704776198735e-02 5.405115232131799119e-02 -1.409435446966767245e+02
1.370000000000000000e+03 -3.933830376032933229e-02 -3.207791713851056853e-02 5.075918548090671556e-02 -1.419611387815103001e+02
1.380000000000000000e+03 -3.397838217627149188e-02 -3.358608677040381824e-02 4.777609946265871238e-02 -1.429756300488656393e+02
1.390000000000000000e+03 -2.878801039989989374e-02 -3.470325919860241248e-02 4.508953029019183850e-02 -1.439869257072929543e+02
1.400000000000000000e+03 -2.377037883930733717e-02 -3.545811644075590185e-02 4.268851053492489500e-02 -1.449949940340441685e+02
1.410000000000000000e+03 -1.892741321590377807e-02 -3.587657886679023606e-02 4.056323313335105651e-02 -1.459998854230316283e+02
1.420000000000000000e+03 -1.426022906896838929e-02 -3.598189984451766188e-02 3.870466702505463014e-02 -1.470017528339365072e+02
1.430000000000000000e+03 -9.769553138979737705e-03 -3.579482015345405305e-02 3.710408762324535897e-02 -1.480008683389345947e+02
1.440000000000000000e+03 -5.456133509613537297e-03 -3.533382383762889711e-02 3.575260130204961639e-02 -1.489976323759097454e+02
1.450000000000000000e+03 -1.321109321001908430e-03 -3.461551653540125700e-02 3.464071758567763976e-02 -1.499925724332444759e+02
1.460000000000000000e+03 2.633693186643995283e-03 -3.365507143748253105e-02 3.375796459005530464e-02 -1.509863294086955534e+02
1.470000000000000000e+03 6.405581504743952832e-03 -3.246665831228669197e-02 3.309252750064117787e-02 -1.519796303228478394e+02
1.480000000000000000e+03 9.990946278904283898e-03 -3.106383935754117309e-02 3.263098409761917146e-02 -1.529732482711431771e+02
1.490000000000000000e+03 1.338530135343709085e-02 -2.945994632646833575e-02 3.235822507308953183e-02 -1.539679553010385575e+02
1.500000000000000000e+03 1.658341868738664321e-02 -2.766841637131407447e-02 3.225757337211782733e-02 -1.549644748951084807e+02
1.510000000000000000e+03 1.957958730487948523e-02 -2.570305530953380033e-02 3.231110167224806456e-02 -1.559634399032249519e+02
1.520000000000000000e+03 2.236796287112117337e-02 -2.357822282741436903e-02 3.250012853363905274e-02 -1.569653622740223966e+02
1.530000000000000000e+03 2.494293083917132822e-02 -2.130893145193256746e-02 3.280579763503465446e-02 -1.579706188328027849e+02
1.540000000000000000e+03 2.729944082767844782e-02 -1.891082117306712093e-02 3.320961648293518920e-02 -1.589794515402727768e+02
1.550000000000000000e+03 2.943331330750285565e-02 -1.639999414109947345e-02 3.369391250783621700e-02 -1.599919771859936191e+02
1.560000000000000000e+03 3.134150918462796920e-02 -1.379274479494726167e-02 3.424222549643442942e-02 -1.610082025722462902e+02
1.570000000000000000e+03 3.302231552350164134e-02 -1.110522312796201512e-02 3.483962260495254010e-02 -1.620280426194410666e+02
1.580000000000000000e+03 3.447538994933071338e-02 -8.353056369935550271e-03 3.547289194409914553e-02 -1.630513389056024494e+02
1.590000000000000000e+03 3.570165353386228063e-02 -5.550970773930005708e-03 3.613061501808357417e-02 -1.640778765147489935e+02
1.600000000000000000e+03 3.670305881082327332e-02 -2.712470527081769535e-03 3.680315234366533794e-02 -1.651073983991029479e+02
1.610000000000000000e+03 3.748226969630316652e-02 1.503795519961607669e-04 3.748257135784664046e-02 -1.661396173888655312e+02
1.620000000000000000e+03 3.804231386339936710e-02 3.027024346409609885e-03 3.816255390399263953e-02 -1.671742267470796151e+02
1.630000000000000000e+03 3.838624635243333139e-02 5.908320450693655031e-03 3.883828213989112821e-02 -1.682109102246077725e+02
1.640000000000000000e+03 3.851681919607842508e-02 8.786298454563185381e-03 3.950625775134940232e-02 -1.692493511816135481e+02
1.650000000000000000e+03 3.843616733930665247e-02 1.165385199914004827e-02 4.016405390586268859e-02 -1.702892392586896051e+02
1.660000000000000000e+03 3.814555839416877703e-02 1.450439721265855963e-02 4.081006203996163234e-02 -1.713302742767639018e+02
1.670000000000000000e+03 3.764525783760325900e-02 1.733149122378131041e-02 4.144328685926875616e-02 -1.723721690021410780e+02
1.680000000000000000e+03 3.693454936497631708e-02 2.012839627773932438e-02 4.206320569699345535e-02 -1.734146525282434652e+02
1.690000000000000000e+03 3.601190077834093978e-02 2.288762732793196350e-02 4.266966700563025461e-02 -1.744574742816763546e+02
1.700000000000000000e+03 3.487522838611935988e-02 2.560054362815382747e-02 4.326279451261780262e-02 -1.755004075471931344e+02
1.710000000000000000e+03 3.352225448821243708e-02 2.825699675250679943e-02 4.384289465174098788e-02 -1.765432527238029081e+02
1.720000000000000000e+03 3.195095847101670633e-02 3.084501736893110677e-02 4.441034613360152206e-02 -1.775858410573509047e+02
1.730000000000000000e+03 3.016009009836218002e-02 3.335058613762432317e-02 4.496546041646214825e-02 -1.786280378307629348e+02
1.740000000000000000e+03 2.814972192827508088e-02 3.575758516042528562e-02 4.550837001194700526e-02 -1.796697435699757364e+02
1.750000000000000000e+03 2.592181461589495792e-02 3.804798722815541656e-02 4.603900308536994918e-02 -1.807108931196496542e+02
1.760000000000000000e+03 2.348074305725425526e-02 4.020224273461184966e-02 4.655712206970535200e-02 -1.817514536139762811e+02
1.770000000000000000e+03 2.083374722973302048e-02 4.219977004940238252e-02 4.706235880037087926e-02 -1.827914226575508678e+02
1.780000000000000000e+03 1.799128578525950942e-02 4.401949953507684754e-02 4.755420805276344698e-02 -1.838308269145027793e+02
1.790000000000000000e+03 1.496726868404855797e-02 4.564047646466883046e-02 4.803199166995358177e-02 -1.848697204167144150e+02
1.800000000000000000e+03 1.177915742736418588e-02 4.704252833229891073e-02 4.849482468876214342e-02 -1.859081823228431460e+02
1.810000000000000000e+03 8.447923292646774412e-03 4.820698210038074083e-02 4.894160327558623458e-02 -1.869463142357750201e+02
1.820000000000000000e+03 4.997843141874238129e-03 4.911739401252084025e-02 4.937101204808341109e-02 -1.879842370710873638e+02
1.830000000000000000e+03 1.456112350090801042e-03 4.976023837725270654e-02 4.978153861158873122e-02 -1.890220872784598214e+02
1.840000000000000000e+03 -2.147699372574625541e-03 5.012550227688004900e-02 5.017149181661299112e-02 -1.900600128084850553e+02
1.850000000000000000e+03 -5.782298040199427940e-03 5.020714747557208923e-02 5.053902084785120291e-02 -1.910981694166159173e+02
1.860000000000000000e+03 -9.415388864300534150e-03 5.000342690176739352e-02 5.088214077047455847e-02 -1.921367173432664401e+02
1.870000000000000000e+03 -1.301444936058981233e-02 4.951704926116743538e-02 5.119877009940999868e-02 -1.931758182310642553e+02
1.880000000000000000e+03 -1.654751945002995092e-02 4.875521759120015480e-02 5.148681037231178648e-02 -1.942156325033140263e+02
1.890000000000000000e+03 -1.998397267202827593e-02 4.772956864658560450e-02 5.174428361612034427e-02 -1.952563177361929547e+02
1.900000000000000000e+03 -2.329526031947883394e-02 4.645596677140197833e-02 5.196947182739006937e-02 -1.962980275713786398e+02
1.910000000000000000e+03 -2.645560811089428532e-02 4.495412513328091164e-02 5.216102536392372424e-02 -1.973409106136035973e+02
1.920000000000000000e+03 -2.944262479262590645e-02 4.324707081050566809e-02 5.231803979860331910e-02 -1.983851092583184084e+02
1.930000000000000000e+03 -3.223779116577445147e-02 4.136048314732174852e-02 5.244010626827497190e-02 -1.994307583979804406e+02
1.940000000000000000e+03 -3.482679632251015761e-02 3.932196764336158556e-02 5.252735364964793846e-02 -2.004779844752551128e+02
1.950000000000000000e+03 -3.719969908509888207e-02 3.716031166238901312e-02 5.258047522481887337e-02 -2.015269052099544638e+02
1.960000000000000000e+03 -3.935093577683948518e-02 3.490473007344751383e-02 5.260072554645208592e-02 -2.025776293107610968e+02
1.970000000000000000e+03 -4.127921409022372590e-02 3.258412029719824632e-02 5.258990788591298010e-02 -2.036302555138173886e+02
1.980000000000000000e+03 -4.298728787726927014e-02 3.022635447618524790e-02 5.255035132102568035e-02 -2.046848712194702955e+02
1.990000000000000000e+03 -4.448158244729520649e-02 2.785764054522127386e-02 5.248484842087550173e-02 -2.057415513667173173e+02
2.000000000000000000e+03 -4.577169342339110214e-02 2.550197876371862807e-02 5.239655370069733892e-02 -2.068003574723363442e+02
2.010000000000000000e+03 -4.686982130858705770e-02 2.318071370867037101e-02 5.228886724286747889e-02 -2.078613361616311863e+02
2.020000000000000000e+03 -4.779019673749161645e-02 2.091217670138426771e-02 5.216533368625253519e-02 -2.089245168202814682e+02
2.030000000000000000e+03 -4.854850279000369473e-02 1.871144013796498945e-02 5.202956001339665432e-02 -2.099899090843281613e+02
2.040000000000000000e+03 -4.916129168614206957e-02 1.659020605303984999e-02 5.188513792149213738e-02 -2.110575009971547047e+02
2.050000000000000000e+03 -4.964540982321834217e-02 1.455683817240289134e-02 5.173556082708324205e-02 -2.121272582911391851e+02
2.060000000000000000e+03 -5.001745316233006250e-02 1.261651483780381125e-02 5.158412611936355474e-02 -2.131991246305430536e+02
2.070000000000000000e+03 -5.029326986025427215e-02 1.077144003895250807e-02 5.143381099771929255e-02 -2.142730219082105805e+02
2.080000000000000000e+03 -5.048753200463300395e-02 9.021092388866874118e-03 5.128714259741240511e-02 -2.153488504218472031e+02
2.090000000000000000e+03 -5.061338860172302778e-02 7.362547603189420822e-03 5.114608697601662202e-02 -2.164264899226591581e+02
2.100000000000000000e+03 -5.068218900959938628e-02 5.790876847823865289e-03 5.101194504693404991e-02 -2.175058019916758951e+02
2.110000000000000000e+03 -5.070328289521121995e-02 4.299577596819307256e-03 5.088525585926525346e-02 -2.185866331474311437e+02
2.120000000000000000e+03 -5.068390845655119242e-02 2.881012603790315992e-03 5.076572475652504912e-02 -2.196688183763344568e+02
2.130000000000000000e+03 -5.062918296311311878e-02 1.526863619422487526e-03 5.065220113701575377e-02 -2.207521853714854672e+02
2.140000000000000000e+03 -5.054217430351538864e-02 2.285745934045543056e-04 5.054269115976790794e-02 -2.218365591539345303e+02
2.150000000000000000e+03 -5.042400545801854761e-02 -1.022240740528573355e-03 5.043436628492402318e-02 -2.229217666102696569e+02
2.160000000000000000e+03 -5.027399667473874539e-02 -2.233437029081683685e-03 5.032358276806726122e-02 -2.240076406305783507e+02
2.170000000000000000e+03 -5.008986529382997155e-02 -3.412034233533291650e-03 5.020594170777833293e-02 -2.250940235427964922e+02
2.180000000000000000e+03 -4.986796895267774782e-02 -4.563987304308370421e-03 5.007638472952215952e-02 -2.261807695689847719e+02
2.190000000000000000e+03 -4.960357371684094574e-02 -5.694020322182699947e-03 4.992931396395811766e-02 -2.272677464499867597e+02
2.200000000000000000e+03 -4.929111912000577744e-02 -6.805486758508973860e-03 4.975870852547160245e-02 -2.283548369377283507e+02
2.210000000000000000e+03 -4.892446727881934188e-02 -7.900261262426143752e-03 4.955822461035964271e-02 -2.294419399756056919e+02
2.220000000000000000e+03 -4.849714704212516880e-02 -8.978705606256688967e-03 4.932129789035701734e-02 -2.305289707225138898e+02
2.230000000000000000e+03 -4.800259300973240550e-02 -1.003970893519181597e-02 4.904125499170448876e-02 -2.316158594416112066e+02
2.240000000000000000e+03 -4.743435976756013583e-02 -1.108077014807155175e-02 4.871141502392146300e-02 -2.327025498427339016e+02
2.250000000000000000e+03 -4.678632725522238744e-02 -1.209808739846568622e-02 4.832519153333672546e-02 -2.337889976383855810e+02
2.260000000000000000e+03 -4.605291548252528344e-02 -1.308665931080602030e-02 4.787621200928204868e-02 -2.348751693623381129e+02
2.270000000000000000e+03 -4.522928323879017720e-02 -1.404042607453301339e-02 4.735843775557986579e-02 -2.359610408328611015e+02
2.280000000000000000e+03 -4.431149478246171336e-02 -1.495244482516873245e-02 4.676627177898454862e-02 -2.370465952685424611e+02
2.290000000000000000e+03 -4.329665778988865676e-02 -1.581506677979400977e-02 4.609465167483176029e-02 -2.381318216711228786e+02
2.300000000000000000e+03 -4.218304686240034046e-02 -1.662014660699935240e-02 4.533915212962870422e-02 -2.392167129095745963e+02
2.310000000000000000e+03 -4.097020830644125533e-02 -1.735930338145059634e-02 4.449610525161084434e-02 -2.403012630322357097e+02
2.320000000000000000e+03 -3.965903744458965791e-02 -1.802417578109209370e-02 4.356271529208288057e-02 -2.413854648150678202e+02
2.330000000000000000e+03 -3.825182480616447916e-02 -1.860664034942491329e-02 4.253715042282860126e-02 -2.424693080555294955e+02
2.340000000000000000e+03 -3.675226293420039841e-02 -1.909900986400388592e-02 4.141860703319123066e-02 -2.435527780631234123e+02
2.350000000000000000e+03 -3.516542128604988049e-02 -1.949424526651412706e-02 4.020736813988673442e-02 -2.446358535308508522e+02
2.360000000000000000e+03 -3.349769958801446235e-02 -1.978617222316926549e-02 3.890486459215324738e-02 -2.457185038683713287e+02
2.370000000000000000e+03 -3.175673680934781168e-02 -1.996965246203468228e-02 3.751369552886830994e-02 -2.468006865626218769e+02
2.380000000000000000e+03 -2.995125805720770529e-02 -2.004071053924432258e-02 3.603759062600089824e-02 -2.478823439375296971e+02
2.390000000000000000e+03 -2.809090234422444848e-02 -1.999663277462906605e-02 3.448135897606305345e-02 -2.489633990143994140e+02
2.400000000000000000e+03 -2.618605658866007477e-02 -1.983602418019749999e-02 3.285083583323090278e-02 -2.500437507833362361e+02
2.410000000000000000e+03 -2.424768457786765155e-02 -1.955880327818959943e-02 3.115280072582048143e-02 -2.511232688228885763e+02
2.420000000000000000e+03 -2.228715186281110192e-02 -1.916615886964212478e-02 2.939487683206659999e-02 -2.522017861458020320e+02
2.430000000000000000e+03 -2.031606649939224005e-02 -1.866051734186169320e-02 2.758545749980682513e-02 -2.532790885332751429e+02
2.440000000000000000e+03 -1.834615469370688354e-02 -1.804553968954974649e-02 2.573369182088994928e-02 -2.543548989195906245e+02
2.450000000000000000e+03 -1.638915360682579453e-02 -1.732611294514732614e-02 2.384949780888756532e-02 -2.554288553612224177e+02
2.460000000000000000e+03 -1.445669084255683801e-02 -1.650830505252025640e-02 2.194356502085138827e-02 -2.565004793478069587e+02
2.470000000000000000e+03 -1.256013027374182703e-02 -1.559925716888941639e-02 2.002732375317565691e-02 -2.575691288163690729e+02
2.480000000000000000e+03 -1.071038062687497405e-02 -1.460702618448195093e-02 1.811290885326484815e-02 -2.586339251934429058e+02
2.490000000000000000e+03 -8.917687863173009294e-03 -1.354043955942338048e-02 1.621322485773206076e-02 -2.596936352320320225e+02
2.500000000000000000e+03 -7.191447460890298266e-03 -1.240895611954987224e-02 1.434221421397894637e-02 -2.607464775709593141e+02
2.510000000000000000e+03 -5.540051859642194064e-03 -1.122250192367511314e-02 1.251545940165268295e-02 -2.617897996922276889e+02
2.520000000000000000e+03 -3.970764455084532449e-03 -9.991288962337372195e-03 1.075141039523128637e-02 -2.628195229491542477e+02
2.530000000000000000e+03 -2.489609017083287308e-03 -8.725621277706136977e-03 9.073842611589673368e-03 -2.638291770616126541e+02
2.540000000000000000e+03 -1.101296080091354644e-03 -7.435700953139233287e-03 7.516814599319334746e-03 -2.648082806961908773e+02
2.550000000000000000e+03 1.907817050786140395e-04 -6.131425849749343182e-03 6.134393255242702112e-03 -2.657401350513065381e+02
2.560000000000000000e+03 1.384486751325278995e-03 -4.822168857216091453e-03 5.016982763783425087e-03 -2.666016520232637959e+02
2.570000000000000000e+03 2.478832158684661155e-03 -3.516579586358515273e-03 4.302434294457346473e-03 -2.673772343253298232e+02
2.580000000000000000e+03 3.473855252798983655e-03 -2.222449921755657951e-03 4.123948832382722321e-03 -2.680995903163830576e+02
2.590000000000000000e+03 4.370482097076217910e-03 -9.466322073646066997e-04 4.471825834811069683e-03 -2.688537459356477939e+02
2.600000000000000000e+03 5.170378358443051062e-03 3.050135285081261808e-04 5.179367299393743129e-03 -2.696915198727224379e+02
2.610000000000000000e+03 5.875789676416108206e-03 1.527640245630471289e-03 6.071127493435468647e-03 -2.706060863930125606e+02
2.620000000000000000e+03 6.489386628214329281e-03 2.717383781213157396e-03 7.035361641369067623e-03 -2.715738852696555909e+02
2.630000000000000000e+03 7.014125454114134711e-03 3.871283468521479962e-03 8.011541148848923266e-03 -2.725761228002533016e+02
2.640000000000000000e+03 7.453124650993969876e-03 4.987181252782493107e-03 8.967778092223243833e-03 -2.736007313600765656e+02
2.650000000000000000e+03 7.809551179570124041e-03 6.063625889482149832e-03 9.887196192749655652e-03 -2.746402367484124625e+02
2.660000000000000000e+03 8.086530061951023932e-03 7.099770180722981758e-03 1.076098067380110504e-02 -2.756899316785626866e+02
2.670000000000000000e+03 8.287090353315656674e-03 8.095240287237128254e-03 1.158485139447737976e-02 -2.767467561717259059e+02
2.680000000000000000e+03 8.414133687137399786e-03 9.050008444778146616e-03 1.235719622550261916e-02 -2.778086516861985160e+02
2.690000000000000000e+03 8.470422853530858859e-03 9.964312188563480277e-03 1.307805722226251105e-02 -2.788741859481433494e+02
2.700000000000000000e+03 8.458609154914696268e-03 1.083859593996498380e-02 1.374857195440428760e-02 -2.799423323754650710e+02
2.710000000000000000e+03 8.381268247090867610e-03 1.167345039793492127e-02 1.437063330625134965e-02 -2.810123371659458371e+02
2.720000000000000000e+03 8.240925374927795047e-03 1.246956662793751933e-02 1.494666996102148038e-02 -2.820836356259871991e+02
2.730000000000000000e+03 8.040094519500624176e-03 1.322771141400422810e-02 1.547951772939589084e-02 -2.831557989086555267e+02
2.740000000000000000e+03 7.781327623958600274e-03 1.394871504099703605e-02 1.597234206014628774e-02 -2.842284998696447929e+02
2.750000000000000000e+03 7.467245584658640037e-03 1.463346893538802068e-02 1.642857783572790678e-02 -2.853014897852560239e+02
2.760000000000000000e+03 7.100539191463080962e-03 1.528293631432405854e-02 1.685187820977792836e-02 -2.863745811686210345e+02
2.770000000000000000e+03 6.683966038366738992e-03 1.589816535442287529e-02 1.724607386156663119e-02 -2.874476358840045691e+02
2.780000000000000000e+03 6.220343161551306760e-03 1.648028674364997170e-02 1.761512191840814562e-02 -2.885205571426198503e+02
2.790000000000000000e+03 5.712502143364699830e-03 1.703050259303833316e-02 1.796303702911708836e-02 -2.895932820412189130e+02
2.800000000000000000e+03 5.163239895080359680e-03 1.755008120173730951e-02 1.829383492878742384e-02 -2.906657753028072193e+02
2.810000000000000000e+03 4.575276831172799506e-03 1.804034210666796353e-02 1.861147767931078945e-02 -2.917380245854249097e+02
2.820000000000000000e+03 3.951209221281911863e-03 1.850260919102530641e-02 1.891979389914587306e-02 -2.928100363769509613e+02
2.830000000000000000e+03 3.293467681243669992e-03 1.893813081502195711e-02 1.922237571514719828e-02 -2.938818324010949823e+02
2.840000000000000000e+03 2.604277528279218008e-03 1.934799836532949055e-02 1.952248196795409313e-02 -2.949534454940100545e+02
2.850000000000000000e+03 1.885615541562782240e-03 1.973306512831881493e-02 1.982295147875449970e-02 -2.960249146348486420e+02
2.860000000000000000e+03 1.139204842537086971e-03 2.009385565487575506e-02 2.012612289419505457e-02 -2.970962813144196275e+02
2.870000000000000000e+03 3.665579390979014328e-04 2.043048971923764473e-02 2.043377779292392116e-02 -2.981675875377142120e+02
2.880000000000000000e+03 -4.309330097489364017e-04 2.074261767221652689e-02 2.074709355921066506e-02 -2.992388754926319621e+02
2.890000000000000000e+03 -1.251888838610426373e-03 2.102936939635515964e-02 2.106659922418889844e-02 -3.003101874272225587e+02
2.900000000000000000e+03 -2.094851427455992482e-03 2.128931912650033204e-02 2.139213667152225357e-02 -3.013815643248565266e+02
2.910000000000000000e+03 -2.958199218245585130e-03 2.152048403908176158e-02 2.172284916605558142e-02 -3.024530441444165376e+02
2.920000000000000000e+03 -3.840050881072473894e-03 2.172035325142581894e-02 2.205719239014679312e-02 -3.035246609101471904e+02
2.930000000000000000e+03 -4.738149776783761973e-03 2.188593961166175605e-02 2.239295460613764666e-02 -3.045964451236674790e+02
2.940000000000000000e+03 -5.649725089947954873e-03 2.201386894838678818e-02 2.272729239634003334e-02 -3.056684258511871803e+02
2.950000000000000000e+03 -6.571367213450932977e-03 2.210050903416484885e-02 2.305678569582542484e-02 -3.067406330300225363e+02
2.960000000000000000e+03 -7.498974955067639822e-03 2.214211387000683887e-02 2.337750696736247066e-02 -3.078130976470311566e+02
2.970000000000000000e+03 -8.427731959137617357e-03 2.213498352789658105e-02 2.368510421668696200e-02 -3.088858519720242839e+02
2.980000000000000000e+03 -9.352090527740193962e-03 2.207565062696449643e-02 2.397490245742088175e-02 -3.099589310636026767e+02
2.990000000000000000e+03 -1.026580353738283310e-02 2.196108333887970138e-02 2.424202763147838627e-02 -3.110323739818219337e+02
3.000000000000000000e+03 -1.116201449537125925e-02 2.178888674176051796e-02 2.448154719457382167e-02 -3.121062243429876162e+02
3.010000000000000000e+03 -1.203338643337840616e-02 2.155746453133608118e-02 2.468859384563706905e-02 -3.131805304171409148e+02
3.020000000000000000e+03 -1.287225229164497449e-02 2.126613509555195722e-02 2.485846698736722191e-02 -3.142553450964247190e+02
3.030000000000000000e+03 -1.367079089718631693e-02 2.091522710157503809e-02 2.498674145351992976e-02 -3.153307258882481960e+02
3.040000000000000000e+03 -1.442123413108260463e-02 2.050615441539638956e-02 2.506939095334353648e-02 -3.164067347380447472e+02
3.050000000000000000e+03 -1.511608391189167393e-02 2.004145262331482463e-02 2.510290453481275885e-02 -3.174834379667285589e+02
3.060000000000000000e+03 -1.574832657309860676e-02 1.952475507699839505e-02 2.508437463182485588e-02 -3.185609059328111812e+02
3.070000000000000000e+03 -1.631162276095433905e-02 1.896072775675404151e-02 2.501156200962720288e-02 -3.196392131461511781e+02
3.080000000000000000e+03 -1.680046771101369185e-02 1.835497701775270704e-02 2.488294388996293086e-02 -3.207184389693489948e+02
3.090000000000000000e+03 -1.721033365413337721e-02 1.771394156970027695e-02 2.469775921862854898e-02 -3.217986685851005859e+02
3.100000000000000000e+03 -1.753777792076030573e-02 1.704477629964444921e-02 2.445604329205419009e-02 -3.228799947641493304e+02
3.110000000000000000e+03 -1.778052262290675395e-02 1.635522372807271876e-02 2.415864913315750317e-02 -3.239625199754356117e+02
3.120000000000000000e+03 -1.793751382599950706e-02 1.565345473871508630e-02 2.380724779379013445e-02 -3.250463578658191182e+02
3.130000000000000000e+03 -1.800895812089544495e-02 1.494790911817723764e-02 2.340432779648781575e-02 -3.261316348402973517e+02
3.140000000000000000e+03 -1.799635542269078375e-02 1.424715904910910623e-02 2.295322089534328203e-02 -3.272184918851147586e+02
3.150000000000000000e+03 -1.790251091835514535e-02 1.355976951674733519e-02 2.245812206149782816e-02 -3.283070862090414153e+02
3.160000000000000000e+03 -1.773149396410440143e-02 1.289414822135406466e-02 2.192407207964157043e-02 -3.293975929785613062e+02
3.170000000000000000e+03 -1.748857441679723887e-02 1.225840186439679409e-02 2.135693450383040551e-02 -3.304902064691559644e+02
3.180000000000000000e+03 -1.718017471645829145e-02 1.166019982987351843e-02 2.076339720182165255e-02 -3.315851392035531831e+02
3.190000000000000000e+03 -1.681382122845643048e-02 1.110661350343958124e-02 2.015096642390331108e-02 -3.326826175489542265e+02
3.200000000000000000e+03 -1.639807886217159102e-02 1.060393768084781987e-02 1.952794112827317338e-02 -3.337828731900729622e+02
3.210000000000000000e+03 -1.594245322548157665e-02 1.015751303100515673e-02 1.890335646973064637e-02 -3.348861302873079921e+02
3.220000000000000000e+03 -1.545724364546600602e-02 9.771548918794493305e-03 1.828686822251675281e-02 -3.359925874631968554e+02
3.230000000000000000e+03 -1.495336004119491614e-02 9.448977729547189050e-03 1.768858831719150038e-02 -3.371023947455036023e+02
3.240000000000000000e+03 -1.444213394723349760e-02 9.191322613077002393e-03 1.711886807962181845e-02 -3.382156237024109942e+02
3.250000000000000000e+03 -1.393510751286764111e-02 8.998558123996670821e-03 1.658798570369912975e-02 -3.393322312414983912e+02
3.260000000000000000e+03 -1.344376705356045004e-02 8.868983898492617535e-03 1.610570544813603316e-02 -3.404520222088845571e+02
3.270000000000000000e+03 -1.297924386874327318e-02 8.799180404025346361e-03 1.568076360343760578e-02 -3.415746197693792965e+02
3.280000000000000000e+03 -1.255200043145505290e-02 8.784064299323110850e-03 1.532032964547077464e-02 -3.426994524749785000e+02
3.290000000000000000e+03 -1.217152538011892840e-02 8.816992190288457792e-03 1.502948373572714907e-02 -3.438257629477059822e+02
3.300000000000000000e+03 -1.184608738439262877e-02 8.889882863605518687e-03 1.481080023656025299e-02 -3.449526397470657457e+02
3.310000000000000000e+03 -1.158251315232043319e-02 8.993376354589008304e-03 1.466408637382351533e-02 -3.460790739721962268e+02
3.320000000000000000e+03 -1.138596690473353025e-02 9.117066390711881310e-03 1.458633408119858720e-02 -3.472040363197220927e+02
3.330000000000000000e+03 -1.125977305610405092e-02 9.249814589057278949e-03 1.457194424937536051e-02 -3.483265606117208790e+02
3.340000000000000000e+03 -1.120528870835784535e-02 9.380100675163739743e-03 1.461317158298837925e-02 -3.494458165924251034e+02
3.350000000000000000e+03 -1.122183440441131344e-02 9.496372052336894687e-03 1.470070234908640860e-02 -3.505611589197448552e+02
3.360000000000000000e+03 -1.130671086882508239e-02 9.587388311231589619e-03 1.482429510302420324e-02 -3.516721470964855030e+02
3.370000000000000000e+03 -1.145530463801354600e-02 9.642551648024211622e-03 1.497340330835007956e-02 -3.527785388995887388e+02
3.380000000000000000e+03 -1.166123561664507598e-02 9.652229126346124552e-03 1.513769940296067970e-02 -3.538802673068676654e+02
3.390000000000000000e+03 -1.191654640554967552e-02 9.608057109796621156e-03 1.530747659350594272e-02 -3.549774091120942217e+02
3.400000000000000000e+03 -1.221194759871747221e-02 9.503213475672067645e-03 1.547393713694147736e-02 -3.560701512852326118e+02
3.410000000000000000e+03 -1.253710412805671137e-02 9.332628764581792774e-03 1.562936145769353372e-02 -3.571587593231443520e+02
3.420000000000000000e+03 -1.288092719045178837e-02 9.093149462267149929e-03 1.576717008308243032e-02 -3.582435522153091938e+02
3.430000000000000000e+03 -1.323188576436346194e-02 8.783643662445843672e-03 1.588191414376709937e-02 -3.593248834627053157e+02
3.440000000000000000e+03 -1.357836264378347972e-02 8.405028932854687745e-03 1.596923427870663645e-02 -3.604031256898002766e+02
3.450000000000000000e+03 -1.390901706514370041e-02 7.960246307333752880e-03 1.602580035417511956e-02 -3.614786604892496484e+02
3.460000000000000000e+03 -1.421310642573446990e-02 7.454162248754313443e-03 1.604920337898452926e-02 -3.625518726075230802e+02
3.470000000000000000e+03 -1.448076656727827205e-02 6.893390243341511112e-03 1.603781248870930418e-02 -3.636231460588340951e+02
3.480000000000000000e+03 -1.470330764371346501e-02 6.286061861620484068e-03 1.599067945378814665e-02 -3.646928605646633628e+02
3.490000000000000000e+03 -1.487347704763317298e-02 5.641583603892405194e-03 1.590747575972311159e-02 -3.657613909538538337e+02
3.500000000000000000e+03 -1.498565717980157412e-02 4.970359067676530761e-03 1.578842583578783654e-02 -3.668291082098156721e+02
3.510000000000000000e+03 -1.503601971053511455e-02 4.283463411009763924e-03 1.563425557962578108e-02 -3.678963797234129629e+02
3.520000000000000000e+03 -1.502261755121101633e-02 3.592307320267183312e-03 1.544615518416147561e-02 -3.689635704013153372e+02
3.530000000000000000e+03 -1.494541079269315689e-02 2.908305584498822524e-03 1.522575269519297475e-02 -3.700310447259947750e+02
3.540000000000000000e+03 -1.480621088794117392e-02 2.242546019546504815e-03 1.497507574297945315e-02 -3.710991687615664318e+02
3.550000000000000000e+03 -1.460856472228158620e-02 1.605459169950734961e-03 1.469651871673931416e-02 -3.721683106518197519e+02
3.560000000000000000e+03 -1.435759673432663794e-02 1.006518812367338195e-03 1.439283377605662072e-02 -3.732388404924536758e+02
3.570000000000000000e+03 -1.405980856053909780e-02 4.539890351580916274e-04 1.406713626873118232e-02 -3.743111300544385927e+02
3.580000000000000000e+03 -1.372283499929626699e-02 -4.527265668249329803e-05 1.372290967802942442e-02 -3.753855523622186752e+02
3.590000000000000000e+03 -1.335516398667714599e-02 -4.859804318619303913e-04 1.336400322101094496e-02 -3.764624785208777666e+02
3.600000000000000000e+03 -1.296585426216721564e-02 -8.645108963511672013e-04 1.299464335169186850e-02 -3.775422739999665396e+02
3.610000000000000000e+03 -1.256424604775726803e-02 -1.178913474872596073e-03 1.261943404950555993e-02 -3.786252945311775875e+02
3.620000000000000000e+03 -1.215963186281404998e-02 -1.428892488393683968e-03 1.224329942387061658e-02 -3.797118767224772569e+02
3.630000000000000000e+03 -1.176094792368671468e-02 -1.615740608554008676e-03 1.187141582869546963e-02 -3.808023242365043757e+02
3.640000000000000000e+03 -1.137651746164173965e-02 -1.742220950157524545e-03 1.150914781355280060e-02 -3.818968901868888679e+02
3.650000000000000000e+03 -1.101380902189575892e-02 -1.812411345979134114e-03 1.116193639373680956e-02 -3.829957550371033790e+02
3.660000000000000000e+03 -1.067922509237509941e-02 -1.831492053692591057e-03 1.083513782636626351e-02 -3.840990033120500584e+02
3.670000000000000000e+03 -1.037795263416970391e-02 -1.805491092077455033e-03 1.053383590913779810e-02 -3.852066017095557413e+02
3.680000000000000000e+03 -1.011387042158639650e-02 -1.741028417538230920e-03 1.026262904207863626e-02 -3.863183795446973932e+02
3.690000000000000000e+03 -9.889487201517312143e-03 -1.645079053143949990e-03 1.002537990302949586e-02 -3.874340145260363215e+02
3.700000000000000000e+03 -9.705941764516747700e-03 -1.524748449672515618e-03 9.824976507400372608e-03 -3.885530305783904055e+02
3.710000000000000000e+03 -9.563054869512411377e-03 -1.387032139060861849e-03 9.663119402764968474e-03 -3.896748151449052102e+02
3.720000000000000000e+03 -9.459399160039289392e-03 -1.238592892156057746e-03 9.540143857481999529e-03 -3.907986543194693922e+02
3.730000000000000000e+03 -9.392399460599295744e-03 -1.085577478108072343e-03 9.454927080017138871e-03 -3.919237815913822942e+02
3.740000000000000000e+03 -9.358474069952799068e-03 -9.334573144286168822e-04 9.404912518244877215e-03 -3.930494356435274312e+02
3.750000000000000000e+03 -9.353245354246699297e-03 -7.868790919121270919e-04 9.386286665238064916e-03 -3.941749200750482487e+02
3.760000000000000000e+03 -9.371773309814831684e-03 -6.495654950695376167e-04 9.394257304488874694e-03 -3.952996512540768208e+02
3.770000000000000000e+03 -9.408789498892896480e-03 -5.242609794199571630e-04 9.423384180273009988e-03 -3.964231886405798377e+02
3.780000000000000000e+03 -9.458938664379242661e-03 -4.127010444888681742e-04 9.467937621711011720e-03 -3.975452482809185994e+02
3.790000000000000000e+03 -9.516979286920560291e-03 -3.156239070703699976e-04 9.522211570763869370e-03 -3.986656992808218547e+02
3.800000000000000000e+03 -9.577976503117126283e-03 -2.328427995885380176e-04 9.580806315941471640e-03 -3.997845459834526878e+02
3.810000000000000000e+03 -9.637486619227397452e-03 -1.633822946673841908e-04 9.638871412670568101e-03 -4.009019002578345408e+02
3.820000000000000000e+03 -9.691731906281232656e-03 -1.056309914504689409e-04 9.692307529664153515e-03 -4.020179527733059217e+02
3.830000000000000000e+03 -9.737733782704340729e-03 -5.750932122709756901e-05 9.737903601127369246e-03 -4.031329456716533741e+02
3.840000000000000000e+03 -9.773359252024453950e-03 -1.667277808757164695e-05 9.773373473405237016e-03 -4.042471454851342969e+02
3.850000000000000000e+03 -9.797306585782704011e-03 1.928587549015110824e-05 9.797325567766673043e-03 -4.053608199098230216e+02
3.860000000000000000e+03 -9.809079935240742551e-03 5.265304817868974885e-05 9.809221249386977995e-03 -4.064742191599531225e+02
3.870000000000000000e+03 -9.808907548924303971e-03 8.543491676792468593e-05 9.809279608021546915e-03 -4.075875611365282225e+02
3.880000000000000000e+03 -9.797602564014741902e-03 1.192311756285347840e-04 9.798328024496323618e-03 -4.087010202477575262e+02
3.890000000000000000e+03 -9.776401043489684611e-03 1.551291475669866232e-04 9.777631738594527722e-03 -4.098147178085380347e+02
3.900000000000000000e+03 -9.746772151866299819e-03 1.936366295903181264e-04 9.748695426810477516e-03 -4.109287155560200517e+02
3.910000000000000000e+03 -9.710249462833322673e-03 2.346941332219610503e-04 9.713085295961506813e-03 -4.120430164526846397e+02
3.920000000000000000e+03 -9.668284369447461418e-03 2.777262454562188848e-04 9.672272458730538786e-03 -4.131575690218792261e+02
3.930000000000000000e+03 -9.622116090259634838e-03 3.217179927271573785e-04 9.627492950985616291e-03 -4.142722742380448153e+02
3.940000000000000000e+03 -9.572660943468761646e-03 3.653343679574730667e-04 9.579629780895665067e-03 -4.153869972604958889e+02
3.950000000000000000e+03 -9.520436096787342206e-03 4.070385823529091424e-04 9.529133427575419910e-03 -4.165015795980754092e+02
3.960000000000000000e+03 -9.465523913014351615e-03 4.452201954701303938e-04 9.475988812271836023e-03 -4.176158527638480109e+02
3.970000000000000000e+03 -9.407575182577909007e-03 4.783425687990899497e-04 9.419728362802245319e-03 -4.187296542052904442e+02
3.980000000000000000e+03 -9.345838987534004633e-03 5.050749407305715625e-04 9.359476859133988164e-03 -4.198428416648716848e+02
3.990000000000000000e+03 -9.279242363230400664e-03 5.244151247566198291e-04 9.294049174533304883e-03 -4.209553062362339233e+02
4.000000000000000000e+03 -9.206500759102499015e-03 5.357900296691118580e-04 9.222078246428389720e-03 -4.220669827805341470e+02
4.010000000000000000e+03 -9.126232914464628768e-03 5.391284518298369377e-04 9.142143441044336613e-03 -4.231778574370326282e+02
4.020000000000000000e+03 -9.037067889098625642e-03 5.348906040864985934e-04 9.052883738926370896e-03 -4.242879709641352974e+02
4.030000000000000000e+03 -8.937734349804942954e-03 5.240309562162717271e-04 8.953083477258330647e-03 -4.253974156757829519e+02
4.040000000000000000e+03 -8.827164882338556576e-03 5.079471674250105083e-04 8.841767367720446483e-03 -4.265063316730993961e+02
4.050000000000000000e+03 -8.704608941149341583e-03 4.884161669154146301e-04 8.718300704291026548e-03 -4.276149027155929616e+02
4.060000000000000000e+03 -8.569700436932288501e-03 4.674853924873151236e-04 8.582441853630379605e-03 -4.287233483710180053e+02
4.070000000000000000e+03 -8.422474990455924848e-03 4.473576157475340218e-04 8.434347265866094789e-03 -4.298319163060824053e+02
4.080000000000000000e+03 -8.263384207313356072e-03 4.302775678215267911e-04 8.274578982827233975e-03 -4.309408748228373156e+02
4.090000000000000000e+03 -8.093310115991965425e-03 4.184246194879838909e-04 8.104119186920411347e-03 -4.320505054957488937e+02
4.100000000000000000e+03 -7.913545359651870045e-03 4.137909234378414733e-04 7.924356320079706251e-03 -4.331610927910626856e+02
4.110000000000000000e+03 -7.725753966831169078e-03 4.180711239350750957e-04 7.737057439406527098e-03 -4.342729126542554354e+02
4.120000000000000000e+03 -7.531915591671760335e-03 4.325913152460348081e-04 7.544328182555054725e-03 -4.353862228311452895e+02
4.130000000000000000e+03 -7.334236177148270933e-03 4.582504990829922714e-04 7.348538209882309394e-03 -4.365012513207945517e+02
4.140000000000000000e+03 -7.135058907425890183e-03 4.954904083629949095e-04 7.152242750160069107e-03 -4.376181845873565521e+02
4.150000000000000000e+03 -6.936780123774196651e-03 5.442879440567322718e-04 6.958100879667832549e-03 -4.387371550546646404e+02
4.160000000000000000e+03 -6.741756163861575141e-03 6.041362040992518398e-04 6.768770695338186677e-03 -4.398582238131616577e+02
4.170000000000000000e+03 -6.552195893300413049e-03 6.740444542075004408e-04 6.586775155600096618e-03 -4.409813638765600672e+02
4.180000000000000000e+03 -6.370071095822744424e-03 7.525804175067390142e-04 6.414373161163216576e-03 -4.421064494834470224e+02
4.190000000000000000e+03 -6.197012818214537797e-03 8.379386787839279227e-04 6.253407798833964144e-03 -4.432332528183853242e+02
4.200000000000000000e+03 -6.034237746829347084e-03 9.280278389317967499e-04 6.105183113969026194e-03 -4.632110054477965377e+02
