0.000000000000000000e+00 2.338097806614797547e-01 6.579664388862251911e-01
1.000000000000000000e+01 2.339921795054990816e-01 6.577731920543841149e-01
2.000000000000000000e+01 2.339761085514735217e-01 6.577795252890540345e-01
3.000000000000000000e+01 2.337806453451099775e-01 6.579661561574009498e-01
4.000000000000000000e+01 2.334346865237023894e-01 6.583044761874191630e-01
5.000000000000000000e+01 2.329787188580619561e-01 6.587538139935786852e-01
6.000000000000000000e+01 2.324623438163153644e-01 6.592641534210533782e-01
7.000000000000000000e+01 2.319417748400791901e-01 6.597792204324376408e-01
8.000000000000000000e+01 2.314762361522098022e-01 6.602399770129835366e-01
9.000000000000000000e+01 2.311238554332827044e-01 6.605884936823528397e-01
1.000000000000000000e+02 2.309376578470320740e-01 6.607718144046056397e-01
1.100000000000000000e+02 2.309621120047515297e-01 6.607455296932676081e-01
1.200000000000000000e+02 2.312304608459312960e-01 6.604764706887961134e-01
1.300000000000000000e+02 2.317630012143747087e-01 6.599443799737136906e-01
1.400000000000000000e+02 2.325664149016627991e-01 6.591425812341586976e-01
1.500000000000000000e+02 2.336340923706586858e-01 6.580776201064809650e-01
1.600000000000000000e+02 2.349473247603516557e-01 6.567681062334885800e-01
1.700000000000000000e+02 2.364771693617322423e-01 6.552428576002101712e-01
1.800000000000000000e+02 2.381867803952422979e-01 6.535385764407074527e-01
1.900000000000000000e+02 2.400339907029587772e-01 6.516972843202653021e-01
2.000000000000000000e+02 2.419739325629542970e-01 6.497636872330745383e-01
2.100000000000000000e+02 2.439615183430432765e-01 6.477826906831813947e-01
2.200000000000000000e+02 2.459536422844076087e-01 6.457972307687931401e-01
2.300000000000000000e+02 2.479109977764978878e-01 6.438464775214314262e-01
2.400000000000000000e+02 2.497994392345377901e-01 6.419644712273588905e-01
2.500000000000000000e+02 2.515908625753119354e-01 6.401792533510326511e-01
2.600000000000000000e+02 2.532636285629276673e-01 6.385124461623408187e-01
2.700000000000000000e+02 2.548025815024406171e-01 6.369792161736094194e-01
2.800000000000000000e+02 2.561987320315051719e-01 6.355885805374807962e-01
2.900000000000000000e+02 2.574486766407647620e-01 6.343439933931249719e-01
3.000000000000000000e+02 2.585538254387143575e-01 6.332441136852263730e-01
3.100000000000000000e+02 2.595195204552771528e-01 6.322836633622269664e-01
3.200000000000000000e+02 2.603541253438476089e-01 6.314543192543131678e-01
3.300000000000000000e+02 2.610681508797297323e-01 6.307455991976648191e-01
3.400000000000000000e+02 2.616734549483117900e-01 6.301456796841962138e-01
3.500000000000000000e+02 2.621825299874663284e-01 6.296420948343757207e-01
3.600000000000000000e+02 2.626078987206262871e-01 6.292223198329108813e-01
3.700000000000000000e+02 2.629616422776074325e-01 6.288742524343104989e-01
3.800000000000000000e+02 2.632550580449624089e-01 6.285865774214089985e-01
3.900000000000000000e+02 2.634984258407420121e-01 6.283490060977822145e-01
4.000000000000000000e+02 2.637008596233560986e-01 6.281524166983941670e-01
4.100000000000000000e+02 2.638702313203992178e-01 6.279889220075034473e-01
4.200000000000000000e+02 2.640131582426586410e-01 6.278518786131577212e-01
4.300000000000000000e+02 2.641350390950337745e-01 6.277358524665882511e-01
4.400000000000000000e+02 2.642401207343262892e-01 6.276365583656248193e-01
4.500000000000000000e+02 2.643315802439856754e-01 6.275507890661700117e-01
4.600000000000000000e+02 2.644116070068923685e-01 6.274763418125354208e-01
4.700000000000000000e+02 2.644814799638616765e-01 6.274119381171698873e-01
4.800000000000000000e+02 2.645416428797249253e-01 6.273571357200102838e-01
4.900000000000000000e+02 2.645917711583986587e-01 6.273122471453711491e-01
5.000000000000000000e+02 2.646308315718507442e-01 6.272782722858576410e-01
5.100000000000000000e+02 2.646571512521097569e-01 6.272568305567404190e-01
5.200000000000000000e+02 2.646685090496988524e-01 6.272500773458548062e-01
5.300000000000000000e+02 2.646622443162960914e-01 6.272606082608034317e-01
5.400000000000000000e+02 2.646353686260092264e-01 6.272913596609542841e-01
5.500000000000000000e+02 2.645846741016574799e-01 6.273455007045962706e-01
5.600000000000000000e+02 2.645068432493278276e-01 6.274263120112266723e-01
5.700000000000000000e+02 2.643985667028955211e-01 6.275370575245499127e-01
5.800000000000000000e+02 2.642566697587371283e-01 6.276808591248964619e-01
5.900000000000000000e+02 2.640782400835612886e-01 6.278605796023916108e-01
6.000000000000000000e+02 2.638607431555044514e-01 6.280787170129390473e-01
6.100000000000000000e+02 2.636021151562116249e-01 6.283373126615986459e-01
6.200000000000000000e+02 2.633008303841029574e-01 6.286378751061695302e-01
6.300000000000000000e+02 2.629559433110227329e-01 6.289813276589170110e-01
6.400000000000000000e+02 2.625671025398087499e-01 6.293679902325493014e-01
6.500000000000000000e+02 2.621345392579857991e-01 6.297975977345937615e-01
6.600000000000000000e+02 2.616590348718924042e-01 6.302693434814026219e-01
6.700000000000000000e+02 2.611418651168894156e-01 6.307819370644248691e-01
6.800000000000000000e+02 2.605847264192942547e-01 6.313336759961495348e-01
6.900000000000000000e+02 2.599896547297934069e-01 6.319225286794926122e-01
7.000000000000000000e+02 2.593589422879812867e-01 6.325462181845480369e-01
7.100000000000000000e+02 2.586950575761953752e-01 6.332022991425534375e-01
7.200000000000000000e+02 2.580005778202676403e-01 6.338882229261847412e-01
7.300000000000000000e+02 2.572781419396515945e-01 6.346013813146899052e-01
7.400000000000000000e+02 2.565304288215800588e-01 6.353391234573010360e-01
7.500000000000000000e+02 2.557601605946843715e-01 6.360987503144759359e-01
7.600000000000000000e+02 2.549701270423698762e-01 6.368774929721825462e-01
7.700000000000000000e+02 2.541632245638840715e-01 6.376724778100443247e-01
7.800000000000000000e+02 2.533425017115734645e-01 6.384806810403752531e-01
7.900000000000000000e+02 2.525112051472817032e-01 6.392988829551887742e-01
8.000000000000000000e+02 2.516728196338061663e-01 6.401236345278956685e-01
8.100000000000000000e+02 2.508310914294011873e-01 6.409512372992545171e-01
8.200000000000000000e+02 2.499900312884666964e-01 6.417777323096933717e-01
8.300000000000000000e+02 2.491539036022058784e-01 6.425989021610009067e-01
8.400000000000000000e+02 2.483272044612309659e-01 6.434102936898600245e-01
8.500000000000000000e+02 2.475146226951006612e-01 6.442072631926253345e-01
8.600000000000000000e+02 2.467209779109571510e-01 6.449850408118481537e-01
8.700000000000000000e+02 2.459511424851137384e-01 6.457388075812802164e-01
8.800000000000000000e+02 2.452099602429580472e-01 6.464637768080732094e-01
8.900000000000000000e+02 2.445021647359904848e-01 6.471552763265245867e-01
9.000000000000000000e+02 2.438322972450481241e-01 6.478088300756426055e-01
9.100000000000000000e+02 2.432046255359762987e-01 6.484202361139411730e-01
9.200000000000000000e+02 2.426230640776488590e-01 6.489856389526404978e-01
9.300000000000000000e+02 2.420911030227428373e-01 6.495015958373955289e-01
9.400000000000000000e+02 2.416117488885509978e-01 6.499651369136020262e-01
9.500000000000000000e+02 2.411874682885094545e-01 6.503738210867330283e-01
9.600000000000000000e+02 2.408201337306529743e-01 6.507257904364294188e-01
9.700000000000000000e+02 2.405109785989069382e-01 6.510198209173702066e-01
9.800000000000000000e+02 2.402605608048643260e-01 6.512553652229378098e-01
9.900000000000000000e+02 2.400687318984939811e-01 6.514325874248177994e-01
1.000000000000000000e+03 2.399346111201532683e-01 6.515523890111361016e-01
1.010000000000000000e+03 2.398565701274747719e-01 6.516164226043227314e-01
1.020000000000000000e+03 2.398322370686430949e-01 6.516270844034768306e-01
1.030000000000000000e+03 2.398585233936480765e-01 6.515874822261739086e-01
1.040000000000000000e+03 2.399316741432171718e-01 6.515013827882601971e-01
1.050000000000000000e+03 2.400473395579309221e-01 6.513731423176093438e-01
1.060000000000000000e+03 2.402006618202539578e-01 6.512076221815039645e-01
1.070000000000000000e+03 2.403863729348729161e-01 6.510100889934805624e-01
1.080000000000000000e+03 2.405989029332258333e-01 6.507861034148316737e-01
1.090000000000000000e+03 2.408324936090045221e-01 6.505414063786939538e-01
1.100000000000000000e+03 2.410813131861211933e-01 6.502818094675327787e-01
1.110000000000000000e+03 2.413395685582181427e-01 6.500130914501704993e-01
1.120000000000000000e+03 2.416016043444238759e-01 6.497409035811414491e-01
1.130000000000000000e+03 2.418619817370954439e-01 6.494706879421469070e-01
1.140000000000000000e+03 2.421155399962635624e-01 6.492076103166622980e-01
1.150000000000000000e+03 2.423574416237601059e-01 6.489565061819938530e-01
1.160000000000000000e+03 2.425832035234104789e-01 6.487218411151032260e-01
1.170000000000000000e+03 2.427887222708014769e-01 6.485076886380224392e-01
1.180000000000000000e+03 2.429702976197359310e-01 6.483177214675838185e-01
1.190000000000000000e+03 2.431246499054154631e-01 6.481552069894623846e-01
1.200000000000000000e+03 2.432489277367204383e-01 6.480230007977875184e-01
1.210000000000000000e+03 2.433407102672443256e-01 6.479235347409231238e-01
1.220000000000000000e+03 2.433980103166120956e-01 6.478587987060141495e-01
1.230000000000000000e+03 2.434192832960535291e-01 6.478303204690877282e-01
1.240000000000000000e+03 2.434034435743029912e-01 6.478391522250573908e-01
1.250000000000000000e+03 2.433498810323441730e-01 6.478858694259953532e-01
1.260000000000000000e+03 2.432584659567184893e-01 6.479705783494161819e-01
1.270000000000000000e+03 2.431295385205650972e-01 6.480929277540536937e-01
1.280000000000000000e+03 2.429638884013274880e-01 6.482521222610834188e-01
1.290000000000000000e+03 2.427627282852973523e-01 6.484469419502634224e-01
1.300000000000000000e+03 2.425276586547503999e-01 6.486757784110931402e-01
1.310000000000000000e+03 2.422606201756648536e-01 6.489366870456079184e-01
1.320000000000000000e+03 2.419638331733133252e-01 6.492274506226792807e-01
1.330000000000000000e+03 2.416397241164584264e-01 6.495456520281616131e-01
1.340000000000000000e+03 2.412908406323641675e-01 6.498887507085487902e-01
1.350000000000000000e+03 2.409197690187553920e-01 6.502541575729536838e-01
1.360000000000000000e+03 2.405290670757825600e-01 6.506393040236974068e-01
1.370000000000000000e+03 2.401212119646976006e-01 6.510417015997173040e-01
1.380000000000000000e+03 2.396985619589265259e-01 6.514589855332821866e-01
1.390000000000000000e+03 2.392633331717099188e-01 6.518889362830678769e-01
1.400000000000000000e+03 2.388175905614004224e-01 6.523294839180229232e-01
1.410000000000000000e+03 2.383632535214307291e-01 6.527787010703136605e-01
1.420000000000000000e+03 2.379021121103512548e-01 6.532347878873241420e-01
1.430000000000000000e+03 2.374358504295841776e-01 6.536960538472580406e-01
1.440000000000000000e+03 2.369660780110785792e-01 6.541608884833433057e-01
1.450000000000000000e+03 2.364943646935305233e-01 6.546277194072595007e-01
1.460000000000000000e+03 2.360222688276518432e-01 6.550949757059822964e-01
1.470000000000000000e+03 2.355513572580062720e-01 6.555610694360839430e-01
1.480000000000000000e+03 2.350832210131237332e-01 6.560243884274736814e-01
1.490000000000000000e+03 2.346194823969322829e-01 6.564832908632337594e-01
1.500000000000000000e+03 2.341617947240400288e-01 6.569361042138159856e-01
1.510000000000000000e+03 2.337118416855838710e-01 6.573811345358577807e-01
1.520000000000000000e+03 2.332713267058409701e-01 6.578166842919879187e-01
1.530000000000000000e+03 2.328419418391032003e-01 6.582410748441849258e-01
1.540000000000000000e+03 2.324253259129236970e-01 6.586526787422675167e-01
1.550000000000000000e+03 2.320230212118353230e-01 6.590499681640580310e-01
1.560000000000000000e+03 2.316364241908126231e-01 6.594315674940594008e-01
1.570000000000000000e+03 2.312667310007118782e-01 6.597963017557242349e-01
1.580000000000000000e+03 2.309148892684672050e-01 6.601432423445925401e-01
1.590000000000000000e+03 2.305815597373095938e-01 6.604717461569774573e-01
1.600000000000000000e+03 2.302670885548554758e-01 6.607814803503339052e-01
1.610000000000000000e+03 2.299714991265542907e-01 6.610724286998923560e-01
1.620000000000000000e+03 2.296945079259461731e-01 6.613448789794496019e-01
1.630000000000000000e+03 2.294355608691380777e-01 6.615993897005324476e-01
1.640000000000000000e+03 2.291938907599460062e-01 6.618367368784434657e-01
1.650000000000000000e+03 2.289685946549980533e-01 6.620578372539350775e-01
1.660000000000000000e+03 2.287587266855120038e-01 6.622636472614163994e-01
1.670000000000000000e+03 2.285634041332419986e-01 6.624550501636496946e-01
1.680000000000000000e+03 2.283819184521454493e-01 6.626327440706251126e-01
1.690000000000000000e+03 2.282138374283877169e-01 6.627971449393235126e-01
1.700000000000000000e+03 2.280590872381019207e-01 6.629483115382929226e-01
1.710000000000000000e+03 2.279180006893155863e-01 6.630858942713001580e-01
1.720000000000000000e+03 2.277913253360207002e-01 6.632091250965576057e-01
1.730000000000000000e+03 2.276801981771266192e-01 6.633168574603743872e-01
1.740000000000000000e+03 2.275860814859125003e-01 6.634076371959884977e-01
1.750000000000000000e+03 2.275106580704344683e-01 6.634797974409654131e-01
1.760000000000000000e+03 2.274556997152862303e-01 6.635315889891519880e-01
1.770000000000000000e+03 2.274229179872428452e-01 6.635613313443523564e-01
1.780000000000000000e+03 2.274138033208022713e-01 6.635675566853501683e-01
1.790000000000000000e+03 2.274294687002149928e-01 6.635491458568457679e-01
1.800000000000000000e+03 2.274705189440491826e-01 6.635054595032434666e-01
1.810000000000000000e+03 2.275369583589811062e-01 6.634364533447045797e-01
1.820000000000000000e+03 2.276281407350174979e-01 6.633427517712763288e-01
1.830000000000000000e+03 2.277427594067141514e-01 6.632256620351831833e-01
1.840000000000000000e+03 2.278788762370649867e-01 6.630871377561508018e-01
1.850000000000000000e+03 2.280339911867212965e-01 6.629297050816586045e-01
1.860000000000000000e+03 2.282051484359633453e-01 6.627563473963664631e-01
1.870000000000000000e+03 2.283890691341325940e-01 6.625703621826986023e-01
1.880000000000000000e+03 2.285822971163410378e-01 6.623752166270643338e-01
1.890000000000000000e+03 2.287813412144318881e-01 6.621744027493372542e-01
1.900000000000000000e+03 2.289828099769918024e-01 6.619713026544642442e-01
1.910000000000000000e+03 2.291835371812458444e-01 6.617690710707224699e-01
1.920000000000000000e+03 2.293806914275232922e-01 6.615705302267227417e-01
1.930000000000000000e+03 2.295718616326531125e-01 6.613780885582078994e-01
1.940000000000000000e+03 2.297551089528860613e-01 6.611936856194864376e-01
1.950000000000000000e+03 2.299289907260250454e-01 6.610187572452868032e-01
1.960000000000000000e+03 2.300925707736519721e-01 6.608542268873328629e-01
1.970000000000000000e+03 2.302454179333305040e-01 6.607005288334695248e-01
1.980000000000000000e+03 2.303875845227553731e-01 6.605576318912920186e-01
1.990000000000000000e+03 2.305195708040198854e-01 6.604250602461411157e-01
2.000000000000000000e+03 2.306422843052946814e-01 6.603019258307319950e-01
2.010000000000000000e+03 2.307569937849152375e-01 6.601869708498708800e-01
2.020000000000000000e+03 2.308652784732329877e-01 6.600786223302286260e-01
2.030000000000000000e+03 2.309689755636950281e-01 6.599750567598527962e-01
2.040000000000000000e+03 2.310701223104790203e-01 6.598742560726952311e-01
2.050000000000000000e+03 2.311708973698992642e-01 6.597740674084605628e-01
2.060000000000000000e+03 2.312735644168856797e-01 6.596722744668790384e-01
2.070000000000000000e+03 2.313804070970549576e-01 6.595666472964296645e-01
2.080000000000000000e+03 2.314936579381574877e-01 6.594549749488652912e-01
2.090000000000000000e+03 2.316154324156634581e-01 6.593351204769811735e-01
2.100000000000000000e+03 2.317476748636335127e-01 6.592051060556138875e-01
2.110000000000000000e+03 2.318921108682638621e-01 6.590631836454183823e-01
2.120000000000000000e+03 2.320501982062359025e-01 6.589078827906289515e-01
2.130000000000000000e+03 2.322230814242310093e-01 6.587380391071930852e-01
2.140000000000000000e+03 2.324115633269851211e-01 6.585528155928834781e-01
2.150000000000000000e+03 2.326160904766918780e-01 6.583517286331755924e-01
2.160000000000000000e+03 2.328367499679590280e-01 6.581346828707154151e-01
2.170000000000000000e+03 2.330732711774348709e-01 6.579019798930580976e-01
2.180000000000000000e+03 2.333250279849818920e-01 6.576542808630866377e-01
2.190000000000000000e+03 2.335910533576092962e-01 6.573925539857971012e-01
2.200000000000000000e+03 2.338700702943045384e-01 6.571180254635941020e-01
2.210000000000000000e+03 2.341605377724194637e-01 6.568321361377276180e-01
2.220000000000000000e+03 2.344607149270313273e-01 6.565365247699294082e-01
2.230000000000000000e+03 2.347687323086349587e-01 6.562330177879399651e-01
2.240000000000000000e+03 2.350826378383030213e-01 6.559235595220699322e-01
2.250000000000000000e+03 2.354004312385708786e-01 6.556101122676263326e-01
2.260000000000000000e+03 2.357201173932532146e-01 6.552945901452263966e-01
2.270000000000000000e+03 2.360397700116717845e-01 6.549788264381437575e-01
2.280000000000000000e+03 2.363575902197972700e-01 6.546645490654801058e-01
2.290000000000000000e+03 2.366719513602687508e-01 6.543533416995106489e-01
2.300000000000000000e+03 2.369814325293072288e-01 6.540465943896845991e-01
2.310000000000000000e+03 2.372848559506376964e-01 6.537454538914374558e-01
2.320000000000000000e+03 2.375813288668273404e-01 6.534508011514406078e-01
2.330000000000000000e+03 2.378702777717321970e-01 6.531632316765173529e-01
2.340000000000000000e+03 2.381514792436543182e-01 6.528830211494758284e-01
2.350000000000000000e+03 2.384250911699299369e-01 6.526101025217750928e-01
2.360000000000000000e+03 2.386916765272361352e-01 6.523440408268893487e-01
2.370000000000000000e+03 2.389522169219477632e-01 6.520839969317886453e-01
2.380000000000000000e+03 2.392081052471629055e-01 6.518286645138835489e-01
2.390000000000000000e+03 2.394611376364362554e-01 6.515762544248751009e-01
2.400000000000000000e+03 2.397134981543690979e-01 6.513245351018688289e-01
2.410000000000000000e+03 2.399677293077689122e-01 6.510709275081673075e-01
2.420000000000000000e+03 2.402266759101707450e-01 6.508126012278299122e-01
2.430000000000000000e+03 2.404934024062150566e-01 6.505465557351431949e-01
2.440000000000000000e+03 2.407710992803314687e-01 6.502696979453786996e-01
2.450000000000000000e+03 2.410629795754647420e-01 6.499788765598947249e-01
2.460000000000000000e+03 2.413721785813186804e-01 6.496709349998422978e-01
2.470000000000000000e+03 2.417016707468379044e-01 6.493428178023112896e-01
2.480000000000000000e+03 2.420542034466571513e-01 6.489916845791546818e-01
2.490000000000000000e+03 2.424322505763521485e-01 6.486150036302351651e-01
2.500000000000000000e+03 2.428379690273571312e-01 6.482105792109925657e-01
2.510000000000000000e+03 2.432731553770603461e-01 6.477765467930947096e-01
2.520000000000000000e+03 2.437392323724149046e-01 6.473114076489637769e-01
2.530000000000000000e+03 2.442372605678536091e-01 6.468140512621235461e-01
2.540000000000000000e+03 2.447679676822885342e-01 6.462837776758935115e-01
2.550000000000000000e+03 2.453317784193074502e-01 6.457203263115892655e-01
2.560000000000000000e+03 2.459288071028038203e-01 6.451237989505596016e-01
2.570000000000000000e+03 2.465588348776563410e-01 6.444945267828136037e-01
2.580000000000000000e+03 2.472213138853007475e-01 6.438330464813450948e-01
2.590000000000000000e+03 2.479153829796972852e-01 6.431401539927952271e-01
2.600000000000000000e+03 2.486398806254386251e-01 6.424169436708344616e-01
2.610000000000000000e+03 2.493933495815197354e-01 6.416648186498413731e-01
2.620000000000000000e+03 2.501740328565797977e-01 6.408854932089342871e-01
2.630000000000000000e+03 2.509798775749886857e-01 6.400810128114272635e-01
2.640000000000000000e+03 2.518085403307714354e-01 6.392537569119961516e-01
2.650000000000000000e+03 2.526573840550757066e-01 6.384064092008252533e-01
2.660000000000000000e+03 2.535234845061807296e-01 6.375419265151706094e-01
2.670000000000000000e+03 2.544036600440856555e-01 6.366635052885559753e-01
2.680000000000000000e+03 2.552945314838345192e-01 6.357745615759242686e-01
2.690000000000000000e+03 2.561925846166145382e-01 6.348786571858331396e-01
2.700000000000000000e+03 2.570942344601371277e-01 6.339794286265633128e-01
2.710000000000000000e+03 2.579959029698519757e-01 6.330805408769022424e-01
2.720000000000000000e+03 2.588940868523038064e-01 6.321856073695195644e-01
2.730000000000000000e+03 2.597854025837250669e-01 6.312980878037093291e-01
2.740000000000000000e+03 2.606666112863189610e-01 6.304211758951233646e-01
2.750000000000000000e+03 2.615346506814990035e-01 6.295577363703726004e-01
2.760000000000000000e+03 2.623867006269385294e-01 6.287103673489260469e-01
2.770000000000000000e+03 2.632202301381534326e-01 6.278814431117808459e-01
2.780000000000000000e+03 2.640330314096305808e-01 6.270731619650085076e-01
2.790000000000000000e+03 2.648231951687181618e-01 6.262875404701934157e-01
2.800000000000000000e+03 2.655890387882107184e-01 6.255263345106394368e-01
2.810000000000000000e+03 2.663290542776233227e-01 6.247910226725832405e-01
2.820000000000000000e+03 2.670418956540546729e-01 6.240828614249627204e-01
2.830000000000000000e+03 2.677263870617950792e-01 6.234030161603872910e-01
2.840000000000000000e+03 2.683814864342536355e-01 6.227526451002500796e-01
2.850000000000000000e+03 2.690062065411782388e-01 6.221328654906514988e-01
2.860000000000000000e+03 2.695995239880841776e-01 6.215446569309844849e-01
2.870000000000000000e+03 2.701603451792655708e-01 6.209888993533642099e-01
2.880000000000000000e+03 2.706875274268951137e-01 6.204665481441872243e-01
2.890000000000000000e+03 2.711798894619412148e-01 6.199787206861780975e-01
2.900000000000000000e+03 2.716362031723635884e-01 6.195266898137590239e-01
2.910000000000000000e+03 2.720551801352594223e-01 6.191118601880875039e-01
2.920000000000000000e+03 2.724354762627118065e-01 6.187357475428555409e-01
2.930000000000000000e+03 2.727756819073561267e-01 6.183998649111476231e-01
2.940000000000000000e+03 2.730743445041668438e-01 6.181056896026690950e-01
2.950000000000000000e+03 2.733300025354282181e-01 6.178546317343046601e-01
2.960000000000000000e+03 2.735412417912860272e-01 6.176479883636241119e-01
2.970000000000000000e+03 2.737067873504018256e-01 6.174869888890087699e-01
2.980000000000000000e+03 2.738255542399571918e-01 6.173727834174429496e-01
2.990000000000000000e+03 2.738966666417681495e-01 6.173063843885057134e-01
3.000000000000000000e+03 2.739194230021055887e-01 6.172885552570160916e-01
3.010000000000000000e+03 2.738932831319865757e-01 6.173197748867497170e-01
3.020000000000000000e+03 2.738179114043208795e-01 6.174003198073612086e-01
3.030000000000000000e+03 2.736931790967738753e-01 6.175303046387352612e-01
3.040000000000000000e+03 2.735190914384129091e-01 6.177095946955643013e-01
3.050000000000000000e+03 2.732957286106491024e-01 6.179377246081337871e-01
3.060000000000000000e+03 2.730233649951032127e-01 6.182142230818186146e-01
3.070000000000000000e+03 2.727025153249219569e-01 6.185387657566532305e-01
3.080000000000000000e+03 2.723338632047111463e-01 6.189110398180870387e-01
3.090000000000000000e+03 2.719181694367138191e-01 6.193305608150850849e-01
3.100000000000000000e+03 2.714562579801711451e-01 6.197966795262668249e-01
3.110000000000000000e+03 2.709490216411720165e-01 6.203086039363309157e-01
3.120000000000000000e+03 2.703974042383203713e-01 6.208653315605653367e-01
3.130000000000000000e+03 2.698024243078800954e-01 6.214656081181405556e-01
3.140000000000000000e+03 2.691652599692807013e-01 6.221079655147875309e-01
3.150000000000000000e+03 2.684873431884244321e-01 6.227908100967699534e-01
3.160000000000000000e+03 2.677703546553587555e-01 6.235124019964766173e-01
3.170000000000000000e+03 2.670161813649351568e-01 6.242707728794893995e-01
3.180000000000000000e+03 2.662269349894221260e-01 6.250637414483287690e-01
3.190000000000000000e+03 2.654049773557031755e-01 6.258890052239786117e-01
3.200000000000000000e+03 2.645528697400255647e-01 6.267441227933651104e-01
3.210000000000000000e+03 2.636733593693110222e-01 6.276265662952847935e-01
3.220000000000000000e+03 2.627693514679035336e-01 6.285337479206776212e-01
3.230000000000000000e+03 2.618438181662983144e-01 6.294629444703035981e-01
3.240000000000000000e+03 2.608997202640788715e-01 6.304112514788068333e-01
3.250000000000000000e+03 2.599399599412842710e-01 6.313755876668565303e-01
3.260000000000000000e+03 2.589674404926295415e-01 6.323528984304338518e-01
3.270000000000000000e+03 2.579850806821103459e-01 6.333401992832630167e-01
3.280000000000000000e+03 2.569957534906421315e-01 6.343345072997437217e-01
3.290000000000000000e+03 2.560023286016602784e-01 6.353329386167541060e-01
3.300000000000000000e+03 2.550076680991548717e-01 6.363327223123728116e-01
3.310000000000000000e+03 2.540145489752907437e-01 6.373310698357763648e-01
3.320000000000000000e+03 2.530255947896888347e-01 6.383250485874342184e-01
3.330000000000000000e+03 2.520433569709758514e-01 6.393118526802896717e-01
3.340000000000000000e+03 2.510703915726264501e-01 6.402890614882459364e-01
3.350000000000000000e+03 2.501091363619161179e-01 6.412544712921529610e-01
3.360000000000000000e+03 2.491618172938937781e-01 6.422060406809786404e-01
3.370000000000000000e+03 2.482303911318017586e-01 6.431419068119654803e-01
3.380000000000000000e+03 2.473164396188738401e-01 6.440602761236807750e-01
3.390000000000000000e+03 2.464212676836542160e-01 6.449597617672231387e-01
3.400000000000000000e+03 2.455459004287188496e-01 6.458395055478048929e-01
3.410000000000000000e+03 2.446908943141203885e-01 6.466989201914905561e-01
3.420000000000000000e+03 2.438563509657586115e-01 6.475377720129752435e-01
3.430000000000000000e+03 2.430420043704238364e-01 6.483562975199965717e-01
3.440000000000000000e+03 2.422472690916352700e-01 6.491552170037226954e-01
3.450000000000000000e+03 2.414711697567286652e-01 6.499354239977357395e-01
3.460000000000000000e+03 2.407124640238552937e-01 6.506980806833309039e-01
3.470000000000000000e+03 2.399698290266543965e-01 6.514448665163520280e-01
3.480000000000000000e+03 2.392417203753505195e-01 6.521774890026509341e-01
3.490000000000000000e+03 2.385263804899905304e-01 6.528974703896781584e-01
3.500000000000000000e+03 2.378220928638505038e-01 6.536064363841378455e-01
3.510000000000000000e+03 2.371272296378350020e-01 6.543059695233166551e-01
3.520000000000000000e+03 2.364402454033765200e-01 6.549973859692047595e-01
3.530000000000000000e+03 2.357597774441422822e-01 6.556818829494051037e-01
3.540000000000000000e+03 2.350847385249424104e-01 6.563606819179029772e-01
3.550000000000000000e+03 2.344142836483889547e-01 6.570348729840171931e-01
3.560000000000000000e+03 2.337477584116385843e-01 6.577052643106136021e-01
3.570000000000000000e+03 2.330847270772092306e-01 6.583724103667639715e-01
3.580000000000000000e+03 2.324249096496044942e-01 6.590364438480357245e-01
3.590000000000000000e+03 2.317681961343918684e-01 6.596972278019375135e-01
3.600000000000000000e+03 2.311146991704325915e-01 6.603545699769310939e-01
3.610000000000000000e+03 2.304647200457929090e-01 6.610082041696592192e-01
3.620000000000000000e+03 2.298187015817069467e-01 6.616578094374193642e-01
3.630000000000000000e+03 2.291771499572960724e-01 6.623029384059677671e-01
3.640000000000000000e+03 2.285406099832556215e-01 6.629430515466514517e-01
3.650000000000000000e+03 2.279096092957650921e-01 6.635774748718951122e-01
3.660000000000000000e+03 2.272846630859206574e-01 6.642055734056805383e-01
3.670000000000000000e+03 2.266663155851891820e-01 6.648269472881809250e-01
3.680000000000000000e+03 2.260550516815149069e-01 6.654412759253727216e-01
3.690000000000000000e+03 2.254512364458426121e-01 6.660482935356315526e-01
3.700000000000000000e+03 2.248551515430800563e-01 6.666478709199012975e-01
3.710000000000000000e+03 2.242669832963783971e-01 6.672399020854835605e-01
3.720000000000000000e+03 2.236868193602014887e-01 6.678242287211202388e-01
3.730000000000000000e+03 2.231146674309067157e-01 6.684005750138011237e-01
3.740000000000000000e+03 2.225505314966617632e-01 6.689687253143096202e-01
3.750000000000000000e+03 2.219945087973884679e-01 6.695287686362161317e-01
3.760000000000000000e+03 2.214466989376131234e-01 6.700806941479960921e-01
3.770000000000000000e+03 2.209071758806536445e-01 6.706241763531934907e-01
3.780000000000000000e+03 2.203760989203463472e-01 6.711587897225196331e-01
3.790000000000000000e+03 2.198537823421908843e-01 6.716841711781473823e-01
3.800000000000000000e+03 2.193406950843456715e-01 6.721999741300509479e-01
3.810000000000000000e+03 2.188374435714312560e-01 6.727057758933234766e-01
3.820000000000000000e+03 2.183446620923570336e-01 6.732007562361057573e-01
3.830000000000000000e+03 2.178630485261910110e-01 6.736839009436133008e-01
3.840000000000000000e+03 2.173934985722378310e-01 6.741545188313677883e-01
3.850000000000000000e+03 2.169370845499189182e-01 6.746123050129956278e-01
3.860000000000000000e+03 2.164947529837140949e-01 6.750566378296506409e-01
3.870000000000000000e+03 2.160672435012324921e-01 6.754865476977022221e-01
3.880000000000000000e+03 2.156551337353897480e-01 6.759010158829948933e-01
3.890000000000000000e+03 2.152588908639068987e-01 6.762992804194752905e-01
3.900000000000000000e+03 2.148789215692867294e-01 6.766810998366323826e-01
3.910000000000000000e+03 2.145154851431181064e-01 6.770464992111365765e-01
3.920000000000000000e+03 2.141686785450372110e-01 6.773957430715610295e-01
3.930000000000000000e+03 2.138383848503158935e-01 6.777291012872876941e-01
3.940000000000000000e+03 2.135242924264903752e-01 6.780467676364201335e-01
3.950000000000000000e+03 2.132259878378953977e-01 6.783489490672839350e-01
3.960000000000000000e+03 2.129430389374072918e-01 6.786358387829889427e-01
3.970000000000000000e+03 2.126750008079225929e-01 6.789074148077760551e-01
3.980000000000000000e+03 2.124216090524929934e-01 6.791638405711484250e-01
3.990000000000000000e+03 2.121827511783064557e-01 6.794052462423465499e-01
4.000000000000000000e+03 2.119585192109339211e-01 6.796317273215332078e-01
4.010000000000000000e+03 2.117491757617500914e-01 6.798431579115633561e-01
4.020000000000000000e+03 2.115550488136728469e-01 6.800389465863867500e-01
4.030000000000000000e+03 2.113767069808183408e-01 6.802186066711011225e-01
4.040000000000000000e+03 2.112149749021308420e-01 6.803818097542378984e-01
4.050000000000000000e+03 2.110707602905327607e-01 6.805279236792141084e-01
4.060000000000000000e+03 2.109449430413458948e-01 6.806559398052808296e-01
4.070000000000000000e+03 2.108382989135947905e-01 6.807645631275390796e-01
4.080000000000000000e+03 2.107516329425764001e-01 6.808527708697595937e-01
4.090000000000000000e+03 2.106858488600974189e-01 6.809201549146143284e-01
4.100000000000000000e+03 2.106416664604313371e-01 6.809662133176150878e-01
4.110000000000000000e+03 2.106195380127014183e-01 6.809902583960305567e-01
4.120000000000000000e+03 2.106197941933152518e-01 6.809919280995075930e-01
4.130000000000000000e+03 2.106425872759912776e-01 6.809710703998527181e-01
4.140000000000000000e+03 2.106878551768732732e-01 6.809276950688546437e-01
4.150000000000000000e+03 2.107552861519416953e-01 6.808618651176842063e-01
4.160000000000000000e+03 2.108443464213674012e-01 6.807737501006970726e-01
4.170000000000000000e+03 2.109544796235466591e-01 6.806640919938294898e-01
4.180000000000000000e+03 2.110851190636088837e-01 6.805341843002652436e-01
4.190000000000000000e+03 2.112354125204156940e-01 6.803850578819466977e-01
4.200000000000000000e+03 2.114043341234723983e-01 6.802176187566093546e-01
