0.000000000000000000e+00 9.788018897619787495e+00 -9.559009912849087034e-16 9.788018897619787495e+00 -9.766031321387834376e-17
1.000000000000000000e+01 9.697515774120153864e+00 1.081179561532910949e+00 9.757600188242276928e+00 -9.989681667890147887e-01
2.000000000000000000e+01 9.442386019509216410e+00 2.130244095747197086e+00 9.679700080523614858e+00 -1.998110329018093489e+00
3.000000000000000000e+01 9.032922203489476942e+00 3.117442573489195290e+00 9.555738157426464596e+00 -2.997679171246824481e+00
4.000000000000000000e+01 8.485611658188121353e+00 4.016233723443956904e+00 9.388063620092626849e+00 -3.997940228658896089e+00
5.000000000000000000e+01 7.821854268377730790e+00 4.804899499349382985e+00 9.179785585436452067e+00 -4.999138180571355505e+00
6.000000000000000000e+01 7.066539749072213716e+00 5.467254962656286743e+00 8.934587894911963701e+00 -6.001513854081212074e+00
7.000000000000000000e+01 6.246548277698509288e+00 5.993091286666542672e+00 8.656587581485943872e+00 -7.005306757706437182e+00
8.000000000000000000e+01 5.389252857681906761e+00 6.378263837717857321e+00 8.350227299156108174e+00 -8.010753040675581360e+00
9.000000000000000000e+01 4.521103122801265251e+00 6.624369404459425681e+00 8.020139864973769406e+00 -9.018084877110261743e+00
1.000000000000000000e+02 3.666419890168593820e+00 6.738077236966708128e+00 7.671005127253715195e+00 -1.002753242490520336e+01
1.100000000000000000e+02 2.846477597511225976e+00 6.730258903572147844e+00 7.307449597653442375e+00 -1.103932590734764929e+01
1.200000000000000000e+02 2.078870583229357916e+00 6.614993255298427854e+00 6.933962695995707470e+00 -1.205369704253376995e+01
1.300000000000000000e+02 1.377172051152901977e+00 6.408503331434470596e+00 6.554808754455266673e+00 -1.307088196525964996e+01
1.400000000000000000e+02 7.508721669145039801e-01 6.128137417280456134e+00 6.173967704492764774e+00 -1.409112456472955976e+01
1.500000000000000000e+02 2.055456157910768022e-01 5.791456488874392683e+00 5.795102869034875148e+00 -1.511467996107385048e+01
1.600000000000000000e+02 -2.568048310677709112e-01 5.415451349015350857e+00 5.421536870188371715e+00 -1.614181840851769323e+01
1.700000000000000000e+02 -6.372805809408487177e-01 5.015918231747929390e+00 5.056239931651343333e+00 -1.717282912614300372e+01
1.800000000000000000e+02 -9.395487824637293039e-01 4.607006562117690329e+00 4.701835958221483480e+00 -1.820802340009104725e+01
1.900000000000000000e+02 -1.169280007553985534e+00 4.200922665953233270e+00 4.360615436080676588e+00 -1.924773601221411568e+01
2.000000000000000000e+02 -1.333590199979466373e+00 3.807774041877393323e+00 4.034551520984281048e+00 -2.029232548989626750e+01
2.100000000000000000e+02 -1.440515341954616391e+00 3.435538311349622731e+00 3.725319843873495351e+00 -2.134217231968749573e+01
2.200000000000000000e+02 -1.498544558433991147e+00 3.090135173004488589e+00 3.434322521408204043e+00 -2.239767271290431694e+01
2.300000000000000000e+02 -1.516224996805101144e+00 2.775575004688185299e+00 3.162713209822611837e+00 -2.345922546603170389e+01
2.400000000000000000e+02 -1.501841232729195452e+00 2.494157708541865581e+00 2.911417140054711972e+00 -2.452720944836867289e+01
2.500000000000000000e+02 -1.463164660024162567e+00 2.246702467012754667e+00 2.681142069645848114e+00 -2.560195032036301654e+01
2.600000000000000000e+02 -1.407269115028569217e+00 2.032797711285855069e+00 2.472382028959582811e+00 -2.668367642773732840e+01
2.700000000000000000e+02 -1.340415514722387291e+00 1.851055878059734150e+00 2.285414976718227464e+00 -2.777246228138293560e+01
2.800000000000000000e+02 -1.267998196258698362e+00 1.699351558286576136e+00 2.120286571283779953e+00 -2.886816090343339170e+01
2.900000000000000000e+02 -1.194536927152989092e+00 1.575035879041539966e+00 1.976779322686339269e+00 -2.997033622680898901e+01
3.000000000000000000e+02 -1.123703851700479817e+00 1.475122543216033089e+00 1.854372363855391059e+00 -3.107821232912893450e+01
3.100000000000000000e+02 -1.058373101693159457e+00 1.396449279681430067e+00 1.752205528215906361e+00 -3.219066379997273941e+01
3.200000000000000000e+02 -1.000690343097562884e+00 1.335815856649495093e+00 1.669067154324517466e+00 -3.330626409937371335e+01
3.300000000000000000e+02 -9.521541584848896012e-01 1.290086171756619882e+00 1.603408828738858816e+00 -3.442339149409761490e+01
3.400000000000000000e+02 -9.137019491445891317e-01 1.256261487922087916e+00 1.553397623889916979e+00 -3.554037759113673189e+01
3.500000000000000000e+02 -8.857929145286378425e-01 1.231534020874436308e+00 1.517005317063949921e+00 -3.665566827765612601e+01
3.600000000000000000e+02 -8.684874096695652801e-01 1.213321824846940400e+00 1.492119375721815633e+00 -3.776795675433135102e+01
3.700000000000000000e+02 -8.615222460505015389e-01 1.199292765845387576e+00 1.476659648886289755e+00 -3.887626248257469541e+01
3.800000000000000000e+02 -8.643764113425114193e-01 1.187371739812465687e+00 1.468672267386649022e+00 -3.997994850815831569e+01
3.900000000000000000e+02 -8.763250928525287975e-01 1.175737933220614373e+00 1.466391951688522877e+00 -4.107869132343368790e+01
4.000000000000000000e+02 -8.964871077071198124e-01 1.162820873710860070e+00 1.468278419994915263e+00 -4.217242324714616331e+01
4.100000000000000000e+02 -9.238644824780611886e-01 1.147290179350306305e+00 1.473024214878395632e+00 -4.326126490615824594e+01
4.200000000000000000e+02 -9.573754669900901293e-01 1.128040502959366087e+00 1.479541537474130086e+00 -4.434546094947193495e+01
4.300000000000000000e+02 -9.958850290670259175e-01 1.104176115165393268e+00 1.486940444140776973e+00 -4.542532556032149671e+01
4.400000000000000000e+02 -1.038229824169894844e+00 1.074999824694662154e+00 1.494505199351747082e+00 -4.650120366169779373e+01
4.500000000000000000e+02 -1.083235339638350503e+00 1.040002218756515440e+00 1.501666879191216442e+00 -4.757344643727367384e+01
4.600000000000000000e+02 -1.129731168224163307e+00 9.988461056879855970e-01 1.507974156046842706e+00 -4.864239337289734522e+01
4.700000000000000000e+02 -1.176563794642752292e+00 9.513562208810061316e-01 1.513070065090557081e+00 -4.970836342034586863e+01
4.800000000000000000e+02 -1.222609263798786206e+00 8.975106729991314536e-01 1.516673603671522930e+00 -5.077165094649838295e+01
4.900000000000000000e+02 -1.266783681947483808e+00 8.374311146192808808e-01 1.518562401938397421e+00 -5.183252445510858308e+01
5.000000000000000000e+02 -1.308053842929363553e+00 7.713766808907237538e-01 1.518560779101141289e+00 -5.289122872198758785e+01
5.100000000000000000e+02 -1.345447128541711557e+00 6.997332495039818578e-01 1.516527149827044285e+00 -5.394798557607671796e+01
5.200000000000000000e+02 -1.378061730825407949e+00 6.230042378742921549e-01 1.512345335687205639e+00 -5.500299573495511396e+01
5.300000000000000000e+02 -1.405078107124932751e+00 5.418060859256605966e-01 1.505921087530109670e+00 -5.605644356580211962e+01
5.400000000000000000e+02 -1.425769356225637496e+00 4.568583014994879177e-01 1.497176597733569148e+00 -5.710849968121312514e+01
5.500000000000000000e+02 -1.439509574017242111e+00 3.689726877709311181e-01 1.486044635267799396e+00 -5.815932377423133204e+01
5.600000000000000000e+02 -1.445785442658336084e+00 2.790433415648190807e-01 1.472467565915942744e+00 -5.920906766804820620e+01
5.700000000000000000e+02 -1.444207374449666403e+00 1.880325293035526313e-01 1.456396639824155237e+00 -6.025787679454629142e+01
5.800000000000000000e+02 -1.434519503344033442e+00 9.695669461696151958e-02 1.437792337615366289e+00 -6.130589298140540677e+01
5.900000000000000000e+02 -1.416606920704911676e+00 6.877649074949326695e-03 1.416623616154216947e+00 -6.235326232412991487e+01
6.000000000000000000e+02 -1.390502917998614807e+00 -8.111622070049202826e-02 1.392866901833550441e+00 -6.340013749871904025e+01
6.100000000000000000e+02 -1.356396927390776330e+00 -1.659342276782374836e-01 1.366508980047446364e+00 -6.444667763566700103e+01
6.200000000000000000e+02 -1.314639005043244602e+00 -2.465027088746268857e-01 1.337549737042933673e+00 -6.549305359461338583e+01
6.300000000000000000e+02 -1.265742063890566538e+00 -3.217884863760989700e-01 1.306005667011507221e+00 -6.653945231632962987e+01
6.400000000000000000e+02 -1.210379039888048736e+00 -3.908280125358394308e-01 1.271913501612051078e+00 -6.758607852485491208e+01
6.500000000000000000e+02 -1.149375156071563930e+00 -4.527544856785420957e-01 1.235333911821647090e+00 -6.863315886743939132e+01
6.600000000000000000e+02 -1.083696752132154772e+00 -5.068202349313551958e-01 1.196355048101379825e+00 -6.968095071150449371e+01
6.700000000000000000e+02 -1.014434381870890300e+00 -5.524228523681860015e-01 1.155096585979015877e+00 -7.072974843629148722e+01
6.800000000000000000e+02 -9.427810463355656978e-01 -5.891321891439903480e-01 1.111716167740298022e+00 -7.177988885923730322e+01
6.900000000000000000e+02 -8.700049918862556853e-01 -6.167086487392311467e-01 1.066413729908224806e+00 -7.283176215467371151e+01
7.000000000000000000e+02 -7.974158678549572166e-01 -6.351171349403724742e-01 1.019434078987818459e+00 -7.388582307544399441e+01
7.100000000000000000e+02 -7.263268664125731577e-01 -6.445397519222184624e-01 9.710727102955075685e-01 -7.494259943187586259e+01
7.200000000000000000e+02 -6.580152529057070598e-01 -6.453811020779881558e-01 9.216836984432132951e-01 -7.600270213259304342e+01
7.300000000000000000e+02 -5.936835886767282133e-01 -6.382616802980607407e-01 8.716869713383254004e-01 -7.706683984033915635e+01
7.400000000000000000e+02 -5.344208109395449657e-01 -6.240042223981242531e-01 8.215758472204307550e-01 -7.813583071236280375e+01
7.500000000000000000e+02 -4.811617707387886855e-01 -6.036132305937766951e-01 7.719233004439900458e-01 -7.921060311268334431e+01
7.600000000000000000e+02 -4.346507698962843724e-01 -5.782463370862235275e-01 7.233879444150747018e-01 -8.029218045394298997e+01
7.700000000000000000e+02 -3.954144952065698493e-01 -5.491759593442139264e-01 6.767177087538822633e-01 -8.138164343188978478e+01
7.800000000000000000e+02 -3.637426718621429855e-01 -5.177452504596135041e-01 6.327470866838491581e-01 -8.248004730884549929e+01
7.900000000000000000e+02 -3.396770187281531461e-01 -4.853216025656251764e-01 5.923829293361793091e-01 -8.358827046019587215e+01
8.000000000000000000e+02 -3.230101039967701038e-01 -4.532466248743929338e-01 5.565680823080253470e-01 -8.470678226103741792e+01
8.100000000000000000e+02 -3.132934020629598582e-01 -4.227863320090284871e-01 5.262138712632268289e-01 -8.583534053137839237e+01
8.200000000000000000e+02 -3.098555114359781149e-01 -3.950859333909561011e-01 5.020989272351162880e-01 -8.697268893155685987e+01
8.300000000000000000e+02 -3.118327050370480191e-01 -3.711287335306612811e-01 4.847434092205846201e-01 -8.811640443005474310e+01
8.400000000000000000e+02 -3.182087600946207351e-01 -3.517004321025232194e-01 4.742889508960307365e-01 -8.926305642709642996e+01
8.500000000000000000e+02 -3.278605807705922692e-01 -3.373630684217976405e-01 4.704321421397570369e-01 -9.040872550351585346e+01
8.600000000000000000e+02 -3.396075155022960090e-01 -3.284410220845399020e-01 4.724476368589216047e-01 -9.154972271954818552e+01
8.700000000000000000e+02 -3.522609176226664252e-01 -3.250196657471406403e-01 4.792969196716644897e-01 -9.268320903039764858e+01
8.800000000000000000e+02 -3.646722611426452820e-01 -3.269542867556800014e-01 4.897805260265102878e-01 -9.380749038956493280e+01
8.900000000000000000e+02 -3.757789885035551780e-01 -3.338872824754250401e-01 5.026833651510455026e-01 -9.492197091077659366e+01
9.000000000000000000e+02 -3.846434724056334575e-01 -3.452744587838920687e-01 5.168801144876564724e-01 -9.602689319119964750e+01
9.100000000000000000e+02 -3.904834817539367675e-01 -3.604191990950568747e-01 5.313937792249729952e-01 -9.712302533221310341e+01
9.200000000000000000e+02 -3.926943168850853261e-01 -3.785127153956884816e-01 5.454179152082018200e-01 -9.821139594910823689e+01
9.300000000000000000e+02 -3.908612692156295809e-01 -3.986768066436765512e-01 5.583150794385302040e-01 -9.929311063295354245e+01
9.400000000000000000e+02 -3.847617982954237292e-01 -4.200058329918485156e-01 5.696020902127246766e-01 -1.003692430976402932e+02
9.500000000000000000e+02 -3.743584966289865701e-01 -4.416058747015047525e-01 5.789300757165722899e-01 -1.014407804165223155e+02
9.600000000000000000e+02 -3.597849748142354920e-01 -4.626291693641714220e-01 5.860639695875043964e-01 -1.025086033946574844e+02
9.700000000000000000e+02 -3.413268206248947778e-01 -4.823036540729475630e-01 5.908644626392897115e-01 -1.035734868216876805e+02
9.800000000000000000e+02 -3.193971295430194646e-01 -4.999569617806479127e-01 5.932718516778430207e-01 -1.046361074170563654e+02
9.900000000000000000e+02 -2.945062860194532783e-01 -5.150324345176693352e-01 5.932894412596345646e-01 -1.056970528038305872e+02
1.000000000000000000e+03 -2.672313470104650257e-01 -5.270980145852529608e-01 5.909694660511176645e-01 -1.067568318468779864e+02
1.010000000000000000e+03 -2.381885522053702187e-01 -5.358509781097213764e-01 5.864043461152342873e-01 -1.078158860914373207e+02
1.020000000000000000e+03 -2.080075502937754339e-01 -5.411176804815571728e-01 5.797201782834181527e-01 -1.088746002926438905e+02
1.030000000000000000e+03 -1.773078215742964758e-01 -5.428461834653252049e-01 5.710692098986707155e-01 -1.099333131162287742e+02
1.040000000000000000e+03 -1.466786418607179954e-01 -5.410934383502262746e-01 5.606217378980009602e-01 -1.109923275323172476e+02
1.050000000000000000e+03 -1.166628542401428742e-01 -5.360097356877935315e-01 5.485587099951609868e-01 -1.120519193087681344e+02
1.060000000000000000e+03 -8.774428185402102787e-02 -5.278223116173922369e-01 5.350658386023213753e-01 -1.131123428753500235e+02
1.070000000000000000e+03 -6.033816964906431324e-02 -5.168190955380502771e-01 5.203293882045945118e-01 -1.141738339823883024e+02
1.080000000000000000e+03 -3.478571999868825676e-02 -5.033330735254541999e-01 5.045336750112993096e-01 -1.152366120404567340e+02
1.090000000000000000e+03 -1.135319841416465581e-02 -4.877275956157127723e-01 4.878597161472912891e-01 -1.163008845612252458e+02
1.100000000000000000e+03 9.765848322767830408e-03 -4.703821569862490226e-01 4.704835229893811199e-01 -1.173668524823681309e+02
1.110000000000000000e+03 2.844650664431177048e-02 -4.516789404672569286e-01 4.525738271286671721e-01 -1.184347146055209521e+02
1.120000000000000000e+03 4.462711510769731132e-02 -4.319912496954634307e-01 4.342902476642595544e-01 -1.195046705786430863e+02
1.130000000000000000e+03 5.830308870519205350e-02 -4.116752175266438218e-01 4.157832787380644768e-01 -1.205769226585719309e+02
1.140000000000000000e+03 6.951958582552576760e-02 -3.910642934489397260e-01 3.971954864094896509e-01 -1.216516787195498921e+02
1.150000000000000000e+03 7.836295908275080213e-02 -3.704640530367037110e-01 3.786612839314134060e-01 -1.227291572645011115e+02
1.160000000000000000e+03 8.495257086320248674e-02 -3.501480160686608611e-01 3.603062203918864226e-01 -1.238095911280421717e+02
1.170000000000000000e+03 8.943389745013149983e-02 -3.303564777777954764e-01 3.422481912631120116e-01 -1.248932288156720176e+02
1.180000000000000000e+03 9.197215688285298452e-02 -3.112973914872975700e-01 3.245996666487504512e-01 -1.259803356891070223e+02
1.190000000000000000e+03 9.274670220165717738e-02 -2.931468998554510597e-01 3.074687881137607715e-01 -1.270711925145229628e+02
1.200000000000000000e+03 9.194623153634577661e-02 -2.760489931813558395e-01 2.909590282671695172e-01 -1.281660890274622773e+02
1.210000000000000000e+03 8.976356530750094487e-02 -2.601167872065537345e-01 2.751694762203350519e-01 -1.292653175138596282e+02
1.220000000000000000e+03 8.639149478284878503e-02 -2.454357867722327946e-01 2.601964945946042551e-01 -1.303691624710752706e+02
1.230000000000000000e+03 8.202018714563143187e-02 -2.320666703014377941e-01 2.461346187845192823e-01 -1.314778804858273702e+02
1.240000000000000000e+03 7.683491862507323134e-02 -2.200475431702623996e-01 2.330762235308228847e-01 -1.325916720940687128e+02
1.250000000000000000e+03 7.101468647343511797e-02 -2.093959370147696897e-01 2.211102533425659267e-01 -1.337106429648307540e+02
1.260000000000000000e+03 6.473079741865477021e-02 -2.001110607357625693e-01 2.103200246368542303e-01 -1.348347596274303442e+02
1.270000000000000000e+03 5.814467571120539996e-02 -1.921758084433395075e-01 2.007793432213890727e-01 -1.359638074351061618e+02
1.280000000000000000e+03 5.140647054723338633e-02 -1.855583666197993808e-01 1.925474815123050520e-01 -1.370973523276794594e+02
1.290000000000000000e+03 4.465555481113801101e-02 -1.802139396750684908e-01 1.856641662483630162e-01 -1.382347116440293462e+02
1.300000000000000000e+03 3.802147516992315790e-02 -1.760866445067630071e-01 1.801447721910025557e-01 -1.393749510788315433e+02
1.310000000000000000e+03 3.162345233719368598e-02 -1.731114013833967014e-01 1.759761348213053633e-01 -1.405169264166101755e+02
1.320000000000000000e+03 2.556902811979458109e-02 -1.712153586563321672e-01 1.731140498018786111e-01 -1.416593681739854844e+02
1.330000000000000000e+03 1.995358800822939066e-02 -1.703193109286111895e-01 1.714841489747641057e-01 -1.428009886336344891e+02
1.340000000000000000e+03 1.486108696236591864e-02 -1.703390267185083684e-01 1.709860694007313275e-01 -1.439405871987309524e+02
1.350000000000000000e+03 1.036477372030704565e-02 -1.711856144315498929e-01 1.714991053113118502e-01 -1.450771378542665104e+02
1.360000000000000000e+03 6.527208544976958147e-03 -1.727659486476152417e-01 1.728892057460501286e-01 -1.462098483374584532e+02
1.370000000000000000e+03 3.399976331297697475e-03 -1.749840023427555458e-01 1.750170303568851782e-01 -1.473381832518493866e+02
1.380000000000000000e+03 1.023323661486210236e-03 -1.777425667024984945e-01 1.777455124871181735e-01 -1.484618537473196511e+02
1.390000000000000000e+03 -5.726666262192063681e-04 -1.809446695464772270e-01 1.809455757523477926e-01 -1.495807758805401591e+02
1.400000000000000000e+03 -1.366457933600660280e-03 -1.844940853397940284e-01 1.844991456149635001e-01 -1.506950173976873657e+02
1.410000000000000000e+03 -1.345860849496034869e-03 -1.882952230374688174e-01 1.883000328203803808e-01 -1.518047585080604449e+02
1.420000000000000000e+03 -5.082283031818087601e-04 -1.922539523690688090e-01 1.922546241252374444e-01 -1.529102545393612047e+02
1.430000000000000000e+03 1.140021641154127796e-03 -1.962783176142441077e-01 1.962816283171208709e-01 -1.540118028955407681e+02
1.440000000000000000e+03 3.583706101036969027e-03 -2.002788481899936412e-01 2.003109082944040109e-01 -1.551097193464330530e+02
1.450000000000000000e+03 6.799379718231049648e-03 -2.041691849198817854e-01 2.042823723070631980e-01 -1.562043206495040693e+02
1.460000000000000000e+03 1.075578042027594550e-02 -2.078670181037216014e-01 2.081451033000346895e-01 -1.572959135606024574e+02
1.470000000000000000e+03 1.541415760407638738e-02 -2.112949563405094044e-01 2.118564486381782908e-01 -1.583847891170545097e+02
1.480000000000000000e+03 2.072930358070156770e-02 -2.143813500559847707e-01 2.153812138483010008e-01 -1.594712170951163159e+02
1.490000000000000000e+03 2.665099417382360558e-02 -2.170606387033071627e-01 2.186906407799401597e-01 -1.605554411536995758e+02
1.500000000000000000e+03 3.312429111746631460e-02 -2.192728318700600809e-01 2.217606670677879643e-01 -1.616376803802597806e+02
1.510000000000000000e+03 4.008917906133643155e-02 -2.209634998407430384e-01 2.245707250281789025e-01 -1.627181343075726545e+02
1.520000000000000000e+03 4.748102710531748594e-02 -2.220850215668774552e-01 2.271039513952505251e-01 -1.637969853544645957e+02
1.530000000000000000e+03 5.523146718102112801e-02 -2.225978872204363024e-01 2.293476277661713469e-01 -1.648744005206780798e+02
1.540000000000000000e+03 6.326886826112812501e-02 -2.224711851982584809e-01 2.312928402146547380e-01 -1.659505349307798383e+02
1.550000000000000000e+03 7.151868786175324955e-02 -2.216821278906302983e-01 2.329332276417099279e-01 -1.670255348881031523e+02
1.560000000000000000e+03 7.990457000097822560e-02 -2.202150607197078114e-01 2.342635551570620145e-01 -1.680995365819469782e+02
1.570000000000000000e+03 8.835020143367960932e-02 -2.180614569497755229e-01 2.352797422228071200e-01 -1.691726626361070487e+02
1.580000000000000000e+03 9.678059134882557868e-02 -2.152210612702974424e-01 2.359800586408552781e-01 -1.702450232974535425e+02
1.590000000000000000e+03 1.051218163298162506e-01 -2.117021538230519362e-01 2.363649682203324276e-01 -1.713167230045018528e+02
1.600000000000000000e+03 1.133012536194649145e-01 -2.075211202290745405e-01 2.364364384202915503e-01 -1.723878636051382784e+02
1.610000000000000000e+03 1.212483899611250943e-01 -2.027021100326160397e-01 2.361976237811037882e-01 -1.734585452106936145e+02
1.620000000000000000e+03 1.288958348597210868e-01 -1.972770379156004728e-01 2.356530626428134378e-01 -1.745288670501623187e+02
1.630000000000000000e+03 1.361811958830425606e-01 -1.912852895994113511e-01 2.348092420013877524e-01 -1.755989250117956431e+02
1.640000000000000000e+03 1.430482693859500831e-01 -1.847730400556569508e-01 2.336747391262580242e-01 -1.766688111629119931e+02
1.650000000000000000e+03 1.494472111216141041e-01 -1.777933188644318652e-01 2.322604855434041438e-01 -1.777386188057069205e+02
1.660000000000000000e+03 1.553354976575037905e-01 -1.704053415721116516e-01 2.305799151461644658e-01 -1.788084431859654444e+02
1.670000000000000000e+03 1.606785000576853029e-01 -1.626722924797751046e-01 2.286478845767287438e-01 -1.798783788134404631e+02
1.680000000000000000e+03 1.654493631146874422e-01 -1.546602153533391533e-01 2.264801844934716257e-01 -1.809485210650574629e+02
1.690000000000000000e+03 1.696302048957808173e-01 -1.464367491040834413e-01 2.240940157638237062e-01 -1.820189626841296047e+02
1.700000000000000000e+03 1.732132653294309599e-01 -1.380702332369827812e-01 2.215089718097185134e-01 -1.830897916858270094e+02
1.710000000000000000e+03 1.762003395701852437e-01 -1.296289443899694971e-01 2.187469380089842319e-01 -1.841610947499593465e+02
1.720000000000000000e+03 1.786025544229042916e-01 -1.211795979152176378e-01 2.158318034889212256e-01 -1.852329563541657080e+02
1.730000000000000000e+03 1.804404712781572939e-01 -1.127856204908397608e-01 2.127894731056666766e-01 -1.863054551586079981e+02
1.740000000000000000e+03 1.817434937679974216e-01 -1.045049689669724224e-01 2.096472896695447119e-01 -1.873786591451163304e+02
1.750000000000000000e+03 1.825484488138547634e-01 -9.638888030026607212e-02 2.064334091417461825e-01 -1.884526247116629918e+02
1.760000000000000000e+03 1.828978463071823657e-01 -8.848166408940595640e-02 2.031763447447467452e-01 -1.895273993998677327e+02
1.770000000000000000e+03 1.828381685336795681e-01 -8.081995916700196458e-02 1.999041312042001695e-01 -1.906030210474341970e+02
1.780000000000000000e+03 1.824190679361747669e-01 -7.343160544021792857e-02 1.966441380367860980e-01 -1.916795117955435614e+02
1.790000000000000000e+03 1.816925357590372381e-01 -6.633527895783558614e-02 1.934232322782423463e-01 -1.927568745553776921e+02
1.800000000000000000e+03 1.807112292539816700e-01 -5.954076024930159139e-02 1.902673132977651949e-01 -1.938350933694937908e+02
1.810000000000000000e+03 1.795267524343700238e-01 -5.304945035294827277e-02 1.872006918320055502e-01 -1.949141343393435193e+02
1.820000000000000000e+03 1.781879371441346394e-01 -4.685506140660476021e-02 1.842453194062166066e-01 -1.959939468198164718e+02
1.830000000000000000e+03 1.767391111047663665e-01 -4.094451871962336703e-02 1.814198638718609036e-01 -1.970744652074467353e+02
1.840000000000000000e+03 1.752190444071885511e-01 -3.529900313973543396e-02 1.787392881982787785e-01 -1.981556102730156113e+02
1.850000000000000000e+03 1.736603114283261640e-01 -2.989496877578233167e-02 1.762146785131370186e-01 -1.992372900584900606e+02
1.860000000000000000e+03 1.720886751456394970e-01 -2.470514185745226188e-02 1.738529727890158472e-01 -2.003194010013844206e+02
1.870000000000000000e+03 1.705228834541337446e-01 -1.969973312041032459e-02 1.716570221882212088e-01 -2.014018302818272730e+02
1.880000000000000000e+03 1.689747337028542074e-01 -1.484789862726559710e-02 1.696258256386569407e-01 -2.024844601040273062e+02
1.890000000000000000e+03 1.674491073580570144e-01 -1.011925542279810269e-02 1.677545912496046510e-01 -2.035671731144231842e+02
1.900000000000000000e+03 1.659442198322494677e-01 -5.485226917253092221e-03 1.660348511911511060e-01 -2.046498573049377114e+02
1.910000000000000000e+03 1.644521924842282934e-01 -9.200560031008846087e-04 1.644547661696629248e-01 -2.057324093060026655e+02
1.920000000000000000e+03 1.629596974317504554e-01 3.598214890829720940e-03 1.629994175984940397e-01 -2.068147378826895135e+02
1.930000000000000000e+03 1.614488846045091519e-01 8.086647876600972992e-03 1.616512796544470609e-01 -2.078967685407559998e+02
1.940000000000000000e+03 1.598987197403742844e-01 1.255683696981351773e-02 1.603910057618482543e-01 -2.089784455875925744e+02
1.950000000000000000e+03 1.582862435012616364e-01 1.701506469204171548e-02 1.591981385199432997e-01 -2.100597303563555158e+02
1.960000000000000000e+03 1.565876808589463653e-01 2.146245544560636265e-02 1.580516965759554138e-01 -2.111405999570306733e+02
1.970000000000000000e+03 1.547797443812254370e-01 2.589495356773460072e-02 1.569309335057706700e-01 -2.122210479624223467e+02
1.980000000000000000e+03 1.528408292825420289e-01 3.030342194379173279e-02 1.558159699044954771e-01 -2.133010852194768177e+02
1.990000000000000000e+03 1.507518669504581965e-01 3.467410590876188192e-02 1.546881346762597753e-01 -2.143807388926609292e+02
2.000000000000000000e+03 1.484970895679525171e-01 3.898940520483513278e-02 1.535303205506304558e-01 -2.154600501720536272e+02
2.010000000000000000e+03 1.460646974210645099e-01 4.322873778227217384e-02 1.523273435826791311e-01 -2.165390720177020967e+02
2.020000000000000000e+03 1.434472999930485049e-01 4.736949861012997726e-02 1.510662016265410523e-01 -2.176178666686994632e+02
2.030000000000000000e+03 1.406422017274381320e-01 5.138809421236913144e-02 1.497363186856172368e-01 -2.186965030058399293e+02
2.040000000000000000e+03 1.376514796291655185e-01 5.526086391648691448e-02 1.483296764807874035e-01 -2.197750547028293795e+02
2.050000000000000000e+03 1.344817732891456785e-01 5.896488180785906114e-02 1.468407458221591966e-01 -2.208535987430830403e+02
2.060000000000000000e+03 1.311438977721025023e-01 6.247870704647200818e-02 1.452663441993999605e-01 -2.219322138004797296e+02
2.070000000000000000e+03 1.276525180998386577e-01 6.578308735381076244e-02 1.436056404150921062e-01 -2.230109789568632266e+02
2.080000000000000000e+03 1.240258110813239611e-01 6.886163050831045629e-02 1.418602339298907777e-01 -2.240899725187632043e+02
2.090000000000000000e+03 1.202848424368195140e-01 7.170138461935866847e-02 1.400340382777833792e-01 -2.251692702889245936e+02
2.100000000000000000e+03 1.164526235715918484e-01 7.429313576493194737e-02 1.381328475001274980e-01 -2.262489438360152008e+02
2.110000000000000000e+03 1.125531420818231126e-01 7.663140695934995972e-02 1.361638069571373677e-01 -2.273290594553076289e+02
2.120000000000000000e+03 1.086106311644568223e-01 7.871439992816185727e-02 1.341351033771260304e-01 -2.284096773594891943e+02
2.130000000000000000e+03 1.046490368520921060e-01 8.054389161524007357e-02 1.320558192227744010e-01 -2.294908511738844652e+02
2.140000000000000000e+03 1.006914701401426387e-01 8.212495149441569053e-02 1.299356756897172005e-01 -2.305726277796026125e+02
2.150000000000000000e+03 9.675966205202281289e-02 8.346554537921521688e-02 1.277846996548158698e-01 -2.316550470923608600e+02
2.160000000000000000e+03 9.287347711659414695e-02 8.457617632680382302e-02 1.256129466010138251e-01 -2.327381411161632627e+02
2.170000000000000000e+03 8.905054560003931863e-02 8.546954433800182938e-02 1.234303150810624056e-01 -2.338219327852576725e+02
2.180000000000000000e+03 8.530608197029147799e-02 8.616010059224410433e-02 1.212464042979737727e-01 -2.349064358880663974e+02
2.190000000000000000e+03 8.165288387937079395e-02 8.666347525287139419e-02 1.190703631838043175e-01 -2.359916564272021446e+02
2.200000000000000000e+03 7.810143110160161495e-02 8.699589662610882068e-02 1.169107333391542630e-01 -2.370775944872641219e+02
2.210000000000000000e+03 7.466001604741487330e-02 8.717373440775694204e-02 1.147753369273834534e-01 -2.381642455608753153e+02
2.220000000000000000e+03 7.133495427893540852e-02 8.721321126539208213e-02 1.126712914685889105e-01 -2.392516014986462380e+02
2.230000000000000000e+03 6.813085817463034044e-02 8.713023410421370796e-02 1.106051153006346321e-01 -2.403396514233249661e+02
2.240000000000000000e+03 6.505084514474421264e-02 8.694027223895106626e-02 1.085827950967758887e-01 -2.414283822112764142e+02
2.250000000000000000e+03 6.209666466472504864e-02 8.665830945427656362e-02 1.066098417593632497e-01 -2.425177781749634391e+02
2.260000000000000000e+03 5.926891879872758784e-02 8.629882755843659714e-02 1.046914149944060124e-01 -2.436078214384205864e+02
2.270000000000000000e+03 5.656734911287392142e-02 8.587578532616164939e-02 1.028324632158675728e-01 -2.446984931589061887e+02
2.280000000000000000e+03 5.399092640300121038e-02 8.540258049510457417e-02 1.010377201300440564e-01 -2.457897735696139137e+02
2.290000000000000000e+03 5.153779065995222480e-02 8.489205807052994934e-02 9.931165787338004647e-02 -2.468816405755550534e+02
2.300000000000000000e+03 4.920520103570963366e-02 8.435657087204952165e-02 9.765850120832141046e-02 -2.479740680607862657e+02
2.310000000000000000e+03 4.698953734198586807e-02 8.380798447666910900e-02 9.608222979123400009e-02 -2.490670248947035930e+02
2.320000000000000000e+03 4.488638766438701050e-02 8.325762447469485517e-02 9.458657320532835866e-02 -2.501604750521738652e+02
2.330000000000000000e+03 4.289060546620656472e-02 8.271622025551374213e-02 9.317498124827527928e-02 -2.512543775953315901e+02
2.340000000000000000e+03 4.099623541485265810e-02 8.219385853972785427e-02 9.185054000842245159e-02 -2.523486854327637445e+02
2.350000000000000000e+03 3.919639429566081079e-02 8.169992702954374797e-02 9.061586727728034030e-02 -2.534433436355690219e+02
2.360000000000000000e+03 3.748320562835898845e-02 8.124305221585066683e-02 8.947303637144142507e-02 -2.545382882555678634e+02
2.370000000000000000e+03 3.584776505293640891e-02 8.083098658948108250e-02 8.842347342374308472e-02 -2.556334457215641294e+02
2.380000000000000000e+03 3.428013364781287015e-02 8.047043351208882367e-02 8.746781255144900347e-02 -2.567287328667513293e+02
2.390000000000000000e+03 3.276940225366722220e-02 8.016691375394435770e-02 8.660581842402392816e-02 -2.578240575859439332e+02
2.400000000000000000e+03 3.130382452158441547e-02 7.992471104972170837e-02 8.583640757895018292e-02 -2.589193200329463025e+02
2.410000000000000000e+03 2.987096557410780229e-02 7.974679096993791960e-02 8.515764941760960161e-02 -2.600144143069234133e+02
2.420000000000000000e+03 2.845785685139623836e-02 7.963465164243198335e-02 8.456670360600591907e-02 -2.611092306158034830e+02
2.430000000000000000e+03 2.705111244056131181e-02 7.958815396562460287e-02 8.405972243546762368e-02 -2.622036570828121285e+02
2.440000000000000000e+03 2.563702452956739125e-02 7.960537720722135613e-02 8.363177091891356441e-02 -2.632975810654500037e+02
2.450000000000000000e+03 2.420176351143254329e-02 7.968255309288345412e-02 8.327685527482109329e-02 -2.643908911473882881e+02
2.460000000000000000e+03 2.273172386324138691e-02 7.981408434936332341e-02 8.298806739719838399e-02 -2.654834803333093873e+02
2.470000000000000000e+03 2.121390674566279652e-02 7.999256623877225303e-02 8.275772165108247203e-02 -2.665752495410163192e+02
2.480000000000000000e+03 1.963625701829311426e-02 8.020877804860856997e-02 8.257742225172337580e-02 -2.676661104604620505e+02
2.490000000000000000e+03 1.798795218428679218e-02 8.045175618875363699e-02 8.243816772368758872e-02 -2.687559873151905663e+02
2.500000000000000000e+03 1.625963474527372665e-02 8.070899616388664544e-02 8.233053980044088838e-02 -2.698448173815635869e+02
2.510000000000000000e+03 1.444360623888522703e-02 8.096657195554178565e-02 8.224477816503543426e-02 -2.709325511488061693e+02
2.520000000000000000e+03 1.253410529067298419e-02 8.120919902724164918e-02 8.217078435845566464e-02 -2.720191534240746591e+02
2.530000000000000000e+03 1.052762102863584980e-02 8.142050356362187657e-02 8.209828990348300159e-02 -2.731046043369818790e+02
2.540000000000000000e+03 8.423038375959505594e-03 8.158343347531411827e-02 8.201709695608526418e-02 -2.741888983227423751e+02
2.550000000000000000e+03 6.221709301316187025e-03 8.168054821283328437e-02 8.191716317707216366e-02 -2.752720428081421460e+02
2.560000000000000000e+03 3.927629432740639519e-03 8.169432915206038814e-02 8.178868924592271050e-02 -2.763540585120340438e+02
2.570000000000000000e+03 1.547576896743342719e-03 8.160762551714705049e-02 8.162229803673898276e-02 -2.774349797242823570e+02
2.580000000000000000e+03 -9.088742163139389282e-04 8.140412078950638730e-02 8.140919440612114089e-02 -2.785148538642208678e+02
2.590000000000000000e+03 -3.429458941532911344e-03 8.106882188244038390e-02 8.114132775619649351e-02 -2.795937405170583361e+02
2.600000000000000000e+03 -5.999483366096558350e-03 8.058857749118512881e-02 8.081158718100281413e-02 -2.806717096134099165e+02
2.610000000000000000e+03 -8.602165117812388476e-03 7.995253147674726002e-02 8.041395733487047282e-02 -2.817488397528492214e+02
2.620000000000000000e+03 -1.121897454281559244e-02 7.915249839464894022e-02 7.994362633698352816e-02 -2.828252175279185394e+02
2.630000000000000000e+03 -1.383004589466511371e-02 7.818326276159384691e-02 7.939705753676877531e-02 -2.839009368648144687e+02
2.640000000000000000e+03 -1.641470891829943310e-02 7.704276158414749553e-02 7.877201140877572449e-02 -2.849760975005467571e+02
2.650000000000000000e+03 -1.895209275384800857e-02 7.573217611147976813e-02 7.806756252330826484e-02 -2.860508029851349647e+02
2.660000000000000000e+03 -2.142171043264990207e-02 7.425591522429914049e-02 7.728409036573181956e-02 -2.871251590726632799e+02
2.670000000000000000e+03 -2.380401167337491131e-02 7.262150008695669734e-02 7.642325069392180703e-02 -2.881992724146683713e+02
2.680000000000000000e+03 -2.608092411106347625e-02 7.083939667518179828e-02 7.548797734600397324e-02 -2.892732492508778819e+02
2.690000000000000000e+03 -2.823631555247602468e-02 6.892274023413599848e-02 7.448243844934984703e-02 -2.903471945268240688e+02
2.700000000000000000e+03 -3.025631628030856640e-02 6.688685373548600155e-02 7.341182382618186009e-02 -2.914212113018777472e+02
2.710000000000000000e+03 -3.212954681907126409e-02 6.474867021894159524e-02 7.228207297746894189e-02 -2.924953998018315815e+02
2.720000000000000000e+03 -3.384730221393607297e-02 6.252623327714199042e-02 7.109971670118735154e-02 -2.935698562370935178e+02
2.730000000000000000e+03 -3.540364730843115898e-02 6.023827351154691090e-02 6.987179572897578295e-02 -2.946446721637353221e+02
2.740000000000000000e+03 -3.679537752962826203e-02 5.790380516276991824e-02 6.860576112744390387e-02 -2.957199347349754248e+02
2.750000000000000000e+03 -3.802188833820005498e-02 5.554174284372986881e-02 6.730935440874151465e-02 -2.967957272989646640e+02
2.760000000000000000e+03 -3.908504673254441231e-02 5.317050042374059371e-02 6.599047653560458082e-02 -2.978721288355599768e+02
2.770000000000000000e+03 -3.998907869753062089e-02 5.080756031481713925e-02 6.465705375456787252e-02 -2.989492117849679289e+02
2.780000000000000000e+03 -4.074036168759300608e-02 4.846911458903480768e-02 6.331691827214021295e-02 -3.000270404241442179e+02
2.790000000000000000e+03 -4.134709355441499451e-02 4.616985327837951070e-02 6.197771774714391085e-02 -3.011056711037287528e+02
2.800000000000000000e+03 -4.181893559902500473e-02 4.392283604766886174e-02 6.064683751941069012e-02 -3.021851529165080592e+02
2.810000000000000000e+03 -4.216670714305481571e-02 4.173939187651151683e-02 5.933134100548499712e-02 -3.032655274670909193e+02
2.820000000000000000e+03 -4.240216688107880522e-02 3.962905578416824059e-02 5.803796876662358634e-02 -3.043468275155789797e+02
2.830000000000000000e+03 -4.253782146161572131e-02 3.759949457348817081e-02 5.677312962028834009e-02 -3.054290747161019794e+02
2.840000000000000000e+03 -4.258667133171814556e-02 3.565638921441369180e-02 5.554280031584239025e-02 -3.065122769872962749e+02
2.850000000000000000e+03 -4.256190844916687976e-02 3.380336142606261973e-02 5.435239916081240769e-02 -3.075964263715824245e+02
2.860000000000000000e+03 -4.247663760429837981e-02 3.204205091322525484e-02 5.320674552058803075e-02 -3.086814983291798171e+02
2.870000000000000000e+03 -4.234365273210718289e-02 3.037227183856688190e-02 5.211007410600267814e-02 -3.097674516803245979e+02
2.880000000000000000e+03 -4.217521216595843808e-02 2.879214997334744383e-02 5.106600063967551423e-02 -3.108542286323017265e+02
2.890000000000000000e+03 -4.198279873047548738e-02 2.729827338789167154e-02 5.007745120514510428e-02 -3.119417555511175806e+02
2.900000000000000000e+03 -4.177690512917164867e-02 2.588586927293264062e-02 4.914659734088583365e-02 -3.130299443278502167e+02
2.910000000000000000e+03 -4.156685053907062388e-02 2.454889412708986807e-02 4.827474771141226223e-02 -3.141186924028059479e+02
2.920000000000000000e+03 -4.136062285437833858e-02 2.328008379821797438e-02 4.746223155893720264e-02 -3.152078820580024399e+02
2.930000000000000000e+03 -4.116474179870726474e-02 2.207124892492764306e-02 4.670841462156852947e-02 -3.162973842848600157e+02
2.940000000000000000e+03 -4.098416435602414420e-02 2.091374893722009951e-02 4.601180959895703748e-02 -3.173870665533673900e+02
2.950000000000000000e+03 -4.082227716026412545e-02 1.979882260340775843e-02 4.537016298219163912e-02 -3.184767981606171929e+02
2.960000000000000000e+03 -4.068103056604668172e-02 1.871767790148257463e-02 4.478055062121583108e-02 -3.195664501233707142e+02
2.970000000000000000e+03 -4.056099016615317271e-02 1.766171285809465044e-02 4.423946229714552369e-02 -3.206558987110748262e+02
2.980000000000000000e+03 -4.046136415819439475e-02 1.662282022747500407e-02 4.374288675724283260e-02 -3.217450312680007869e+02
2.990000000000000000e+03 -4.038012733137332638e-02 1.559377341008451670e-02 4.328649272536390369e-02 -3.228337533168837012e+02
3.000000000000000000e+03 -4.031425040298726448e-02 1.456830349016683714e-02 4.286577016847319122e-02 -3.239219886541260394e+02
3.010000000000000000e+03 -4.026005794593123799e-02 1.354089181339566267e-02 4.247620530263769567e-02 -3.250096722194199970e+02
3.020000000000000000e+03 -4.021345284787913171e-02 1.250691275037200262e-02 4.211347357430892530e-02 -3.260967517692725437e+02
3.030000000000000000e+03 -4.016996851748663028e-02 1.146269829816005427e-02 4.177343441674993829e-02 -3.271831894262807623e+02
3.040000000000000000e+03 -4.012486729488898285e-02 1.040550137557523340e-02 4.145213425518099598e-02 -3.282689605406943656e+02
3.050000000000000000e+03 -4.007330143781247939e-02 9.333399666566419284e-03 4.114586051429287850e-02 -3.293540507324308919e+02
3.060000000000000000e+03 -4.001041185346511375e-02 8.245293864004703613e-03 4.085116800763100714e-02 -3.304384556168606082e+02
3.070000000000000000e+03 -3.993138095264927440e-02 7.140814726464423876e-03 4.056484216342141902e-02 -3.315221786954816707e+02
3.080000000000000000e+03 -3.983146330160379500e-02 6.020097731461402160e-03 4.028383106710875516e-02 -3.326052259870610897e+02
3.090000000000000000e+03 -3.970598646437303175e-02 4.883838370534641753e-03 4.000521513926004469e-02 -3.336876073712006701e+02
3.100000000000000000e+03 -3.955034032090201657e-02 3.733366579324048050e-03 3.972615568507455869e-02 -3.347693384682859801e+02
3.110000000000000000e+03 -3.936000041780650383e-02 2.570711341200027263e-03 3.944386124214391276e-02 -3.358504421940880889e+02
3.120000000000000000e+03 -3.913059025607328739e-02 1.398660961373113200e-03 3.915557873756390916e-02 -3.369309502449425509e+02
3.130000000000000000e+03 -3.885798010935546942e-02 2.207269231187249884e-04 3.885860700737553408e-02 -3.380109023280290899e+02
3.140000000000000000e+03 -3.853843812202550206e-02 -9.589442844724254192e-04 3.855036688574974696e-02 -3.390903443718067365e+02
3.150000000000000000e+03 -3.816880583269864624e-02 -2.135599295870311068e-03 3.822850406498758125e-02 -3.401693288855540231e+02
3.160000000000000000e+03 -3.774665627868458578e-02 -3.303881803968175285e-03 3.789097115667201116e-02 -3.412479167369817219e+02
3.170000000000000000e+03 -3.727040064776088180e-02 -4.457884133643443166e-03 3.753605593817236491e-02 -3.423261783482285523e+02
3.180000000000000000e+03 -3.673934128618014383e-02 -5.591292565851804959e-03 3.716237008990910112e-02 -3.434041927767283369e+02
3.190000000000000000e+03 -3.615372182603945883e-02 -6.697599145770379535e-03 3.676886503812792223e-02 -3.444820452896503298e+02
3.200000000000000000e+03 -3.551478867603238138e-02 -7.770296862325457021e-03 3.635488588940835597e-02 -3.455598257299087663e+02
3.210000000000000000e+03 -3.482482451423533909e-02 -8.803030218345863842e-03 3.592021357776700036e-02 -3.466376283228441935e+02
3.220000000000000000e+03 -3.408712001739581943e-02 -9.789732238762161726e-03 3.546506179871967979e-02 -3.477155517370244979e+02
3.230000000000000000e+03 -3.330589503439605747e-02 -1.072476702793350757e-02 3.499004532500147452e-02 -3.487936986126301235e+02
3.240000000000000000e+03 -3.248620916113545420e-02 -1.160308336713250857e-02 3.449616397928424727e-02 -3.498721744622927190e+02
3.250000000000000000e+03 -3.163388168259252675e-02 -1.242036953910053733e-02 3.398482087338521723e-02 -3.509510863465446846e+02
3.260000000000000000e+03 -3.075539939773439327e-02 -1.317319241178486512e-02 3.345784796474614298e-02 -3.520305415942002014e+02
3.270000000000000000e+03 -2.985779470738070263e-02 -1.385912479047605832e-02 3.291752185001294018e-02 -3.531106461345520415e+02
3.280000000000000000e+03 -2.894847751793929586e-02 -1.447686185822922786e-02 3.236655495830362272e-02 -3.541915019427096354e+02
3.290000000000000000e+03 -2.803500850450253018e-02 -1.502629660710279313e-02 3.180803815975072335e-02 -3.552732038542169448e+02
3.300000000000000000e+03 -2.712484725442065175e-02 -1.550853341935736623e-02 3.124535081248050114e-02 -3.563558363736350998e+02
3.310000000000000000e+03 -2.622512438560963693e-02 -1.592585563581776567e-02 3.068207989647386488e-02 -3.574394706273891416e+02
3.320000000000000000e+03 -2.534244234203113927e-02 -1.628167935526834975e-02 3.012195987127903180e-02 -3.585241607652741891e+02
3.330000000000000000e+03 -2.448269240978260056e-02 -1.658047036144805197e-02 2.956880493085379744e-02 -3.596099403839309048e+02
3.340000000000000000e+03 -2.365089516683753154e-02 -1.682760426025405737e-02 2.902642084950294785e-02 -3.606968197940976211e+02
3.350000000000000000e+03 -2.285106637548129857e-02 -1.702918352793742623e-02 2.849849690992188947e-02 -3.617847840091575904e+02
3.360000000000000000e+03 -2.208609309083714445e-02 -1.719181615979147731e-02 2.798846281754665405e-02 -3.628737912583676462e+02
3.370000000000000000e+03 -2.135763287123169582e-02 -1.732236254601075137e-02 2.749932228324459410e-02 -3.639637723309554076e+02
3.380000000000000000e+03 -2.066612007794153133e-02 -1.742767564358222929e-02 2.703354208041941487e-02 -3.650546323466697913e+02
3.390000000000000000e+03 -2.001087871062532178e-02 -1.751435961289521739e-02 2.659300771671329472e-02 -3.661462550476227875e+02
3.400000000000000000e+03 -1.939027388581004985e-02 -1.758855197145476820e-02 2.617899695976323368e-02 -3.672385084453087529e+02
3.410000000000000000e+03 -1.880190001585166706e-02 -1.765575867352436878e-02 2.579219375206021417e-02 -3.683312511265507965e+02
3.420000000000000000e+03 -1.824279593668240093e-02 -1.772078089994475608e-02 2.543276782600122077e-02 -3.694243379599838022e+02
3.430000000000000000e+03 -1.770965017879829947e-02 -1.778769895215621955e-02 2.510047695698131714e-02 -3.705176251581966085e+02
3.440000000000000000e+03 -1.719893147262297958e-02 -1.785981841119329769e-02 2.479468405688566718e-02 -3.716109752667282464e+02
3.450000000000000000e+03 -1.670696195971488329e-02 -1.793963343695465992e-02 2.451434326625255219e-02 -3.727042604462243389e+02
3.460000000000000000e+03 -1.623001711638035957e-02 -1.802884559852873866e-02 2.425804462881516951e-02 -3.737973650970681092e+02
3.470000000000000000e+03 -1.576447518418537877e-02 -1.812841531847068227e-02 2.402411538000430100e-02 -3.748901892720678006e+02
3.480000000000000000e+03 -1.530695711354721281e-02 -1.823867403026306969e-02 2.381075736842837645e-02 -3.759826504700857868e+02
3.490000000000000000e+03 -1.485437395920399806e-02 -1.835944317834073761e-02 2.361612964773440737e-02 -3.770746825771105932e+02
3.500000000000000000e+03 -1.440391616065596521e-02 -1.849014051609841960e-02 2.343838938724823046e-02 -3.781662332234660084e+02
3.510000000000000000e+03 -1.395302981166551305e-02 -1.862988173386542420e-02 2.327572843850518949e-02 -3.792572606684091738e+02
3.520000000000000000e+03 -1.349941474259147914e-02 -1.877754472899487506e-02 2.312640016176100224e-02 -3.803477322910321163e+02
3.530000000000000000e+03 -1.304106150048749656e-02 -1.893179344748565848e-02 2.298873829068829450e-02 -3.814376254513329059e+02
3.540000000000000000e+03 -1.257623801227863644e-02 -1.909111079137624026e-02 2.286115206611610134e-02 -3.825269263624252858e+02
3.550000000000000000e+03 -1.210340553882305499e-02 -1.925385322946801536e-02 2.274210390045539737e-02 -3.836156257385114827e+02
3.560000000000000000e+03 -1.162116250030186156e-02 -1.941829830464993425e-02 2.263010664815331280e-02 -3.847037154156337806e+02
3.570000000000000000e+03 -1.112823626103486875e-02 -1.958267244237190535e-02 2.252373641886806083e-02 -3.857911871624297646e+02
3.580000000000000000e+03 -1.062350230251443879e-02 -1.974516923067073243e-02 2.242165268483471349e-02 -3.868780328294167248e+02
3.590000000000000000e+03 -1.010600534723784562e-02 -1.990397428765994584e-02 2.232262387180835098e-02 -3.879642445916349516e+02
3.600000000000000000e+03 -9.574952570530389714e-03 -2.005729303519582229e-02 2.222554207725024877e-02 -3.890498142053915558e+02
3.610000000000000000e+03 -9.029677497907296832e-03 -2.020335145791135947e-02 2.212940319683525531e-02 -3.901347316815651993e+02
3.620000000000000000e+03 -8.469610383597662995e-03 -2.034036598254479120e-02 2.203326549456096142e-02 -3.912189846471654278e+02
3.630000000000000000e+03 -7.894283382161908225e-03 -2.046650986113158349e-02 2.193621972933517891e-02 -3.923025589570246439e+02
3.640000000000000000e+03 -7.303371954849477606e-03 -2.057991136173758021e-02 2.183739896525814170e-02 -3.933854401735360398e+02
3.650000000000000000e+03 -6.696745469017439077e-03 -2.067868341535325505e-02 2.173601499054533120e-02 -3.944676151043528876e+02
3.660000000000000000e+03 -6.074500684112387437e-03 -2.076095628361784851e-02 2.163138609455190001e-02 -3.955490728830009175e+02
3.670000000000000000e+03 -5.436972399747557957e-03 -2.082491676508355441e-02 2.152296046431054558e-02 -3.966298052602182906e+02
3.680000000000000000e+03 -4.784728428134856805e-03 -2.086886395373869357e-02 2.141035050742177981e-02 -3.977098063114046340e+02
3.690000000000000000e+03 -4.118548762260995297e-03 -2.089126376243424094e-02 2.129336388405363503e-02 -3.987890718404365202e+02
3.700000000000000000e+03 -3.439395777079422550e-03 -2.089078232694661919e-02 2.117201524520651024e-02 -3.998675989336115322e+02
3.710000000000000000e+03 -2.748383250548463129e-03 -2.086630047899068474e-02 2.104652242465301568e-02 -4.009453858297903253e+02
3.720000000000000000e+03 -2.046736479521312369e-03 -2.081690794228640076e-02 2.091728439578689411e-02 -4.020224315841155089e+02
3.730000000000000000e+03 -1.335732132164838167e-03 -2.074186362589455074e-02 2.078482828902141963e-02 -4.030987347962830540e+02
3.740000000000000000e+03 -6.166424418670133929e-04 -2.064053362313433143e-02 2.064974276229247785e-02 -4.041742921438516873e+02
3.750000000000000000e+03 1.092815702625692483e-04 -2.051232910327911024e-02 2.051262020568874606e-02 -4.052490981586604448e+02
3.760000000000000000e+03 8.407908959013442188e-04 -2.035665139784342131e-02 2.037400759457871566e-02 -4.063231461691653408e+02
3.770000000000000000e+03 1.576598864379512429e-03 -2.017284307371996696e-02 2.023435844439092773e-02 -4.073964297379060895e+02
3.780000000000000000e+03 2.315335856441022230e-03 -1.996014572581681495e-02 2.009398411276282215e-02 -4.084689438795571732e+02
3.790000000000000000e+03 3.055504708890667640e-03 -1.971767820361994966e-02 1.995301838739097292e-02 -4.095406858346043464e+02
3.800000000000000000e+03 3.795427458686995159e-03 -1.944444823360005903e-02 1.981140673206492966e-02 -4.106116561513150600e+02
3.810000000000000000e+03 4.533179727109116000e-03 -1.913939654131517967e-02 1.966891502864305183e-02 -4.116818606196173391e+02
3.820000000000000000e+03 5.266532769130084259e-03 -1.880146422777547593e-02 1.952514851458604997e-02 -4.127513123153478887e+02
3.830000000000000000e+03 5.992908979491577172e-03 -1.842967420637349474e-02 1.937957299296192565e-02 -4.138200335933400424e+02
3.840000000000000000e+03 6.709358804430746309e-03 -1.802322967022610897e-02 1.923154448587817075e-02 -4.148880578685985370e+02
3.850000000000000000e+03 7.412579389836478072e-03 -1.758162061439321952e-02 1.908034896533826810e-02 -4.159554302966332102e+02
3.860000000000000000e+03 8.098972607139518637e-03 -1.710472148416175217e-02 1.892524383837473553e-02 -4.170222073498926534e+02
3.870000000000000000e+03 8.764733340695924843e-03 -1.659288322606050289e-02 1.876550890029862056e-02 -4.180884558928729007e+02
3.880000000000000000e+03 9.405948755877921799e-03 -1.604702400927936201e-02 1.860050675526313951e-02 -4.191542529522134259e+02
3.890000000000000000e+03 1.001869647412794925e-02 -1.546869648492378048e-02 1.842972734425002770e-02 -4.202196862889280169e+02
3.900000000000000000e+03 1.059915234253629678e-02 -1.486010476396751150e-02 1.825280098988597832e-02 -4.212848542278675268e+02
3.910000000000000000e+03 1.114371355816622285e-02 -1.422407890253959278e-02 1.806949840178552480e-02 -4.223498641609166953e+02
3.920000000000000000e+03 1.164912187041328845e-02 -1.356403264787135049e-02 1.787973775043305916e-02 -4.234148308993647447e+02
3.930000000000000000e+03 1.211257723756255580e-02 -1.288390037007557803e-02 1.768359171893402887e-02 -4.244798750337839692e+02
3.940000000000000000e+03 1.253183773039390214e-02 -1.218803241910643154e-02 1.748127830423489362e-02 -4.255451203907925901e+02
3.950000000000000000e+03 1.290529811473477804e-02 -1.148107701161302924e-02 1.727315399042010993e-02 -4.266106914846637892e+02
3.960000000000000000e+03 1.323204803170238524e-02 -1.076788373467826333e-02 1.705973080786527679e-02 -4.276767122724024830e+02
3.970000000000000000e+03 1.351191201474980820e-02 -1.005341277641559443e-02 1.684170047077599916e-02 -4.287433056345338400e+02
3.980000000000000000e+03 1.374547207390916341e-02 -9.342627363093429504e-03 1.661994851316449598e-02 -4.298105924130682070e+02
3.990000000000000000e+03 1.393406636734947045e-02 -8.640360535620025470e-03 1.639554926543175181e-02 -4.308786893596273444e+02
4.000000000000000000e+03 1.407975598683555360e-02 -7.951167560504764434e-03 1.616974317124594482e-02 -4.319477062275100252e+02
4.010000000000000000e+03 1.418525922011027764e-02 -7.279188717798484518e-03 1.594390690925685111e-02 -4.330177428475778356e+02
4.020000000000000000e+03 1.425386144427766982e-02 -6.628034492180460112e-03 1.571952312578849681e-02 -4.340888864193968857e+02
4.030000000000000000e+03 1.428930578374333106e-02 -6.000691991349657584e-03 1.549814712010337547e-02 -4.351612088074173244e+02
4.040000000000000000e+03 1.429566469636302239e-02 -5.399445934253804640e-03 1.528136268491033477e-02 -4.362347634457041750e+02
4.050000000000000000e+03 1.427719883250795976e-02 -4.825812076783191421e-03 1.507072887100664206e-02 -4.373095815159424546e+02
4.060000000000000000e+03 1.423821060519088987e-02 -4.280502354460247877e-03 1.486772819378636735e-02 -4.383856685123876105e+02
4.070000000000000000e+03 1.418288985843087907e-02 -3.763436789375985796e-03 1.467371190953434615e-02 -4.394630025806241633e+02
4.080000000000000000e+03 1.411515470703411483e-02 -3.273785902378918526e-03 1.448983321291595454e-02 -4.405415339357753055e+02
4.090000000000000000e+03 1.403849346657061632e-02 -2.810033081968553448e-03 1.431696841977042091e-02 -4.416211848296468361e+02
4.100000000000000000e+03 1.395581477006673302e-02 -2.370068175002268667e-03 1.415563453366083975e-02 -4.427018509807707005e+02
4.110000000000000000e+03 1.386932885426692477e-02 -1.951314157390702034e-03 1.400592409691822117e-02 -4.437834047054219582e+02
4.120000000000000000e+03 1.378048190314000790e-02 -1.550874841528674481e-03 1.386747613146876307e-02 -4.448656992387333844e+02
4.130000000000000000e+03 1.368992883483687723e-02 -1.165693820689992074e-03 1.373946846084276273e-02 -4.459485742198064600e+02
4.140000000000000000e+03 1.359753524180758871e-02 -7.927272364845862687e-04 1.362062337500247536e-02 -4.470318628036191058e+02
4.150000000000000000e+03 1.350242566732137370e-02 -4.291169243316059960e-04 1.350924277064731970e-02 -4.481153994209605003e+02
4.160000000000000000e+03 1.340307970410699843e-02 -7.234712518830472693e-05 1.340327496029115883e-02 -4.491990271318422288e+02
4.170000000000000000e+03 1.329745578635905222e-02 2.796173269876802217e-04 1.330039534148235586e-02 -4.502826046024459288e+02
4.180000000000000000e+03 1.318313328529704259e-02 6.282232209055772700e-04 1.319809333325051848e-02 -4.513660118490369655e+02
4.190000000000000000e+03 1.305748832273825183e-02 9.742666070071530912e-04 1.309378465990543999e-02 -4.524491537574604081e+02
4.200000000000000000e+03 1.291789758222439306e-02 1.317880732403365826e-03 1.298494850084815945e-02 -4.660983319936466387e+02
