0.000000000000000000e+00 8.846401218627520935e-01 9.028584691340442447e-03
1.000000000000000000e+01 8.838646098743027091e-01 9.805873357678275559e-03
2.000000000000000000e+01 8.815386793980144464e-01 1.213184188032002432e-02
3.000000000000000000e+01 8.777078548546572989e-01 1.596275863248378807e-02
4.000000000000000000e+01 8.724464612143557618e-01 2.122418473183198748e-02
5.000000000000000000e+01 8.658540023023454379e-01 2.781663112472013838e-02
6.000000000000000000e+01 8.580506636756587424e-01 3.561995733640878348e-02
7.000000000000000000e+01 8.491721875947365605e-01 4.449842477664078116e-02
8.000000000000000000e+01 8.393645616728023784e-01 5.430603965355919327e-02
9.000000000000000000e+01 8.287786994436515675e-01 6.489178873216053245e-02
1.000000000000000000e+02 8.175653371204180120e-01 7.610506668836816702e-02
1.100000000000000000e+02 8.058706057950553170e-01 8.779974979314053574e-02
1.200000000000000000e+02 7.938321409562548725e-01 9.983822532104892622e-02
1.300000000000000000e+02 7.815760657885545415e-01 1.120943032361758629e-01
1.400000000000000000e+02 7.692147056482098177e-01 1.244556302615443394e-01
1.500000000000000000e+02 7.568450510422367605e-01 1.368252511367557545e-01
1.600000000000000000e+02 7.445479502521394899e-01 1.491223138630195233e-01
1.700000000000000000e+02 7.323878749368276653e-01 1.612823798136937548e-01
1.800000000000000000e+02 7.204132029188243802e-01 1.732570395317322709e-01
1.900000000000000000e+02 7.086569567427537519e-01 1.850132674068122041e-01
2.000000000000000000e+02 6.971379248661677686e-01 1.965322826693117197e-01
2.100000000000000000e+02 6.858620584683960963e-01 2.078081219992828355e-01
2.200000000000000000e+02 6.748241161108796682e-01 2.188460254424426654e-01
2.300000000000000000e+02 6.640094970136833918e-01 2.296606079811054635e-01
2.400000000000000000e+02 6.533962063808202991e-01 2.402738566547129029e-01
2.500000000000000000e+02 6.429569110498408735e-01 2.507131010383978342e-01
2.600000000000000000e+02 6.326609808075390751e-01 2.610089813962171434e-01
2.700000000000000000e+02 6.224764895576316848e-01 2.711934408734570368e-01
2.800000000000000000e+02 6.123720766031485185e-01 2.812978396398704839e-01
2.900000000000000000e+02 6.023186775848866636e-01 2.913512343128434878e-01
3.000000000000000000e+02 5.922910352882576612e-01 3.013788809914949018e-01
3.100000000000000000e+02 5.822689349813059412e-01 3.114010008487709258e-01
3.200000000000000000e+02 5.722381345470830549e-01 3.214318353695564956e-01
3.300000000000000000e+02 5.621909967907940953e-01 3.314790084290795136e-01
3.400000000000000000e+02 5.521267978888980688e-01 3.415432349536742795e-01
3.500000000000000000e+02 5.420517289902808677e-01 3.516183240828068546e-01
3.600000000000000000e+02 5.319786143916291898e-01 3.616914589631501920e-01
3.700000000000000000e+02 5.219263698527124573e-01 3.717437335569645507e-01
3.800000000000000000e+02 5.119191985589580662e-01 3.817509340149486952e-01
3.900000000000000000e+02 5.019856348506450683e-01 3.916845236920074025e-01
4.000000000000000000e+02 4.921574222203544124e-01 4.015127637707339714e-01
4.100000000000000000e+02 4.824683035262486430e-01 4.112019084429885396e-01
4.200000000000000000e+02 4.729527918632120409e-01 4.207174458817920515e-01
4.300000000000000000e+02 4.636449105085787559e-01 4.300253474798853559e-01
4.400000000000000000e+02 4.545770114100716741e-01 4.390932538953002950e-01
4.500000000000000000e+02 4.457787069670245961e-01 4.478915548915582967e-01
4.600000000000000000e+02 4.372759713775369872e-01 4.563942798602231288e-01
4.700000000000000000e+02 4.290904090175247654e-01 4.645798243189040444e-01
4.800000000000000000e+02 4.212387521383610944e-01 4.724314575646600400e-01
4.900000000000000000e+02 4.137325754030355962e-01 4.799375960316163980e-01
5.000000000000000000e+02 4.065782614279984108e-01 4.870918641708681940e-01
5.100000000000000000e+02 3.997771588840062229e-01 4.938929185243897679e-01
5.200000000000000000e+02 3.933259489206097914e-01 5.003440792947093652e-01
5.300000000000000000e+02 3.872171816556025936e-01 5.064528041780900214e-01
5.400000000000000000e+02 3.814399175277412013e-01 5.122300316274958076e-01
5.500000000000000000e+02 3.759804664106602412e-01 5.176894503760227639e-01
5.600000000000000000e+02 3.708231659867944341e-01 5.228467196661837901e-01
5.700000000000000000e+02 3.659511772403816754e-01 5.277186800984999815e-01
5.800000000000000000e+02 3.613472358547391017e-01 5.323225975957652789e-01
5.900000000000000000e+02 3.569943339952556527e-01 5.366754824070772978e-01
6.000000000000000000e+02 3.528763280327621432e-01 5.407934778471371606e-01
6.100000000000000000e+02 3.489784408201384025e-01 5.446913553959670251e-01
6.200000000000000000e+02 3.452876471693401284e-01 5.483821360209220064e-01
6.300000000000000000e+02 3.417929256838290186e-01 5.518768283984339940e-01
6.400000000000000000e+02 3.384854021629894461e-01 5.551843107437860469e-01
6.500000000000000000e+02 3.353583674950084692e-01 5.583113039051283977e-01
6.600000000000000000e+02 3.324071705240527197e-01 5.612624660725862302e-01
6.700000000000000000e+02 3.296290100455595007e-01 5.640405994437798221e-01
6.800000000000000000e+02 3.270226717921241866e-01 5.666469217509839673e-01
6.900000000000000000e+02 3.245881740566633478e-01 5.690814108639451474e-01
7.000000000000000000e+02 3.223263697829341634e-01 5.713432101179402034e-01
7.100000000000000000e+02 3.202385351272933889e-01 5.734310464277950770e-01
7.200000000000000000e+02 3.183259540567061063e-01 5.753436385176911028e-01
7.300000000000000000e+02 3.165895054309215695e-01 5.770801068945173862e-01
7.400000000000000000e+02 3.150292807879390145e-01 5.786403521046108445e-01
7.500000000000000000e+02 3.136442482867801695e-01 5.800254005375338195e-01
7.600000000000000000e+02 3.124319698720622873e-01 5.812376873543463329e-01
7.700000000000000000e+02 3.113883855319897753e-01 5.822812739091169920e-01
7.800000000000000000e+02 3.105076556201027960e-01 5.831620059586600791e-01
7.900000000000000000e+02 3.097820636341838130e-01 5.838876018317942229e-01
8.000000000000000000e+02 3.092019962051837378e-01 5.844676735365756937e-01
8.100000000000000000e+02 3.087559817944146023e-01 5.849136955014662131e-01
8.200000000000000000e+02 3.084307923446393263e-01 5.852388973274988970e-01
8.300000000000000000e+02 3.082115968512205151e-01 5.854581063963233412e-01
8.400000000000000000e+02 3.080821609551668838e-01 5.855875547130555692e-01
8.500000000000000000e+02 3.080250870274499064e-01 5.856446402724474476e-01
8.600000000000000000e+02 3.080220742035574277e-01 5.856476645332637787e-01
8.700000000000000000e+02 3.080542036181653787e-01 5.856155523545808483e-01
8.800000000000000000e+02 3.081022218026961967e-01 5.855675578622333566e-01
8.900000000000000000e+02 3.081468278753764500e-01 5.855229794693072032e-01
9.000000000000000000e+02 3.081689488378582253e-01 5.855008933087257894e-01
9.100000000000000000e+02 3.081500053074427981e-01 5.855198754916345338e-01
9.200000000000000000e+02 3.080721551828780047e-01 5.855977634075654192e-01
9.300000000000000000e+02 3.079185027256352014e-01 5.857514484955992362e-01
9.400000000000000000e+02 3.076732987200870295e-01 5.859966800761796657e-01
9.500000000000000000e+02 3.073221056837722731e-01 5.863478987026260469e-01
9.600000000000000000e+02 3.068519248649040909e-01 5.868180977774350993e-01
9.700000000000000000e+02 3.062513217426937606e-01 5.874187137817187265e-01
9.800000000000000000e+02 3.055105254186843977e-01 5.881595297255608479e-01
9.900000000000000000e+02 3.046214863817764962e-01 5.890485984847341205e-01
1.000000000000000000e+03 3.035779277130939424e-01 5.900921963601306608e-01
1.010000000000000000e+03 3.023753837734108885e-01 5.912947842324123293e-01
1.020000000000000000e+03 3.010112086274507326e-01 5.926590017735317018e-01
1.030000000000000000e+03 2.994845777742707882e-01 5.941856733692358894e-01
1.040000000000000000e+03 2.977964678545049759e-01 5.958738232085192266e-01
1.050000000000000000e+03 2.959496078402147901e-01 5.977207239342601230e-01
1.060000000000000000e+03 2.939484037167969244e-01 5.997219748783368942e-01
1.070000000000000000e+03 2.917988341848617995e-01 6.018715911949946706e-01
1.080000000000000000e+03 2.895083382454907150e-01 6.041621230837724843e-01
1.090000000000000000e+03 2.870856857043820876e-01 6.065847972644358155e-01
1.100000000000000000e+03 2.845408142576264510e-01 6.091296723432377824e-01
1.110000000000000000e+03 2.818846328665169931e-01 6.117858421465118823e-01
1.120000000000000000e+03 2.791287881048608033e-01 6.145416733018171929e-01
1.130000000000000000e+03 2.762854253200909271e-01 6.173850260428142001e-01
1.140000000000000000e+03 2.733669301851799349e-01 6.203035161065576508e-01
1.150000000000000000e+03 2.703856678703214222e-01 6.232847826672188729e-01
1.160000000000000000e+03 2.673537374476166462e-01 6.263167248197311077e-01
1.170000000000000000e+03 2.642826946439086333e-01 6.293877845513495828e-01
1.180000000000000000e+03 2.611833040378552240e-01 6.324871950665555964e-01
1.190000000000000000e+03 2.580653189550167759e-01 6.356052011264173851e-01
1.200000000000000000e+03 2.549372608254221184e-01 6.387332835049198687e-01
1.210000000000000000e+03 2.518062448568158529e-01 6.418643269958864694e-01
1.220000000000000000e+03 2.486778597061311824e-01 6.449927393565046962e-01
1.230000000000000000e+03 2.455560869994557194e-01 6.481145387154324533e-01
1.240000000000000000e+03 2.424432725427667079e-01 6.512273785402735715e-01
1.250000000000000000e+03 2.393401519838302960e-01 6.543305231276409506e-01
1.260000000000000000e+03 2.362459283521554099e-01 6.574247724270181337e-01
1.270000000000000000e+03 2.331584206762216394e-01 6.605123085935953320e-01
1.280000000000000000e+03 2.300742627577367361e-01 6.635964993715566251e-01
1.290000000000000000e+03 2.269891424395197865e-01 6.666816586694518376e-01
1.300000000000000000e+03 2.238980860162978759e-01 6.697727597461552440e-01
1.310000000000000000e+03 2.207957560962902910e-01 6.728751374345215419e-01
1.320000000000000000e+03 2.176767722463267829e-01 6.759941700468853343e-01
1.330000000000000000e+03 2.145360322932434172e-01 6.791349545343677852e-01
1.340000000000000000e+03 2.113689979659663931e-01 6.823020280347580346e-01
1.350000000000000000e+03 2.081719952460890921e-01 6.854990719220472872e-01
1.360000000000000000e+03 2.049424835866699990e-01 6.887286285819911313e-01
1.370000000000000000e+03 2.016792505371278466e-01 6.919919107476014686e-01
1.380000000000000000e+03 1.983825723839562072e-01 6.952886442526632349e-01
1.390000000000000000e+03 1.950543215351034643e-01 6.986169546792598828e-01
1.400000000000000000e+03 1.916980254114029059e-01 7.019733123796045859e-01
1.410000000000000000e+03 1.883188662018420445e-01 7.053525348903978420e-01
1.420000000000000000e+03 1.849236108358333353e-01 7.087478568131709844e-01
1.430000000000000000e+03 1.815204918624885588e-01 7.121510502799663911e-01
1.440000000000000000e+03 1.781190489147842504e-01 7.155525758001772818e-01
1.450000000000000000e+03 1.747299071034782159e-01 7.189418018059857696e-01
1.460000000000000000e+03 1.713645303790232721e-01 7.223072655086302252e-01
1.470000000000000000e+03 1.680349673995339965e-01 7.256369212122075751e-01
1.480000000000000000e+03 1.647535926118741667e-01 7.289183964002597937e-01
1.490000000000000000e+03 1.615328432428111138e-01 7.321392506741291051e-01
1.500000000000000000e+03 1.583849311407922456e-01 7.352872656151778763e-01
1.510000000000000000e+03 1.553215828521971043e-01 7.383507112695880670e-01
1.520000000000000000e+03 1.523538215480261249e-01 7.413185620417698241e-01
1.530000000000000000e+03 1.494917539052313948e-01 7.441807133244231487e-01
1.540000000000000000e+03 1.467443796155611380e-01 7.469281623644437040e-01
1.550000000000000000e+03 1.441194588391194187e-01 7.495531471538044999e-01
1.560000000000000000e+03 1.416234233327986203e-01 7.520492391900666096e-01
1.570000000000000000e+03 1.392613159530109723e-01 7.544113993739934854e-01
1.580000000000000000e+03 1.370367607358632112e-01 7.566360023151171843e-01
1.590000000000000000e+03 1.349519641719947038e-01 7.587208373297181785e-01
1.600000000000000000e+03 1.330077654949807786e-01 7.606650675290497210e-01
1.610000000000000000e+03 1.312037182834789872e-01 7.624691413291929676e-01
1.620000000000000000e+03 1.295381773610874143e-01 7.641347070317509038e-01
1.630000000000000000e+03 1.280084082297547887e-01 7.656645025593655784e-01
1.640000000000000000e+03 1.266106901656880168e-01 7.670622492066242470e-01
1.650000000000000000e+03 1.253404288953761936e-01 7.683325378096388381e-01
1.660000000000000000e+03 1.241922873773847052e-01 7.694807122884800288e-01
1.670000000000000000e+03 1.231603219746743721e-01 7.705127197578979237e-01
1.680000000000000000e+03 1.222381018386069634e-01 7.714349870182676261e-01
1.690000000000000000e+03 1.214188360041858206e-01 7.722543047129443172e-01
1.700000000000000000e+03 1.206954838659228119e-01 7.729777184416850577e-01
1.710000000000000000e+03 1.200608591036862738e-01 7.736124128304195935e-01
1.720000000000000000e+03 1.195077258880613974e-01 7.741656195738820800e-01
1.730000000000000000e+03 1.190288797547165434e-01 7.746445426140652346e-01
1.740000000000000000e+03 1.186172235395507729e-01 7.750562740515819504e-01
1.750000000000000000e+03 1.182658409602019012e-01 7.754077264803033165e-01
1.760000000000000000e+03 1.179680562458645943e-01 7.757055748495301772e-01
1.770000000000000000e+03 1.177174794944016584e-01 7.759562100791597139e-01
1.780000000000000000e+03 1.175080392183052019e-01 7.761657082090349657e-01
1.790000000000000000e+03 1.173340064100994312e-01 7.763398031676885802e-01
1.800000000000000000e+03 1.171900209359856282e-01 7.764838585707402041e-01
1.810000000000000000e+03 1.170711107181714172e-01 7.766028445721036011e-01
1.820000000000000000e+03 1.169727010408184859e-01 7.767013333930620211e-01
1.830000000000000000e+03 1.168906217409587528e-01 7.767834935612674130e-01
1.840000000000000000e+03 1.168211114351994234e-01 7.768530894536282982e-01
1.850000000000000000e+03 1.167608146876118330e-01 7.769134702596656172e-01
1.860000000000000000e+03 1.167067794945086390e-01 7.769675818159048619e-01
1.870000000000000000e+03 1.166564570830151137e-01 7.770179790089197791e-01
1.880000000000000000e+03 1.166076785403250132e-01 7.770668270781125875e-01
1.890000000000000000e+03 1.165586283512206889e-01 7.771159439120078893e-01
1.900000000000000000e+03 1.165078450851851077e-01 7.771667914778793707e-01
1.910000000000000000e+03 1.164542108876420456e-01 7.772204794492725277e-01
1.920000000000000000e+03 1.163969099448135119e-01 7.772778378744301664e-01
1.930000000000000000e+03 1.163353864257748865e-01 7.773394234091827171e-01
1.940000000000000000e+03 1.162693038755372998e-01 7.774055677171329837e-01
1.950000000000000000e+03 1.161985099015332840e-01 7.774764287284815500e-01
1.960000000000000000e+03 1.161229958237480486e-01 7.775520080282576352e-01
1.970000000000000000e+03 1.160428483210138306e-01 7.776322244375268866e-01
1.980000000000000000e+03 1.159582023650713306e-01 7.777169549683313754e-01
1.990000000000000000e+03 1.158692101977546879e-01 7.778060412107428157e-01
2.000000000000000000e+03 1.157760072945508562e-01 7.778993395507882713e-01
2.010000000000000000e+03 1.156786692674867528e-01 7.779967707496964202e-01
2.020000000000000000e+03 1.155771986266326684e-01 7.780983342221962085e-01
2.030000000000000000e+03 1.154715150995074269e-01 7.782041055979436184e-01
2.040000000000000000e+03 1.153614535540177372e-01 7.783142512077655395e-01
2.050000000000000000e+03 1.152467763760674918e-01 7.784290108028337762e-01
2.060000000000000000e+03 1.151271799917111677e-01 7.785486960071908991e-01
2.070000000000000000e+03 1.150023198306878019e-01 7.786736524593497188e-01
2.080000000000000000e+03 1.148718453580747229e-01 7.788042242983187480e-01
2.090000000000000000e+03 1.147354388698799688e-01 7.789407242666449571e-01
2.100000000000000000e+03 1.145928685671673136e-01 7.790833830285626149e-01
2.110000000000000000e+03 1.144440395655052373e-01 7.792322958578612457e-01
2.120000000000000000e+03 1.142890375353632082e-01 7.793873790832438475e-01
2.130000000000000000e+03 1.141281786387416813e-01 7.795483178552170545e-01
2.140000000000000000e+03 1.139620499067948711e-01 7.797145279717627719e-01
2.150000000000000000e+03 1.137915476110057944e-01 7.798851186617905551e-01
2.160000000000000000e+03 1.136179222921909066e-01 7.800588383192272879e-01
2.170000000000000000e+03 1.134427821984771989e-01 7.802340766653697024e-01
2.180000000000000000e+03 1.132680737089647033e-01 7.804088858050683974e-01
2.190000000000000000e+03 1.130960684091006224e-01 7.805809910248847627e-01
2.200000000000000000e+03 1.129293488026024417e-01 7.807478101229340384e-01
2.210000000000000000e+03 1.127707662398115679e-01 7.809064937205556500e-01
2.220000000000000000e+03 1.126233875019475861e-01 7.810539755573716603e-01
2.230000000000000000e+03 1.124904351121937263e-01 7.811870320942030377e-01
2.240000000000000000e+03 1.123752319191197030e-01 7.813023383206009198e-01
2.250000000000000000e+03 1.122811420761414825e-01 7.813965280838170990e-01
2.260000000000000000e+03 1.122115084335521262e-01 7.814662577489260853e-01
2.270000000000000000e+03 1.121695680780905313e-01 7.815082918659062017e-01
2.280000000000000000e+03 1.121583718790568757e-01 7.815195829168128938e-01
2.290000000000000000e+03 1.121807333366313664e-01 7.814973205682271828e-01
2.300000000000000000e+03 1.122391740366572299e-01 7.814389841439983719e-01
2.310000000000000000e+03 1.123358739413348739e-01 7.813423929176572802e-01
2.320000000000000000e+03 1.124726484164489670e-01 7.812057297639950493e-01
2.330000000000000000e+03 1.126509306563431706e-01 7.810275602166585340e-01
2.340000000000000000e+03 1.128717309111556544e-01 7.808068741684754954e-01
2.350000000000000000e+03 1.131356083603836243e-01 7.805431122718187176e-01
2.360000000000000000e+03 1.134426697021083119e-01 7.802361676424358627e-01
2.370000000000000000e+03 1.137925778716022129e-01 7.798863752962951201e-01
2.380000000000000000e+03 1.141845719857162850e-01 7.794944931800616983e-01
2.390000000000000000e+03 1.146174990862402904e-01 7.790616735561038952e-01
2.400000000000000000e+03 1.150898124994207267e-01 7.785894618378929044e-01
2.410000000000000000e+03 1.155995771941786820e-01 7.780797899798971295e-01
2.420000000000000000e+03 1.161445205927394003e-01 7.775349286433829166e-01
2.430000000000000000e+03 1.167220822367085603e-01 7.769574413130452273e-01
2.440000000000000000e+03 1.173294430333312599e-01 7.763501526979315059e-01
2.450000000000000000e+03 1.179635463872989870e-01 7.757161226204435378e-01
2.460000000000000000e+03 1.186211207503340415e-01 7.750586233426777216e-01
2.470000000000000000e+03 1.192987188301289775e-01 7.743811020305462200e-01
2.480000000000000000e+03 1.199927610844116893e-01 7.736871371124367514e-01
2.490000000000000000e+03 1.206995666932715733e-01 7.729804080284891077e-01
2.500000000000000000e+03 1.214154151129541309e-01 7.722646343360359822e-01
2.510000000000000000e+03 1.221366198173232109e-01 7.715435031339589189e-01
2.520000000000000000e+03 1.228595324821548790e-01 7.708206643726186469e-01
2.530000000000000000e+03 1.235805220955012579e-01 7.700997473630851742e-01
2.540000000000000000e+03 1.242960075714811818e-01 7.693843290166589854e-01
2.550000000000000000e+03 1.250025195918045839e-01 7.686778765092078247e-01
2.560000000000000000e+03 1.256967335392526197e-01 7.679837166190764952e-01
2.570000000000000000e+03 1.263754857511156515e-01 7.673050181520830737e-01
2.580000000000000000e+03 1.270358005238498011e-01 7.666447609063309354e-01
2.590000000000000000e+03 1.276749346607697622e-01 7.660056883048134146e-01
2.600000000000000000e+03 1.282904289412636900e-01 7.653902582287953615e-01
2.610000000000000000e+03 1.288801249021160056e-01 7.648006279850624312e-01
2.620000000000000000e+03 1.294421557109165233e-01 7.642386628433444073e-01
2.630000000000000000e+03 1.299749528708625812e-01 7.637059302773591130e-01
2.640000000000000000e+03 1.304772637796080548e-01 7.632036823907323297e-01
2.650000000000000000e+03 1.309481568542554264e-01 7.627328505588973906e-01
2.660000000000000000e+03 1.313870202558042044e-01 7.622940456927066455e-01
2.670000000000000000e+03 1.317935363419466543e-01 7.618875831418273625e-01
2.680000000000000000e+03 1.321676230508481709e-01 7.615135453154534551e-01
2.690000000000000000e+03 1.325093864937452182e-01 7.611718302448416962e-01
2.700000000000000000e+03 1.328190850512052656e-01 7.608621832001175589e-01
2.710000000000000000e+03 1.330970819463306865e-01 7.605842414346980496e-01
2.720000000000000000e+03 1.333437770299070735e-01 7.603376049314027885e-01
2.730000000000000000e+03 1.335595361834666095e-01 7.601219084183015173e-01
2.740000000000000000e+03 1.337446430431229738e-01 7.599368683270539826e-01
2.750000000000000000e+03 1.338992681855968592e-01 7.597823131034825428e-01
2.760000000000000000e+03 1.340234139242282019e-01 7.596582379989423872e-01
2.770000000000000000e+03 1.341168543201212426e-01 7.595648656079406758e-01
2.780000000000000000e+03 1.341791408849044021e-01 7.595026429390703271e-01
2.790000000000000000e+03 1.342096481215335479e-01 7.594721973965266049e-01
2.800000000000000000e+03 1.342075897170168786e-01 7.594743171819018368e-01
2.810000000000000000e+03 1.341720189412732023e-01 7.595099481643149408e-01
2.820000000000000000e+03 1.341018574718051137e-01 7.595801669314952154e-01
2.830000000000000000e+03 1.339959624045796716e-01 7.596861149970423055e-01
2.840000000000000000e+03 1.338531784587847218e-01 7.598289465459009406e-01
2.850000000000000000e+03 1.336723674244383320e-01 7.600097996464434402e-01
2.860000000000000000e+03 1.334524674583000281e-01 7.602297373111738255e-01
2.870000000000000000e+03 1.331925520327651435e-01 7.604896883814784569e-01
2.880000000000000000e+03 1.328918901558990284e-01 7.607903852433938185e-01
2.890000000000000000e+03 1.325500154594469737e-01 7.611322925970985809e-01
2.900000000000000000e+03 1.321667754603796097e-01 7.615155617385981346e-01
2.910000000000000000e+03 1.317423643252990939e-01 7.619400000316134403e-01
2.920000000000000000e+03 1.312773521313147784e-01 7.624050384622259591e-01
2.930000000000000000e+03 1.307727173061751236e-01 7.629096988766835841e-01
2.940000000000000000e+03 1.302298657647046887e-01 7.634525761555021051e-01
2.950000000000000000e+03 1.296506275490201532e-01 7.640318389326372639e-01
2.960000000000000000e+03 1.290372502062472615e-01 7.646452364514011446e-01
2.970000000000000000e+03 1.283923737360910811e-01 7.652901280715853627e-01
2.980000000000000000e+03 1.277189822528219665e-01 7.659635310948191833e-01
2.990000000000000000e+03 1.270203578186537563e-01 7.666621664451924723e-01
3.000000000000000000e+03 1.263000401666433958e-01 7.673824975041168006e-01
3.010000000000000000e+03 1.255617805202368931e-01 7.681207725312332313e-01
3.020000000000000000e+03 1.248094785601649021e-01 7.688730882635299579e-01
3.030000000000000000e+03 1.240470977621784682e-01 7.696354790071588958e-01
3.040000000000000000e+03 1.232785899871017832e-01 7.704039926195550558e-01
3.050000000000000000e+03 1.225078393637715896e-01 7.711747448402320737e-01
3.060000000000000000e+03 1.217386093504615047e-01 7.719439720588860965e-01
3.070000000000000000e+03 1.209744969527228320e-01 7.727080784482033282e-01
3.080000000000000000e+03 1.202188952932453786e-01 7.734636728196649935e-01
3.090000000000000000e+03 1.194749580221383389e-01 7.742076012407981267e-01
3.100000000000000000e+03 1.187455627659188828e-01 7.749369834974942917e-01
3.110000000000000000e+03 1.180332732593031286e-01 7.756492554228429093e-01
3.120000000000000000e+03 1.173403222459783735e-01 7.763421868898168210e-01
3.130000000000000000e+03 1.166686201811998336e-01 7.770138689790967446e-01
3.140000000000000000e+03 1.160197632508289528e-01 7.776627050543550856e-01
3.150000000000000000e+03 1.153950352051860279e-01 7.782874111260138505e-01
3.160000000000000000e+03 1.147954133716878738e-01 7.788870102623075553e-01
3.170000000000000000e+03 1.142215768196337966e-01 7.794608224766674809e-01
3.180000000000000000e+03 1.136739148208648909e-01 7.800084565073622800e-01
3.190000000000000000e+03 1.131525388441510654e-01 7.805298003766037995e-01
3.200000000000000000e+03 1.126573017554404477e-01 7.810250036618029412e-01
3.210000000000000000e+03 1.121878165682368561e-01 7.814944546655283597e-01
3.220000000000000000e+03 1.117434808489524978e-01 7.819387545112987947e-01
3.230000000000000000e+03 1.113235220423434008e-01 7.823586739091209497e-01
3.240000000000000000e+03 1.109270266905220403e-01 7.827551257553329034e-01
3.250000000000000000e+03 1.105529459805644349e-01 7.831291612546724679e-01
3.260000000000000000e+03 1.102001057879501283e-01 7.834819566828952198e-01
3.270000000000000000e+03 1.098672387761744501e-01 7.838147803712712802e-01
3.280000000000000000e+03 1.095530368780120861e-01 7.841289407721803162e-01
3.290000000000000000e+03 1.092561811756057877e-01 7.844257556519005359e-01
3.300000000000000000e+03 1.089753548452201543e-01 7.847065407807727322e-01
3.310000000000000000e+03 1.087092673144335747e-01 7.849725852199385123e-01
3.320000000000000000e+03 1.084566857125250500e-01 7.852251199521667058e-01
3.330000000000000000e+03 1.082164527662154985e-01 7.854653032029577098e-01
3.340000000000000000e+03 1.079874834176712539e-01 7.856942240705532265e-01
3.350000000000000000e+03 1.077687610805325574e-01 7.859129007319126670e-01
3.360000000000000000e+03 1.075593609966035841e-01 7.861222547282192830e-01
3.370000000000000000e+03 1.073584752127666742e-01 7.863230908686619225e-01
3.380000000000000000e+03 1.071654061136487618e-01 7.865161075018669568e-01
3.390000000000000000e+03 1.069795324210932319e-01 7.867019296048148869e-01
3.400000000000000000e+03 1.068002799162982158e-01 7.868811328306740682e-01
3.410000000000000000e+03 1.066270989131414548e-01 7.870542649650341671e-01
3.420000000000000000e+03 1.064594415138701844e-01 7.872218721990543733e-01
3.430000000000000000e+03 1.062967432159128700e-01 7.873845181648678748e-01
3.440000000000000000e+03 1.061384106251764686e-01 7.875427947219046931e-01
3.450000000000000000e+03 1.059838016191269605e-01 7.876973420174450125e-01
3.460000000000000000e+03 1.058322002738251999e-01 7.878488769552742799e-01
3.470000000000000000e+03 1.056827953522139069e-01 7.879982138361947275e-01
3.480000000000000000e+03 1.055346581838446929e-01 7.881462825219445190e-01
3.490000000000000000e+03 1.053867356881919848e-01 7.882941345775681397e-01
3.500000000000000000e+03 1.052378607147338579e-01 7.884429353529558426e-01
3.510000000000000000e+03 1.050867583960054807e-01 7.885939596370417082e-01
3.520000000000000000e+03 1.049320511585381116e-01 7.887485862875134313e-01
3.530000000000000000e+03 1.047722748521845854e-01 7.889082799769997489e-01
3.540000000000000000e+03 1.046059013241387725e-01 7.890745688994124096e-01
3.550000000000000000e+03 1.044313617855667370e-01 7.892490220001830981e-01
3.560000000000000000e+03 1.042470674128662539e-01 7.894332279408851072e-01
3.570000000000000000e+03 1.040514419537233171e-01 7.896287626086140321e-01
3.580000000000000000e+03 1.038429757106699020e-01 7.898371354964238700e-01
3.590000000000000000e+03 1.036202778316255013e-01 7.900597384838045079e-01
3.600000000000000000e+03 1.033821169633614007e-01 7.902978046696228498e-01
3.610000000000000000e+03 1.031274660596746828e-01 7.905523608260379698e-01
3.620000000000000000e+03 1.028555534056256604e-01 7.908241764020816911e-01
3.630000000000000000e+03 1.025659090560667869e-01 7.911137202943686608e-01
3.640000000000000000e+03 1.022584025106863803e-01 7.914211236616132128e-01
3.650000000000000000e+03 1.019332837385797802e-01 7.917461376468621914e-01
3.660000000000000000e+03 1.015912284216616834e-01 7.920880873838865854e-01
3.670000000000000000e+03 1.012333591402245908e-01 7.924458500199891287e-01
3.680000000000000000e+03 1.008612345481441075e-01 7.928178668919982908e-01
3.690000000000000000e+03 1.004768498274890842e-01 7.932021440629479780e-01
3.700000000000000000e+03 1.000826341871350195e-01 7.935962533450720002e-01
3.710000000000000000e+03 9.968143077970592625e-02 7.939973511901244896e-01
3.720000000000000000e+03 9.927646164056123934e-02 7.944022149392658827e-01
3.730000000000000000e+03 9.887126253342581883e-02 7.948073089714486894e-01
3.740000000000000000e+03 9.846960398780672807e-02 7.952088628632332235e-01
3.750000000000000000e+03 9.807542281938201600e-02 7.956029395424201178e-01
3.760000000000000000e+03 9.769277803723058762e-02 7.959854799599436204e-01
3.770000000000000000e+03 9.732580061960155460e-02 7.963523524193586445e-01
3.780000000000000000e+03 9.697861572215130121e-02 7.966994307226400451e-01
3.790000000000000000e+03 9.665524855637948332e-02 7.970226887999420917e-01
3.800000000000000000e+03 9.635955928441855556e-02 7.973182668081988389e-01
3.810000000000000000e+03 9.609520264178002258e-02 7.975825111422913949e-01
3.820000000000000000e+03 9.586558736808903358e-02 7.978120142670899195e-01
3.830000000000000000e+03 9.567382646674076063e-02 7.980036629171767260e-01
3.840000000000000000e+03 9.552269747743970252e-02 7.981546789267854880e-01
3.850000000000000000e+03 9.541462752053112006e-02 7.982626339002157900e-01
3.860000000000000000e+03 9.535168248557249204e-02 7.983254608908723071e-01
3.870000000000000000e+03 9.533554374007573162e-02 7.983414785460947183e-01
3.880000000000000000e+03 9.536748092203359284e-02 7.983094181167418313e-01
3.890000000000000000e+03 9.544833366377153405e-02 7.982284404531678756e-01
3.900000000000000000e+03 9.557851663365155015e-02 7.980981311666510702e-01
3.910000000000000000e+03 9.575803927389346659e-02 7.979184810028213670e-01
3.920000000000000000e+03 9.598651671353161663e-02 7.976898746067628831e-01
3.930000000000000000e+03 9.626317908816466040e-02 7.974130814183471028e-01
3.940000000000000000e+03 9.658689027970578100e-02 7.970892367551217772e-01
3.950000000000000000e+03 9.695617265050415767e-02 7.967198183177851556e-01
3.960000000000000000e+03 9.736923920138133848e-02 7.963066141552613830e-01
3.970000000000000000e+03 9.782403361108053808e-02 7.958516812880498392e-01
3.980000000000000000e+03 9.831827156421232838e-02 7.953573041636726737e-01
3.990000000000000000e+03 9.884948039153199084e-02 7.948259550621993297e-01
4.000000000000000000e+03 9.941503501556289701e-02 7.942602582639916031e-01
4.010000000000000000e+03 1.000121853279269529e-01 7.936629636856064041e-01
4.020000000000000000e+03 1.006380785569487013e-01 7.930369245650632504e-01
4.030000000000000000e+03 1.012897881142621609e-01 7.923850685072904021e-01
4.040000000000000000e+03 1.019643348345227185e-01 7.917103762261319400e-01
4.050000000000000000e+03 1.026587051002983003e-01 7.910158626460853659e-01
4.060000000000000000e+03 1.033698620702059034e-01 7.903045638503217729e-01
4.070000000000000000e+03 1.040947568019577885e-01 7.895795276444816935e-01
4.080000000000000000e+03 1.048303329079061375e-01 7.888438103465966744e-01
4.090000000000000000e+03 1.055735413885320467e-01 7.881004615578907080e-01
4.100000000000000000e+03 1.063213723655143383e-01 7.873524919020461477e-01
4.110000000000000000e+03 1.070708783653064045e-01 7.866028491558059166e-01
4.120000000000000000e+03 1.078191848910218381e-01 7.858544081595161268e-01
4.130000000000000000e+03 1.085635163433159439e-01 7.851099454049730308e-01
4.140000000000000000e+03 1.093012316049245258e-01 7.843721022251983754e-01
4.150000000000000000e+03 1.100298463741943150e-01 7.836433625547298831e-01
4.160000000000000000e+03 1.107470447587402818e-01 7.829260419808798943e-01
4.170000000000000000e+03 1.114506942966539405e-01 7.822222733712135279e-01
4.180000000000000000e+03 1.121388683679261644e-01 7.815339840720439968e-01
4.190000000000000000e+03 1.128098582916128023e-01 7.808628834963778909e-01
4.200000000000000000e+03 1.134621707641458171e-01 7.802104645900940216e-01
