0.000000000000000000e+00 1.607954877935311799e+01 -4.082952979607255410e-15 1.607954877935311799e+01 -2.539221115986758859e-16
1.000000000000000000e+01 1.594838788472711322e+01 1.886652018579227263e+00 1.605959314431469664e+01 -9.922498907439902815e-01
2.000000000000000000e+01 1.555146821109718758e+01 3.726246085881815606e+00 1.599165636866037410e+01 -1.984826317522631056e+00
3.000000000000000000e+01 1.490026387413951525e+01 5.474133987781539368e+00 1.587400410845266663e+01 -2.977922118127701800e+00
4.000000000000000000e+01 1.401698670934788105e+01 7.090482156788612933e+00 1.570830524358922808e+01 -3.971683951011151237e+00
5.000000000000000000e+01 1.293080423413211300e+01 8.541198478513665648e+00 1.549702453991775641e+01 -4.966257126276415690e+00
6.000000000000000000e+01 1.167626935566942059e+01 9.799167898510809493e+00 1.524332501685080388e+01 -5.961787158987968738e+00
7.000000000000000000e+01 1.029153085149124536e+01 1.084508816337074677e+01 1.495097135769045593e+01 -6.958418329967202887e+00
8.000000000000000000e+01 8.816436926532892571e+00 1.166778424765434075e+01 1.462418371497512126e+01 -7.956293297179079183e+00
9.000000000000000000e+01 7.290701783980620299e+00 1.226403981291079504e+01 1.426748068285355053e+01 -8.955552981510905397e+00
1.000000000000000000e+02 5.752247619778487753e+00 1.263801851188142145e+01 1.388552716269370890e+01 -9.956335586004055216e+00
1.100000000000000000e+02 4.235816988228056523e+00 1.280034927091141128e+01 1.348299250964279494e+01 -1.095877540512836568e+01
1.200000000000000000e+02 2.771921213952747820e+00 1.276697432719648972e+01 1.306442423865879832e+01 -1.196300197072298843e+01
1.300000000000000000e+02 1.386142016515677033e+00 1.255787396237031928e+01 1.263414374402668372e+01 -1.296913894734921513e+01
1.400000000000000000e+02 9.877474433229489759e-02 1.219576855929742010e+01 1.219616854598465139e+01 -1.397730259573004474e+01
1.500000000000000000e+02 -1.075218160232238152e+00 1.170488009212723490e+01 1.175416147852196502e+01 -1.498760008521942844e+01
1.600000000000000000e+02 -2.125993369076910167e+00 1.110981603571362442e+01 1.131140398680723358e+01 -1.600012779271602881e+01
1.700000000000000000e+02 -3.048411997299254050e+00 1.043461770209129469e+01 1.087078940528584781e+01 -1.701496961793603546e+01
1.800000000000000000e+02 -3.841484355431244779e+00 9.701994752661512678e+00 1.043483129876542570e+01 -1.803219536751851138e+01
1.900000000000000000e+02 -4.507730124598858801e+00 8.932750813473184337e+00 1.000568178445736223e+01 -1.905185927780046740e+01
2.000000000000000000e+02 -5.052502893373890025e+00 8.145392935053264338e+00 9.585155791846430517e+00 -2.007399875228885833e+01
2.100000000000000000e+02 -5.483319492510350557e+00 7.355908947492252992e+00 9.174758258436051861e+00 -2.109863341144083648e+01
2.200000000000000000e+02 -5.809226217512443391e+00 6.577690546211155009e+00 8.775712060451249741e+00 -2.212576448919958949e+01
2.300000000000000000e+02 -6.040225284616641765e+00 5.821576646116947806e+00 8.388985405609931334e+00 -2.315537459340914239e+01
2.400000000000000000e+02 -6.186775909717432853e+00 5.095990401069371956e+00 8.015317481226251317e+00 -2.418742789467973964e+01
2.500000000000000000e+02 -6.259378547591622599e+00 4.407143559795739129e+00 7.655242266492894743e+00 -2.522187062619380526e+01
2.600000000000000000e+02 -6.268243082331024674e+00 3.759285743451119544e+00 7.309110796814177746e+00 -2.625863208576465624e+01
2.700000000000000000e+02 -6.223038299086016245e+00 3.154976435339613250e+00 6.977111291891482381e+00 -2.729762596861370838e+01
2.800000000000000000e+02 -6.132716802894292663e+00 2.595362501120801468e+00 6.659288392668244683e+00 -2.833875194087116967e+01
2.900000000000000000e+02 -6.005406194496104355e+00 2.080447971356253145e+00 6.355561920272080556e+00 -2.938189750349102169e+01
3.000000000000000000e+02 -5.848356189407165395e+00 1.609345031199099330e+00 6.065744929324207391e+00 -3.042694000007673338e+01
3.100000000000000000e+02 -5.667931253014566906e+00 1.180499232559732325e+00 5.789561566040505980e+00 -3.147374866296044971e+01
3.200000000000000000e+02 -5.469637450374048804e+00 7.918849350048039470e-01 5.526664056084998222e+00 -3.252218664862785857e+01
3.300000000000000000e+02 -5.258173563034509890e+00 4.411691328247916988e-01 5.276648502861680079e+00 -3.357211289131762300e+01
3.400000000000000000e+02 -5.037498193828893633e+00 1.258446429275038025e-01 5.039069847400700297e+00 -3.462338372731986169e+01
3.500000000000000000e+02 -4.810905601269699794e+00 -1.566647530559174273e-01 4.813455780328540712e+00 -3.567585434640826492e+01
3.600000000000000000e+02 -4.581104208972123892e+00 -4.089236861354947905e-01 4.599318901157512407e+00 -3.672938017261105159e+01
3.700000000000000000e+02 -4.350293747064235994e+00 -6.334267859839245451e-01 4.396167100890060020e+00 -3.778381792403573058e+01
3.800000000000000000e+02 -4.120237545803520085e+00 -8.325579121276183159e-01 4.203511640390129145e+00 -3.883902650784875021e+01
3.900000000000000000e+02 -3.892328751108236951e+00 -1.008563270573831439e+00 4.020873409777331986e+00 -3.989486782515148633e+01
4.000000000000000000e+02 -3.667649716645689395e+00 -1.163535922654557409e+00 3.847787713390487863e+00 -4.095120737527899024e+01
4.100000000000000000e+02 -3.447023626128816076e+00 -1.299408181494758452e+00 3.683806930503520150e+00 -4.200791481657517323e+01
4.200000000000000000e+02 -3.231058857377654192e+00 -1.417949839994196104e+00 3.528501535861669147e+00 -4.306486444011515147e+01
4.300000000000000000e+02 -3.020187112775053251e+00 -1.520770383338902132e+00 3.381460151327125185e+00 -4.412193561510552087e+01
4.400000000000000000e+02 -2.814696092745452738e+00 -1.609323826566718463e+00 3.242288894172119296e+00 -4.517901324543065300e+01
4.500000000000000000e+02 -2.614757097934931274e+00 -1.684915987891110412e+00 3.110610320733245171e+00 -4.623598798489030059e+01
4.600000000000000000e+02 -2.420448674172951620e+00 -1.748711333507522170e+00 2.986061471611603846e+00 -4.729275683075944414e+01
4.700000000000000000e+02 -2.231776571187417790e+00 -1.801741282143141554e+00 2.868291880454267417e+00 -4.834922339730252361e+01
4.800000000000000000e+02 -2.048690881125291519e+00 -1.844912780805763486e+00 2.756961641950496755e+00 -4.940529810746940598e+01
4.900000000000000000e+02 -1.871101038559290108e+00 -1.879016762902693261e+00 2.651739634988127925e+00 -5.046089839263056831e+01
5.000000000000000000e+02 -1.698888755224796876e+00 -1.904737366184362735e+00 2.552302379571864677e+00 -5.151594855934858685e+01
5.100000000000000000e+02 -1.531919388279993521e+00 -1.922661009356079642e+00 2.458333250209639331e+00 -5.257037959095495694e+01
5.200000000000000000e+02 -1.370051735046580621e+00 -1.933285180314118890e+00 2.369521754516370926e+00 -5.362412884431991245e+01
5.300000000000000000e+02 -1.213146287284982305e+00 -1.937027421418105577e+00 2.285563200981108434e+00 -5.467713943388890385e+01
5.400000000000000000e+02 -1.061072361385002827e+00 -1.934234215513124688e+00 2.206158778636936546e+00 -5.572935945345376751e+01
5.500000000000000000e+02 -9.137142662232341506e-01 -1.925189484627108261e+00 2.131015793470018682e+00 -5.678074113894771102e+01
5.600000000000000000e+02 -7.709766965543719541e-01 -1.910123133985386579e+00 2.059848405493969192e+00 -5.783123994679066016e+01
5.700000000000000000e+02 -6.327896067367543287e-01 -1.889219279948645580e+00 1.992378521798439550e+00 -5.888081377782880566e+01
5.800000000000000000e+02 -4.991126430911796974e-01 -1.862624109111479243e+00 1.928336589482446906e+00 -5.992942243793035573e+01
5.900000000000000000e+02 -3.699389265120168746e-01 -1.830453953344465257e+00 1.867462579186861538e+00 -6.097702718767173025e+01
6.000000000000000000e+02 -2.452981195623947508e-01 -1.792803217859497700e+00 1.809506713286307855e+00 -6.202359045275031946e+01
6.100000000000000000e+02 -1.252589233171100269e-01 -1.749752664874170582e+00 1.754230368596104039e+00 -6.306907575406107469e+01
6.200000000000000000e+02 -9.931039237053993635e-03 -1.701377984984077329e+00 1.701406968755214466e+00 -6.411344800971360769e+01
6.300000000000000000e+02 1.005334911532890924e-01 -1.647758491237489187e+00 1.650822530827803725e+00 -6.515667428383486026e+01
6.400000000000000000e+02 2.059399774184341725e-01 -1.588986380916040053e+00 1.602276191246615245e+00 -6.619872484350072739e+01
6.500000000000000000e+02 3.060520404459045607e-01 -1.525176305481902750e+00 1.555580475020346798e+00 -6.723957451944389163e+01
6.600000000000000000e+02 4.005942472217036143e-01 -1.456475004982789256e+00 1.510561217245676380e+00 -6.827920419892321036e+01
6.700000000000000000e+02 4.892569004161813617e-01 -1.383071072691733239e+00 1.467057567623544445e+00 -6.931760224337263310e+01
6.800000000000000000e+02 5.717029106966712293e-01 -1.305204215433425574e+00 1.424921844202070575e+00 -7.035476589926408053e+01
6.900000000000000000e+02 6.475767166002978081e-01 -1.223173428755012893e+00 1.384019089714848105e+00 -7.139070264791440934e+01
7.000000000000000000e+02 7.165154439844864109e-01 -1.137343678756804755e+00 1.344226552734451685e+00 -7.242543124575045965e+01
7.100000000000000000e+02 7.781619846512897176e-01 -1.048150766891695174e+00 1.305433301433697402e+00 -7.345898254397580729e+01
7.200000000000000000e+02 8.321792783342523148e-01 -9.561034859753142490e-01 1.267539438117435857e+00 -7.449140012920420872e+01
7.300000000000000000e+02 8.782657201746509879e-01 -8.617825988436530471e-01 1.230455168993823678e+00 -7.552274034436513261e+01
7.400000000000000000e+02 9.161708497890063141e-01 -7.658367218970409951e-01 1.194100042127591355e+00 -7.655307192189343368e+01
7.500000000000000000e+02 9.457104044903805740e-01 -6.689747297094509326e-01 1.158402071023352464e+00 -7.758247518753499605e+01
7.600000000000000000e+02 9.667800580193349758e-01 -5.719548988105011000e-01 1.123296971800956667e+00 -7.861104081647123110e+01
7.700000000000000000e+02 9.793671894174412751e-01 -4.755711339517913472e-01 1.088727695595005596e+00 -7.963886817090659065e+01
7.800000000000000000e+02 9.835597395149237032e-01 -3.806369337790013185e-01 1.054644127917727658e+00 -8.066606357876045763e+01
7.900000000000000000e+02 9.795516132478832017e-01 -2.879676587235312502e-01 1.021002808755804958e+00 -8.169273857316201770e+01
8.000000000000000000e+02 9.676445693230011358e-01 -1.983618045174480593e-01 9.877668844579243768e-01 -8.271900800144823052e+01
8.100000000000000000e+02 9.482463099126383632e-01 -1.125820789300162050e-01 9.549061675154998374e-01 -8.374498812635940226e+01
8.200000000000000000e+02 9.218649297732004477e-01 -3.133709131563265637e-02 9.223973991929249605e-01 -8.477079475682555199e+01
8.300000000000000000e+02 8.890998459112008367e-01 4.473545523743461400e-02 8.902245766965892759e-01 -8.579654164276166739e+01
8.400000000000000000e+02 8.506294751229998008e-01 1.150832346769296577e-01 8.583790857492599180e-01 -8.682233935051101525e+01
8.500000000000000000e+02 8.071963271195126133e-01 1.792512050713755689e-01 8.268596646558420415e-01 -8.784829421455737020e+01
8.600000000000000000e+02 7.595901247390984823e-01 2.368903875032154216e-01 7.956721770255529291e-01 -8.887450745857762513e+01
8.700000000000000000e+02 7.086297879481981976e-01 2.877632117951208213e-01 7.648292897308208715e-01 -8.990107452465920801e+01
8.800000000000000000e+02 6.551448341173964351e-01 3.317455174168297827e-01 7.343499451874909711e-01 -9.092808428844780622e+01
8.900000000000000000e+02 5.999569821550534421e-01 3.688249634752561179e-01 7.042586414941055528e-01 -9.195561843709641892e+01
9.000000000000000000e+02 5.438627385988593632e-01 3.990960030363661648e-01 6.745845373827170643e-01 -9.298375107285357899e+01
9.100000000000000000e+02 4.876175161367150568e-01 4.227519389688749185e-01 6.453603984947348104e-01 -9.401254824338366234e+01
9.200000000000000000e+02 4.319218730380628979e-01 4.400744116103506576e-01 6.166214334280838427e-01 -9.504206752049596219e+01
9.300000000000000000e+02 3.774101470990244289e-01 4.514209858826999655e-01 5.884040496364858486e-01 -9.607235730030222953e+01
9.400000000000000000e+02 3.246417822537059905e-01 4.572115270862092129e-01 5.607447434308823198e-01 -9.710345566361772285e+01
9.500000000000000000e+02 2.740955830892153333e-01 4.579138165242464531e-01 5.336791658223301038e-01 -9.813538912461059738e+01
9.600000000000000000e+02 2.261668476703848629e-01 4.540288705742657749e-01 5.072412229897157454e-01 -9.916817140861680002e+01
9.700000000000000000e+02 1.811673461421251519e-01 4.460766855910040518e-01 4.814623731259132233e-01 -1.002018023058556366e+02
9.800000000000000000e+02 1.393277564545984115e-01 4.345830340695343019e-01 4.563711616872322407e-01 -1.012362663919845005e+02
9.900000000000000000e+02 1.008021794812974659e-01 4.200676675390448978e-01 4.319929683454040714e-01 -1.022715316969871537e+02
1.000000000000000000e+03 6.567431386925837167e-02 4.030342422363640820e-01 4.083499919398040912e-01 -1.033075483820597356e+02
1.010000000000000000e+03 3.396444436068411094e-02 3.839619408322733074e-01 3.854612243642882019e-01 -1.043442465630083404e+02
1.020000000000000000e+03 5.637292961626778551e-03 3.632986319188636348e-01 3.633423661315222652e-01 -1.053815340880503300e+02
1.030000000000000000e+03 -1.938942580928771156e-02 3.414559366083503300e-01 3.420060035705508317e-01 -1.064192947198800994e+02
1.040000000000000000e+03 -4.123654328534108460e-02 3.188060541876725495e-01 3.214618992802055208e-01 -1.074573857588154056e+02
1.050000000000000000e+03 -6.005533232092694768e-02 2.956801419510984297e-01 3.017173997044232392e-01 -1.084956350666167850e+02
1.060000000000000000e+03 -7.601992439697051462e-02 2.723680502864656572e-01 2.827779760203608661e-01 -1.095338376098925437e+02
1.070000000000000000e+03 -8.932012044152659591e-02 2.491192070149209903e-01 2.646478097763740878e-01 -1.105717526071185972e+02
1.080000000000000000e+03 -1.001550850298232737e-01 2.261443583533274959e-01 2.473303698949430307e-01 -1.116091001823391480e+02
1.090000000000000000e+03 -1.087278660607815806e-01 2.036180722670097865e-01 2.308290887472037867e-01 -1.126455581434081950e+02
1.100000000000000000e+03 -1.152407752146686892e-01 1.816818012615935563e-01 2.151481191684811722e-01 -1.136807593111277157e+02
1.110000000000000000e+03 -1.198916533812570684e-01 1.604473890904666300e-01 2.002932180989638045e-01 -1.147142902125958130e+02
1.120000000000000000e+03 -1.228709422425841996e-01 1.400007800149313253e-01 1.862726143381513433e-01 -1.157456924463066770e+02
1.130000000000000000e+03 -1.243595451276405112e-01 1.204056228543187168e-01 1.730976905660213949e-01 -1.167744676657510610e+02
1.140000000000000000e+03 -1.245273878117622163e-01 1.017067474874741861e-01 1.607834966646199681e-01 -1.178000884745826653e+02
1.150000000000000000e+03 -1.235325873074202968e-01 8.393352547875394809e-02 1.493490436064391358e-01 -1.188220186802651597e+02
1.160000000000000000e+03 -1.215211409542156507e-01 6.710296108373572932e-02 1.388171282119742556e-01 -1.198397463525862747e+02
1.170000000000000000e+03 -1.186270410873429410e-01 5.122229054339596382e-02 1.292133813722488311e-01 -1.208528320687058510e+02
1.180000000000000000e+03 -1.149726836969693494e-01 3.629112587099486698e-02 1.205643554848104954e-01 -1.218609740656134335e+02
1.190000000000000000e+03 -1.106694718383627180e-01 2.230326839194933866e-02 1.128944984396736961e-01 -1.228640887509734227e+02
1.200000000000000000e+03 -1.058185939753443494e-01 9.248161049644723630e-03 1.062219530686521890e-01 -1.238623969091848096e+02
1.210000000000000000e+03 -1.005119321412722561e-01 -2.888078835412365240e-03 1.005534161634067808e-01 -1.248564962517144039e+02
1.220000000000000000e+03 -9.483300880720577086e-02 -1.412197071142204212e-02 9.587872348024784053e-02 -1.258473942802276042e+02
1.230000000000000000e+03 -8.885791966734937763e-02 -2.447221168500433169e-02 9.216625755863572245e-02 -1.268364762424033216e+02
1.240000000000000000e+03 -8.265619218820004221e-02 -3.395940475330872649e-02 8.936043463553491883e-02 -1.278253962280043652e+02
1.250000000000000000e+03 -7.629148993227398423e-02 -4.260596172427880829e-02 8.738226027367897164e-02 -1.288159046770148848e+02
1.260000000000000000e+03 -6.982212280781369129e-02 -5.043615386308385184e-02 8.613323661566471556e-02 -1.298096516783400034e+02
1.270000000000000000e+03 -6.330141543865372422e-02 -5.747624905217556257e-02 8.550197893408514882e-02 -1.308080170240323241e+02
1.280000000000000000e+03 -5.677799308148916840e-02 -6.375464339101083455e-02 8.537209762139263969e-02 -1.318120065507387153e+02
1.290000000000000000e+03 -5.029593616554257907e-02 -6.930190420878298840e-02 8.562963927129242647e-02 -1.328222260797449508e+02
1.300000000000000000e+03 -4.389476881154420751e-02 -7.415073799127845644e-02 8.616891941802531929e-02 -1.338389174463901554e+02
1.310000000000000000e+03 -3.760935169306836579e-02 -7.833591910805623448e-02 8.689637252081834629e-02 -1.348620298317483730e+02
1.320000000000000000e+03 -3.146977641664385622e-02 -8.189412470880584605e-02 8.773251671720695699e-02 -1.358913020517391885e+02
1.330000000000000000e+03 -2.550129810284164703e-02 -8.486359987311201114e-02 8.861233993272975284e-02 -1.369263388502006364e+02
1.340000000000000000e+03 -1.972430086941684771e-02 -8.728368369935965432e-02 8.948457679911740736e-02 -1.379666720177735613e+02
1.350000000000000000e+03 -1.415430059435671649e-02 -8.919429503394911418e-02 9.031038972299126888e-02 -1.390118040464997478e+02
1.360000000000000000e+03 -8.802016545723040722e-03 -9.063539682859472757e-02 9.106179579575630900e-02 -1.400612366835089233e+02
1.370000000000000000e+03 -3.673574900188057973e-03 -9.164642756941188129e-02 9.172002419746055901e-02 -1.411144884774978152e+02
1.380000000000000000e+03 1.229117760533560665e-03 -9.226572708047370286e-02 9.227391356259750932e-02 -1.421711050017038076e+02
1.390000000000000000e+03 5.907893208044084563e-03 -9.252999054237080745e-02 9.271840352340457447e-02 -1.432306638480470440e+02
1.400000000000000000e+03 1.036784886084062690e-02 -9.247377287942371016e-02 9.305316201267141429e-02 -1.442927753331728127e+02
1.410000000000000000e+03 1.461686913422757805e-02 -9.212908101616419654e-02 9.328140453579202018e-02 -1.453570807780395171e+02
1.420000000000000000e+03 1.866507672286997488e-02 -9.152505345801233150e-02 9.340888876098803195e-02 -1.464232502699892677e+02
1.430000000000000000e+03 2.252424768001780320e-02 -9.068769157563966177e-02 9.344302615427826919e-02 -1.474909802408506891e+02
1.440000000000000000e+03 2.620722957330303207e-02 -8.963965373630632116e-02 9.339211103660043090e-02 -1.485599908922761756e+02
1.450000000000000000e+03 2.972735672579255792e-02 -8.840016129804414979e-02 9.326469994281194609e-02 -1.496300239771748295e+02
1.460000000000000000e+03 3.309786275385942500e-02 -8.698500456898357325e-02 9.306911162539055482e-02 -1.507008411768203189e+02
1.470000000000000000e+03 3.633132545137340158e-02 -8.540660166392491370e-02 9.281299918025466555e-02 -1.517722226842101350e+02
1.480000000000000000e+03 3.943917073539635054e-02 -8.367412004670705949e-02 9.250300835046657011e-02 -1.528439657772556473e+02
1.490000000000000000e+03 4.243119617882745026e-02 -8.179368654909439929e-02 9.214452543942937279e-02 -1.539158839174462514e+02
1.500000000000000000e+03 4.531506917246934385e-02 -7.976869923125227968e-02 9.174148936632579854e-02 -1.549878069165839349e+02
1.510000000000000000e+03 4.809585079297461208e-02 -7.760026709036142722e-02 9.129628862114552712e-02 -1.560595818641635333e+02
1.520000000000000000e+03 5.077564457014321908e-02 -7.528776732769441871e-02 9.080976814584743040e-02 -1.571310739815183410e+02
1.530000000000000000e+03 5.335342667404219946e-02 -7.282947559138221172e-02 9.028134166469911626e-02 -1.582021668534438277e+02
1.540000000000000000e+03 5.582502531159866388e-02 -7.022319091883817699e-02 8.970914108308154777e-02 -1.592727620371509829e+02
1.550000000000000000e+03 5.818320976939793387e-02 -6.746679611047487479e-02 8.909014803266493421e-02 -1.603427780324834657e+02
1.560000000000000000e+03 6.041789908995997410e-02 -6.455880654930706841e-02 8.842037114554225641e-02 -1.614121488663725188e+02
1.570000000000000000e+03 6.251646285543999149e-02 -6.149894498618767302e-02 8.769508744718683413e-02 -1.624808229633712529e+02
1.580000000000000000e+03 6.446409484357042141e-02 -5.828867161978864425e-02 8.690908331814573007e-02 -1.635487621126263207e+02
1.590000000000000000e+03 6.624431669700962810e-02 -5.493158968435688655e-02 8.605689420322031047e-02 -1.646159394751651917e+02
1.600000000000000000e+03 6.783962125654884046e-02 -5.143373855611208662e-02 8.513309388299290792e-02 -1.656823366965460593e+02
1.610000000000000000e+03 6.923215074773093891e-02 -4.780382008312788339e-02 8.413260908646898184e-02 -1.667479414298632889e+02
1.620000000000000000e+03 7.040433596140446837e-02 -4.405332163317585148e-02 8.305098234868958651e-02 -1.678127454751422363e+02
1.630000000000000000e+03 7.133949058116595410e-02 -4.019647170389479413e-02 8.188454832153793661e-02 -1.688767427228630140e+02
1.640000000000000000e+03 7.202233470533370152e-02 -3.625006380192287436e-02 8.063053901624740727e-02 -1.699399270541941860e+02
1.650000000000000000e+03 7.243942380824701377e-02 -3.223323684254564975e-02 7.928714699759643880e-02 -1.710022909564536064e+02
1.660000000000000000e+03 7.257950288376552317e-02 -2.816720808948977930e-02 7.785355387142674222e-02 -1.720638244963767249e+02
1.670000000000000000e+03 7.243380903750876176e-02 -2.407491850940693401e-02 7.632993117327481480e-02 -1.731245138507921695e+02
1.680000000000000000e+03 7.199629490330645976e-02 -1.998061209362059915e-02 7.471740988176456266e-02 -1.741843394913058773e+02
1.690000000000000000e+03 7.126376729835075252e-02 -1.590941493908087576e-02 7.301803895789954479e-02 -1.752432745744412443e+02
1.700000000000000000e+03 7.023595042334564165e-02 -1.188695230840024729e-02 7.123474129280493727e-02 -1.763012838431203022e+02
1.710000000000000000e+03 6.891547043548093554e-02 -7.939017186055215974e-03 6.937124807313277408e-02 -1.773583231529107422e+02
1.720000000000000000e+03 6.730777109331172181e-02 -4.091300611663310251e-03 6.743200123268362767e-02 -1.784143396546643885e+02
1.730000000000000000e+03 6.542096351698202528e-02 -3.691352050485611743e-04 6.542200492410714385e-02 -1.794692717863003395e+02
1.740000000000000000e+03 6.326561304679846620e-02 3.202767335042771765e-03 6.334662984555415599e-02 -1.805230484245298896e+02
1.750000000000000000e+03 6.085452660300141176e-02 6.600529552431955160e-03 6.121144009454387858e-02 -1.815755876798220356e+02
1.760000000000000000e+03 5.820261552102656832e-02 9.801251704369969009e-03 5.902210593041269659e-02 -1.826267958458777514e+02
1.770000000000000000e+03 5.532681880831064741e-02 1.278311374867164771e-02 5.678437176335681541e-02 -1.836765665158934837e+02
1.780000000000000000e+03 5.224606660877676584e-02 1.552547055763168343e-02 5.450405225416388166e-02 -1.847247796108935063e+02
1.790000000000000000e+03 4.898128049047329596e-02 1.800895505443999775e-02 5.218705108203815918e-02 -1.857713003138526631e+02
1.800000000000000000e+03 4.555537573062644341e-02 2.021559993958754395e-02 4.983936936675664731e-02 -1.868159777305269245e+02
1.810000000000000000e+03 4.199324886169928522e-02 2.212901368882932984e-02 4.746710647175583081e-02 -1.878586424389063723e+02
1.820000000000000000e+03 3.832176070896767955e-02 2.373464172895727031e-02 4.507649677866880367e-02 -1.888991021953047209e+02
1.830000000000000000e+03 3.456968563177358761e-02 2.502010304529320509e-02 4.267398178137052356e-02 -1.899371354530981932e+02
1.840000000000000000e+03 3.076756696856844039e-02 2.597556983787681698e-02 4.026628124830699401e-02 -1.909724820031400156e+02
1.850000000000000000e+03 2.694748400079532286e-02 2.659418027716383207e-02 3.786049812915051604e-02 -1.920048297955344481e+02
1.860000000000000000e+03 2.314277200779495461e-02 2.687247746126136122e-02 3.546431926755083675e-02 -1.930337976249562644e+02
1.870000000000000000e+03 1.938768984731722295e-02 2.681083086876806174e-02 3.308629881823371005e-02 -1.940589137907571171e+02
1.880000000000000000e+03 1.571698991923189959e-02 2.641379818358184986e-02 3.073617586174683808e-02 -1.950795897861948731e+02
1.890000000000000000e+03 1.216535447602735791e-02 2.569041710234511514e-02 2.842522436885705842e-02 -1.960950867695414104e+02
1.900000000000000000e+03 8.766713193265674928e-03 2.465439681992140364e-02 2.616666854544401344e-02 -1.971044739509424062e+02
1.910000000000000000e+03 5.553480893139268668e-03 2.332415009215096230e-02 2.397617833499844295e-02 -1.981065807768296168e+02
1.920000000000000000e+03 2.555770678972953992e-03 2.172264718125700711e-02 2.187247961080020925e-02 -1.990999493012919288e+02
1.930000000000000000e+03 -1.993598657309352093e-04 1.987711496651138610e-02 1.987811469299780379e-02 -2.000828037773471237e+02
1.940000000000000000e+03 -2.688598172657969462e-03 1.781860950077559375e-02 1.802030534356035760e-02 -2.010530756526153482e+02
1.950000000000000000e+03 -4.892982336871879064e-03 1.558145562848357174e-02 1.633165746797741666e-02 -2.020085585513520527e+02
1.960000000000000000e+03 -6.798399964196401649e-03 1.320253497394764317e-02 1.485008995971055790e-02 -2.029473117984762212e+02
1.970000000000000000e+03 -8.395941021001818855e-03 1.072044788432484352e-02 1.361689496429586456e-02 -2.038684384360709885e+02
1.980000000000000000e+03 -9.682099857508601887e-03 8.174612069526255784e-03 1.267151688386250127e-02 -2.047732132447942206e+02
1.990000000000000000e+03 -1.065883271092282238e-02 5.604367894100781115e-03 1.204241064952802504e-02 -2.056661072643360342e+02
2.000000000000000000e+03 -1.133341514117635132e-02 3.048084822992961924e-03 1.173614586865745317e-02 -2.065547665929677521e+02
2.010000000000000000e+03 -1.171812758408416998e-02 5.422600435025206255e-04 1.173066750153859208e-02 -2.074482790578913693e+02
2.020000000000000000e+03 -1.182983730568116891e-02 -1.879308488020819826e-03 1.197818229415602981e-02 -2.083544915185649700e+02
2.030000000000000000e+03 -1.168945997781243792e-02 -4.186218070075978237e-03 1.241643653803736931e-02 -2.092781473132635597e+02
2.040000000000000000e+03 -1.132126849039705001e-02 -6.352030169596602216e-03 1.298150251346594057e-02 -2.102207338193243231e+02
2.050000000000000000e+03 -1.075210430833934035e-02 -8.354717286901602522e-03 1.361649910958987603e-02 -2.111814590940132348e+02
2.060000000000000000e+03 -1.001057611299782484e-02 -1.017696515790403322e-02 1.427523218512803324e-02 -2.121583965903441822e+02
2.070000000000000000e+03 -9.126252226380122609e-03 -1.180630529502026994e-02 1.492237663439479646e-02 -2.131492985971036092e+02
2.080000000000000000e+03 -8.128847125449995686e-03 -1.323509770604673792e-02 1.553209473566074736e-02 -2.141520274830707535e+02
2.090000000000000000e+03 -7.047452416026153688e-03 -1.446038252383400995e-02 1.608630623517272665e-02 -2.151647272351028732e+02
2.100000000000000000e+03 -5.909843015155979463e-03 -1.548359412432659746e-02 1.657310868457300204e-02 -2.161858582673175135e+02
2.110000000000000000e+03 -4.741859561177098024e-03 -1.631014771613326433e-02 1.698546880777842411e-02 -2.172141716484599101e+02
2.120000000000000000e+03 -3.566881662343339508e-03 -1.694893591670082120e-02 1.732019265197683525e-02 -2.182486623162521084e+02
2.130000000000000000e+03 -2.405426865334175848e-03 -1.741177268737920461e-02 1.757714159132353973e-02 -2.192885209135133096e+02
2.140000000000000000e+03 -1.274899659041834688e-03 -1.771281300656845151e-02 1.775863490661051466e-02 -2.203330926237990468e+02
2.150000000000000000e+03 -1.894607815221367383e-04 -1.786794943075658421e-02 1.786895386551237350e-02 -2.213818433948304119e+02
2.160000000000000000e+03 8.400152950869872346e-04 -1.789418611890479516e-02 1.791389188741478178e-02 -2.224343313667742450e+02
2.170000000000000000e+03 1.805908308079360149e-03 -1.780902311215153480e-02 1.790035220397458160e-02 -2.234901817295639148e+02
2.180000000000000000e+03 2.703742268694902130e-03 -1.762987749399075321e-02 1.783599738474552290e-02 -2.245490646805787947e+02
2.190000000000000000e+03 3.531978758834876300e-03 -1.737357044671031248e-02 1.772895439724708408e-02 -2.256106775564093425e+02
2.200000000000000000e+03 4.291707738763447626e-03 -1.705589796841585487e-02 1.758756409580286909e-02 -2.266747319559918310e+02
2.210000000000000000e+03 4.986252258600752836e-03 -1.669127726062089728e-02 1.742014489541695091e-02 -2.277409454699295566e+02
2.220000000000000000e+03 5.620733177748343974e-03 -1.629246745212331940e-02 1.723476536347213345e-02 -2.288090360743830729e+02
2.230000000000000000e+03 6.201627931838235401e-03 -1.587036766799049953e-02 1.703903632609997040e-02 -2.298787181092077390e+02
2.240000000000000000e+03 6.736329504613794428e-03 -1.543389901823799190e-02 1.683993391019982661e-02 -2.309497004970484966e+02
2.250000000000000000e+03 7.232716255304565828e-03 -1.499000098751562815e-02 1.664368691232403705e-02 -2.320216883463837974e+02
2.260000000000000000e+03 7.698745692803697117e-03 -1.454371621840960110e-02 1.645570924281581845e-02 -2.330943878328451433e+02
2.270000000000000000e+03 8.142096980679365548e-03 -1.409830024611428458e-02 1.628053479073627088e-02 -2.341675118610525033e+02
2.280000000000000000e+03 8.569880614333629312e-03 -1.365535794547014133e-02 1.612177578193065702e-02 -2.352407852765334439e+02
2.290000000000000000e+03 8.988416837518052246e-03 -1.321506041489938811e-02 1.598216064912434675e-02 -2.363139511722848454e+02
2.300000000000000000e+03 9.403067995041864205e-03 -1.277645796265088236e-02 1.586365549899410032e-02 -2.373867802350671070e+02
2.310000000000000000e+03 9.818119436551460064e-03 -1.233783804240151140e-02 1.576761607951308181e-02 -2.384590821700375898e+02
2.320000000000000000e+03 1.023674684915000001e-02 -1.189706011857616895e-02 1.569493630183308591e-02 -2.395307145679018674e+02
2.330000000000000000e+03 1.066108299961779360e-02 -1.145184844982292255e-02 1.564619837668087404e-02 -2.406015873276413970e+02
2.340000000000000000e+03 1.109234067336034579e-02 -1.100004077332640377e-02 1.562180907029424651e-02 -2.416716643598483927e+02
2.350000000000000000e+03 1.153096762674668194e-02 -1.053977996357852338e-02 1.562210536674654877e-02 -2.427409628330793794e+02
2.360000000000000000e+03 1.197684501293939940e-02 -1.006963987715494765e-02 1.564744272140212999e-02 -2.438095487239965280e+02
2.370000000000000000e+03 1.242952713249514431e-02 -9.588687293405473780e-03 1.569828235024929575e-02 -2.448775288461608852e+02
2.380000000000000000e+03 1.288848627199146515e-02 -9.096484865244678156e-03 1.577526910347135450e-02 -2.459450412519834970e+02
2.390000000000000000e+03 1.335333080920841388e-02 -8.593024766777037152e-03 1.587927952844832985e-02 -2.470122445810686997e+02
2.400000000000000000e+03 1.382399183909820313e-02 -8.078577870368674682e-03 1.601143874781601681e-02 -2.480793052250965331e+02
2.410000000000000000e+03 1.430086686453371780e-02 -7.553478503422215128e-03 1.617312061968190565e-02 -2.491463832622829386e+02
2.420000000000000000e+03 1.478488509463476985e-02 -7.017881606705162791e-03 1.636592464565580357e-02 -2.502136198290628499e+02
2.430000000000000000e+03 1.527747852805220845e-02 -6.471511124185097205e-03 1.659161855894559015e-02 -2.512811267187071280e+02
2.440000000000000000e+03 1.578046353666778118e-02 -5.913419838625202755e-03 1.685204924096614029e-02 -2.523489783897754535e+02
2.450000000000000000e+03 1.629583849723832342e-02 -5.341791607566591035e-03 1.714902591714011562e-02 -2.534172072663117490e+02
2.460000000000000000e+03 1.682551505103183423e-02 -4.753808080439417272e-03 1.748418279469046016e-02 -2.544858025514133146e+02
2.470000000000000000e+03 1.737100330738998791e-02 -4.145589612916243671e-03 1.785882608527427501e-02 -2.555547121758881133e+02
2.480000000000000000e+03 1.793307229422612739e-02 -3.512223606658206390e-03 1.827377346289232873e-02 -2.566238477739059363e+02
2.490000000000000000e+03 1.851141848253201258e-02 -2.847889180881501333e-03 1.872920412142517130e-02 -2.576930922799227801e+02
2.500000000000000000e+03 1.910436079492259728e-02 -2.146074648593017820e-03 1.922452178286651603e-02 -2.587623093908051715e+02
2.510000000000000000e+03 1.970858538560287671e-02 -1.399880704680387007e-03 1.975823888632121522e-02 -2.598313539683006184e+02
2.520000000000000000e+03 2.031896700895832047e-02 -6.023962651328868337e-04 2.032789466647696650e-02 -2.609000823896504357e+02
2.530000000000000000e+03 2.092848227456445623e-02 2.528775015422667408e-04 2.093000997007753161e-02 -2.619683617309300985e+02
2.540000000000000000e+03 2.152824402820235905e-02 1.171578966567905083e-03 2.156009944811792395e-02 -2.630360771531129558e+02
2.550000000000000000e+03 2.210766298160472473e-02 2.158036472541182294e-03 2.221274147702246085e-02 -2.641031375020951373e+02
2.560000000000000000e+03 2.265471273563604560e-02 3.214828711321299042e-03 2.288167679120841486e-02 -2.651694797417059704e+02
2.570000000000000000e+03 2.315628185465397684e-02 4.342381839483611290e-03 2.355991658245109449e-02 -2.662350719740984459e+02
2.580000000000000000e+03 2.359860887673760621e-02 5.538657335832918548e-03 2.423986522241851696e-02 -2.672999138728994240e+02
2.590000000000000000e+03 2.396779345756574683e-02 6.798965766890750252e-03 2.491347143061126840e-02 -2.683640345966637142e+02
2.600000000000000000e+03 2.425035697884473165e-02 8.115906934314475601e-03 2.557240229168658216e-02 -2.694274895248598227e+02
2.610000000000000000e+03 2.443382279468017670e-02 9.479435945370139407e-03 2.620823157338564302e-02 -2.704903567025414759e+02
2.620000000000000000e+03 2.450727274366203828e-02 1.087706403012117344e-02 2.681262648916729954e-02 -2.715527329188270187e+02
2.630000000000000000e+03 2.446183315982745909e-02 1.229418195401250739e-02 2.737751251406162628e-02 -2.726147295793036847e+02
2.640000000000000000e+03 2.429107530828743255e-02 1.371450002910524525e-02 2.789522989116990925e-02 -2.736764683234562767e+02
2.650000000000000000e+03 2.399132127585688196e-02 1.512059047937544184e-02 2.835869801324387984e-02 -2.747380765897895571e+02
2.660000000000000000e+03 2.356183963238647761e-02 1.649447221821453285e-02 2.876156985666375454e-02 -2.757996843759909780e+02
2.670000000000000000e+03 2.300491211972348696e-02 1.781819259580400341e-02 2.909834993633427999e-02 -2.768614223323266401e+02
2.680000000000000000e+03 2.232575757814196302e-02 1.907439733115601221e-02 2.936446977189908353e-02 -2.779234200265813683e+02
2.690000000000000000e+03 2.153231536563812373e-02 2.024687838770319881e-02 2.955633078465150915e-02 -2.789858036076021790e+02
2.700000000000000000e+03 2.063492456851501178e-02 2.132107682406599730e-02 2.967134019362840588e-02 -2.800486932820510333e+02
2.710000000000000000e+03 1.964594313192066788e-02 2.228450637857704378e-02 2.970795021672652941e-02 -2.811122016389050486e+02
2.720000000000000000e+03 1.857930195256588674e-02 2.312707504166314557e-02 2.966567142384168160e-02 -2.821764324094821177e+02
2.730000000000000000e+03 1.744999560528841254e-02 2.384130418836864426e-02 2.954505258121753811e-02 -2.832414787558249714e+02
2.740000000000000000e+03 1.627356053442356731e-02 2.442244946471786721e-02 2.934765425590682777e-02 -2.843074214892953933e+02
2.750000000000000000e+03 1.506557579410863247e-02 2.486852876227071962e-02 2.907602615227737608e-02 -2.853743275503486529e+02
2.760000000000000000e+03 1.384119384114916064e-02 2.518024988256075195e-02 2.873366720584872094e-02 -2.864422487274600826e+02
2.770000000000000000e+03 1.261470409103612224e-02 2.536083487824432325e-02 2.832494845583972617e-02 -2.875112203049045547e+02
2.780000000000000000e+03 1.139914118062848938e-02 2.541575199446324124e-02 2.785499720157879472e-02 -2.885812593552175827e+02
2.790000000000000000e+03 1.020596730819834340e-02 2.535238643385987617e-02 2.732956762533530690e-02 -2.896523628303082774e+02
2.800000000000000000e+03 9.044843279505224848e-03 2.517967543697850752e-02 2.675491067191945391e-02 -2.907245056250860102e+02
2.810000000000000000e+03 7.923487310086825899e-03 2.490770700803628460e-02 2.613762650952237629e-02 -2.917976388387245379e+02
2.820000000000000000e+03 6.847617494663069473e-03 2.454728658069134373e-02 2.548448829833169574e-02 -2.928716882662648118e+02
2.830000000000000000e+03 5.820971080610723263e-03 2.410950594282236514e-02 2.480225758128266553e-02 -2.939465527613955373e+02
2.840000000000000000e+03 4.845410275295100599e-03 2.360534396678500707e-02 2.409751573349768958e-02 -2.950221030602458541e+02
2.850000000000000000e+03 3.921118068086632165e-03 2.304530688463057170e-02 2.337651249247151355e-02 -2.960981819672028905e+02
2.860000000000000000e+03 3.046858908030009635e-03 2.243911723686440457e-02 2.264502884906943736e-02 -2.971746057459931762e+02
2.870000000000000000e+03 2.220273505177779421e-03 2.179546233063890670e-02 2.190825854886905427e-02 -2.982511661711496913e+02
2.880000000000000000e+03 1.438192909116011017e-03 2.112182224845283313e-02 2.117072917825620418e-02 -2.993276331945645552e+02
2.890000000000000000e+03 6.969670467109218568e-04 2.042438858551468353e-02 2.043627686630574564e-02 -3.004037587705327041e+02
2.900000000000000000e+03 -7.215147242977747726e-06 1.970805229638356373e-02 1.970805361712158615e-02 -3.014792816501961283e+02
2.910000000000000000e+03 -6.780377068714191864e-04 1.897644362473556445e-02 1.898855307217236360e-02 -3.025539324512636199e+02
2.920000000000000000e+03 -1.318809339879851257e-03 1.823202274257167133e-02 1.827965840382705237e-02 -3.036274387374303387e+02
2.930000000000000000e+03 -1.932250951889026526e-03 1.747622985645340410e-02 1.758272458229012333e-02 -3.046995304889675822e+02
2.940000000000000000e+03 -2.520314954759255658e-03 1.670969849572987581e-02 1.689869850874263155e-02 -3.057699466861030260e+02
2.950000000000000000e+03 -3.084049210117521637e-03 1.593250498018707398e-02 1.622824927323069169e-02 -3.068384428092672920e+02
2.960000000000000000e+03 -3.623522225940957898e-03 1.514443059885177412e-02 1.557188785874487336e-02 -3.079047984786486722e+02
2.970000000000000000e+03 -4.137815871987548556e-03 1.434522348016003396e-02 1.493006888417487514e-02 -3.089688247876648006e+02
2.980000000000000000e+03 -4.625085948004367849e-03 1.353484146234851249e-02 1.430326373375447047e-02 -3.100303709340202545e+02
2.990000000000000000e+03 -5.082673460397869360e-03 1.271367806501936051e-02 1.369201151934905727e-02 -3.110893310954118078e+02
3.000000000000000000e+03 -5.507259375407723596e-03 1.188276750503898527e-02 1.309694885867799044e-02 -3.121456520529939667e+02
3.010000000000000000e+03 -5.895071449538263376e-03 1.104395105130265287e-02 1.251881472898812991e-02 -3.131993405363677994e+02
3.020000000000000000e+03 -6.242131171851584767e-03 1.019999034142175451e-02 1.195842817981102035e-02 -3.142504701669305405e+02
3.030000000000000000e+03 -6.544509600918694582e-03 9.354619851168694336e-03 1.141663341254313749e-02 -3.152991890343007526e+02
3.040000000000000000e+03 -6.798582340320762953e-03 8.512535227229034093e-03 1.089421763289758274e-02 -3.163457272172866510e+02
3.050000000000000000e+03 -7.001281074190369817e-03 7.679323979151067570e-03 1.039182146962604712e-02 -3.173904030942469490e+02
3.060000000000000000e+03 -7.150327510962163798e-03 6.861351606435274302e-03 9.909860209970386066e-03 -3.184336285805420061e+02
3.070000000000000000e+03 -7.244436496229952026e-03 6.065598874436051516e-03 9.448457538321712243e-03 -3.194759125055305162e+02
3.080000000000000000e+03 -7.283478941976011430e-03 5.299448309147651928e-03 9.007397952768374932e-03 -3.205178607473100669e+02
3.090000000000000000e+03 -7.268616511583094776e-03 4.570440085514990321e-03 8.586134669788301685e-03 -3.215601721537946673e+02
3.100000000000000000e+03 -7.202398180977743689e-03 3.886013704877043246e-03 8.183864739341902700e-03 -3.226036318910930163e+02
3.110000000000000000e+03 -7.088797112872323447e-03 3.253236220772978953e-03 7.799653224061711167e-03 -3.236491037129601409e+02
3.120000000000000000e+03 -6.933191474499373827e-03 2.678516673951298992e-03 7.432603554253780324e-03 -3.246975201696779436e+02
3.130000000000000000e+03 -6.742278427348760532e-03 2.167332222632867549e-03 7.082065189982029475e-03 -3.257498727329507346e+02
3.140000000000000000e+03 -6.523920657575533848e-03 1.723978180562799013e-03 6.747861995728529107e-03 -3.268072008439917795e+02
3.150000000000000000e+03 -6.286945229754420730e-03 1.351349585003289036e-03 6.430538548428150515e-03 -3.278705753400937510e+02
3.160000000000000000e+03 -6.040909849915719089e-03 1.050769863719633584e-03 6.131615539261258026e-03 -3.289410706545966718e+02
3.170000000000000000e+03 -5.795834731610593864e-03 8.218566331336873369e-04 5.853814872505747925e-03 -3.300197135558143486e+02
3.180000000000000000e+03 -5.561904087002480200e-03 6.624281245875220017e-04 5.601213091220458122e-03 -3.311073939807395732e+02
3.190000000000000000e+03 -5.349143370305023404e-03 5.684726089697421337e-04 5.379265368359051856e-03 -3.322047276058600573e+02
3.200000000000000000e+03 -5.167095142010460704e-03 5.341948852840490728e-04 5.194635346398411221e-03 -3.333118694225777858e+02
3.210000000000000000e+03 -5.024500900812241960e-03 5.521279019845560772e-04 5.054745742607920714e-03 -3.344282994136131038e+02
3.220000000000000000e+03 -4.928979951070793300e-03 6.132811613475468940e-04 4.966986726469242025e-03 -3.355526387932652028e+02
3.230000000000000000e+03 -4.886702175156536557e-03 7.073359364760428876e-04 4.937629216102608701e-03 -3.366826001390168699e+02
3.240000000000000000e+03 -4.902074615521416143e-03 8.229085588896894272e-04 4.970665351080611610e-03 -3.378151701470964667e+02
3.250000000000000000e+03 -4.977491591111255116e-03 9.478755863615011702e-04 5.066940957501223086e-03 -3.389470306563533768e+02
3.260000000000000000e+03 -5.113163598536356325e-03 1.069730946595494120e-03 5.223865071333806329e-03 -3.400750879888753389e+02
3.270000000000000000e+03 -5.307022706167050831e-03 1.175962691657073860e-03 5.435750017793496321e-03 -3.411969141429683532e+02
3.280000000000000000e+03 -5.554709238280734242e-03 1.254449673952030614e-03 5.694597326090729966e-03 -3.423109608176782785e+02
3.290000000000000000e+03 -5.849641874134350883e-03 1.293868245645615495e-03 5.991027048237730981e-03 -3.434165342206648006e+02
3.300000000000000000e+03 -6.183174685268300920e-03 1.284092779790173321e-03 6.315104389925158337e-03 -3.445136160893011379e+02
3.310000000000000000e+03 -6.544836208447907429e-03 1.216560168724583561e-03 6.656943716116125835e-03 -3.456026348239080335e+02
3.320000000000000000e+03 -6.922638502060358620e-03 1.084570159831756749e-03 7.007083292055686814e-03 -3.466842581853596812e+02
3.330000000000000000e+03 -7.303454164870846164e-03 8.835221733859870748e-04 7.356701310317960776e-03 -3.477592396185396524e+02
3.340000000000000000e+03 -7.673457660843627064e-03 6.110863133512160110e-04 7.697751551922479146e-03 -3.488283200825736685e+02
3.350000000000000000e+03 -8.018603235135261104e-03 2.673065191892863763e-04 8.023057435773644705e-03 -3.498921748803762171e+02
3.360000000000000000e+03 -8.325112351557948515e-03 -1.453760134100647375e-04 8.326381558116208517e-03 -3.509513908509720181e+02
3.370000000000000000e+03 -8.579949126095148121e-03 -6.221973743061186583e-04 8.602479676173278508e-03 -3.520064605374095663e+02
3.380000000000000000e+03 -8.771276799153550352e-03 -1.156224871415445846e-03 8.847155059150315498e-03 -3.530577876278389908e+02
3.390000000000000000e+03 -8.888872364382113811e-03 -1.738576085018143707e-03 9.057300851449789914e-03 -3.541056996565944814e+02
3.400000000000000000e+03 -8.924470854712854631e-03 -2.358701581978086756e-03 9.230907495444048635e-03 -3.551504636530186758e+02
3.410000000000000000e+03 -8.872040149226045891e-03 -3.004739104505822159e-03 9.367046145697445828e-03 -3.561923010073181786e+02
3.420000000000000000e+03 -8.727980538645506436e-03 -3.663938846618753232e-03 9.465838164406608843e-03 -3.572314000193779293e+02
3.430000000000000000e+03 -8.491239532228911369e-03 -4.323127643712285258e-03 9.528409175592555957e-03 -3.582679281244519416e+02
3.440000000000000000e+03 -8.163329706802948185e-03 -4.969179407808310342e-03 9.556814107690787125e-03 -3.593020450556321634e+02
3.450000000000000000e+03 -7.748255892734028094e-03 -5.589465212970288165e-03 9.553930643787015425e-03 -3.603339177062200633e+02
3.460000000000000000e+03 -7.252368877909086062e-03 -6.172295414679548897e-03 9.523344214473110705e-03 -3.613637347524579582e+02
3.470000000000000000e+03 -6.684144734535098914e-03 -6.707337243215854422e-03 9.469221917689105150e-03 -3.623917213780625275e+02
3.480000000000000000e+03 -6.053874196259640371e-03 -7.185975051798344955e-03 9.396149755575766357e-03 -3.634181536654068623e+02
3.490000000000000000e+03 -5.373272749719722186e-03 -7.601593933987771910e-03 9.308936049845881189e-03 -3.644433711494268664e+02
3.500000000000000000e+03 -4.655038457086266637e-03 -7.949763999418772015e-03 9.212390063572365242e-03 -3.654677869090249942e+02
3.510000000000000000e+03 -3.912378968533702234e-03 -8.228334842592508261e-03 9.111103307242582675e-03 -3.664918920563778784e+02
3.520000000000000000e+03 -3.158522042887663018e-03 -8.437455552383283167e-03 9.009268432778032992e-03 -3.675162516834063240e+02
3.530000000000000000e+03 -2.406245326285368080e-03 -8.579499554838897896e-03 8.910545953068813724e-03 -3.685414945094483983e+02
3.540000000000000000e+03 -1.667457211670840588e-03 -8.658890187574597164e-03 8.817981222095493815e-03 -3.695682979667282666e+02
3.550000000000000000e+03 -9.528309272910614244e-04 -8.681858168570730921e-03 8.733988094517914150e-03 -3.705973672647796775e+02
3.560000000000000000e+03 -2.714894592246137688e-04 -8.656120682087880755e-03 8.660377115884713636e-03 -3.716294086917920367e+02
3.570000000000000000e+03 3.692213522313824966e-04 -8.590501716265736346e-03 8.598432656252425269e-03 -3.726651013495836651e+02
3.580000000000000000e+03 9.638610583180947039e-04 -8.494550078347184660e-03 8.549058964195430099e-03 -3.737050701683290868e+02
3.590000000000000000e+03 1.508938650720018267e-03 -8.378153276863796808e-03 8.512951790199467864e-03 -3.747498614563973547e+02
3.600000000000000000e+03 2.002875793463308393e-03 -8.251156481286195735e-03 8.490765261312580026e-03 -3.757999220980797190e+02
3.610000000000000000e+03 2.445884016901782223e-03 -8.123003873066343347e-03 8.483250588423425775e-03 -3.768555840678404252e+02
3.620000000000000000e+03 2.839780761518836787e-03 -8.002412939648390761e-03 8.491346632316014095e-03 -3.779170522957600156e+02
3.630000000000000000e+03 3.187769828059942682e-03 -7.897108863937751105e-03 8.516231847805314642e-03 -3.789843950464235718e+02
3.640000000000000000e+03 3.494183557143854587e-03 -7.813638560641197883e-03 8.559337958472813465e-03 -3.800575401561342801e+02
3.650000000000000000e+03 3.764204602818659300e-03 -7.757254820822521817e-03 8.622310516738273048e-03 -3.811362773090559131e+02
3.660000000000000000e+03 4.003586634549546538e-03 -7.731847403089770789e-03 8.706903594562753410e-03 -3.822202654265728370e+02
3.670000000000000000e+03 4.218373733777217027e-03 -7.739914634844983522e-03 8.814814547822834648e-03 -3.833090467826601753e+02
3.680000000000000000e+03 4.414637346569217670e-03 -7.782589506380993907e-03 8.947498104305765323e-03 -3.844020682067691155e+02
3.690000000000000000e+03 4.598241484185574754e-03 -7.859728092042612968e-03 9.105995301323681693e-03 -3.854987095393617551e+02
3.700000000000000000e+03 4.774635282147761048e-03 -7.970039077104865838e-03 9.290783872640069954e-03 -3.865983174884882487e+02
3.710000000000000000e+03 4.948690222627326676e-03 -8.111230877163458711e-03 9.501663078755065439e-03 -3.877002396672276063e+02
3.720000000000000000e+03 5.124577235989935010e-03 -8.280165108786029585e-03 9.737680733952197923e-03 -3.888038558103440323e+02
3.730000000000000000e+03 5.305696461723166148e-03 -8.473014045675108727e-03 9.997118683008088605e-03 -3.899086022228650563e+02
3.740000000000000000e+03 5.494657769620954653e-03 -8.685443915687719382e-03 1.027755807659644187e-02 -3.910139890482826104e+02
3.750000000000000000e+03 5.693281958292144111e-03 -8.912819328644301653e-03 1.057600150537386582e-02 -3.921196117665767247e+02
3.760000000000000000e+03 5.902613261236959279e-03 -9.150401586575271709e-03 1.088901705882260387e-02 -3.932251562184275144e+02
3.770000000000000000e+03 6.122955566691719829e-03 -9.393525794953214159e-03 1.121289042718836768e-02 -3.943303964543964071e+02
3.780000000000000000e+03 6.353943405651802864e-03 -9.637742699399235932e-03 1.154377239649367545e-02 -3.954351857857839150e+02
3.790000000000000000e+03 6.594650682900365241e-03 -9.878925673195218526e-03 1.187781924790884576e-02 -3.965394430364589766e+02
3.800000000000000000e+03 6.843718343620246343e-03 -1.011335492862511926e-02 1.221132378897350421e-02 -3.976431377182835263e+02
3.810000000000000000e+03 7.099478699081837769e-03 -1.033779391686025576e-02 1.254083652976106800e-02 -3.987462772977941086e+02
3.820000000000000000e+03 7.360080363460868788e-03 -1.054955014505611077e-02 1.286327295907443991e-02 -3.998488961528389609e+02
3.830000000000000000e+03 7.623616155151444369e-03 -1.074647730476096900e-02 1.317597426161832945e-02 -4.009510441957558555e+02
3.840000000000000000e+03 7.888230927147226595e-03 -1.092693448221034209e-02 1.347672379840587908e-02 -4.020527772269098818e+02
3.850000000000000000e+03 8.152206917220638366e-03 -1.108974293821366613e-02 1.376375225208736029e-02 -4.031541503736106620e+02
3.860000000000000000e+03 8.414050849328284093e-03 -1.123412908496102328e-02 1.403573681687745288e-02 -4.042552120788656680e+02
3.870000000000000000e+03 8.672553334258627233e-03 -1.135963859558459556e-02 1.429176582364319152e-02 -4.053559993430081931e+02
3.880000000000000000e+03 8.926802187153798709e-03 -1.146604774653156925e-02 1.453127827186292444e-02 -4.064565358036886096e+02
3.890000000000000000e+03 9.176166793432730465e-03 -1.155329027767398702e-02 1.475400126274543054e-02 -4.075568319058044153e+02
3.900000000000000000e+03 9.420268789876238072e-03 -1.162137904452682086e-02 1.495987683672841788e-02 -4.086568851722930731e+02
3.910000000000000000e+03 9.658950176035163357e-03 -1.167031299736375795e-02 1.514897765393979218e-02 -4.097566795142992078e+02
3.920000000000000000e+03 9.892227743491816688e-03 -1.169999452961400892e-02 1.532142427198290684e-02 -4.108561851867631844e+02
3.930000000000000000e+03 1.012023329093276330e-02 -1.171016459699490350e-02 1.547730844661359718e-02 -4.119553596419452788e+02
3.940000000000000000e+03 1.034314689761895757e-02 -1.170037203260080629e-02 1.561663835295521580e-02 -4.130541495664257923e+02
3.950000000000000000e+03 1.056111408559378025e-02 -1.166998043527778597e-02 1.573930030492758786e-02 -4.141524947025868073e+02
3.960000000000000000e+03 1.077416610664415526e-02 -1.161817824798949163e-02 1.584502196576627678e-02 -4.152503310958172733e+02
3.970000000000000000e+03 1.098213844107965784e-02 -1.154399234238743036e-02 1.593333373591789351e-02 -4.163475940815337708e+02
3.980000000000000000e+03 1.118459860000681379e-02 -1.144633041474086774e-02 1.600355353684600190e-02 -4.174442216453560377e+02
3.990000000000000000e+03 1.138079074003164881e-02 -1.132404185566385051e-02 1.605479124178252684e-02 -4.185401575211309932e+02
4.000000000000000000e+03 1.156959089945610794e-02 -1.117598816943504887e-02 1.608596111968849107e-02 -4.196353540800028554e+02
4.010000000000000000e+03 1.174949512856583202e-02 -1.100111985734231884e-02 1.609581541556076925e-02 -4.207297740646093303e+02
4.020000000000000000e+03 1.191862888863017868e-02 -1.079856115840762895e-02 1.608299218667844088e-02 -4.218233919757228705e+02
4.030000000000000000e+03 1.207475287589547704e-02 -1.056769566333405630e-02 1.604605398990030518e-02 -4.229161960287582929e+02
4.040000000000000000e+03 1.221529873348918722e-02 -1.030824904191772820e-02 1.598353907801962001e-02 -4.240081892440236970e+02
4.050000000000000000e+03 1.233745957892650943e-02 -1.002037592569795382e-02 1.589405053955575409e-02 -4.250993892829247329e+02
4.060000000000000000e+03 1.243828400508882256e-02 -9.704738210331950721e-03 1.577633838133314995e-02 -4.261898288420663334e+02
4.070000000000000000e+03 1.251477744339273522e-02 -9.362550975496774369e-03 1.562936387785591325e-02 -4.272795553723075273e+02
4.080000000000000000e+03 1.256400710947532320e-02 -8.995607211789916416e-03 1.545235334037353692e-02 -4.283686307974457463e+02
4.090000000000000000e+03 1.258320273977331372e-02 -8.606284736782434178e-03 1.524483939439221988e-02 -4.294571316848065976e+02
4.100000000000000000e+03 1.256987663420516647e-02 -8.197508468363867706e-03 1.500669662810687720e-02 -4.305451474708243040e+02
4.110000000000000000e+03 1.252195102051867348e-02 -7.772678010968906218e-03 1.473817427032494444e-02 -4.316327774425949428e+02
4.120000000000000000e+03 1.243785808641984479e-02 -7.335593851051458968e-03 1.443991866062629449e-02 -4.327201293097626262e+02
4.130000000000000000e+03 1.231661271160388975e-02 -6.890393282063116652e-03 1.411298934560438999e-02 -4.338073199070159376e+02
4.140000000000000000e+03 1.215786334389980239e-02 -6.441471578946949238e-03 1.375885886225030642e-02 -4.348944763274496950e+02
4.150000000000000000e+03 1.196193271722943534e-02 -5.993393544055454839e-03 1.337940957237835488e-02 -4.359817371504136077e+02
4.160000000000000000e+03 1.172984253760242686e-02 -5.550787724661681091e-03 1.297691990886905983e-02 -4.370692532035224076e+02
4.170000000000000000e+03 1.146331867168940734e-02 -5.118228233824381572e-03 1.255404059345914536e-02 -4.381571878442499042e+02
4.180000000000000000e+03 1.116477017365899438e-02 -4.700131172337677736e-03 1.211376597379220689e-02 -4.392457184731477469e+02
4.190000000000000000e+03 1.083724065092186474e-02 -4.300684144582481334e-03 1.165940260208285680e-02 -4.403350407213857807e+02
4.200000000000000000e+03 1.048433984988222066e-02 -3.923775384794682235e-03 1.119452524040876959e-02 -4.665581139106283786e+02
