0.000000000000000000e+00 2.004447336670323598e-01 6.913378078473474408e-01
1.000000000000000000e+01 2.004216118345137909e-01 6.913515314565210623e-01
2.000000000000000000e+01 2.002304974350015421e-01 6.915334887321450408e-01
3.000000000000000000e+01 1.998878782778472085e-01 6.918672239289230808e-01
4.000000000000000000e+01 1.994209181517853646e-01 6.923259494324819352e-01
5.000000000000000000e+01 1.988687835687384386e-01 6.928705198982092472e-01
6.000000000000000000e+01 1.982807795905212889e-01 6.934514243397261746e-01
7.000000000000000000e+01 1.977141664611244964e-01 6.940113776764614828e-01
8.000000000000000000e+01 1.972302669961506494e-01 6.944891762094191900e-01
9.000000000000000000e+01 1.968893253710177482e-01 6.948247363639286078e-01
1.000000000000000000e+02 1.967450672297773595e-01 6.949644312652391021e-01
1.100000000000000000e+02 1.968400426038888207e-01 6.948657422068251766e-01
1.200000000000000000e+02 1.972024705522068544e-01 6.945004734977571204e-01
1.300000000000000000e+02 1.978447821185688182e-01 6.938562067661429023e-01
1.400000000000000000e+02 1.987637100226600784e-01 6.929361811628715895e-01
1.500000000000000000e+02 1.999416162874422531e-01 6.917579554327419888e-01
1.600000000000000000e+02 2.013487229944659063e-01 6.903512000188752884e-01
1.700000000000000000e+02 2.029459274540542368e-01 6.887549022422843059e-01
1.800000000000000000e+02 2.046879109453708101e-01 6.870142555585982969e-01
1.900000000000000000e+02 2.065262752984690919e-01 6.851775224985340307e-01
2.000000000000000000e+02 2.084124738621148665e-01 6.832931115164392333e-01
2.100000000000000000e+02 2.103003580756249435e-01 6.814070316855073139e-01
2.200000000000000000e+02 2.121482299447368380e-01 6.795608519352028809e-01
2.300000000000000000e+02 2.139203407234980814e-01 6.777901939086738992e-01
2.400000000000000000e+02 2.155878454571162062e-01 6.761237802045247935e-01
2.500000000000000000e+02 2.171292478655129643e-01 6.745830509328677449e-01
2.600000000000000000e+02 2.185303724048100471e-01 6.731821568005053047e-01
2.700000000000000000e+02 2.197839594722021950e-01 6.719283848939103798e-01
2.800000000000000000e+02 2.208889795497901987e-01 6.708228151128812211e-01
2.900000000000000000e+02 2.218497692687913803e-01 6.698611524557770425e-01
3.000000000000000000e+02 2.226750866983221722e-01 6.690347177962940872e-01
3.100000000000000000e+02 2.233771353237611890e-01 6.683314111113548561e-01
3.200000000000000000e+02 2.239706048503232461e-01 6.677366225530327881e-01
3.300000000000000000e+02 2.244717805051552606e-01 6.672341306041567055e-01
3.400000000000000000e+02 2.248977511468775725e-01 6.668069049098049872e-01
3.500000000000000000e+02 2.252657295621401656e-01 6.664377734776550932e-01
3.600000000000000000e+02 2.255925008985857627e-01 6.661099838947058815e-01
3.700000000000000000e+02 2.258939841096009038e-01 6.658075971059659315e-01
3.800000000000000000e+02 2.261849054978212203e-01 6.655158612326167455e-01
3.900000000000000000e+02 2.264785643163606255e-01 6.652214794653494856e-01
4.000000000000000000e+02 2.267866718705854323e-01 6.649127094822174788e-01
4.100000000000000000e+02 2.271192605896700800e-01 6.645794564547404804e-01
4.200000000000000000e+02 2.274846482211967391e-01 6.642133439479852575e-01
4.300000000000000000e+02 2.278894435811995578e-01 6.638077127435264568e-01
4.400000000000000000e+02 2.283385725783055320e-01 6.633575741203775467e-01
4.500000000000000000e+02 2.288353463367130691e-01 6.628595719829788457e-01
4.600000000000000000e+02 2.293815309911031164e-01 6.623119113451241269e-01
4.700000000000000000e+02 2.299774261878356485e-01 6.617142690665557270e-01
4.800000000000000000e+02 2.306219785685998114e-01 6.610676672801226728e-01
4.900000000000000000e+02 2.313129157484456466e-01 6.603743596513336200e-01
5.000000000000000000e+02 2.320468936395225223e-01 6.596376701778241536e-01
5.100000000000000000e+02 2.328196539774962381e-01 6.588618273331310338e-01
5.200000000000000000e+02 2.336261935139231083e-01 6.580518341718003539e-01
5.300000000000000000e+02 2.344609322557081044e-01 6.572133003339215573e-01
5.400000000000000000e+02 2.353178709232846832e-01 6.563522148593641248e-01
5.500000000000000000e+02 2.361907601814067781e-01 6.554747943607840410e-01
5.600000000000000000e+02 2.370732727841417253e-01 6.545873320676303120e-01
5.700000000000000000e+02 2.379591602776557346e-01 6.536960526789475923e-01
5.800000000000000000e+02 2.388423935599124359e-01 6.528070024013171713e-01
5.900000000000000000e+02 2.397172559104364109e-01 6.519258877930569351e-01
6.000000000000000000e+02 2.405784203160174495e-01 6.510580182372687208e-01
6.100000000000000000e+02 2.414210149490568780e-01 6.502082620146202308e-01
6.200000000000000000e+02 2.422406526077553468e-01 6.493809800120952103e-01
6.300000000000000000e+02 2.430334397930655754e-01 6.485800241319634729e-01
6.400000000000000000e+02 2.437959812911025537e-01 6.478087608518601215e-01
6.500000000000000000e+02 2.445253711665478225e-01 6.470700681480414662e-01
6.600000000000000000e+02 2.452191711462877455e-01 6.463663719339348690e-01
6.700000000000000000e+02 2.458753813514452657e-01 6.456996851068896870e-01
6.800000000000000000e+02 2.464923973011648728e-01 6.450716332223906946e-01
6.900000000000000000e+02 2.470689737525738616e-01 6.444834747794976337e-01
7.000000000000000000e+02 2.476042111928737632e-01 6.439361310585235421e-01
7.100000000000000000e+02 2.480975559678614828e-01 6.434301892409545198e-01
7.200000000000000000e+02 2.485487962377479210e-01 6.429658937593981660e-01
7.300000000000000000e+02 2.489580790030866686e-01 6.425431232016636240e-01
7.400000000000000000e+02 2.493259449832480046e-01 6.421613646566382005e-01
7.500000000000000000e+02 2.496533553306761188e-01 6.418196817832333423e-01
7.600000000000000000e+02 2.499417231674609108e-01 6.415166846213238294e-01
7.700000000000000000e+02 2.501929463906971685e-01 6.412504824910185697e-01
7.800000000000000000e+02 2.504094469245293220e-01 6.410186823252443933e-01
7.900000000000000000e+02 2.505941794140207901e-01 6.408183682196165742e-01
8.000000000000000000e+02 2.507506169406870655e-01 6.406461061997683615e-01
8.100000000000000000e+02 2.508827137949633523e-01 6.404980020643938898e-01
8.200000000000000000e+02 2.509948309876023909e-01 6.403697459539103853e-01
8.300000000000000000e+02 2.510916497833026728e-01 6.402566904464392916e-01
8.400000000000000000e+02 2.511780848955930678e-01 6.401539718222801767e-01
8.500000000000000000e+02 2.512591863306298801e-01 6.400566030527204964e-01
8.600000000000000000e+02 2.513400301171984652e-01 6.399595564143881754e-01
8.700000000000000000e+02 2.514256063606347680e-01 6.398578849347962283e-01
8.800000000000000000e+02 2.515207143223079922e-01 6.397468208949155244e-01
8.900000000000000000e+02 2.516298685386017531e-01 6.396218564439731802e-01
9.000000000000000000e+02 2.517572339699572503e-01 6.394788342600296049e-01
9.100000000000000000e+02 2.519065701823774983e-01 6.393139964723891788e-01
9.200000000000000000e+02 2.520811808359788020e-01 6.391240266864346431e-01
9.300000000000000000e+02 2.522838794083273606e-01 6.389061035611652839e-01
9.400000000000000000e+02 2.525169660113509296e-01 6.386579422003997308e-01
9.500000000000000000e+02 2.527821988409372223e-01 6.383777737624757309e-01
9.600000000000000000e+02 2.530807899066182531e-01 6.380643860731675110e-01
9.700000000000000000e+02 2.534133906023677829e-01 6.377171761753583912e-01
9.800000000000000000e+02 2.537800593908289826e-01 6.373361031811852762e-01
9.900000000000000000e+02 2.541802552333669030e-01 6.369217068395331971e-01
1.000000000000000000e+03 2.546128500192749722e-01 6.364751109194974887e-01
1.010000000000000000e+03 2.550761292177791684e-01 6.359979791716763309e-01
1.020000000000000000e+03 2.555678231168790338e-01 6.354925726913929207e-01
1.030000000000000000e+03 2.560851038419806325e-01 6.349617215129655934e-01
1.040000000000000000e+03 2.566245879863247037e-01 6.344088320537740744e-01
1.050000000000000000e+03 2.571823309739360575e-01 6.338378675929737804e-01
1.060000000000000000e+03 2.577538484828398868e-01 6.332532975100759742e-01
1.070000000000000000e+03 2.583341509702142824e-01 6.326600918488530789e-01
1.080000000000000000e+03 2.589177973872847649e-01 6.320636801051925380e-01
1.090000000000000000e+03 2.594989619749366594e-01 6.314698770581177456e-01
1.100000000000000000e+03 2.600715101286525943e-01 6.308847948400181371e-01
1.110000000000000000e+03 2.606291030906580652e-01 6.303147684144444485e-01
1.120000000000000000e+03 2.611653100751356593e-01 6.297662321997833379e-01
1.130000000000000000e+03 2.616737338307185690e-01 6.292455830029006769e-01
1.140000000000000000e+03 2.621481489083902772e-01 6.287590421856604772e-01
1.150000000000000000e+03 2.625826495677474059e-01 6.283125161054161634e-01
1.160000000000000000e+03 2.629717972056043740e-01 6.279114539521875038e-01
1.170000000000000000e+03 2.633107370269538450e-01 6.275607228598419907e-01
1.180000000000000000e+03 2.635952773070143196e-01 6.272645187015958301e-01
1.190000000000000000e+03 2.638219499308237515e-01 6.270263082564697665e-01
1.200000000000000000e+03 2.639880510928658275e-01 6.268487943365173010e-01
1.210000000000000000e+03 2.640916482435967105e-01 6.267339099984866602e-01
1.220000000000000000e+03 2.641315486373406740e-01 6.266828490097218207e-01
1.230000000000000000e+03 2.641072406381045345e-01 6.266961232503088786e-01
1.240000000000000000e+03 2.640188231564394861e-01 6.267736331100021152e-01
1.250000000000000000e+03 2.638669265560698585e-01 6.269147447493554903e-01
1.260000000000000000e+03 2.636526316107053458e-01 6.271183724628645040e-01
1.270000000000000000e+03 2.633773958308157637e-01 6.273830601147716290e-01
1.280000000000000000e+03 2.630429822588670197e-01 6.277070524696222176e-01
1.290000000000000000e+03 2.626513971158424554e-01 6.280883490727583451e-01
1.300000000000000000e+03 2.622048503799218055e-01 6.285247398738544877e-01
1.310000000000000000e+03 2.617057332381343415e-01 6.290138301174768021e-01
1.320000000000000000e+03 2.611565984875745539e-01 6.295530616608082664e-01
1.330000000000000000e+03 2.605601404680765731e-01 6.301397324280891832e-01
1.340000000000000000e+03 2.599191764192510523e-01 6.307710150397026760e-01
1.350000000000000000e+03 2.592366282713632342e-01 6.314439758298647787e-01
1.360000000000000000e+03 2.585155014980043964e-01 6.321555974426324997e-01
1.370000000000000000e+03 2.577588583711371006e-01 6.329028074802135473e-01
1.380000000000000000e+03 2.569697868707177535e-01 6.336825126715475154e-01
1.390000000000000000e+03 2.561513663838735910e-01 6.344916358596244255e-01
1.400000000000000000e+03 2.553066263963679750e-01 6.353271557484859722e-01
1.410000000000000000e+03 2.544384936853008594e-01 6.361861527786917270e-01
1.420000000000000000e+03 2.535497413910572928e-01 6.370658565779717675e-01
1.430000000000000000e+03 2.526429528955343451e-01 6.379636840135268772e-01
1.440000000000000000e+03 2.517204943275506701e-01 6.388772653098307996e-01
1.450000000000000000e+03 2.507844918225243247e-01 6.398044629654616733e-01
1.460000000000000000e+03 2.498368206056280627e-01 6.407433841265522956e-01
1.470000000000000000e+03 2.488791126279364663e-01 6.416923805660125213e-01
1.480000000000000000e+03 2.479127808656981513e-01 6.426500318069785500e-01
1.490000000000000000e+03 2.469390504612275772e-01 6.436151138661884152e-01
1.500000000000000000e+03 2.459589930176419026e-01 6.445865585802340592e-01
1.510000000000000000e+03 2.449735715853078588e-01 6.455634052457025485e-01
1.520000000000000000e+03 2.439837050213323477e-01 6.465447434017161932e-01
1.530000000000000000e+03 2.429903335811339216e-01 6.475296522051101622e-01
1.540000000000000000e+03 2.419944685268113627e-01 6.485171417664171711e-01
1.550000000000000000e+03 2.409972403676369779e-01 6.495060947104945859e-01
1.560000000000000000e+03 2.399999559337357424e-01 6.504952074990205668e-01
1.570000000000000000e+03 2.390041552288569293e-01 6.514829349379556156e-01
1.580000000000000000e+03 2.380116606573631222e-01 6.524674453556754683e-01
1.590000000000000000e+03 2.370246136857334929e-01 6.534465898635869463e-01
1.600000000000000000e+03 2.360454930179061439e-01 6.544178830114744105e-01
1.610000000000000000e+03 2.350771171492841705e-01 6.553784982931672998e-01
1.620000000000000000e+03 2.341226319848755955e-01 6.563252870987092980e-01
1.630000000000000000e+03 2.331854746435205183e-01 6.572548192923033383e-01
1.640000000000000000e+03 2.322693117159849718e-01 6.581634379039037475e-01
1.650000000000000000e+03 2.313779600331896391e-01 6.590473305212676269e-01
1.660000000000000000e+03 2.305152937870798280e-01 6.599026226765168923e-01
1.670000000000000000e+03 2.296851387867830663e-01 6.607254878213097982e-01
1.680000000000000000e+03 2.288911583349419465e-01 6.615122642433015621e-01
1.690000000000000000e+03 2.281367387918263601e-01 6.622595738101815233e-01
1.700000000000000000e+03 2.274248772002554209e-01 6.629644371181731000e-01
1.710000000000000000e+03 2.267580740227048419e-01 6.636243761163185262e-01
1.720000000000000000e+03 2.261382436511522320e-01 6.642374939550188540e-01
1.730000000000000000e+03 2.255666528924176462e-01 6.648025268526310816e-01
1.740000000000000000e+03 2.250438925601622175e-01 6.653188692965150697e-01
1.750000000000000000e+03 2.245698779563925496e-01 6.657865796322612884e-01
1.760000000000000000e+03 2.241438666602990903e-01 6.662063711067636174e-01
1.770000000000000000e+03 2.237644949257564519e-01 6.665795787128706573e-01
1.780000000000000000e+03 2.234298397854931062e-01 6.669080960402545832e-01
1.790000000000000000e+03 2.231375018191098236e-01 6.671942926784177885e-01
1.800000000000000000e+03 2.228846978197621953e-01 6.674409245168095861e-01
1.810000000000000000e+03 2.226683558459964796e-01 6.676510424119026510e-01
1.820000000000000000e+03 2.224852100260596988e-01 6.678279001607009269e-01
1.830000000000000000e+03 2.223318917926964677e-01 6.679748609064884990e-01
1.840000000000000000e+03 2.222050149805926411e-01 6.680953080846853132e-01
1.850000000000000000e+03 2.221012523201938704e-01 6.681925698768850230e-01
1.860000000000000000e+03 2.220173982512596011e-01 6.682698582766440909e-01
1.870000000000000000e+03 2.219504135707114079e-01 6.683302253401125492e-01
1.880000000000000000e+03 2.218974462432030670e-01 6.683765395090532913e-01
1.890000000000000000e+03 2.218558304666201908e-01 6.684114800788844013e-01
1.900000000000000000e+03 2.218230771988494721e-01 6.684375457052786906e-01
1.910000000000000000e+03 2.217968644534084321e-01 6.684570692417541871e-01
1.920000000000000000e+03 2.217750283696502678e-01 6.684722338533912733e-01
1.930000000000000000e+03 2.217555527549976979e-01 6.684850864485962774e-01
1.940000000000000000e+03 2.217365564643349329e-01 6.684975405899984402e-01
1.950000000000000000e+03 2.217162885668673977e-01 6.685113665768709357e-01
1.960000000000000000e+03 2.216931443275108604e-01 6.685281758099287375e-01
1.970000000000000000e+03 2.216657008714688071e-01 6.685493995670274137e-01
1.980000000000000000e+03 2.216327514790755182e-01 6.685762623260020909e-01
1.990000000000000000e+03 2.215933200204366627e-01 6.686097621886549769e-01
2.000000000000000000e+03 2.215466616571022951e-01 6.686506605335610365e-01
2.010000000000000000e+03 2.214922646505047554e-01 6.686994762933740066e-01
2.020000000000000000e+03 2.214298506290981461e-01 6.687564873812685828e-01
2.030000000000000000e+03 2.213593623185074188e-01 6.688217458650835834e-01
2.040000000000000000e+03 2.212809317703067769e-01 6.688951117870758356e-01
2.050000000000000000e+03 2.211948362011451896e-01 6.689762960865426322e-01
2.060000000000000000e+03 2.211014574042581282e-01 6.690648973765608298e-01
2.070000000000000000e+03 2.210012479209531588e-01 6.691604347301604028e-01
2.080000000000000000e+03 2.208947070372319910e-01 6.692623792719655240e-01
2.090000000000000000e+03 2.207823729541815716e-01 6.693701701429571882e-01
2.100000000000000000e+03 2.206648275923321634e-01 6.694832103860238748e-01
2.110000000000000000e+03 2.205427079322787032e-01 6.696008532215272924e-01
2.120000000000000000e+03 2.204167182075412734e-01 6.697223858852182632e-01
2.130000000000000000e+03 2.202876408564289623e-01 6.698470143615098404e-01
2.140000000000000000e+03 2.201563488216103093e-01 6.699738551126880326e-01
2.150000000000000000e+03 2.200238117874999122e-01 6.701019350309477263e-01
2.160000000000000000e+03 2.198910819832647356e-01 6.702302028833740932e-01
2.170000000000000000e+03 2.197592545479427895e-01 6.703575636130904014e-01
2.180000000000000000e+03 2.196294085362640591e-01 6.704829397780949218e-01
2.190000000000000000e+03 2.195025397697883129e-01 6.706053451053680670e-01
2.200000000000000000e+03 2.193794908410046651e-01 6.707239506995299472e-01
2.210000000000000000e+03 2.192608832816428377e-01 6.708381460035657273e-01
2.220000000000000000e+03 2.191470590304530619e-01 6.709476012973011327e-01
2.230000000000000000e+03 2.190380366515725652e-01 6.710523160269737941e-01
2.240000000000000000e+03 2.189334887004854013e-01 6.711526352001587759e-01
2.250000000000000000e+03 2.188327435975765956e-01 6.712492374892957692e-01
2.260000000000000000e+03 2.187348108033343730e-01 6.713431058795648054e-01
2.270000000000000000e+03 2.186384278717362351e-01 6.714354867965165452e-01
2.280000000000000000e+03 2.185421285523349577e-01 6.715278360887948494e-01
2.290000000000000000e+03 2.184443244266459361e-01 6.716217444503846945e-01
2.300000000000000000e+03 2.183433870148567268e-01 6.717188471181300136e-01
2.310000000000000000e+03 2.182377274760623764e-01 6.718207371870906774e-01
2.320000000000000000e+03 2.181258760124563656e-01 6.719288895983737131e-01
2.330000000000000000e+03 2.180065564938868383e-01 6.720445885347534620e-01
2.340000000000000000e+03 2.178787517597615409e-01 6.721688570793189488e-01
2.350000000000000000e+03 2.177417598799563925e-01 6.723024002782140851e-01
2.360000000000000000e+03 2.175952411681044973e-01 6.724455662950867829e-01
2.370000000000000000e+03 2.174392539582838679e-01 6.725983158306263476e-01
2.380000000000000000e+03 2.172742779753881193e-01 6.727601961138750530e-01
2.390000000000000000e+03 2.171012239015941980e-01 6.729303173936672655e-01
2.400000000000000000e+03 2.169214346457931653e-01 6.731073366243965905e-01
2.410000000000000000e+03 2.167366802362041267e-01 6.732894665878512708e-01
2.420000000000000000e+03 2.165491362420396693e-01 6.734745135143470618e-01
2.430000000000000000e+03 2.163613406812170958e-01 6.736599321513323524e-01
2.440000000000000000e+03 2.161761329310869506e-01 6.738428914969359917e-01
2.450000000000000000e+03 2.159965777823718014e-01 6.740203536181273991e-01
2.460000000000000000e+03 2.158258746595846100e-01 6.741891619300762750e-01
2.470000000000000000e+03 2.156672538777016923e-01 6.743461318697390183e-01
2.480000000000000000e+03 2.155238685673075139e-01 6.744881483323007521e-01
2.490000000000000000e+03 2.153986919179922133e-01 6.746122684200174247e-01
2.500000000000000000e+03 2.152944195872496247e-01 6.747158204556590322e-01
2.510000000000000000e+03 2.152133791867302803e-01 6.747964938747186281e-01
2.520000000000000000e+03 2.151574550929351293e-01 6.748524154128593411e-01
2.530000000000000000e+03 2.151280344640218167e-01 6.748822020670731670e-01
2.540000000000000000e+03 2.151259812516693182e-01 6.748849852746880984e-01
2.550000000000000000e+03 2.151516406472593068e-01 6.748604153850117360e-01
2.560000000000000000e+03 2.152048618693356563e-01 6.748086480007757793e-01
2.570000000000000000e+03 2.152850326734234432e-01 6.747303039298623295e-01
2.580000000000000000e+03 2.153911331696863884e-01 6.746264058073493386e-01
2.590000000000000000e+03 2.155218087444791819e-01 6.744983063723010153e-01
2.600000000000000000e+03 2.156754514551754431e-01 6.743476102805112671e-01
2.610000000000000000e+03 2.158502857402859465e-01 6.741760940621894793e-01
2.620000000000000000e+03 2.160444544497585329e-01 6.739856299262586559e-01
2.630000000000000000e+03 2.162560928707903118e-01 6.737781035745402658e-01
2.640000000000000000e+03 2.164833899829486652e-01 6.735553406821622735e-01
2.650000000000000000e+03 2.167246427989799884e-01 6.733190384856185817e-01
2.660000000000000000e+03 2.169783043580848503e-01 6.730706988284180792e-01
2.670000000000000000e+03 2.172430248862953217e-01 6.728115937862108042e-01
2.680000000000000000e+03 2.175176800130082522e-01 6.725427602789139092e-01
2.690000000000000000e+03 2.178013813264363385e-01 6.722649991847227113e-01
2.700000000000000000e+03 2.180934696175967635e-01 6.719788792547952694e-01
2.710000000000000000e+03 2.183934928263180919e-01 6.716847587747858395e-01
2.720000000000000000e+03 2.187011734887837067e-01 6.713828232185651279e-01
2.730000000000000000e+03 2.190163703968384667e-01 6.710731355460893832e-01
2.740000000000000000e+03 2.193390321038141133e-01 6.707556931035109082e-01
2.750000000000000000e+03 2.196691395315817641e-01 6.704304825303638582e-01
2.760000000000000000e+03 2.200066435123587960e-01 6.700975322571952608e-01
2.770000000000000000e+03 2.203514104607253998e-01 6.697569754799097552e-01
2.780000000000000000e+03 2.207031801602122589e-01 6.694091079673807343e-01
2.790000000000000000e+03 2.210615342526076610e-01 6.690544226387903359e-01
2.800000000000000000e+03 2.214258747401382510e-01 6.686936236234354292e-01
2.810000000000000000e+03 2.217954091834065944e-01 6.683276142600016456e-01
2.820000000000000000e+03 2.221691473801543359e-01 6.679574609772171989e-01
2.830000000000000000e+03 2.225459211584729369e-01 6.675843725546556362e-01
2.840000000000000000e+03 2.229244146766017065e-01 6.672096794493284078e-01
2.850000000000000000e+03 2.233031930701238899e-01 6.668347932333302808e-01
2.860000000000000000e+03 2.236807389039880689e-01 6.664611668123552324e-01
2.870000000000000000e+03 2.240555031618759740e-01 6.660902697487682822e-01
2.880000000000000000e+03 2.244259634529158776e-01 6.657235608638900626e-01
2.890000000000000000e+03 2.247906800447879716e-01 6.653624337627207508e-01
2.900000000000000000e+03 2.251483490535905185e-01 6.650081566725666304e-01
2.910000000000000000e+03 2.254978632866913024e-01 6.646618354022375552e-01
2.920000000000000000e+03 2.258383796455198933e-01 6.643243883703749963e-01
2.930000000000000000e+03 2.261693622753787047e-01 6.639964760165398827e-01
2.940000000000000000e+03 2.264905967457730707e-01 6.636784130558206485e-01
2.950000000000000000e+03 2.268021964053238415e-01 6.633701413497284927e-01
2.960000000000000000e+03 2.271046002540255959e-01 6.630712550558705010e-01
2.970000000000000000e+03 2.273985523679193654e-01 6.627810287443112180e-01
2.980000000000000000e+03 2.276850639154956168e-01 6.624984648312156610e-01
2.990000000000000000e+03 2.279653513204741022e-01 6.622223560778930374e-01
3.000000000000000000e+03 2.282407513868808524e-01 6.619513273673515164e-01
3.010000000000000000e+03 2.285126379442979361e-01 6.616839102401868011e-01
3.020000000000000000e+03 2.287823498222693874e-01 6.614186602555933714e-01
3.030000000000000000e+03 2.290511239119670528e-01 6.611542562074240736e-01
3.040000000000000000e+03 2.293200371759109013e-01 6.608895774711222026e-01
3.050000000000000000e+03 2.295899607086612781e-01 6.606237611093306317e-01
3.060000000000000000e+03 2.298615232948222342e-01 6.603562108863635371e-01
3.070000000000000000e+03 2.301351063698328647e-01 6.600865834084379546e-01
3.080000000000000000e+03 2.304108731775504626e-01 6.598147784398059601e-01
3.090000000000000000e+03 2.306888114736489470e-01 6.595409090595290014e-01
3.100000000000000000e+03 2.309687751656754606e-01 6.592651980564656622e-01
3.110000000000000000e+03 2.312505421394795979e-01 6.589878661465051746e-01
3.120000000000000000e+03 2.315338956330710574e-01 6.587090544387123048e-01
3.130000000000000000e+03 2.318187274063887304e-01 6.584287861976857448e-01
3.140000000000000000e+03 2.321051381488815624e-01 6.581469442456939767e-01
3.150000000000000000e+03 2.323935077435809460e-01 6.578632158533151975e-01
3.160000000000000000e+03 2.326845351685608576e-01 6.575769819246921610e-01
3.170000000000000000e+03 2.329792697942382751e-01 6.572872355609076234e-01
3.180000000000000000e+03 2.332791228491769842e-01 6.569925536093007556e-01
3.190000000000000000e+03 2.335858712931478676e-01 6.566911277349899434e-01
3.200000000000000000e+03 2.339016392191910487e-01 6.563808017277238394e-01
3.210000000000000000e+03 2.342288374148841501e-01 6.560591002523065152e-01
3.220000000000000000e+03 2.345701068014303947e-01 6.557233496785370708e-01
3.230000000000000000e+03 2.349282513966068353e-01 6.553707947980361714e-01
3.240000000000000000e+03 2.353061428769326058e-01 6.549986513928590659e-01
3.250000000000000000e+03 2.357066405592893044e-01 6.546041825508919221e-01
3.260000000000000000e+03 2.361325146646457707e-01 6.541847337219710568e-01
3.270000000000000000e+03 2.365863585446623951e-01 6.537377609377544863e-01
3.280000000000000000e+03 2.370705074983075755e-01 6.532608814125501207e-01
3.290000000000000000e+03 2.375869957763180607e-01 6.527519463086479679e-01
3.300000000000000000e+03 2.381375350914815003e-01 6.522091350142222854e-01
3.310000000000000000e+03 2.387234662959544229e-01 6.516309575435492718e-01
3.320000000000000000e+03 2.393457291600839809e-01 6.510162571204903825e-01
3.330000000000000000e+03 2.400048723749714785e-01 6.503643188613286164e-01
3.340000000000000000e+03 2.407010570373312175e-01 6.496749737598378482e-01
3.350000000000000000e+03 2.414340325584566349e-01 6.489486264820512051e-01
3.360000000000000000e+03 2.422030600981649739e-01 6.481861299802913479e-01
3.370000000000000000e+03 2.430068832802522449e-01 6.473887283584670582e-01
3.380000000000000000e+03 2.438437772069253773e-01 6.465581111541307546e-01
3.390000000000000000e+03 2.447116126457859475e-01 6.456964680845244109e-01
3.400000000000000000e+03 2.456078866165429808e-01 6.448064064289218411e-01
3.410000000000000000e+03 2.465297861239088562e-01 6.438908944234867926e-01
3.420000000000000000e+03 2.474742306014512672e-01 6.429531379386966838e-01
3.430000000000000000e+03 2.484378961571243605e-01 6.419964201101032719e-01
3.440000000000000000e+03 2.494172903113401341e-01 6.410240476270747667e-01
3.450000000000000000e+03 2.504088570117993240e-01 6.400393584453958340e-01
3.460000000000000000e+03 2.514090961212336328e-01 6.390457484258021958e-01
3.470000000000000000e+03 2.524146340119211018e-01 6.380466113281627605e-01
3.480000000000000000e+03 2.534222482879455174e-01 6.370452214063681007e-01
3.490000000000000000e+03 2.544289251859477297e-01 6.360447317691904079e-01
3.500000000000000000e+03 2.554319187526458701e-01 6.350482218503422649e-01
3.510000000000000000e+03 2.564286917530351761e-01 6.340585311940933888e-01
3.520000000000000000e+03 2.574168241779969946e-01 6.330780841480154741e-01
3.530000000000000000e+03 2.583939676406851738e-01 6.321088791330994328e-01
3.540000000000000000e+03 2.593578606453525448e-01 6.311526835187616369e-01
3.550000000000000000e+03 2.603063838747448067e-01 6.302113419621131474e-01
3.560000000000000000e+03 2.612375646746270541e-01 6.292869623271105661e-01
3.570000000000000000e+03 2.621494545078482674e-01 6.283818086391659286e-01
3.580000000000000000e+03 2.630399694870830807e-01 6.274981513803525868e-01
3.590000000000000000e+03 2.639068358550746840e-01 6.266382806639743119e-01
3.600000000000000000e+03 2.647476183408452033e-01 6.258045701124079763e-01
3.610000000000000000e+03 2.655597661465367576e-01 6.249995636556120449e-01
3.620000000000000000e+03 2.663406178051531126e-01 6.242259725161933837e-01
3.630000000000000000e+03 2.670874155309733156e-01 6.234865910487513707e-01
3.640000000000000000e+03 2.677973384436779236e-01 6.227841744931958967e-01
3.650000000000000000e+03 2.684675833573860748e-01 6.221213752098346816e-01
3.660000000000000000e+03 2.690954871225267886e-01 6.215007444383972013e-01
3.670000000000000000e+03 2.696786121870648478e-01 6.209246763560225535e-01
3.680000000000000000e+03 2.702148144727885004e-01 6.203953224856018078e-01
3.690000000000000000e+03 2.707022855172007136e-01 6.199145136294916814e-01
3.700000000000000000e+03 2.711395866941130883e-01 6.194837231721195270e-01
3.710000000000000000e+03 2.715257396670943124e-01 6.191041372957512001e-01
3.720000000000000000e+03 2.718602183476389045e-01 6.187765122054480482e-01
3.730000000000000000e+03 2.721428403457240019e-01 6.185009510635687269e-01
3.740000000000000000e+03 2.723737938339599873e-01 6.182770744671022278e-01
3.750000000000000000e+03 2.725536857725919804e-01 6.181042930378088940e-01
3.760000000000000000e+03 2.726834011501220734e-01 6.179817093733076527e-01
3.770000000000000000e+03 2.727640422108196239e-01 6.179080994145277339e-01
3.780000000000000000e+03 2.727969720564011324e-01 6.178821078866142402e-01
3.790000000000000000e+03 2.727837735123399554e-01 6.179023775480675384e-01
3.800000000000000000e+03 2.727261127278477471e-01 6.179675109633168129e-01
3.810000000000000000e+03 2.726255337782733656e-01 6.180759004982536720e-01
3.820000000000000000e+03 2.724834159914821807e-01 6.182258450998079358e-01
3.830000000000000000e+03 2.723010626353707941e-01 6.184158718553578460e-01
3.840000000000000000e+03 2.720796835814264236e-01 6.186447976113448322e-01
3.850000000000000000e+03 2.718202574096310054e-01 6.189116324705020711e-01
3.860000000000000000e+03 2.715235009149523648e-01 6.192156639624851744e-01
3.870000000000000000e+03 2.711899411922029102e-01 6.195565739754588241e-01
3.880000000000000000e+03 2.708198756578834576e-01 6.199343507356037675e-01
3.890000000000000000e+03 2.704132876833471588e-01 6.203491115021244617e-01
3.900000000000000000e+03 2.699698992589542046e-01 6.208011190792184220e-01
3.910000000000000000e+03 2.694892312688718095e-01 6.212907903433122492e-01
3.920000000000000000e+03 2.689706431303536815e-01 6.218186195866564070e-01
3.930000000000000000e+03 2.684134392251846246e-01 6.223851993973754659e-01
3.940000000000000000e+03 2.678169414655046654e-01 6.229911386574140675e-01
3.950000000000000000e+03 2.671805416395123256e-01 6.236369836059678651e-01
3.960000000000000000e+03 2.665037321863265030e-01 6.243231706194293240e-01
3.970000000000000000e+03 2.657861717310098237e-01 6.250499774942980258e-01
3.980000000000000000e+03 2.650278106926690080e-01 6.258175098678240289e-01
3.990000000000000000e+03 2.642289732514090939e-01 6.266256019178811920e-01
4.000000000000000000e+03 2.633902521467303970e-01 6.274734562666205440e-01
4.010000000000000000e+03 2.625125666384381939e-01 6.283597276771448747e-01
4.020000000000000000e+03 2.615974356207692031e-01 6.292829702847163587e-01
4.030000000000000000e+03 2.606469986852605891e-01 6.302415310711820817e-01
4.040000000000000000e+03 2.596637659025269884e-01 6.312330861527930548e-01
4.050000000000000000e+03 2.586505658713448841e-01 6.322547245631399138e-01
4.060000000000000000e+03 2.576106829995801206e-01 6.333033570742010454e-01
4.070000000000000000e+03 2.565477241978602607e-01 6.343755906758304919e-01
4.080000000000000000e+03 2.554653326739316777e-01 6.354674548743461937e-01
4.090000000000000000e+03 2.543672197980880179e-01 6.365748091023852862e-01
4.100000000000000000e+03 2.532572149792761129e-01 6.376937586864266372e-01
4.110000000000000000e+03 2.521390653722306308e-01 6.388206084902963156e-01
4.120000000000000000e+03 2.510163439648505079e-01 6.399518495865691436e-01
4.130000000000000000e+03 2.498923224085749517e-01 6.410841572994260273e-01
4.140000000000000000e+03 2.487699306735862426e-01 6.422145781613811666e-01
4.150000000000000000e+03 2.476517688089664437e-01 6.433406279382308801e-01
4.160000000000000000e+03 2.465401304534856619e-01 6.444604142710320671e-01
4.170000000000000000e+03 2.454369533132010894e-01 6.455725129153055963e-01
4.180000000000000000e+03 2.443436307397952589e-01 6.466754626039101783e-01
4.190000000000000000e+03 2.432610905088870290e-01 6.477677710103452169e-01
4.200000000000000000e+03 2.421899990123800583e-01 6.488482662660440825e-01
