0.000000000000000000e+00 8.846401218627520935e-01 9.028584691340442447e-03
1.000000000000000000e+01 8.838722508492988794e-01 9.796363253167343632e-03
2.000000000000000000e+01 8.816084293875998679e-01 1.206015805149729912e-02
3.000000000000000000e+01 8.779822653027384849e-01 1.568629094272038990e-02
4.000000000000000000e+01 8.732071240220199426e-01 2.046140764330925052e-02
5.000000000000000000e+01 8.675578010777263982e-01 2.611070656083925440e-02
6.000000000000000000e+01 8.613497239803200589e-01 3.231877242724243843e-02
7.000000000000000000e+01 8.549161274891508011e-01 3.875235659433549223e-02
8.000000000000000000e+01 8.485855199316766351e-01 4.508295410751629595e-02
9.000000000000000000e+01 8.426612211129008712e-01 5.100723751057979066e-02
1.000000000000000000e+02 8.374044896735614030e-01 5.626395078562867330e-02
1.100000000000000000e+02 8.330222349672722348e-01 6.064617931861019523e-02
1.200000000000000000e+02 8.296595763587076844e-01 6.400880999521052495e-02
1.300000000000000000e+02 8.273972580688379042e-01 6.627109022717177222e-02
1.400000000000000000e+02 8.262533125917934651e-01 6.741500319988526224e-02
1.500000000000000000e+02 8.261882474118728004e-01 6.748003526947714270e-02
1.600000000000000000e+02 8.271128862953364136e-01 6.655535708443187370e-02
1.700000000000000000e+02 8.288980055471871777e-01 6.477019370589881531e-02
1.800000000000000000e+02 8.313849082075153163e-01 6.228323879372641564e-02
1.900000000000000000e+02 8.343962660166758250e-01 5.927182521272741922e-02
2.000000000000000000e+02 8.377466117194508621e-01 5.592141986459825409e-02
2.100000000000000000e+02 8.412520117510385864e-01 5.241596072122666622e-02
2.200000000000000000e+02 8.447385794914947788e-01 4.892933682201417583e-02
2.300000000000000000e+02 8.480495536685102032e-01 4.561830433126697754e-02
2.400000000000000000e+02 8.510508232619840019e-01 4.261697940546259333e-02
2.500000000000000000e+02 8.536347658088239143e-01 4.003298435004297440e-02
2.600000000000000000e+02 8.557224612068152769e-01 3.794523468231185415e-02
2.700000000000000000e+02 8.572643621967629413e-01 3.640327727265921243e-02
2.800000000000000000e+02 8.582395479754805212e-01 3.542803474689211474e-02
2.900000000000000000e+02 8.586538044990299490e-01 3.501371834913234726e-02
3.000000000000000000e+02 8.585367423670291487e-01 3.513070664883294336e-02
3.100000000000000000e+02 8.579382326936565439e-01 3.572912242418800621e-02
3.200000000000000000e+02 8.569243906712337155e-01 3.674284907977511117e-02
3.300000000000000000e+02 8.555733490713317568e-01 3.809375981419065721e-02
3.400000000000000000e+02 8.539710165656761998e-01 3.969595703159951861e-02
3.500000000000000000e+02 8.522070011652344013e-01 4.145983930054027156e-02
3.600000000000000000e+02 8.503708413646496878e-01 4.329587729275927860e-02
3.700000000000000000e+02 8.485486151436105740e-01 4.511799141251972983e-02
3.800000000000000000e+02 8.468199855200861936e-01 4.684651647085685128e-02
3.900000000000000000e+02 8.452557429128169098e-01 4.841066090422702084e-02
4.000000000000000000e+02 8.439158551941547959e-01 4.975045713188186447e-02
4.100000000000000000e+02 8.428480402670326388e-01 5.081818682711647384e-02
4.200000000000000000e+02 8.420868419587929088e-01 5.157930368363926321e-02
4.300000000000000000e+02 8.416532204581660404e-01 5.201284693519533930e-02
4.400000000000000000e+02 8.415546172193417718e-01 5.211137283195800551e-02
4.500000000000000000e+02 8.417854829862683186e-01 5.188043250344662877e-02
4.600000000000000000e+02 8.423282251819295130e-01 5.133761753803797040e-02
4.700000000000000000e+02 8.431545298461544657e-01 5.051123785120197746e-02
4.800000000000000000e+02 8.442270079474446520e-01 4.943868525268029640e-02
4.900000000000000000e+02 8.455010715568268553e-01 4.816454346074756226e-02
5.000000000000000000e+02 8.469269999055401010e-01 4.673852732046152730e-02
5.100000000000000000e+02 8.484521073610186148e-01 4.521332380071178825e-02
5.200000000000000000e+02 8.500229187355099469e-01 4.364241901394653317e-02
5.300000000000000000e+02 8.515872709959784181e-01 4.207798260588392625e-02
5.400000000000000000e+02 8.530962958489095582e-01 4.056888507611271927e-02
5.500000000000000000e+02 8.545062085533420282e-01 3.915890653683624240e-02
5.600000000000000000e+02 8.557798615965294120e-01 3.788518682924024022e-02
5.700000000000000000e+02 8.568879963116060594e-01 3.677698057313643493e-02
5.800000000000000000e+02 8.578101527310528773e-01 3.585474677205091609e-02
5.900000000000000000e+02 8.585352185819720150e-01 3.512959822174051977e-02
6.000000000000000000e+02 8.590616011202462099e-01 3.460312984356660182e-02
6.100000000000000000e+02 8.593969988627000456e-01 3.426764499480920018e-02
6.200000000000000000e+02 8.595578031860331425e-01 3.410675453772091248e-02
6.300000000000000000e+02 8.595681152703544825e-01 3.409635628756287756e-02
6.400000000000000000e+02 8.594584326150481735e-01 3.420595391827810361e-02
6.500000000000000000e+02 8.592640525227164261e-01 3.440025650313334460e-02
6.600000000000000000e+02 8.590232269507381835e-01 3.464101264164147487e-02
6.700000000000000000e+02 8.587751934696633560e-01 3.488898211792521714e-02
6.800000000000000000e+02 8.585581744801312754e-01 3.510593974807764417e-02
6.900000000000000000e+02 8.584074130474386166e-01 3.525663933666822042e-02
7.000000000000000000e+02 8.583533717532182417e-01 3.531061642947989215e-02
7.100000000000000000e+02 8.584202088623892335e-01 3.524371664655345099e-02
7.200000000000000000e+02 8.586245903293112658e-01 3.503927448661087185e-02
7.300000000000000000e+02 8.589749293907508187e-01 3.468887092203395278e-02
7.400000000000000000e+02 8.594711034030616537e-01 3.419263030000890130e-02
7.500000000000000000e+02 8.601046391512953138e-01 3.355902552634329461e-02
7.600000000000000000e+02 8.608593712735279624e-01 3.280422580840170604e-02
7.700000000000000000e+02 8.617125083487667814e-01 3.195102137161844047e-02
7.800000000000000000e+02 8.626360602068917638e-01 3.102740015175488308e-02
7.900000000000000000e+02 8.635985236852514735e-01 3.006487053726376521e-02
8.000000000000000000e+02 8.645667035999871075e-01 2.909663061980447690e-02
8.100000000000000000e+02 8.655075598872303821e-01 2.815571946005639495e-02
8.200000000000000000e+02 8.663899797487172316e-01 2.727324742949495395e-02
8.300000000000000000e+02 8.671863723494495080e-01 2.647680695192006564e-02
8.400000000000000000e+02 8.678739650500646441e-01 2.578917186154053645e-02
8.500000000000000000e+02 8.684357655497779716e-01 2.522733044744113542e-02
8.600000000000000000e+02 8.688611524094563832e-01 2.480190094059438188e-02
8.700000000000000000e+02 8.691460616984000298e-01 2.451694347757255726e-02
8.800000000000000000e+02 8.692928047671966141e-01 2.437014669018052263e-02
8.900000000000000000e+02 8.693095276179199082e-01 2.435336314167031724e-02
9.000000000000000000e+02 8.692093879171953752e-01 2.445343880826304078e-02
9.100000000000000000e+02 8.690095104407206117e-01 2.465324828858003400e-02
9.200000000000000000e+02 8.687298017032270003e-01 2.493288106230893281e-02
9.300000000000000000e+02 8.683917246636777554e-01 2.527088306572979060e-02
9.400000000000000000e+02 8.680170614622534364e-01 2.564547619392965397e-02
9.500000000000000000e+02 8.676267639469285031e-01 2.603570482880480583e-02
9.600000000000000000e+02 8.672399559791125201e-01 2.642244514410943892e-02
9.700000000000000000e+02 8.668730987933114251e-01 2.678923988309423951e-02
9.800000000000000000e+02 8.665393570283566049e-01 2.712292576224500928e-02
9.900000000000000000e+02 8.662481976560615360e-01 2.741403566004924422e-02
1.000000000000000000e+03 8.660052006616386633e-01 2.765698627103622270e-02
1.010000000000000000e+03 8.658120839323210083e-01 2.785005585902439532e-02
1.020000000000000000e+03 8.656669250375955693e-01 2.799516331855668450e-02
1.030000000000000000e+03 8.655645351703125101e-01 2.809749559647358244e-02
1.040000000000000000e+03 8.654969719788615512e-01 2.816500133324307056e-02
1.050000000000000000e+03 8.654541430464158802e-01 2.820777670372107138e-02
1.060000000000000000e+03 8.654244744341960116e-01 2.823739271481337521e-02
1.070000000000000000e+03 8.653956105311486624e-01 2.826619904874454886e-02
1.080000000000000000e+03 8.653551085212450866e-01 2.830663213241486550e-02
1.090000000000000000e+03 8.652911113428786161e-01 2.837055942074005396e-02
1.100000000000000000e+03 8.651929272960854345e-01 2.846867987203303627e-02
1.110000000000000000e+03 8.650515430120371274e-01 2.861000597716200841e-02
1.120000000000000000e+03 8.648600424268334530e-01 2.880145569619867521e-02
1.130000000000000000e+03 8.646138990713603256e-01 2.904754982997423407e-02
1.140000000000000000e+03 8.643111663588537441e-01 2.935022906000552684e-02
1.150000000000000000e+03 8.639525421917402248e-01 2.970879516089533837e-02
1.160000000000000000e+03 8.635413108535904270e-01 3.011996482285281967e-02
1.170000000000000000e+03 8.630831770039975037e-01 3.057803760389390599e-02
1.180000000000000000e+03 8.625860008806349732e-01 3.107515803913560998e-02
1.190000000000000000e+03 8.620594365756615307e-01 3.160167005704764970e-02
1.200000000000000000e+03 8.615145162705458715e-01 3.214654202054208904e-02
1.210000000000000000e+03 8.609631915307907057e-01 3.269782619934921003e-02
1.220000000000000000e+03 8.604178393604139385e-01 3.324314688894379477e-02
1.230000000000000000e+03 8.598907568269038570e-01 3.377020497724518566e-02
1.240000000000000000e+03 8.593936671002749828e-01 3.426727333712041579e-02
1.250000000000000000e+03 8.589372465557284508e-01 3.472367096812361414e-02
1.260000000000000000e+03 8.585307082871371787e-01 3.513018222085120129e-02
1.270000000000000000e+03 8.581814566668902744e-01 3.547940095565978863e-02
1.280000000000000000e+03 8.578948134826590577e-01 3.576600219601180214e-02
1.290000000000000000e+03 8.576738354374221496e-01 3.598692899506093779e-02
1.300000000000000000e+03 8.575192179459959485e-01 3.614148647639617296e-02
1.310000000000000000e+03 8.574292855808951508e-01 3.623134822550308498e-02
1.320000000000000000e+03 8.574000831444992254e-01 3.626046639986913594e-02
1.330000000000000000e+03 8.574255806686930104e-01 3.623487246841136655e-02
1.340000000000000000e+03 8.574979727590246181e-01 3.616237768373396083e-02
1.350000000000000000e+03 8.576080350673829233e-01 3.605220737805752557e-02
1.360000000000000000e+03 8.577455416974369973e-01 3.591458681455626106e-02
1.370000000000000000e+03 8.578997350557086010e-01 3.576027419914836608e-02
1.380000000000000000e+03 8.580598173967344255e-01 3.560006729544670789e-02
1.390000000000000000e+03 8.582154522151126397e-01 3.544430257566887066e-02
1.400000000000000000e+03 8.583572449185817854e-01 3.530237609335211413e-02
1.410000000000000000e+03 8.584771660349974631e-01 3.518232047236013321e-02
1.420000000000000000e+03 8.585689110431915516e-01 3.509044130345666951e-02
1.430000000000000000e+03 8.586281889921987265e-01 3.503102818055781748e-02
1.440000000000000000e+03 8.586529126019755154e-01 3.500617121542031612e-02
1.450000000000000000e+03 8.586432670787668142e-01 3.501569557438765495e-02
1.460000000000000000e+03 8.586016473473323529e-01 3.505721232186670422e-02
1.470000000000000000e+03 8.585324786463247593e-01 3.512629123911614748e-02
1.480000000000000000e+03 8.584419429344736230e-01 3.521674416815275682e-02
1.490000000000000000e+03 8.583376033272756001e-01 3.532100363568058121e-02
1.500000000000000000e+03 8.582279418877691857e-01 3.543058688691046870e-02
1.510000000000000000e+03 8.581218454967201037e-01 3.553661194823017760e-02
1.520000000000000000e+03 8.580280653507296185e-01 3.563033486696136343e-02
1.530000000000000000e+03 8.579546785015517152e-01 3.570367960670130930e-02
1.540000000000000000e+03 8.579085968092053927e-01 3.574972928365028474e-02
1.550000000000000000e+03 8.578951436238646533e-01 3.576315158400756450e-02
1.560000000000000000e+03 8.579177278352240199e-01 3.574053662923373786e-02
1.570000000000000000e+03 8.579776184998918476e-01 3.568062054981463449e-02
1.580000000000000000e+03 8.580738478159879445e-01 3.558437402487620027e-02
1.590000000000000000e+03 8.582032622023565427e-01 3.545495186322632220e-02
1.600000000000000000e+03 8.583606977892085377e-01 3.529751823074913503e-02
1.610000000000000000e+03 8.585392596584900948e-01 3.511896621064677926e-02
1.620000000000000000e+03 8.587306979656954553e-01 3.492754261098582336e-02
1.630000000000000000e+03 8.589258595033868460e-01 3.473240040363511499e-02
1.640000000000000000e+03 8.591151919962588535e-01 3.454309143697761181e-02
1.650000000000000000e+03 8.592892617282363865e-01 3.436904406025576009e-02
1.660000000000000000e+03 8.594392494871273547e-01 3.421907066515821050e-02
1.670000000000000000e+03 8.595574075932298497e-01 3.410091634577241265e-02
1.680000000000000000e+03 8.596374449583116251e-01 3.402087791449417975e-02
1.690000000000000000e+03 8.596748071933705271e-01 3.398351772000205578e-02
1.700000000000000000e+03 8.596668608071881268e-01 3.399147257016042756e-02
1.710000000000000000e+03 8.596129822276195043e-01 3.404536393755375895e-02
1.720000000000000000e+03 8.595145421552502496e-01 3.414381713101228427e-02
1.730000000000000000e+03 8.593747850307318359e-01 3.428358792799582333e-02
1.740000000000000000e+03 8.591986067540912098e-01 3.445978431005131126e-02
1.750000000000000000e+03 8.589922578179313151e-01 3.466615868404117340e-02
1.760000000000000000e+03 8.587630085295043791e-01 3.489544372521482390e-02
1.770000000000000000e+03 8.585187823757075565e-01 3.513971656868269955e-02
1.780000000000000000e+03 8.582677724904961281e-01 3.539077904207949682e-02
1.790000000000000000e+03 8.580180773113429415e-01 3.564053026139185620e-02
1.800000000000000000e+03 8.577773562677494246e-01 3.588131545171902720e-02
1.810000000000000000e+03 8.575525115783336760e-01 3.610623530236336393e-02
1.820000000000000000e+03 8.573494270405038753e-01 3.630940038120002850e-02
1.830000000000000000e+03 8.571727764706946751e-01 3.648612875234054365e-02
1.840000000000000000e+03 8.570258975021308734e-01 3.663308164593954280e-02
1.850000000000000000e+03 8.569107288351508478e-01 3.674832493046950588e-02
1.860000000000000000e+03 8.568278050880213659e-01 3.683132743378749602e-02
1.870000000000000000e+03 8.567763066457997345e-01 3.688290766454315611e-02
1.880000000000000000e+03 8.567541772637908837e-01 3.690512033246884371e-02
1.890000000000000000e+03 8.567582955337541550e-01 3.690108941092683920e-02
1.900000000000000000e+03 8.567846698691049534e-01 3.687481346235987889e-02
1.910000000000000000e+03 8.568286518892770376e-01 3.683094583557199736e-02
1.920000000000000000e+03 8.568851808874810017e-01 3.677454808758664345e-02
1.930000000000000000e+03 8.569490470192164810e-01 3.671083104435918232e-02
1.940000000000000000e+03 8.570151276996132994e-01 3.664491305917274427e-02
1.950000000000000000e+03 8.570786028848719207e-01 3.658160299814194882e-02
1.960000000000000000e+03 8.571351698135143415e-01 3.652519634563972800e-02
1.970000000000000000e+03 8.571812231144050331e-01 3.647930136496036618e-02
1.980000000000000000e+03 8.572139754361833841e-01 3.644671295256317334e-02
1.990000000000000000e+03 8.572315362827668261e-01 3.642932483558883328e-02
2.000000000000000000e+03 8.572329769229111163e-01 3.642806238430205262e-02
2.010000000000000000e+03 8.572183583842577503e-01 3.644286122768463504e-02
2.020000000000000000e+03 8.571887043565963316e-01 3.647269816559127464e-02
2.030000000000000000e+03 8.571459380751845769e-01 3.651565332368773842e-02
2.040000000000000000e+03 8.570927820533116304e-01 3.656900706144945723e-02
2.050000000000000000e+03 8.570326180474374667e-01 3.662937757144418827e-02
2.060000000000000000e+03 8.569693296226885693e-01 3.669287708636553846e-02
2.070000000000000000e+03 8.569071525500664421e-01 3.675526708325402292e-02
2.080000000000000000e+03 8.568505065706527590e-01 3.681212924861973490e-02
2.090000000000000000e+03 8.568038006359515180e-01 3.685905783291476556e-02
2.100000000000000000e+03 8.567712493531814966e-01 3.689184497713689226e-02
2.110000000000000000e+03 8.567567074731688992e-01 3.690664112384240553e-02
2.120000000000000000e+03 8.567635317999895417e-01 3.690009370160032137e-02
2.130000000000000000e+03 8.567944696936778959e-01 3.686945783829063961e-02
2.140000000000000000e+03 8.568515839689551106e-01 3.681266459701639654e-02
2.150000000000000000e+03 8.569362236643057740e-01 3.672835563232287187e-02
2.160000000000000000e+03 8.570490132648952430e-01 3.661590351781368602e-02
2.170000000000000000e+03 8.571898564976496715e-01 3.647540570206830868e-02
2.180000000000000000e+03 8.573579837411064997e-01 3.630763154460073944e-02
2.190000000000000000e+03 8.575520333551264196e-01 3.611393971120580720e-02
2.200000000000000000e+03 8.577701515231177520e-01 3.589618169602561137e-02
2.210000000000000000e+03 8.580101005871104691e-01 3.565659738012026680e-02
2.220000000000000000e+03 8.582693575838976630e-01 3.539771440113580886e-02
2.230000000000000000e+03 8.585452101864609054e-01 3.512224468152284895e-02
2.240000000000000000e+03 8.588348677861834535e-01 3.483297375348998887e-02
2.250000000000000000e+03 8.591355785693112201e-01 3.453265125955182896e-02
2.260000000000000000e+03 8.594447182787748885e-01 3.422390355671142692e-02
2.270000000000000000e+03 8.597598412560973902e-01 3.390917944551857105e-02
2.280000000000000000e+03 8.600787233622556593e-01 3.359070503824064524e-02
2.290000000000000000e+03 8.603994025017106528e-01 3.327044323721665975e-02
2.300000000000000000e+03 8.607202063400795078e-01 3.295006815038280940e-02
2.310000000000000000e+03 8.610397554227006145e-01 3.263096078079844031e-02
2.320000000000000000e+03 8.613569307588292423e-01 3.231424099159555668e-02
2.330000000000000000e+03 8.616708396687521310e-01 3.200080024788763688e-02
2.340000000000000000e+03 8.619808043008195808e-01 3.169131368164027768e-02
2.350000000000000000e+03 8.622863346407392271e-01 3.138627071932963142e-02
2.360000000000000000e+03 8.625870807527016293e-01 3.108602422251929842e-02
2.370000000000000000e+03 8.628827829459906340e-01 3.079083793555334458e-02
2.380000000000000000e+03 8.631732322377669853e-01 3.050092052833309336e-02
2.390000000000000000e+03 8.634582478012043927e-01 3.021644978598388154e-02
2.400000000000000000e+03 8.637376388677768801e-01 2.993761440041897010e-02
2.410000000000000000e+03 8.640111515772459505e-01 2.966466637061976677e-02
2.420000000000000000e+03 8.642784479430011269e-01 2.939794252889925755e-02
2.430000000000000000e+03 8.645391099498186405e-01 2.913785985746472629e-02
2.440000000000000000e+03 8.647926409783249779e-01 2.888491414439358848e-02
2.450000000000000000e+03 8.650384613387436250e-01 2.863968442121008970e-02
2.460000000000000000e+03 8.652759053172184300e-01 2.840283544236824054e-02
2.470000000000000000e+03 8.655042307911423594e-01 2.817510711261775325e-02
2.480000000000000000e+03 8.657226472278128915e-01 2.795728711741160208e-02
2.490000000000000000e+03 8.659303438365997252e-01 2.775018606018348974e-02
2.500000000000000000e+03 8.661265002760667464e-01 2.755462670103767109e-02
2.510000000000000000e+03 8.663103053949092747e-01 2.737142322916246914e-02
2.520000000000000000e+03 8.664809934542396785e-01 2.720134328515069755e-02
2.530000000000000000e+03 8.666378724886653062e-01 2.704507865758329702e-02
2.540000000000000000e+03 8.667803319343209134e-01 2.690324263662323759e-02
2.550000000000000000e+03 8.669078486279592211e-01 2.677636597456149736e-02
2.560000000000000000e+03 8.670199944451991714e-01 2.666488059152777659e-02
2.570000000000000000e+03 8.671164531900380501e-01 2.656909829880612847e-02
2.580000000000000000e+03 8.671970441537681928e-01 2.648919270288582414e-02
2.590000000000000000e+03 8.672617408228494584e-01 2.642518607939611103e-02
2.600000000000000000e+03 8.673106900163634059e-01 2.637693146895903409e-02
2.610000000000000000e+03 8.673442173035036395e-01 2.634410507727441217e-02
2.620000000000000000e+03 8.673628101595095563e-01 2.632622127834090275e-02
2.630000000000000000e+03 8.673671117445885814e-01 2.632263603678505759e-02
2.640000000000000000e+03 8.673579387759433601e-01 2.633252912118343170e-02
2.650000000000000000e+03 8.673362826513619783e-01 2.635490738771719896e-02
2.660000000000000000e+03 8.673032766089143752e-01 2.638863708630315857e-02
2.670000000000000000e+03 8.672601557867321009e-01 2.643248184998678307e-02
2.680000000000000000e+03 8.672082128266619394e-01 2.648514996329056487e-02
2.690000000000000000e+03 8.671487520642296998e-01 2.654533871248303950e-02
2.700000000000000000e+03 8.670830590638081148e-01 2.661176372628711734e-02
2.710000000000000000e+03 8.670123655851279532e-01 2.668319713687276884e-02
2.720000000000000000e+03 8.669377912156364108e-01 2.675852198934934936e-02
2.730000000000000000e+03 8.668602881010039063e-01 2.683678525001829615e-02
2.740000000000000000e+03 8.667806194502882811e-01 2.691722192408037978e-02
2.750000000000000000e+03 8.666993712272825778e-01 2.699924401225480344e-02
2.760000000000000000e+03 8.666169685935732891e-01 2.708242396867479446e-02
2.770000000000000000e+03 8.665336792654521059e-01 2.716649213562174342e-02
2.780000000000000000e+03 8.664496249982402976e-01 2.725132453339301417e-02
2.790000000000000000e+03 8.663648215978005940e-01 2.733690331471128401e-02
2.800000000000000000e+03 8.662792240345881245e-01 2.742327384053703035e-02
2.810000000000000000e+03 8.661927586946507329e-01 2.751051376591500536e-02
2.820000000000000000e+03 8.661053565001274324e-01 2.759869721681828744e-02
2.830000000000000000e+03 8.660169828144060888e-01 2.768786248030441488e-02
2.840000000000000000e+03 8.659276550542268636e-01 2.777799322383906963e-02
2.850000000000000000e+03 8.658374499853683792e-01 2.786901005350361782e-02
2.860000000000000000e+03 8.657465315059528210e-01 2.796074453383376457e-02
2.870000000000000000e+03 8.656551792978045556e-01 2.805291281236052883e-02
2.880000000000000000e+03 8.655637774573755605e-01 2.814513051509412098e-02
2.890000000000000000e+03 8.654727827488369885e-01 2.823694513230079126e-02
2.900000000000000000e+03 8.653826910179529541e-01 2.832786348760208198e-02
2.910000000000000000e+03 8.652940423253236979e-01 2.841734222904974266e-02
2.920000000000000000e+03 8.652074310238164756e-01 2.850478410194966575e-02
2.930000000000000000e+03 8.651234772587260702e-01 2.858957292536310965e-02
2.940000000000000000e+03 8.650427876553932194e-01 2.867110645350864212e-02
2.950000000000000000e+03 8.649659453561047151e-01 2.874880051529970712e-02
2.960000000000000000e+03 8.648935331229407053e-01 2.882206866135782891e-02
2.970000000000000000e+03 8.648261505283059147e-01 2.889030951817747953e-02
2.980000000000000000e+03 8.647644025346662433e-01 2.895292052771241201e-02
2.990000000000000000e+03 8.647088744594958465e-01 2.900931806107370434e-02
3.000000000000000000e+03 8.646601386977547099e-01 2.905892724639561400e-02
3.010000000000000000e+03 8.646187696500801101e-01 2.910116940441337743e-02
3.020000000000000000e+03 8.645853278362650718e-01 2.913548239991004679e-02
3.030000000000000000e+03 8.645603330795857966e-01 2.916134995702791138e-02
3.040000000000000000e+03 8.645442407739913904e-01 2.917831954109413248e-02
3.050000000000000000e+03 8.645374199449930019e-01 2.918601927324391068e-02
3.060000000000000000e+03 8.645401254091485965e-01 2.918419014589494417e-02
3.070000000000000000e+03 8.645524692373527387e-01 2.917271934015942120e-02
3.080000000000000000e+03 8.645744013208489509e-01 2.915165837515233671e-02
3.090000000000000000e+03 8.646056828586021759e-01 2.912124826310229578e-02
3.100000000000000000e+03 8.646458497476552374e-01 2.908195574751031715e-02
3.110000000000000000e+03 8.646941878283547211e-01 2.903449673168665562e-02
3.120000000000000000e+03 8.647497298960576950e-01 2.897983802815536775e-02
3.130000000000000000e+03 8.648112909473795185e-01 2.891916335750089814e-02
3.140000000000000000e+03 8.648775149213275837e-01 2.885382747435611892e-02
3.150000000000000000e+03 8.649469058059690019e-01 2.878532426024567326e-02
3.160000000000000000e+03 8.650178501793409636e-01 2.871526572009461958e-02
3.170000000000000000e+03 8.650886612600675596e-01 2.864534073974258840e-02
3.180000000000000000e+03 8.651576549136532623e-01 2.857723824676431171e-02
3.190000000000000000e+03 8.652232132824408950e-01 2.851257939431195779e-02
3.200000000000000000e+03 8.652838211729518836e-01 2.845287944964066187e-02
3.210000000000000000e+03 8.653381048028718769e-01 2.839950937911829218e-02
3.220000000000000000e+03 8.653848656604742340e-01 2.835366526893591185e-02
3.230000000000000000e+03 8.654230980827710695e-01 2.831635319731002146e-02
3.240000000000000000e+03 8.654519977174834899e-01 2.828837866983404878e-02
3.250000000000000000e+03 8.654709582506527887e-01 2.827034774938512116e-02
3.260000000000000000e+03 8.654795603023840433e-01 2.826267843908229771e-02
3.270000000000000000e+03 8.654775631666921099e-01 2.826561046357362744e-02
3.280000000000000000e+03 8.654648876374454458e-01 2.827922188399389566e-02
3.290000000000000000e+03 8.654415895476255116e-01 2.830345489356747915e-02
3.300000000000000000e+03 8.654078461513131648e-01 2.833813218589396193e-02
3.310000000000000000e+03 8.653639693497605645e-01 2.838294421846318527e-02
3.320000000000000000e+03 8.653104012125713007e-01 2.843745119193196585e-02
3.330000000000000000e+03 8.652476719429689211e-01 2.850112465214984722e-02
3.340000000000000000e+03 8.651763666260514629e-01 2.857338043574157369e-02
3.350000000000000000e+03 8.650971247284651167e-01 2.865357764064333998e-02
3.360000000000000000e+03 8.650106416893992289e-01 2.874101756685303044e-02
3.370000000000000000e+03 8.649176338172558376e-01 2.883498166472246368e-02
3.380000000000000000e+03 8.648187928697723681e-01 2.893477773339727874e-02
3.390000000000000000e+03 8.647147650919752015e-01 2.903976002962748923e-02
3.400000000000000000e+03 8.646061374913861508e-01 2.914934254204093814e-02
3.410000000000000000e+03 8.644934239834570766e-01 2.926301271063937864e-02
3.420000000000000000e+03 8.643770461959022766e-01 2.938034960719967253e-02
3.430000000000000000e+03 8.642573123486496645e-01 2.950104494812754233e-02
3.440000000000000000e+03 8.641344137011638393e-01 2.962490739557347916e-02
3.450000000000000000e+03 8.640084463995066910e-01 2.975183970965756403e-02
3.460000000000000000e+03 8.638794417809081416e-01 2.988180750100795716e-02
3.470000000000000000e+03 8.637473799936665753e-01 3.001482746969932197e-02
3.480000000000000000e+03 8.636122104102756936e-01 3.015095058436569747e-02
3.490000000000000000e+03 8.634738921323868999e-01 3.029022178988230798e-02
3.500000000000000000e+03 8.633324337136351057e-01 3.043263665625358869e-02
3.510000000000000000e+03 8.631879129152906227e-01 3.057811646418554657e-02
3.520000000000000000e+03 8.630404912369411541e-01 3.072649393357715017e-02
3.530000000000000000e+03 8.628904481086275835e-01 3.087748669688787986e-02
3.540000000000000000e+03 8.627382085845803905e-01 3.103067154785096524e-02
3.550000000000000000e+03 8.625843399531755162e-01 3.118548401689469687e-02
3.560000000000000000e+03 8.624295332009641601e-01 3.134123494612892080e-02
3.570000000000000000e+03 8.622745880056869039e-01 3.149712588056748086e-02
3.580000000000000000e+03 8.621204013526069243e-01 3.165226126440352089e-02
3.590000000000000000e+03 8.619679488509165433e-01 3.180566683028719643e-02
3.600000000000000000e+03 8.618182346988909615e-01 3.195633742671016853e-02
3.610000000000000000e+03 8.616722354559132047e-01 3.210329337133591837e-02
3.620000000000000000e+03 8.615308745223626552e-01 3.224560945169135245e-02
3.630000000000000000e+03 8.613950005871775506e-01 3.238243692424074699e-02
3.640000000000000000e+03 8.612653570657078372e-01 3.251303310658945622e-02
3.650000000000000000e+03 8.611425551215586838e-01 3.263678677612844026e-02
3.660000000000000000e+03 8.610270577145771043e-01 3.275323491848768087e-02
3.670000000000000000e+03 8.609191805124509767e-01 3.286206001969278062e-02
3.680000000000000000e+03 8.608191016536808071e-01 3.296307974677348956e-02
3.690000000000000000e+03 8.607268843848433493e-01 3.305622926410559798e-02
3.700000000000000000e+03 8.606425067902653270e-01 3.314153268670515934e-02
3.710000000000000000e+03 8.605659073712284002e-01 3.321905383081072416e-02
3.720000000000000000e+03 8.604970494964596650e-01 3.328883035349209513e-02
3.730000000000000000e+03 8.604359805406095463e-01 3.335081631182332251e-02
3.740000000000000000e+03 8.603828680194484102e-01 3.340484648182864835e-02
3.750000000000000000e+03 8.603380156944351320e-01 3.345061834071515194e-02
3.760000000000000000e+03 8.603018834807867332e-01 3.348767127760780837e-02
3.770000000000000000e+03 8.602751090299896042e-01 3.351536596160647336e-02
3.780000000000000000e+03 8.602585152721029527e-01 3.353287822095679660e-02
3.790000000000000000e+03 8.602530988746217577e-01 3.353921061444914420e-02
3.800000000000000000e+03 8.602599991475832208e-01 3.353322282252423764e-02
3.810000000000000000e+03 8.602804589375862010e-01 3.351367188314235968e-02
3.820000000000000000e+03 8.603157818497698672e-01 3.347925530686398504e-02
3.830000000000000000e+03 8.603672740003784902e-01 3.342866699607250497e-02
3.840000000000000000e+03 8.604361702138789703e-01 3.336067180004880645e-02
3.850000000000000000e+03 8.605235580325963918e-01 3.327418199891965522e-02
3.860000000000000000e+03 8.606303199411187155e-01 3.316831443429547194e-02
3.870000000000000000e+03 8.607570858833242244e-01 3.304243884717025792e-02
3.880000000000000000e+03 8.609041802613881522e-01 3.289622978334526271e-02
3.890000000000000000e+03 8.610715813967931842e-01 3.272970737550083553e-02
3.900000000000000000e+03 8.612589026760260058e-01 3.254325780446400140e-02
3.910000000000000000e+03 8.614653903030692339e-01 3.233763582860614549e-02
3.920000000000000000e+03 8.616899391964394361e-01 3.211395000112209075e-02
3.930000000000000000e+03 8.619311201451048676e-01 3.187363315776089306e-02
3.940000000000000000e+03 8.621872209411828303e-01 3.161839825391992570e-02
3.950000000000000000e+03 8.624562891908068574e-01 3.135019535624323367e-02
3.960000000000000000e+03 8.627361747973439909e-01 3.107117187984153109e-02
3.970000000000000000e+03 8.630245550542835486e-01 3.078364908413265544e-02
3.980000000000000000e+03 8.633189699328948086e-01 3.049008589137889441e-02
3.990000000000000000e+03 8.636169095274951468e-01 3.019299136138842155e-02
4.000000000000000000e+03 8.639158858882084457e-01 2.989485396822971763e-02
4.010000000000000000e+03 8.642134849916115469e-01 2.959809067374775254e-02
4.020000000000000000e+03 8.645074130595681305e-01 2.930499883295050595e-02
4.030000000000000000e+03 8.647955435344367725e-01 2.901770593988518485e-02
4.040000000000000000e+03 8.650759678425862242e-01 2.873811741520640103e-02
4.050000000000000000e+03 8.653470383814790834e-01 2.846787581451237087e-02
4.060000000000000000e+03 8.656074011961133463e-01 2.820833279453926340e-02
4.070000000000000000e+03 8.658560226676103033e-01 2.796052388517616255e-02
4.080000000000000000e+03 8.660921977116877724e-01 2.772515705024495777e-02
4.090000000000000000e+03 8.663155252092277214e-01 2.750263472444330892e-02
4.100000000000000000e+03 8.665258570111918912e-01 2.729310461026829282e-02
4.110000000000000000e+03 8.667232523592898197e-01 2.709650782315041473e-02
4.120000000000000000e+03 8.669079392941083650e-01 2.691261847561941117e-02
4.130000000000000000e+03 8.670802650239679554e-01 2.674109094427807795e-02
4.140000000000000000e+03 8.672406271104847741e-01 2.658152686509709581e-02
4.150000000000000000e+03 8.673894064860456776e-01 2.643354355122059379e-02
4.160000000000000000e+03 8.675269251904218493e-01 2.629681769906472288e-02
4.170000000000000000e+03 8.676534134122052544e-01 2.617111919121686489e-02
4.180000000000000000e+03 8.677689856755440578e-01 2.605633476215007613e-02
4.190000000000000000e+03 8.678736202118167986e-01 2.595248660746069316e-02
4.200000000000000000e+03 8.679671528602821429e-01 2.585973858403853992e-02
