0.000000000000000000e+00 2.123335231749643981e+01 -5.116977083483290177e-17 2.123335231749643981e+01 -2.409877162574495295e-18
1.000000000000000000e+01 2.108166589287367643e+01 2.360844445866694841e+00 2.121344440010468801e+01 -9.984789700063484430e-01
2.000000000000000000e+01 2.060836268501882884e+01 4.660922724292210440e+00 2.112886208954708422e+01 -1.997575476281227003e+00
3.000000000000000000e+01 1.983001908355991816e+01 6.848098742250538606e+00 2.097918285439077835e+01 -2.997482647345557361e+00
4.000000000000000000e+01 1.877369906662264754e+01 8.875812062408117598e+00 2.076612184331242617e+01 -3.998365298849768656e+00
5.000000000000000000e+01 1.747457152673985803e+01 1.070436549177849450e+01 2.049253743743623346e+01 -5.000390449131116632e+00
6.000000000000000000e+01 1.597390937342988160e+01 1.230246610188942569e+01 2.016225316919439692e+01 -6.003720841736783775e+00
7.000000000000000000e+01 1.431689475206124484e+01 1.364807227753548879e+01 1.977987240187437479e+01 -7.008513718789836311e+00
8.000000000000000000e+01 1.255039081887573538e+01 1.472865078890476198e+01 1.935059336992086187e+01 -8.014919860718194400e+00
9.000000000000000000e+01 1.072082889018754415e+01 1.554089717447570074e+01 1.888003329129233165e+01 -9.023082451782846292e+00
1.000000000000000000e+02 8.872332102218440042e+00 1.608997781435629904e+01 1.837404862839253994e+01 -1.003313627641846573e+01
1.100000000000000000e+02 7.045170393663253705e+00 1.638840762652736416e+01 1.783856301412671286e+01 -1.104520672164505335e+01
1.200000000000000000e+02 5.274608085725062345e+00 1.645469502367381409e+01 1.727942356619896103e+01 -1.205940851343158116e+01
1.300000000000000000e+02 3.590159163452081081e+00 1.631186806853177984e+01 1.670228375714248514e+01 -1.307584450649660113e+01
1.400000000000000000e+02 2.015237261581002581e+00 1.598598574260055472e+01 1.611250822755702217e+01 -1.409460492666469555e+01
1.500000000000000000e+02 5.671550707060583063e-01 1.550472926234423277e+01 1.551509891598571578e+01 -1.511576685993936131e+01
1.600000000000000000e+02 -7.425900039227899541e-01 1.489614430375973519e+01 1.491464230319854778e+01 -1.613939375204259363e+01
1.700000000000000000e+02 -1.907814411559888068e+00 1.418758079457354349e+01 1.431527871302223964e+01 -1.716553477387639859e+01
1.800000000000000000e+02 -2.926999283205170777e+00 1.340485135837758257e+01 1.372069111758153781e+01 -1.819422417935234293e+01
1.900000000000000000e+02 -3.802554264399634842e+00 1.257160754799791569e+01 1.313410580414906015e+01 -1.922548090004184118e+01
2.000000000000000000e+02 -4.540048491698683186e+00 1.170892221176412740e+01 1.255830003098026104e+01 -2.025930843294664996e+01
2.100000000000000000e+02 -5.147456284014215733e+00 1.083506025842174836e+01 1.199561740801480347e+01 -2.129569489588940456e+01
2.200000000000000000e+02 -5.634454094585398032e+00 9.965411679270681944e+00 1.144799121598783742e+01 -2.233461318998710254e+01
2.300000000000000000e+02 -6.011791798257723585e+00 9.112554305050183601e+00 1.091697240942228753e+01 -2.337602133737406263e+01
2.400000000000000000e+02 -6.290750538496657107e+00 8.286414370109680405e+00 1.040375919803780391e+01 -2.441986312187571073e+01
2.500000000000000000e+02 -6.482694952993323767e+00 7.494494783269207261e+00 9.909227311451406450e+00 -2.546606882126868499e+01
2.600000000000000000e+02 -6.598718566396763130e+00 6.742146643815743801e+00 9.433961420592371638e+00 -2.651455612826542918e+01
2.700000000000000000e+02 -6.649375116492697302e+00 6.032864942486327209e+00 8.978287634850692811e+00 -2.756523165958353161e+01
2.800000000000000000e+02 -6.644491635401955421e+00 5.368588234525446090e+00 8.542306990784842569e+00 -2.861799267631921850e+01
2.900000000000000000e+02 -6.593054896625211825e+00 4.749984859971162265e+00 8.125929426217590290e+00 -2.967272854391861614e+01
3.000000000000000000e+02 -6.503156685124967140e+00 4.176714311536925628e+00 7.728906087635101230e+00 -3.072932184679747536e+01
3.100000000000000000e+02 -6.381981460534212225e+00 3.647658752959851203e+00 7.350857211281349279e+00 -3.178764939377120058e+01
3.200000000000000000e+02 -6.235823630872907586e+00 3.161126512351662754e+00 6.991295815687214699e+00 -3.284758362962266887e+01
3.300000000000000000e+02 -6.070131629089940972e+00 2.715029456344323133e+00 6.649652843817897008e+00 -3.390899440656464492e+01
3.400000000000000000e+02 -5.889572912492666568e+00 2.307027759657305221e+00 6.325302061988562485e+00 -3.497175021505654513e+01
3.500000000000000000e+02 -5.698106405559892451e+00 1.934642293078949749e+00 6.017579032406010775e+00 -3.603571886548752445e+01
3.600000000000000000e+02 -5.499055463617747996e+00 1.595342250840940057e+00 5.725794956969943783e+00 -3.710076812245214484e+01
3.700000000000000000e+02 -5.295179631916674623e+00 1.286613770322407868e+00 5.449247868123494598e+00 -3.816676651522453056e+01
3.800000000000000000e+02 -5.088745675487930775e+00 1.006010701520319017e+00 5.187233374484949699e+00 -3.923358390245902427e+01
3.900000000000000000e+02 -4.881593906903927582e+00 7.511899526657535020e-01 4.939053089095876814e+00 -4.030109179583297419e+01
4.000000000000000000e+02 -4.675196296353435699e+00 5.199361477389266017e-01 4.704018920791292580e+00 -4.136916384835006255e+01
4.100000000000000000e+02 -4.470708423997650449e+00 3.101773683289282268e-01 4.481455546162096404e+00 -4.243767625959790735e+01
4.200000000000000000e+02 -4.269016372548382954e+00 1.199937423967757932e-01 4.270702434881238574e+00 -4.350650800146505048e+01
4.300000000000000000e+02 -4.070778276691688013e+00 -5.237845260295732192e-02 4.071115237902511730e+00 -4.457554111819263909e+01
4.400000000000000000e+02 -3.876461269388047803e+00 -2.085466457356392744e-01 3.882066933543673493e+00 -4.564466095639447474e+01
4.500000000000000000e+02 -3.686374477639953628e+00 -3.499651485804958773e-01 3.702949148262261847e+00 -4.671375623786307330e+01
4.600000000000000000e+02 -3.500697585077595875e+00 -4.779395661136152107e-01 3.533172768352119686e+00 -4.778271930313290028e+01
4.700000000000000000e+02 -3.319505409630114201e+00 -5.936310906765672746e-01 3.372167557577980812e+00 -4.885144677095588150e+01
4.800000000000000000e+02 -3.142789899289351929e+00 -6.980616650794666533e-01 3.219381685872101162e+00 -4.991984031048426829e+01
4.900000000000000000e+02 -2.970480194344845781e+00 -7.921214880755619303e-01 3.074281873359376416e+00 -5.098780701762409961e+01
5.000000000000000000e+02 -2.802460293530188551e+00 -8.765789402398832530e-01 2.936353918601330548e+00 -5.205525915050728258e+01
5.100000000000000000e+02 -2.638583683338809216e+00 -9.520903764494929034e-01 2.805102482781963502e+00 -5.312211375780573519e+01
5.200000000000000000e+02 -2.478685882190551748e+00 -1.019208028731158899e+00 2.680050131695451476e+00 -5.418829276552546048e+01
5.300000000000000000e+02 -2.322596487995729930e+00 -1.078388016692312323e+00 2.560737229899951561e+00 -5.525372308826383261e+01
5.400000000000000000e+02 -2.170149920012781841e+00 -1.129999569470641285e+00 2.446722236449270227e+00 -5.631833629625343463e+01
5.500000000000000000e+02 -2.021194497360651265e+00 -1.174334380631813612e+00 2.337581749093469163e+00 -5.738206806109259617e+01
5.600000000000000000e+02 -1.875601149308682603e+00 -1.211616103017173263e+00 2.232911384802041876e+00 -5.844485758418342414e+01
5.700000000000000000e+02 -1.733271391010199558e+00 -1.242010252309069251e+00 2.132327175115317441e+00 -5.950664693723816612e+01
5.800000000000000000e+02 -1.594143760073094995e+00 -1.265633949131691915e+00 2.035466438184296845e+00 -6.056738037077217029e+01
5.900000000000000000e+02 -1.458198815372163004e+00 -1.282565020328738425e+00 1.941987851796101339e+00 -6.162700374152771587e+01
6.000000000000000000e+02 -1.325463165208513816e+00 -1.292850824985362301e+00 1.851571186314451056e+00 -6.268546401235036569e+01
6.100000000000000000e+02 -1.196013106050068497e+00 -1.296517506382064422e+00 1.763917513433862050e+00 -6.374270878170256083e+01
6.200000000000000000e+02 -1.069977911636016188e+00 -1.293580027371200147e+00 1.678750135845905156e+00 -6.479868587595733231e+01
6.300000000000000000e+02 -9.475423879792810311e-01 -1.284053006176709921e+00 1.595815998067735997e+00 -6.585334305098467667e+01
6.400000000000000000e+02 -8.289482799568924642e-01 -1.267962156434434773e+00 1.514887217251948526e+00 -6.690662788502952196e+01
6.500000000000000000e+02 -7.144936165220348023e-01 -1.245356215078225581e+00 1.435762247199967367e+00 -6.795848755507657302e+01
6.600000000000000000e+02 -6.045299870182728741e-01 -1.216319550679458850e+00 1.358267188210550147e+00 -6.900886838868991902e+01
6.700000000000000000e+02 -4.994571069967648769e-01 -1.180984852652029016e+00 1.282256847875304695e+00 -7.005771497368763789e+01
6.800000000000000000e+02 -3.997144757639971568e-01 -1.139544589026195265e+00 1.207614811317817338e+00 -7.110496884585595012e+01
6.900000000000000000e+02 -3.057708545836133607e-01 -1.092260969944907512e+00 1.134252988524951267e+00 -7.215056690138793272e+01
7.000000000000000000e+02 -2.181120728204302417e-01 -1.039474882084030272e+00 1.062111532181829521e+00 -7.319443952089442007e+01
7.100000000000000000e+02 -1.372266713493947576e-01 -9.816131289274516725e-01 9.911586624816314250e-01 -7.423650795854938167e+01
7.200000000000000000e+02 -6.358909347016819535e-02 -9.191931724447615082e-01 9.213900699906759639e-01 -7.527668022592715147e+01
7.300000000000000000e+02 2.359329566402339814e-03 -8.528242346237320248e-01 8.528274981481057671e-01 -7.631484453684943503e+01
7.400000000000000000e+02 6.023015988118098074e-02 -7.832042277638302519e-01 7.855167309144027721e-01 -7.735085984223813682e+01
7.500000000000000000e+02 1.097072307781579437e-01 -7.111126511521349558e-01 7.195254541109924462e-01 -7.838454233911188851e+01
7.600000000000000000e+02 1.505648784929558837e-01 -6.373992851092001866e-01 6.549409372556567188e-01 -7.941564557099252397e+01
7.700000000000000000e+02 1.826838236854739228e-01 -5.629690794132664600e-01 5.918678600935904921e-01 -8.044383084548434226e+01
7.800000000000000000e+02 2.060644285067365356e-01 -4.887638776660755968e-01 5.304268816783199725e-01 -8.146862098306473854e+01
7.900000000000000000e+02 2.208364820622446267e-01 -4.157416820411632408e-01 4.707546048590961485e-01 -8.248932638096215442e+01
8.000000000000000000e+02 2.272644852098743840e-01 -3.448537897854422885e-01 4.130051846733782117e-01 -8.350492310330723456e+01
8.100000000000000000e+02 2.257479857900397402e-01 -2.770201366258225328e-01 3.573545986613987369e-01 -8.451384123790221281e+01
8.200000000000000000e+02 2.168164741959991981e-01 -2.131046917079351954e-01 3.040115016092622691e-01 -8.551357943557808028e+01
8.300000000000000000e+02 2.011198233361863874e-01 -1.538923207995621378e-01 2.532430250566719554e-01 -8.649995871471044495e+01
8.400000000000000000e+02 1.794150320861729875e-01 -1.000677717539867340e-01 2.054344486260531455e-01 -8.746558443037882569e+01
8.500000000000000000e+02 1.525490182439089848e-01 -5.219770300830376547e-02 1.612321406126072665e-01 -8.839649708511321080e+01
8.600000000000000000e+02 1.214373554026021984e-01 -1.071636659259576387e-02 1.219092769239684265e-01 -8.926483273631589554e+01
8.700000000000000000e+02 8.703977962807853130e-02 2.408450138468818530e-02 9.031050019047354160e-02 -9.001686235041530892e+01
8.800000000000000000e+02 5.033409717182302234e-02 5.206076698140729014e-02 7.241439633660498587e-02 -9.059455527188956125e+01
8.900000000000000000e+02 1.229018772749301304e-02 7.321557827208470537e-02 7.423994622905367990e-02 -9.110233083191442915e+01
9.000000000000000000e+02 -2.615493610851498188e-02 8.769388278127067393e-02 9.151118926172767398e-02 -9.175616538158868707e+01
9.100000000000000000e+02 -6.412025971479450026e-02 9.577240737356543243e-02 1.152552025724690177e-01 -9.256605222464187932e+01
9.200000000000000000e+02 -1.008010833944063128e-01 9.784540196736979389e-02 1.404798245287992575e-01 -9.346574219794825922e+01
9.300000000000000000e+02 -1.354856793570208828e-01 9.440661589145327159e-02 1.651332142087408028e-01 -9.441379808883453961e+01
9.400000000000000000e+02 -1.675678789562697057e-01 8.602900727042561702e-02 1.883613127737168991e-01 -9.538953047707627775e+01
9.500000000000000000e+02 -1.965552070967144516e-01 7.334337246954837630e-02 2.097932308775457555e-01 -9.638236443339866355e+01
9.600000000000000000e+02 -2.220723661848841290e-01 5.701645239370292662e-02 2.292749695595152903e-01 -9.738654083307541498e+01
9.700000000000000000e+02 -2.438604371167685803e-01 3.772977809044700259e-02 2.467619276661937033e-01 -9.839872366048879826e+01
9.800000000000000000e+02 -2.617722939699901885e-01 1.616007954403321512e-02 2.622706275227564277e-01 -9.941687714181217927e+01
9.900000000000000000e+02 -2.757647647257099877e-01 -7.038496767884651686e-03 2.758545738264596703e-01 -1.004397040258678828e+02
1.000000000000000000e+03 -2.858881961541990258e-01 -3.124957579493163953e-02 2.875910233085604562e-01 -1.014663472970632654e+02
1.010000000000000000e+03 -2.922739192514000606e-01 -5.590652021957119577e-02 2.975728194537183291e-01 -1.024962237767024220e+02
1.020000000000000000e+03 -2.951205854097783132e-01 -8.050123186477887993e-02 3.059029392868874431e-01 -1.035289264689570246e+02
1.030000000000000000e+03 -2.946801652226146984e-01 -1.045900039051189667e-01 3.126906917266650821e-01 -1.045641644995983199e+02
1.040000000000000000e+03 -2.912439627379144746e-01 -1.277967212386958984e-01 3.180488135344080591e-01 -1.056017242235169817e+02
1.050000000000000000e+03 -2.851293327582841708e-01 -1.498133643562878370e-01 3.220912611961619376e-01 -1.066414438918965999e+02
1.060000000000000000e+03 -2.766677316431834233e-01 -1.703979650871919882e-01 3.249315316161859868e-01 -1.076831977536689493e+02
1.070000000000000000e+03 -2.661940739039740378e-01 -1.893707153318285596e-01 3.266811179221763006e-01 -1.087268853468240621e+02
1.080000000000000000e+03 -2.540373935575072628e-01 -2.066089250790529019e-01 3.274480802322919937e-01 -1.097724230492985100e+02
1.090000000000000000e+03 -2.405134404132188430e-01 -2.220410191287573443e-01 3.273361104356501405e-01 -1.108197383334639170e+02
1.100000000000000000e+03 -2.259191668545882103e-01 -2.356399340956784882e-01 3.264439438753412581e-01 -1.118687662683128963e+02
1.110000000000000000e+03 -2.105286283105722578e-01 -2.474162000837436537e-01 3.248647093825522969e-01 -1.129194471603441627e+02
1.120000000000000000e+03 -1.945902156791426141e-01 -2.574112103735353707e-01 3.226854246228418321e-01 -1.139717244804081986e+02
1.130000000000000000e+03 -1.783252492884090656e-01 -2.656908743708509824e-01 3.199867735668469049e-01 -1.150255434373071068e+02
1.140000000000000000e+03 -1.619277696290421786e-01 -2.723396532663370229e-01 3.168430042122830637e-01 -1.160808505464010807e+02
1.150000000000000000e+03 -1.455652283030951788e-01 -2.774551325493572751e-01 3.133218573111579697e-01 -1.171375937574249235e+02
1.160000000000000000e+03 -1.293797933211734696e-01 -2.811433324969610514e-01 3.094845784967747981e-01 -1.181957225600130101e+02
1.170000000000000000e+03 -1.134899675348206710e-01 -2.835147597253130924e-01 3.053859717032801901e-01 -1.192551876714763210e+02
1.180000000000000000e+03 -9.799255186921820848e-02 -2.846812041578184460e-01 3.010746223489899620e-01 -1.203159407656382456e+02
1.190000000000000000e+03 -8.296490308162372818e-02 -2.847533138052036339e-01 2.965933661874250449e-01 -1.213779345121331517e+02
1.200000000000000000e+03 -6.846724583036956080e-02 -2.838387585574218552e-01 2.919798017175411764e-01 -1.224411227982268286e+02
1.210000000000000000e+03 -5.454486958794960150e-02 -2.820408188732828059e-01 2.872667163266192647e-01 -1.235054609023300713e+02
1.220000000000000000e+03 -4.123025148423869329e-02 -2.794573527834461335e-01 2.824824696546407443e-01 -1.245709058240804552e+02
1.230000000000000000e+03 -2.854494721715830283e-02 -2.761802461041881207e-01 2.776514764048631512e-01 -1.256374162423193042e+02
1.240000000000000000e+03 -1.650118489619417303e-02 -2.722953658591573123e-01 2.727948961607433165e-01 -1.267049520074614151e+02
1.250000000000000000e+03 -5.103304036564022990e-03 -2.678826171509496867e-01 2.679312230475050516e-01 -1.277734739316049399e+02
1.260000000000000000e+03 5.651034510092884690e-03 -2.630158646474631268e-01 2.630765653707811680e-01 -1.288429434904409732e+02
1.270000000000000000e+03 1.576980450080810864e-02 -2.577629328857901636e-01 2.582448766265810769e-01 -1.299133223827155632e+02
1.280000000000000000e+03 2.526571784010961039e-02 -2.521858418870872587e-01 2.534483287502109494e-01 -1.309845720134045166e+02
1.290000000000000000e+03 3.415551482886639012e-02 -2.463412090903831508e-01 2.486977894741663753e-01 -1.320566528448052281e+02
1.300000000000000000e+03 4.245921881210094201e-02 -2.402806227451366183e-01 2.440032027021869498e-01 -1.331295244494207850e+02
1.310000000000000000e+03 5.019928985073925792e-02 -2.340509456459073934e-01 2.393737952643564537e-01 -1.342031464547534938e+02
1.320000000000000000e+03 5.739999763724479981e-02 -2.276945912546481654e-01 2.348181990719139522e-01 -1.352774790267751257e+02
1.330000000000000000e+03 6.408704312295732120e-02 -2.212496472076545539e-01 2.303444279459683219e-01 -1.363524824839599034e+02
1.340000000000000000e+03 7.028729026108990197e-02 -2.147499814020056852e-01 2.259598585687477568e-01 -1.374281165431162890e+02
1.350000000000000000e+03 7.602839903173405633e-02 -2.082254383419512578e-01 2.216712670420465658e-01 -1.385043401930616653e+02
1.360000000000000000e+03 8.133842269466730335e-02 -2.017019860613914750e-01 2.174847815079623825e-01 -1.395811118132615150e+02
1.370000000000000000e+03 8.624538692774567916e-02 -1.952018533404714928e-01 2.134057879108987865e-01 -1.406583894728510131e+02
1.380000000000000000e+03 9.077689833365601424e-02 -1.887435392854753535e-01 2.094386996070370377e-01 -1.417361309344601068e+02
1.390000000000000000e+03 9.495985188181010894e-02 -1.823418166554076070e-01 2.055867495015415436e-01 -1.428142931517268437e+02
1.400000000000000000e+03 9.882024915639164853e-02 -1.760079340202101716e-01 2.018520113384902059e-01 -1.438928316675212216e+02
1.410000000000000000e+03 1.023829924022787996e-01 -1.697497634847608960e-01 1.982353634858759206e-01 -1.449717000681064860e+02
1.420000000000000000e+03 1.056715925029230035e-01 -1.635718899406895521e-01 1.947363567515651983e-01 -1.460508496766762789e+02
1.430000000000000000e+03 1.087079493946305347e-01 -1.574758015594420746e-01 1.913531978786200960e-01 -1.471302291872003423e+02
1.440000000000000000e+03 1.115122315659581448e-01 -1.514601717907610168e-01 1.880828578784007887e-01 -1.482097842075405083e+02
1.450000000000000000e+03 1.141027886355854143e-01 -1.455210277357557591e-01 1.849211071989557420e-01 -1.492894564258632215e+02
1.460000000000000000e+03 1.164960465359660136e-01 -1.396518711911024779e-01 1.818625139650451583e-01 -1.503691826998901604e+02
1.470000000000000000e+03 1.187063787037828944e-01 -1.338439241261989154e-01 1.789005320575252356e-01 -1.514488946577003219e+02
1.480000000000000000e+03 1.207458963497270443e-01 -1.280864553451399601e-01 1.760275874065811430e-01 -1.525285190145976912e+02
1.490000000000000000e+03 1.226242425108372974e-01 -1.223671168861236030e-01 1.732351469719088932e-01 -1.536079780200633138e+02
1.500000000000000000e+03 1.243485109589244630e-01 -1.166724734325159107e-01 1.705139825192142078e-01 -1.546871903052087873e+02
1.510000000000000000e+03 1.259232529057718597e-01 -1.109885162309284384e-01 1.678544499187139272e-01 -1.557660716203752713e+02
1.520000000000000000e+03 1.273504784892223740e-01 -1.053011249132779770e-01 1.652466982406476381e-01 -1.568445356564106703e+02
1.530000000000000000e+03 1.286296868991408937e-01 -9.959661268627642561e-02 1.626809196259695889e-01 -1.579224953962566929e+02
1.540000000000000000e+03 1.297579121777050759e-01 -9.386223926563309894e-02 1.601475436360982052e-01 -1.589998645831767305e+02
1.550000000000000000e+03 1.307298137590641729e-01 -8.808665820774640165e-02 1.576373799569376899e-01 -1.600765589911908648e+02
1.560000000000000000e+03 1.315377940939707058e-01 -8.226035899765041237e-02 1.551417349958745251e-01 -1.611524978321579056e+02
1.570000000000000000e+03 1.321722634349399572e-01 -7.637612233733499789e-02 1.526526098198217052e-01 -1.622276050330832504e+02
1.580000000000000000e+03 1.326220311366816118e-01 -7.042947040869022846e-02 1.501629563003722967e-01 -1.633018105256770127e+02
1.590000000000000000e+03 1.328746423314271508e-01 -6.441905248528810579e-02 1.476668036418713748e-01 -1.643750519087863040e+02
1.600000000000000000e+03 1.329166370538407693e-01 -5.834694000891707533e-02 1.451592153950502784e-01 -1.654472763013936571e+02
1.610000000000000000e+03 1.327338456988716442e-01 -5.221883318519878608e-02 1.426361817114980279e-01 -1.665184419221720020e+02
1.620000000000000000e+03 1.323116848954001834e-01 -4.604415335593398800e-02 1.400944182261535942e-01 -1.675885192479190380e+02
1.630000000000000000e+03 1.316355327366109385e-01 -3.983607515051779818e-02 1.375311832358359077e-01 -1.686574918032891333e+02
1.640000000000000000e+03 1.306913112794633458e-01 -3.361151951726044917e-02 1.349442591895066990e-01 -1.697253565509120108e+02
1.650000000000000000e+03 1.294661044158813834e-01 -2.739102868738138921e-02 1.323319335805868691e-01 -1.707921239410553653e+02
1.660000000000000000e+03 1.279486729623648955e-01 -2.119852861957861878e-02 1.296928699985673838e-01 -1.718578178525467308e+02
1.670000000000000000e+03 1.261299599406519589e-01 -1.506092908760857038e-02 1.270259752161440325e-01 -1.729224746967676083e+02
1.680000000000000000e+03 1.240035745733082118e-01 -9.007599396742728762e-03 1.243302994199330797e-01 -1.739861418627483260e+02
1.690000000000000000e+03 1.215662511806172297e-01 -3.069878531131998468e-03 1.216050063949047494e-01 -1.750488767400436245e+02
1.700000000000000000e+03 1.188183682189309642e-01 2.719366960075441427e-03 1.188494828885385268e-01 -1.761107466247909770e+02
1.710000000000000000e+03 1.157642818356543202e-01 8.326308890987274558e-03 1.160633291297166747e-01 -1.771718283483482708e+02
1.720000000000000000e+03 1.124125251211938459e-01 1.371688900209415765e-02 1.132463193574908683e-01 -1.782322068722700408e+02
1.730000000000000000e+03 1.087759916869356774e-01 1.885767413280284993e-02 1.103984974588661655e-01 -1.792919730347232985e+02
1.740000000000000000e+03 1.048719210854024836e-01 2.371664257187457159e-02 1.075202258508832359e-01 -1.803512219182983927e+02
1.750000000000000000e+03 1.007217345722128954e-01 2.826391661375209780e-02 1.046122210718443690e-01 -1.814100515237416857e+02
1.760000000000000000e+03 9.635091277696575252e-02 3.247243631833476862e-02 1.016757469281773657e-01 -1.824685621632135337e+02
1.770000000000000000e+03 9.178870624142959622e-02 3.631857830223386013e-02 9.871274346998440419e-02 -1.835268562362354885e+02
1.780000000000000000e+03 8.706765140815833637e-02 3.978282201110577149e-02 9.572590479540998842e-02 -1.845850369369135819e+02
1.790000000000000000e+03 8.222300014313178862e-02 4.285027013575075372e-02 9.271875432319107158e-02 -1.856432076496615764e+02
1.800000000000000000e+03 7.729212601179515085e-02 4.551099282413067354e-02 8.969572571344353040e-02 -1.867014725400197790e+02
1.810000000000000000e+03 7.231385481836913320e-02 4.776030928359503019e-02 8.666222211296467637e-02 -1.877599369787155865e+02
1.820000000000000000e+03 6.732766634695248886e-02 4.959894603291829102e-02 8.362457834454473105e-02 -1.888187077136298342e+02
1.830000000000000000e+03 6.237274821672492142e-02 5.103305575851248277e-02 8.058990321472291052e-02 -1.898778921224989062e+02
1.840000000000000000e+03 5.748708714882308501e-02 5.207413292289235496e-02 7.756597519871352708e-02 -1.909375968321797075e+02
1.850000000000000000e+03 5.270669304565942653e-02 5.273870485596120899e-02 7.456115933710762145e-02 -1.919979276356482671e+02
1.860000000000000000e+03 4.806495595218319289e-02 5.304789494143066081e-02 7.158434988461077897e-02 -1.930589900927998599e+02
1.870000000000000000e+03 4.359201405493171727e-02 5.302687958156310222e-02 6.864483700558228485e-02 -1.941208895263805800e+02
1.880000000000000000e+03 3.931417155744763164e-02 5.270416958637608867e-02 6.575206139002726102e-02 -1.951837309838672354e+02
1.890000000000000000e+03 3.525345503506950584e-02 5.211088498974186800e-02 6.291542280175642377e-02 -1.962476183042638525e+02
1.900000000000000000e+03 3.142734649918616646e-02 5.127995873425663514e-02 6.014409593440549900e-02 -1.973126535569919326e+02
1.910000000000000000e+03 2.784865899428216190e-02 5.024532741484145221e-02 5.744685139156393422e-02 -1.983789362048896123e+02
1.920000000000000000e+03 2.452551154543290354e-02 4.904115467198748995e-02 5.483188459397472792e-02 -1.994465611555251314e+02
1.930000000000000000e+03 2.146142972704718696e-02 4.770113592620815052e-02 5.230670448976470349e-02 -2.005156158286573884e+02
1.940000000000000000e+03 1.865550451006941016e-02 4.625777895478151713e-02 4.987795066314019976e-02 -2.015861762299633426e+02
1.950000000000000000e+03 1.610268428258334467e-02 4.474174134284705784e-02 4.755123404807477805e-02 -2.026583027131934784e+02
1.960000000000000000e+03 1.379426375247997522e-02 4.318127761698221240e-02 4.533105391569747927e-02 -2.037320371093351525e+02
1.970000000000000000e+03 1.171851691119958280e-02 4.160179915967597564e-02 4.322075117255699817e-02 -2.048074016646758935e+02
1.980000000000000000e+03 9.861310187445704659e-03 4.002554316856946071e-02 4.122243981804131485e-02 -2.058843974581902785e+02
1.990000000000000000e+03 8.206633270482871848e-03 3.847137204556412560e-02 3.933694569618247788e-02 -2.069630009081969888e+02
2.000000000000000000e+03 6.737151509434382950e-03 3.695468053579928358e-02 3.756378074640592118e-02 -2.080431611229406315e+02
2.010000000000000000e+03 5.434747705895130732e-03 3.548741063881452606e-02 3.590115313572223715e-02 -2.091247981495052386e+02
2.020000000000000000e+03 4.281002554753527735e-03 3.407813172290605902e-02 3.434597566815568437e-02 -2.102078015780517433e+02
2.030000000000000000e+03 3.257746800863405706e-03 3.273219878057175014e-02 3.289391662951371420e-02 -2.112920336525166647e+02
2.040000000000000000e+03 2.347634512903443594e-03 3.145198982010229821e-02 3.153948400735170216e-02 -2.123773367442669269e+02
2.050000000000000000e+03 1.534615103180720069e-03 3.023720653730380820e-02 3.027612430108052310e-02 -2.134635420918678790e+02
2.060000000000000000e+03 8.042406924873453638e-04 2.908524877033281941e-02 2.909636573738375379e-02 -2.145504771688323729e+02
2.070000000000000000e+03 1.438643326727061993e-04 2.799166868924056820e-02 2.799203838512704864e-02 -2.156379725547284636e+02
2.080000000000000000e+03 -4.572787082998655181e-04 2.695060844277472403e-02 2.695448755314826250e-02 -2.167258673997945380e+02
2.090000000000000000e+03 -1.008025403979808006e-03 2.595519733998628495e-02 2.597476437184175618e-02 -2.178140154363201475e+02
2.100000000000000000e+03 -1.515240064221619505e-03 2.499795170651970821e-02 2.504383241386417755e-02 -2.189022925619854618e+02
2.110000000000000000e+03 -1.983876458298740840e-03 2.407111816715522615e-02 2.415273267394276238e-02 -2.199906016160375088e+02
2.120000000000000000e+03 -2.417124536847323202e-03 2.316698466593248087e-02 2.329273855814683117e-02 -2.210788743147862192e+02
2.130000000000000000e+03 -2.816549533580158145e-03 2.227823452845255001e-02 2.245557135723439887e-02 -2.221670741857765279e+02
2.140000000000000000e+03 -3.182195424688193108e-03 2.139827610214875900e-02 2.163359858795334961e-02 -2.232552023210069194e+02
2.150000000000000000e+03 -3.512798832600047202e-03 2.052145015138890499e-02 2.081993448486944495e-02 -2.243432992526566636e+02
2.160000000000000000e+03 -3.806029714326964603e-03 1.964321025830639139e-02 2.000853746375214764e-02 -2.254314465345077281e+02
2.170000000000000000e+03 -4.058756103682740514e-03 1.876026832215511517e-02 1.919430042039663858e-02 -2.265197683271285314e+02
2.180000000000000000e+03 -4.267336466875386487e-03 1.787068234983403558e-02 1.837311754085827961e-02 -2.276084326913681082e+02
2.190000000000000000e+03 -4.427869085000352319e-03 1.697391196841360750e-02 1.754194151584586095e-02 -2.286976566227834837e+02
2.200000000000000000e+03 -4.536451824399336495e-03 1.607083408226659196e-02 1.669883538618300092e-02 -2.297877127046884596e+02
2.210000000000000000e+03 -4.589490644818720010e-03 1.516366693334207129e-02 1.584298643703926923e-02 -2.308789343520898569e+02
2.220000000000000000e+03 -4.583933417633453966e-03 1.425584103442405388e-02 1.497469362544908214e-02 -2.319717267756583965e+02
2.230000000000000000e+03 -4.517445602718856736e-03 1.335178043744911745e-02 1.409529551387174277e-02 -2.330665830097769913e+02
2.240000000000000000e+03 -4.388602765823597374e-03 1.245664951602885352e-02 1.320711745239575019e-02 -2.341641017760238412e+02
2.250000000000000000e+03 -4.197044990326269376e-03 1.157616072656443562e-02 1.231351630599788159e-02 -2.352650136394369724e+02
2.260000000000000000e+03 -3.943524220876576912e-03 1.071641626463985981e-02 1.141897372085941623e-02 -2.363702230661106114e+02
2.270000000000000000e+03 -3.629917993008290912e-03 9.883714144106393526e-03 1.052920271997714527e-02 -2.374808631075644882e+02
2.280000000000000000e+03 -3.259252175170939195e-03 9.084354733040532134e-03 9.651332843554428012e-03 -2.385983611071545170e+02
2.290000000000000000e+03 -2.835677311197529540e-03 8.324450667822929500e-03 8.794176751365534797e-03 -2.397245170598124560e+02
2.300000000000000000e+03 -2.364358485714804312e-03 7.609735161317025126e-03 7.968579564411479299e-03 -2.408615872370837963e+02
2.310000000000000000e+03 -1.851323644248266051e-03 6.945379555310887340e-03 7.187885391621317600e-03 -2.420123351923862174e+02
2.320000000000000000e+03 -1.303332292339366618e-03 6.335863556030432373e-03 6.468527039820517500e-03 -2.431799559475006447e+02
2.330000000000000000e+03 -7.277876575463784877e-04 5.784889112542095958e-03 5.830490281175754359e-03 -2.443676821781742490e+02
2.340000000000000000e+03 -1.326357614465898153e-04 5.295311463103892502e-03 5.296972317890098411e-03 -2.455777905217546504e+02
2.350000000000000000e+03 4.737775577774183699e-04 4.869085990613204740e-03 4.892081720314912265e-03 -2.468098308871962843e+02
2.360000000000000000e+03 1.082909058923379585e-03 4.507260903698463196e-03 4.635525092576568522e-03 -2.480586227224048059e+02
2.370000000000000000e+03 1.686265195798138496e-03 4.209982870037173516e-03 4.535134626068621118e-03 -2.493138045916057877e+02
2.380000000000000000e+03 2.275599706553719723e-03 3.976457316816600814e-03 4.581546334692213757e-03 -2.505626118258761892e+02
2.390000000000000000e+03 2.843036883257541933e-03 3.804927229931947229e-03 4.749771567627264490e-03 -2.517945389579514028e+02
2.400000000000000000e+03 3.381164476224638588e-03 3.692722541527942558e-03 5.006842616259474937e-03 -2.530042162637068088e+02
2.410000000000000000e+03 3.883168287166112714e-03 3.636314876555356811e-03 5.319941900802150660e-03 -2.541910479443058080e+02
2.420000000000000000e+03 4.343017836979204058e-03 3.631376280943582162e-03 5.661156915871452117e-03 -2.553572362761719887e+02
2.430000000000000000e+03 4.755658494531548805e-03 3.672914799413510428e-03 6.008876004741724175e-03 -2.565059925929937208e+02
2.440000000000000000e+03 5.117144861980214322e-03 3.755454409954401673e-03 6.347330885004851507e-03 -2.576405144652562740e+02
2.450000000000000000e+03 5.424660548266535022e-03 3.873213495560986260e-03 6.665487592525781366e-03 -2.587635683984191246e+02
2.460000000000000000e+03 5.676463557843579137e-03 4.020310096591673057e-03 6.955942193282167729e-03 -2.598773932466658607e+02
2.470000000000000000e+03 5.871832704650985571e-03 4.190959056361745309e-03 7.214052753030672852e-03 -2.609837416622621618e+02
2.480000000000000000e+03 6.011019270566388129e-03 4.379602276930390746e-03 7.437289074334434147e-03 -2.620839684040574866e+02
2.490000000000000000e+03 6.095164743629980647e-03 4.580996392259329558e-03 7.624733516516031193e-03 -2.631791186325208400e+02
2.500000000000000000e+03 6.126166461264077011e-03 4.790325014944943512e-03 7.776704267228123045e-03 -2.642699949777979214e+02
2.510000000000000000e+03 6.106503625209506667e-03 5.003343500025392125e-03 7.894481154828554559e-03 -2.653572025064365221e+02
2.520000000000000000e+03 6.039043448376585875e-03 5.216475558183405678e-03 7.980079136230732589e-03 -2.664411828252511327e+02
2.530000000000000000e+03 5.926830259167095022e-03 5.426825180277628467e-03 8.036028151909001618e-03 -2.675222419122900988e+02
2.540000000000000000e+03 5.772875199721957951e-03 5.632134041224673426e-03 8.065173397384994836e-03 -2.686005708891408403e+02
2.550000000000000000e+03 5.579982837354503268e-03 5.830695776174797500e-03 8.070515578293213990e-03 -2.696762629752763019e+02
2.560000000000000000e+03 5.350610295133334873e-03 6.021237739121595989e-03 8.055081280869173799e-03 -2.707493268443976149e+02
2.570000000000000000e+03 5.086810634444705742e-03 6.202809298510329403e-03 8.021875443085984062e-03 -2.718196995817449420e+02
2.580000000000000000e+03 4.790307307895071143e-03 6.374653814540303352e-03 7.973910919950520995e-03 -2.728872689107975020e+02
2.590000000000000000e+03 4.462569901753296597e-03 6.535998132334899444e-03 7.914151989563994460e-03 -2.739519000114787559e+02
2.600000000000000000e+03 4.104784116026903573e-03 6.685817400282214641e-03 7.845343010289811819e-03 -2.750134496981546022e+02
2.610000000000000000e+03 3.717817500909635382e-03 6.822724988198548661e-03 7.769925561719292183e-03 -2.760717652498125858e+02
2.620000000000000000e+03 3.302280233385359535e-03 6.944992955920412797e-03 7.690122359078027485e-03 -2.771266817651119254e+02
2.630000000000000000e+03 2.858652433724080677e-03 7.050561793158227793e-03 7.608042805871900217e-03 -2.781780291269487293e+02
2.640000000000000000e+03 2.387440573382216494e-03 7.137001459057103550e-03 7.525733340878803211e-03 -2.792256475588738454e+02
2.650000000000000000e+03 1.889365574318265743e-03 7.201448449833636536e-03 7.445170384150404282e-03 -2.802694095729717105e+02
2.660000000000000000e+03 1.365559726526703078e-03 7.240598902563799739e-03 7.368244420112554476e-03 -2.813092411408322278e+02
2.670000000000000000e+03 8.177401961401293802e-04 7.250850763629170838e-03 7.296816828234419655e-03 -2.823451370488339194e+02
2.680000000000000000e+03 2.483330272230533427e-04 7.228532514658845241e-03 7.232796942254766069e-03 -2.833771741092168099e+02
2.690000000000000000e+03 -3.394582165189194401e-04 7.170106863638722045e-03 7.178137942165873329e-03 -2.844055248468799277e+02
2.700000000000000000e+03 -9.416136010314124635e-04 7.072323830188264639e-03 7.134731987446771111e-03 -2.854304708755103661e+02
2.710000000000000000e+03 -1.553292625260887941e-03 6.932349810968932609e-03 7.104237600286947979e-03 -2.864524093364138935e+02
2.720000000000000000e+03 -2.168896796924840373e-03 6.747905264967974867e-03 7.087900872662747896e-03 -2.874718445501724773e+02
2.730000000000000000e+03 -2.782194386471655012e-03 6.517437401970040643e-03 7.086437461285633940e-03 -2.884893671273048312e+02
2.740000000000000000e+03 -3.386493525630388576e-03 6.240322008698081721e-03 7.099996983899232832e-03 -2.895056277222674908e+02
2.750000000000000000e+03 -3.974808812392468214e-03 5.917062776831434091e-03 7.128165051402565906e-03 -2.905213169268865840e+02
2.760000000000000000e+03 -4.540001657146448474e-03 5.549436043727339063e-03 7.169927157950256591e-03 -2.915371516929978952e+02
2.770000000000000000e+03 -5.075006985409948913e-03 5.140519059329782918e-03 7.223616275889281450e-03 -2.925538477982752283e+02
2.780000000000000000e+03 -5.573151975885867922e-03 4.694625757969654936e-03 7.286942702787822974e-03 -2.935720812989828232e+02
2.790000000000000000e+03 -6.028435106733879070e-03 4.217190096087704634e-03 7.357086525428509390e-03 -2.945924604317374929e+02
2.800000000000000000e+03 -6.435729132379100145e-03 3.714586645806627549e-03 7.430798302642723126e-03 -2.956155092538705844e+02
2.810000000000000000e+03 -6.790980317358863427e-03 3.193953764246557341e-03 7.504582221476438844e-03 -2.966416620885089515e+02
2.820000000000000000e+03 -7.091418046534726100e-03 2.662979674943757348e-03 7.574937006991011405e-03 -2.976712644963936896e+02
2.830000000000000000e+03 -7.335705095790697947e-03 2.129586544031767271e-03 7.638567149729770002e-03 -2.987045748011034334e+02
2.840000000000000000e+03 -7.523977297768573089e-03 1.601603399987711410e-03 7.692552751082638862e-03 -2.997417728514237751e+02
2.850000000000000000e+03 -7.657776917021065673e-03 1.086505232927543986e-03 7.734470953597252611e-03 -3.007829785961400830e+02
2.860000000000000000e+03 -7.739914835852546547e-03 5.911929087391195855e-04 7.762460352336350740e-03 -3.018282710581503920e+02
2.870000000000000000e+03 -7.774302196487361399e-03 1.217957884345483705e-04 7.775256192331453202e-03 -3.028777019097593097e+02
2.880000000000000000e+03 -7.765775244142887265e-03 -3.164824264879498110e-04 7.772221450062923725e-03 -3.039313057835842073e+02
2.890000000000000000e+03 -7.719933166426010997e-03 -7.194913366390632507e-04 7.753388670612547211e-03 -3.049891060131494669e+02
2.900000000000000000e+03 -7.642965661665067183e-03 -1.084227548926599812e-03 7.719486607491635351e-03 -3.060511174701500750e+02
2.910000000000000000e+03 -7.541449566536690373e-03 -1.408864625018638531e-03 7.671920300436218046e-03 -3.071173494820959604e+02
2.920000000000000000e+03 -7.422122921951960703e-03 -1.692756446366070313e-03 7.612708654301607834e-03 -3.081878030606505945e+02
2.930000000000000000e+03 -7.291652905045953141e-03 -1.936402052587968964e-03 7.544392288112541228e-03 -3.092624638858561639e+02
2.940000000000000000e+03 -7.156418482441887115e-03 -2.141334548158192394e-03 7.469915604809179883e-03 -3.103412968404435333e+02
2.950000000000000000e+03 -7.022341598592483393e-03 -2.309978410808212392e-03 7.392515254344929343e-03 -3.114242390318361231e+02
2.960000000000000000e+03 -6.894792655364780955e-03 -2.445519436720727455e-03 7.315649737094510885e-03 -3.125111891647094353e+02
2.970000000000000000e+03 -6.778534413044814619e-03 -2.551753099376371202e-03 7.242925698156078840e-03 -3.136019988181687381e+02
2.980000000000000000e+03 -6.677675733530259207e-03 -2.632914522603673532e-03 7.177993597483645592e-03 -3.146964658410414017e+02
2.990000000000000000e+03 -6.595641481275068586e-03 -2.693554889658356013e-03 7.124445556892046449e-03 -3.157943236714192494e+02
3.000000000000000000e+03 -6.535180678569349824e-03 -2.738457268447755041e-03 7.085741648738012530e-03 -3.168952309059898766e+02
3.010000000000000000e+03 -6.498389904790883957e-03 -2.772570851035257699e-03 7.065141221426394190e-03 -3.179987650804152395e+02
3.020000000000000000e+03 -6.486702066230902279e-03 -2.800956669277402875e-03 7.065597070256258126e-03 -3.191044207177272938e+02
3.030000000000000000e+03 -6.500859306715505749e-03 -2.828725198647342749e-03 7.089630313011536372e-03 -3.202116164531238383e+02
3.040000000000000000e+03 -6.540910307409997237e-03 -2.860959343256455536e-03 7.139229371112035608e-03 -3.213197146971471625e+02
3.050000000000000000e+03 -6.606228655424420046e-03 -2.902620199344267942e-03 7.215778618374603208e-03 -3.224280525276737990e+02
3.060000000000000000e+03 -6.695532155029631192e-03 -2.958434478162617377e-03 7.320005833373157897e-03 -3.235359792831612253e+02
3.070000000000000000e+03 -6.806909263038669715e-03 -3.032789436801334830e-03 7.451967893329613721e-03 -3.246428931384210159e+02
3.080000000000000000e+03 -6.937874642616326595e-03 -3.129673393092216680e-03 7.611107679180999404e-03 -3.257482686442043587e+02
3.090000000000000000e+03 -7.085449218808530930e-03 -3.252647283112492221e-03 7.796364856819715076e-03 -3.268516739893087220e+02
3.100000000000000000e+03 -7.246243196343507727e-03 -3.404780030873888995e-03 8.006283002691834058e-03 -3.279527837148283993e+02
3.110000000000000000e+03 -7.416534847770045805e-03 -3.588537210414230461e-03 8.239089055151364166e-03 -3.290513872801725483e+02
3.120000000000000000e+03 -7.592342979686546485e-03 -3.805702255150976519e-03 8.492764071611598464e-03 -3.301473853771552740e+02
3.130000000000000000e+03 -7.769486576405559494e-03 -4.057367017465300131e-03 8.765109741204696672e-03 -3.312407729895554098e+02
3.140000000000000000e+03 -7.943646686865906553e-03 -4.343928689519075889e-03 9.053796946330450873e-03 -3.323316204451808744e+02
3.150000000000000000e+03 -8.110474383366232318e-03 -4.665074481978474449e-03 9.356426382206328371e-03 -3.334200586806226738e+02
3.160000000000000000e+03 -8.265723982007337420e-03 -5.019805102098534935e-03 9.670606817040268768e-03 -3.345062641337333957e+02
3.170000000000000000e+03 -8.405351475727410732e-03 -5.406514455551199479e-03 9.994014808303870734e-03 -3.355904405004802129e+02
3.180000000000000000e+03 -8.525566106302895353e-03 -5.823082139595881987e-03 1.032441586906597195e-02 -3.366728018751713876e+02
3.190000000000000000e+03 -8.622872329474066261e-03 -6.266942595190422294e-03 1.065966681945648697e-02 -3.377535619230318389e+02
3.200000000000000000e+03 -8.694114378907999777e-03 -6.735134012497286451e-03 1.099771135281485054e-02 -3.388329282349929485e+02
3.210000000000000000e+03 -8.736508541950911699e-03 -7.224354742322637926e-03 1.133657280426941111e-02 -3.399110979758734175e+02
3.220000000000000000e+03 -8.747659182616621121e-03 -7.731042323060594371e-03 1.167435465352029828e-02 -3.409882532564971598e+02
3.230000000000000000e+03 -8.725555426090724626e-03 -8.251456060393081923e-03 1.200923996805705433e-02 -3.420645572739044269e+02
3.240000000000000000e+03 -8.668562012802281252e-03 -8.781741958133587253e-03 1.233948780091956125e-02 -3.431401528158240239e+02
3.250000000000000000e+03 -8.575418490646377276e-03 -9.317993239021563068e-03 1.266344346108795767e-02 -3.442151624710886040e+02
3.260000000000000000e+03 -8.445246556101361143e-03 -9.856315740129817718e-03 1.297956660919280004e-02 -3.452896897799963085e+02
3.270000000000000000e+03 -8.277546789147839298e-03 -1.039287305145240869e-02 1.328644388503324829e-02 -3.463638213834354360e+02
3.280000000000000000e+03 -8.072163291528676454e-03 -1.092390613306292758e-02 1.358276648584789970e-02 -3.474376285403116640e+02
3.290000000000000000e+03 -7.829228540254810215e-03 -1.144574039395959870e-02 1.386729219067150444e-02 -3.485111675709687802e+02
3.300000000000000000e+03 -7.549117750130578466e-03 -1.195477737946158345e-02 1.413880762291583500e-02 -3.495844808436054336e+02
3.310000000000000000e+03 -7.232429733543409463e-03 -1.244748654750908734e-02 1.439610923829985623e-02 -3.506575985831578919e+02
3.320000000000000000e+03 -6.879988004493512409e-03 -1.292041197146704366e-02 1.463800807672968607e-02 -3.517305407965947097e+02
3.330000000000000000e+03 -6.492840588032836556e-03 -1.337017515393251581e-02 1.486332945703757770e-02 -3.528033189529244851e+02
3.340000000000000000e+03 -6.072258388166456092e-03 -1.379345346172887281e-02 1.507088850511269923e-02 -3.538759379156047657e+02
3.350000000000000000e+03 -5.619750557601073566e-03 -1.418696076359883713e-02 1.525947089638269444e-02 -3.549483981965676094e+02
3.360000000000000000e+03 -5.137085141797321716e-03 -1.454745855279343525e-02 1.542783828341863506e-02 -3.560206973177267855e+02
3.370000000000000000e+03 -4.626306373197866008e-03 -1.487177159748498748e-02 1.557473277801106788e-02 -3.570928308198768377e+02
3.380000000000000000e+03 -4.089760976871397585e-03 -1.515680358369054549e-02 1.569888020600560680e-02 -3.581647938248289620e+02
3.390000000000000000e+03 -3.530120649762531846e-03 -1.539957373579266091e-02 1.579900702721518876e-02 -3.592365820680046227e+02
3.400000000000000000e+03 -2.950398078328816866e-03 -1.559726481273817494e-02 1.587386274538389597e-02 -3.603081926994356081e+02
3.410000000000000000e+03 -2.353964414384639939e-03 -1.574727149686020247e-02 1.592223941724325853e-02 -3.613796256246268968e+02
3.420000000000000000e+03 -1.744560314610672401e-03 -1.584726722008941366e-02 1.594300376454308235e-02 -3.624508847818380559e+02
3.430000000000000000e+03 -1.126298636319759874e-03 -1.589528452521716401e-02 1.593513786434820959e-02 -3.635219795813764563e+02
3.440000000000000000e+03 -5.036607520407952645e-04 -1.588977591312295407e-02 1.589775621659889060e-02 -3.645929269550702543e+02
3.450000000000000000e+03 1.185340424126533052e-04 -1.582965540258602158e-02 1.583009919374580091e-02 -3.656637524452212347e+02
3.460000000000000000e+03 7.351931504281446379e-04 -1.571434104598603762e-02 1.573152959753112978e-02 -3.667344896411495370e+02
3.470000000000000000e+03 1.341031919825520346e-03 -1.554380988922760866e-02 1.560155096400485733e-02 -3.678051791697596400e+02
3.480000000000000000e+03 1.930666894277185660e-03 -1.531866450970077384e-02 1.543984964361453695e-02 -3.688758678125561232e+02
3.490000000000000000e+03 2.498720758993060089e-03 -1.504019849566522703e-02 1.524634960311593498e-02 -3.699466079450403413e+02
3.500000000000000000e+03 3.039937610893208783e-03 -1.471044553367359398e-02 1.502126587466251148e-02 -3.710174573008686139e+02
3.510000000000000000e+03 3.549301424361966072e-03 -1.433219923833492157e-02 1.476514394133379184e-02 -3.720884791786660344e+02
3.520000000000000000e+03 4.022152939807547949e-03 -1.390899763214678911e-02 1.447887873428973377e-02 -3.731597429202980720e+02
3.530000000000000000e+03 4.454311128621071987e-03 -1.344507823908692307e-02 1.416372184440679687e-02 -3.742313238672481361e+02
3.540000000000000000e+03 4.842197138176051671e-03 -1.294530734633540271e-02 1.382128269792806501e-02 -3.753033025379482979e+02
3.550000000000000000e+03 5.182947980206894199e-03 -1.241508262259156947e-02 1.345352096260699591e-02 -3.763757633761304078e+02
3.560000000000000000e+03 5.474504345766322520e-03 -1.186021647598240955e-02 1.306273067505332036e-02 -3.774487938249737340e+02
3.570000000000000000e+03 5.715673175683663038e-03 -1.128680736567035797e-02 1.265151929062199344e-02 -3.785224835220856789e+02
3.580000000000000000e+03 5.906168840331424072e-03 -1.070110907335061930e-02 1.222278878858048395e-02 -3.795969233900879090e+02
3.590000000000000000e+03 6.046627282761840583e-03 -1.010939178317122461e-02 1.177970728508521622e-02 -3.806722045597583701e+02
3.600000000000000000e+03 6.138595154130133298e-03 -9.517777704596285665e-03 1.132565419304421873e-02 -3.817484157201421908e+02
3.610000000000000000e+03 6.184503295653307441e-03 -8.932060900387095090e-03 1.086415173596956725e-02 -3.828256375573697596e+02
3.620000000000000000e+03 6.187621227161070256e-03 -8.357544801782754509e-03 1.039880818000890952e-02 -3.839039352287722977e+02
3.630000000000000000e+03 6.151969368242650102e-03 -7.798909447984347237e-03 9.933263093548635320e-03 -3.849833511535643993e+02
3.640000000000000000e+03 6.082172729923028542e-03 -7.260099612272686437e-03 9.471107194871219298e-03 -3.860638992619547594e+02
3.650000000000000000e+03 5.983273855579318221e-03 -6.744240067421813228e-03 9.015782834445202135e-03 -3.871455602202501041e+02
3.660000000000000000e+03 5.860540501026400076e-03 -6.253578481758144750e-03 8.570482996405701798e-03 -3.882282754842112240e+02
3.670000000000000000e+03 5.719287646929820459e-03 -5.789445658313401889e-03 8.138054572125203584e-03 -3.893119382335261207e+02
3.680000000000000000e+03 5.564711322599830493e-03 -5.352250344824041085e-03 7.720919366081983870e-03 -3.903963831499418689e+02
3.690000000000000000e+03 5.401720445449513693e-03 -4.941528569288563058e-03 7.321016894658990623e-03 -3.914813795609522913e+02
3.700000000000000000e+03 5.234757516742805268e-03 -4.556040121117192580e-03 6.939754163104400880e-03 -3.925666309942685643e+02
3.710000000000000000e+03 5.067627146363279031e-03 -4.193892418237176074e-03 6.577961577138110964e-03 -3.936517803150912300e+02
3.720000000000000000e+03 4.903372685663583662e-03 -3.852678309260026013e-03 6.235879556979464014e-03 -3.947364168896421006e+02
3.730000000000000000e+03 4.744218310339411854e-03 -3.529624018750861410e-03 5.913193138220898884e-03 -3.958200840199628487e+02
3.740000000000000000e+03 4.591562916469655795e-03 -3.221750158211753815e-03 5.609110811691705653e-03 -3.969022882479798682e+02
3.750000000000000000e+03 4.446014885062679264e-03 -2.926039402590617164e-03 5.322476392029537769e-03 -3.979825108043836508e+02
3.760000000000000000e+03 4.307461094715121439e-03 -2.639597380228532290e-03 5.051900178367910513e-03 -3.990602197255873307e+02
3.770000000000000000e+03 4.175164406048223129e-03 -2.359801126628129336e-03 4.795900246540518545e-03 -4.001348818849497206e+02
3.780000000000000000e+03 4.047881733022242433e-03 -2.084426054668196953e-03 4.553040577670572353e-03 -4.012059740480728465e+02
3.790000000000000000e+03 3.923992009478744457e-03 -1.811734152988339185e-03 4.322047423566452613e-03 -4.022729906971545688e+02
3.800000000000000000e+03 3.801628667084677466e-03 -1.540503544212303184e-03 4.101893671480367522e-03 -4.033354440516098975e+02
3.810000000000000000e+03 3.678816874591516080e-03 -1.270011834429334366e-03 3.891866346159623003e-03 -4.043928568078498529e+02
3.820000000000000000e+03 3.553608405176320647e-03 -1.000002020481868857e-03 3.691630634056935860e-03 -4.054447548611938714e+02
3.830000000000000000e+03 3.424200219881045303e-03 -7.306448844812123578e-04 3.501283920657101336e-03 -4.064906682390385413e+02
3.840000000000000000e+03 3.289019934495897562e-03 -4.624994219782010301e-04 3.321378907147085578e-03 -4.075301472860907666e+02
3.850000000000000000e+03 3.146772687703928463e-03 -1.964535200623448573e-04 3.152899036382911680e-03 -4.085627933191731245e+02
3.860000000000000000e+03 2.996468293960279691e-03 6.635757647470238063e-05 2.997202956869091366e-03 -4.095883024351581412e+02
3.870000000000000000e+03 2.837445617741833018e-03 3.246367020861063205e-04 2.855956341049994875e-03 -4.106065278072441629e+02
3.880000000000000000e+03 2.669393053296655223e-03 5.769968078229077181e-04 2.731040935106295031e-03 -4.116175663046590216e+02
3.890000000000000000e+03 2.492350319057487409e-03 8.220091371120064917e-04 2.624406434682247363e-03 -4.126218653072727420e+02
3.900000000000000000e+03 2.306675356610076756e-03 1.058240086393837185e-03 2.537838308727146004e-03 -4.136203186226309754e+02
3.910000000000000000e+03 2.112996782618916953e-03 1.284296535174266974e-03 2.472685381041939395e-03 -4.146143031083933579e+02
3.920000000000000000e+03 1.912174326606444139e-03 1.498877483684392040e-03 2.429618152391207000e-03 -4.156056222055633498e+02
3.930000000000000000e+03 1.705261602273130473e-03 1.700815772005512955e-03 2.408462460261698215e-03 -4.165963511783488684e+02
3.940000000000000000e+03 1.493464951935711800e-03 1.889103507546204984e-03 2.408142359762751542e-03 -4.175886110105766988e+02
3.950000000000000000e+03 1.278099506249051349e-03 2.062904406285207253e-03 2.426749459121190899e-03 -4.185843278493408093e+02
3.960000000000000000e+03 1.060551101465267250e-03 2.221563818172208118e-03 2.461729968341587211e-03 -4.195850438484334859e+02
3.970000000000000000e+03 8.422487008133030910e-04 2.364625875086303741e-03 2.510147087951095524e-03 -4.205918235960538141e+02
3.980000000000000000e+03 6.246388382433996651e-04 2.491847968133826304e-03 2.568945303920412704e-03 -4.216052596629518234e+02
3.990000000000000000e+03 4.091600772340531298e-04 2.603196699170292304e-03 2.635155597564076049e-03 -4.226255483093679004e+02
4.000000000000000000e+03 1.972149440440679885e-04 2.698829182918752873e-03 2.706025257222890047e-03 -4.236525923578406037e+02
4.010000000000000000e+03 -9.865142962380070874e-06 2.779084364829431664e-03 2.779101874326501357e-03 -4.246860979848256079e+02
4.020000000000000000e+03 -2.108502105151777476e-04 2.844498389064088230e-03 2.852302385207867042e-03 -4.257256574482232168e+02
4.030000000000000000e+03 -4.046271641860292069e-04 2.895819742408617219e-03 2.923951969940808814e-03 -4.267708185700115564e+02
4.040000000000000000e+03 -5.902119834499104743e-04 2.933996531692619966e-03 2.992772265541131932e-03 -4.278211340292473892e+02
4.050000000000000000e+03 -7.667714525548594397e-04 2.960144839837538979e-03 3.057841711611295442e-03 -4.288761868620012478e+02
4.060000000000000000e+03 -9.336504096812686801e-04 2.975520092380881752e-03 3.118561031575353172e-03 -4.299355997224055272e+02
4.070000000000000000e+03 -1.090399484267273126e-03 2.981495576120356521e-03 3.174631774822962542e-03 -4.309990356410680192e+02
4.080000000000000000e+03 -1.236798478360125056e-03 2.979531985573091995e-03 3.226031823948277959e-03 -4.320661937880316827e+02
4.090000000000000000e+03 -1.372867550654084234e-03 2.971123172858873476e-03 3.272970855345021853e-03 -4.331368016848401794e+02
4.100000000000000000e+03 -1.498856299110398142e-03 2.957731032156108407e-03 3.315832182720072040e-03 -4.342106077145862173e+02
4.110000000000000000e+03 -1.615216661194017987e-03 2.940744465488709988e-03 3.355130828134907008e-03 -4.352873772044923726e+02
4.120000000000000000e+03 -1.722569894866737318e-03 2.921463257228410892e-03 3.391488553133688386e-03 -4.363668913174915929e+02
4.130000000000000000e+03 -1.821667157779465829e-03 2.901067820087130811e-03 3.425589836871515380e-03 -4.374489443326802416e+02
4.140000000000000000e+03 -1.913352951640313318e-03 2.880573547871479942e-03 3.458124272238865919e-03 -4.385333364778655323e+02
4.150000000000000000e+03 -1.998528873744035740e-03 2.860810791347956870e-03 3.489750140494520762e-03 -4.396198698827277553e+02
4.160000000000000000e+03 -2.078111104685618788e-03 2.842437331875834715e-03 3.521078776321128444e-03 -4.407083515905666218e+02
4.170000000000000000e+03 -2.152983761649955152e-03 2.825958511326179690e-03 3.552658242170961874e-03 -4.417985995738264933e+02
4.180000000000000000e+03 -2.223958072970680985e-03 2.811738743355440828e-03 3.584949688798644458e-03 -4.428904466017980894e+02
4.190000000000000000e+03 -2.291748531500675205e-03 2.800003650805362853e-03 3.618305097163430559e-03 -4.439837393229155964e+02
4.200000000000000000e+03 -2.356967806180540036e-03 2.790842608389457712e-03 3.652957665258876278e-03 -4.639278901504554256e+02
