0.000000000000000000e+00 2.691722258909413079e-01 6.226197128642829703e-01
1.000000000000000000e+01 2.693323162924223801e-01 6.224574186843577772e-01
2.000000000000000000e+01 2.692578085877527228e-01 6.225289450108734135e-01
3.000000000000000000e+01 2.689680306513058672e-01 6.228162604330700347e-01
4.000000000000000000e+01 2.684971308552985825e-01 6.232850887366301329e-01
5.000000000000000000e+01 2.678911882018915058e-01 6.238893188245440147e-01
6.000000000000000000e+01 2.672026196057544212e-01 6.245767391479432051e-01
7.000000000000000000e+01 2.664841338348161726e-01 6.252945710876779417e-01
8.000000000000000000e+01 2.657841063755818078e-01 6.259940528873954024e-01
9.000000000000000000e+01 2.651436256918316969e-01 6.266338074285773274e-01
1.000000000000000000e+02 2.645941817004848207e-01 6.271822486554791132e-01
1.100000000000000000e+02 2.641559997447319175e-01 6.276191284227928824e-01
1.200000000000000000e+02 2.638374616957752661e-01 6.279361329563070138e-01
1.300000000000000000e+02 2.636354743222502628e-01 6.281365053785554764e-01
1.400000000000000000e+02 2.635365917906830058e-01 6.282338803090101731e-01
1.500000000000000000e+02 2.635187544393786108e-01 6.282505129798083843e-01
1.600000000000000000e+02 2.635534742914372730e-01 6.282150483675886798e-01
1.700000000000000000e+02 2.636082868628564224e-01 6.281600199937632523e-01
1.800000000000000000e+02 2.636492846552726532e-01 6.281193158975105773e-01
1.900000000000000000e+02 2.636434676505370889e-01 6.281258576430470697e-01
2.000000000000000000e+02 2.635606998651611188e-01 6.282096758678783477e-01
2.100000000000000000e+02 2.633751951226781518e-01 6.283964427880629477e-01
2.200000000000000000e+02 2.630665286053430196e-01 6.287064442965871747e-01
2.300000000000000000e+02 2.626202166628670009e-01 6.291540207904743331e-01
2.400000000000000000e+02 2.620278735724040353e-01 6.297474770794138088e-01
2.500000000000000000e+02 2.612869155013769484e-01 6.304893512918133824e-01
2.600000000000000000e+02 2.603999616985923082e-01 6.313769523308484510e-01
2.700000000000000000e+02 2.593741215971691605e-01 6.324031191681269704e-01
2.800000000000000000e+02 2.582202267762508385e-01 6.335570618386250352e-01
2.900000000000000000e+02 2.569520395229674126e-01 6.348251853860700233e-01
3.000000000000000000e+02 2.555854075481903687e-01 6.361918840974352118e-01
3.100000000000000000e+02 2.541373192778808021e-01 6.376403118024367433e-01
3.200000000000000000e+02 2.526250410173357386e-01 6.391531205230548407e-01
3.300000000000000000e+02 2.510656407385875033e-01 6.407130700216662200e-01
3.400000000000000000e+02 2.494757432066435909e-01 6.423034633919446623e-01
3.500000000000000000e+02 2.478712195283153674e-01 6.439084789758859895e-01
3.600000000000000000e+02 2.462668235628114877e-01 6.455134341154381561e-01
3.700000000000000000e+02 2.446759084496427650e-01 6.471049792963542435e-01
3.800000000000000000e+02 2.431103335269989563e-01 6.486711982586561565e-01
3.900000000000000000e+02 2.415805106704884408e-01 6.502016297983176374e-01
4.000000000000000000e+02 2.400954481821490349e-01 6.516872557652884090e-01
4.100000000000000000e+02 2.386627769614914352e-01 6.531204497796734287e-01
4.200000000000000000e+02 2.372888230945021382e-01 6.544948888835221412e-01
4.300000000000000000e+02 2.359787125285944809e-01 6.558054478825452449e-01
4.400000000000000000e+02 2.347364648492633044e-01 6.570481042409844763e-01
4.500000000000000000e+02 2.335650709204039055e-01 6.582198581084208744e-01
4.600000000000000000e+02 2.324665480920333482e-01 6.593186681642796421e-01
4.700000000000000000e+02 2.314420287008278065e-01 6.603433603150276054e-01
4.800000000000000000e+02 2.304919160606663242e-01 6.612935301359118556e-01
4.900000000000000000e+02 2.296159918520659371e-01 6.621694633919298356e-01
5.000000000000000000e+02 2.288133982605549399e-01 6.629720826572580439e-01
5.100000000000000000e+02 2.280825938224377847e-01 6.637029287221539731e-01
5.200000000000000000e+02 2.274213821127626656e-01 6.643641654261830398e-01
5.300000000000000000e+02 2.268269750228058268e-01 6.649585428011520749e-01
5.400000000000000000e+02 2.262960261365282721e-01 6.654893527202037085e-01
5.500000000000000000e+02 2.258246485752924693e-01 6.659604216773616914e-01
5.600000000000000000e+02 2.254084375622663339e-01 6.663761286111783422e-01
5.700000000000000000e+02 2.250424865848694722e-01 6.667413585900070494e-01
5.800000000000000000e+02 2.247214563685202282e-01 6.670614488689923238e-01
5.900000000000000000e+02 2.244396466258939682e-01 6.673421103981758140e-01
6.000000000000000000e+02 2.241910501378868992e-01 6.675893449808857349e-01
6.100000000000000000e+02 2.239694370292621972e-01 6.678093638007671640e-01
6.200000000000000000e+02 2.237684829756751148e-01 6.680084567086250757e-01
6.300000000000000000e+02 2.235819204173511709e-01 6.681928298604519201e-01
6.400000000000000000e+02 2.234036792179239506e-01 6.683684923499317865e-01
6.500000000000000000e+02 2.232280257824306724e-01 6.685411725714804909e-01
6.600000000000000000e+02 2.230496668995291254e-01 6.687161762182101121e-01
6.700000000000000000e+02 2.228638261336365889e-01 6.688982754010108778e-01
6.800000000000000000e+02 2.226663200738438486e-01 6.690916589275891502e-01
6.900000000000000000e+02 2.224536182873130263e-01 6.692998541439389992e-01
7.000000000000000000e+02 2.222228814571557409e-01 6.695257003001474638e-01
7.100000000000000000e+02 2.219719339760006793e-01 6.697714063423024777e-01
7.200000000000000000e+02 2.216991788983785350e-01 6.700386089213440366e-01
7.300000000000000000e+02 2.214035225003139762e-01 6.703284289288443665e-01
7.400000000000000000e+02 2.210842988705534196e-01 6.706415340317487539e-01
7.500000000000000000e+02 2.207411886546019331e-01 6.709782550606172569e-01
7.600000000000000000e+02 2.203741313934458879e-01 6.713386811007593380e-01
7.700000000000000000e+02 2.199832351761484839e-01 6.717227290146929874e-01
7.800000000000000000e+02 2.195686976593289874e-01 6.721302092161209885e-01
7.900000000000000000e+02 2.191307668079071347e-01 6.725608755442994413e-01
8.000000000000000000e+02 2.186697336218999532e-01 6.730144292079345281e-01
8.100000000000000000e+02 2.181859670259937989e-01 6.734905177928970366e-01
8.200000000000000000e+02 2.176799571660065769e-01 6.739886946913048460e-01
8.300000000000000000e+02 2.171523732748923685e-01 6.745083381175959181e-01
8.400000000000000000e+02 2.166041276451519393e-01 6.750485901188378879e-01
8.500000000000000000e+02 2.160364241604351143e-01 6.756082582762956701e-01
8.600000000000000000e+02 2.154508339511007897e-01 6.761857340265393645e-01
8.700000000000000000e+02 2.148493879803087814e-01 6.767789868367865003e-01
8.800000000000000000e+02 2.142346066394497928e-01 6.773855352829668552e-01
8.900000000000000000e+02 2.136094609502459107e-01 6.780024092045924267e-01
9.000000000000000000e+02 2.129773265507287350e-01 6.786262059487550014e-01
9.100000000000000000e+02 2.123419343579962537e-01 6.792532066655834200e-01
9.200000000000000000e+02 2.117072597297237069e-01 6.798794633246799668e-01
9.300000000000000000e+02 2.110773721752037257e-01 6.805009226090091845e-01
9.400000000000000000e+02 2.104562757744814494e-01 6.811135916854302863e-01
9.500000000000000000e+02 2.098477628854915067e-01 6.817137100507321135e-01
9.600000000000000000e+02 2.092552609073435321e-01 6.822978768756682300e-01
9.700000000000000000e+02 2.086816996244849343e-01 6.828631678834352625e-01
9.800000000000000000e+02 2.081294351929674769e-01 6.834072237051138643e-01
9.900000000000000000e+02 2.076002073021171457e-01 6.839283065564871755e-01
1.000000000000000000e+03 2.070951187669954341e-01 6.844253447970960469e-01
1.010000000000000000e+03 2.066146335149068869e-01 6.848979326062739625e-01
1.020000000000000000e+03 2.061586062779617590e-01 6.853462467389533908e-01
1.030000000000000000e+03 2.057263476877792818e-01 6.857709621620408091e-01
1.040000000000000000e+03 2.053167287740287339e-01 6.861731831711044283e-01
1.050000000000000000e+03 2.049283138018282990e-01 6.865543278735424249e-01
1.060000000000000000e+03 2.045594980707929056e-01 6.869159994367279864e-01
1.070000000000000000e+03 2.042086271437286993e-01 6.872598670093289508e-01
1.080000000000000000e+03 2.038741049745477485e-01 6.875875459532024836e-01
1.090000000000000000e+03 2.035545184257286089e-01 6.879004638548308348e-01
1.100000000000000000e+03 2.032487599580508064e-01 6.881997274889355420e-01
1.110000000000000000e+03 2.029561281244256499e-01 6.884860264441803324e-01
1.120000000000000000e+03 2.026764052234261704e-01 6.887595949808653639e-01
1.130000000000000000e+03 2.024098859904950587e-01 6.890201542747732555e-01
1.140000000000000000e+03 2.021573761317171369e-01 6.892668883337985664e-01
1.150000000000000000e+03 2.019201774336164823e-01 6.894984977855390662e-01
1.160000000000000000e+03 2.017000304825632973e-01 6.897132627199351607e-01
1.170000000000000000e+03 2.014990245520171808e-01 6.899090948972468329e-01
1.180000000000000000e+03 2.013195078723717946e-01 6.900836431404401283e-01
1.190000000000000000e+03 2.011639840583115679e-01 6.902344009891254739e-01
1.200000000000000000e+03 2.010349969819891502e-01 6.903587957729410141e-01
1.210000000000000000e+03 2.009350277163311771e-01 6.904543073122153540e-01
1.220000000000000000e+03 2.008663960528116188e-01 6.905186066836755954e-01
1.230000000000000000e+03 2.008311786336076932e-01 6.905496390283309971e-01
1.240000000000000000e+03 2.008311429929384995e-01 6.905456528431846985e-01
1.250000000000000000e+03 2.008676907099627429e-01 6.905052375296987233e-01
1.260000000000000000e+03 2.009418279246567296e-01 6.904273663380016135e-01
1.270000000000000000e+03 2.010541649398289443e-01 6.903114323291064114e-01
1.280000000000000000e+03 2.012049099444639111e-01 6.901572238339707122e-01
1.290000000000000000e+03 2.013938825886134043e-01 6.899649142059558482e-01
1.300000000000000000e+03 2.016205517485732679e-01 6.897350438573348619e-01
1.310000000000000000e+03 2.018840696853641259e-01 6.894684494275997722e-01
1.320000000000000000e+03 2.021833139752454989e-01 6.891662238181696098e-01
1.330000000000000000e+03 2.025169444906091132e-01 6.888297026633007913e-01
1.340000000000000000e+03 2.028834493206322642e-01 6.884604161078887730e-01
1.350000000000000000e+03 2.032811712028928242e-01 6.880600284984876858e-01
1.360000000000000000e+03 2.037083498969075313e-01 6.876302997735869171e-01
1.370000000000000000e+03 2.041631589354685750e-01 6.871730808460286832e-01
1.380000000000000000e+03 2.046437045082975803e-01 6.866902874669601475e-01
1.390000000000000000e+03 2.051480261760285084e-01 6.861838827008943653e-01
1.400000000000000000e+03 2.056740957629721867e-01 6.856558692406866662e-01
1.410000000000000000e+03 2.062198106386870233e-01 6.851083161667497201e-01
1.420000000000000000e+03 2.067829857442195773e-01 6.845433994840575131e-01
1.430000000000000000e+03 2.073613254859998922e-01 6.839634043885673975e-01
1.440000000000000000e+03 2.079523971922990766e-01 6.833707806993671863e-01
1.450000000000000000e+03 2.085536098594288346e-01 6.827681613776610536e-01
1.460000000000000000e+03 2.091622025162571397e-01 6.821583050652328950e-01
1.470000000000000000e+03 2.097752416308410472e-01 6.815441232413215200e-01
1.480000000000000000e+03 2.103896302300046484e-01 6.809286731523982450e-01
1.490000000000000000e+03 2.110021531276443374e-01 6.803151673299818736e-01
1.500000000000000000e+03 2.116095209260502874e-01 6.797068884055523785e-01
1.510000000000000000e+03 2.122084338404623682e-01 6.791071321038076869e-01
1.520000000000000000e+03 2.127956655432179933e-01 6.785191123017224601e-01
1.530000000000000000e+03 2.133681529815522893e-01 6.779458813554711805e-01
1.540000000000000000e+03 2.139230932211829417e-01 6.773902683278796300e-01
1.550000000000000000e+03 2.144580137714712509e-01 6.768547517096924482e-01
1.560000000000000000e+03 2.149708339581651584e-01 6.763413616177432752e-01
1.570000000000000000e+03 2.154599462430714096e-01 6.758516556990689095e-01
1.580000000000000000e+03 2.159242830642288113e-01 6.753866924988748410e-01
1.590000000000000000e+03 2.163633467200093974e-01 6.749469873003676179e-01
1.600000000000000000e+03 2.167772016393026413e-01 6.745324803990798701e-01
1.610000000000000000e+03 2.171664494343705509e-01 6.741425894732606672e-01
1.620000000000000000e+03 2.175321656591392427e-01 6.737762726645525335e-01
1.630000000000000000e+03 2.178758085527731092e-01 6.734320637042124913e-01
1.640000000000000000e+03 2.181991412937263342e-01 6.731081602198661917e-01
1.650000000000000000e+03 2.185041598451702705e-01 6.728025358549918344e-01
1.660000000000000000e+03 2.187930289452874877e-01 6.725130311806043482e-01
1.670000000000000000e+03 2.190680068363885236e-01 6.722373926246838494e-01
1.680000000000000000e+03 2.193313711083807460e-01 6.719733555918013801e-01
1.690000000000000000e+03 2.195853548622264673e-01 6.717187234083843439e-01
1.700000000000000000e+03 2.198320803135089818e-01 6.714713580990977482e-01
1.710000000000000000e+03 2.200735261451099434e-01 6.712292486900346411e-01
1.720000000000000000e+03 2.203115191431976594e-01 6.709905951192701723e-01
1.730000000000000000e+03 2.205477047822400616e-01 6.707537802651341030e-01
1.740000000000000000e+03 2.207835158008171761e-01 6.705173765289360599e-01
1.750000000000000000e+03 2.210201388829417246e-01 6.702801507137199355e-01
1.760000000000000000e+03 2.212585259568334295e-01 6.700411387492027915e-01
1.770000000000000000e+03 2.214993785450679042e-01 6.697996368696602643e-01
1.780000000000000000e+03 2.217431274806831720e-01 6.695552020285974182e-01
1.790000000000000000e+03 2.219899315033275755e-01 6.693076846204041308e-01
1.800000000000000000e+03 2.222396786706197502e-01 6.690571930527593469e-01
1.810000000000000000e+03 2.224920228868990102e-01 6.688040740473889523e-01
1.820000000000000000e+03 2.227464030542998796e-01 6.685488857545447416e-01
1.830000000000000000e+03 2.230020607562545054e-01 6.682923472359632022e-01
1.840000000000000000e+03 2.232580896338380583e-01 6.680353564554425416e-01
1.850000000000000000e+03 2.235134775916706729e-01 6.677789583493909387e-01
1.860000000000000000e+03 2.237671417192933776e-01 6.675242273203820798e-01
1.870000000000000000e+03 2.240179901252758177e-01 6.672722260509210690e-01
1.880000000000000000e+03 2.242649802731424835e-01 6.670239934051985786e-01
1.890000000000000000e+03 2.245071687959808993e-01 6.667804925133012928e-01
1.900000000000000000e+03 2.247437591306416516e-01 6.665425704134769758e-01
1.910000000000000000e+03 2.249741408706905088e-01 6.663108431217115157e-01
1.920000000000000000e+03 2.251979524427015211e-01 6.660856294570555169e-01
1.930000000000000000e+03 2.254151438089223303e-01 6.658669763097746497e-01
1.940000000000000000e+03 2.256260211185442677e-01 6.656545805392768411e-01
1.950000000000000000e+03 2.258313008517277010e-01 6.654477590183894842e-01
1.960000000000000000e+03 2.260321388601942150e-01 6.652453892905609845e-01
1.970000000000000000e+03 2.262301275400925571e-01 6.650458631825668654e-01
1.980000000000000000e+03 2.264272960334972884e-01 6.648471190090927685e-01
1.990000000000000000e+03 2.266261026746469176e-01 6.646467182417122865e-01
2.000000000000000000e+03 2.268293741893174786e-01 6.644418782979194527e-01
2.010000000000000000e+03 2.270401891688413054e-01 6.642294737793131842e-01
2.020000000000000000e+03 2.272618091136724972e-01 6.640062280374355863e-01
2.030000000000000000e+03 2.274975768015628785e-01 6.637688394470470099e-01
2.040000000000000000e+03 2.277507706435272505e-01 6.635140480341735758e-01
2.050000000000000000e+03 2.280244750248557606e-01 6.632387588939711032e-01
2.060000000000000000e+03 2.283214729140444210e-01 6.629401877354311745e-01
2.070000000000000000e+03 2.286441350960116692e-01 6.626159278633388938e-01
2.080000000000000000e+03 2.289943576589524576e-01 6.622640677427363842e-01
2.090000000000000000e+03 2.293735214470117023e-01 6.618832438950997821e-01
2.100000000000000000e+03 2.297824447451772278e-01 6.614725883843269871e-01
2.110000000000000000e+03 2.302213951633627353e-01 6.610318136590653815e-01
2.120000000000000000e+03 2.306901214026083891e-01 6.605612219675658370e-01
2.130000000000000000e+03 2.311878653529819139e-01 6.600616079503744960e-01
2.140000000000000000e+03 2.317134103547197621e-01 6.595342074408327981e-01
2.150000000000000000e+03 2.322651408899824299e-01 6.589806317792433754e-01
2.160000000000000000e+03 2.328411064612433967e-01 6.584028367223333511e-01
2.170000000000000000e+03 2.334390648099937959e-01 6.578030048018799203e-01
2.180000000000000000e+03 2.340565764220813028e-01 6.571835484087835688e-01
2.190000000000000000e+03 2.346910783645239640e-01 6.565470807709422596e-01
2.200000000000000000e+03 2.353398975076942401e-01 6.558962952507085831e-01
2.210000000000000000e+03 2.360002823096764013e-01 6.552339253187159374e-01
2.220000000000000000e+03 2.366694583281961084e-01 6.545627709379637782e-01
2.230000000000000000e+03 2.373446289898017147e-01 6.538856146151820203e-01
2.240000000000000000e+03 2.380230031242169531e-01 6.532051857278105000e-01
2.250000000000000000e+03 2.387018450775243439e-01 6.525242395422682362e-01
2.260000000000000000e+03 2.393784444668275724e-01 6.518454859388400635e-01
2.270000000000000000e+03 2.400501092803309922e-01 6.511715883148285755e-01
2.280000000000000000e+03 2.407141553523897137e-01 6.505052250440621631e-01
2.290000000000000000e+03 2.413678671131689879e-01 6.498491229110346934e-01
2.300000000000000000e+03 2.420084637183696485e-01 6.492060798291878765e-01
2.310000000000000000e+03 2.426330656897129068e-01 6.485790064710826863e-01
2.320000000000000000e+03 2.432386570640443779e-01 6.479709363427532676e-01
2.330000000000000000e+03 2.438220670966469161e-01 6.473850377817246260e-01
2.340000000000000000e+03 2.443799656118138819e-01 6.468246276498029745e-01
2.350000000000000000e+03 2.449088692146806912e-01 6.462931802041423923e-01
2.360000000000000000e+03 2.454051675080710926e-01 6.457943106827532809e-01
2.370000000000000000e+03 2.458651644002782521e-01 6.453317337745438920e-01
2.380000000000000000e+03 2.462851233889847558e-01 6.449092041486267357e-01
2.390000000000000000e+03 2.466613436301174911e-01 6.445304224753259925e-01
2.400000000000000000e+03 2.469902807000602107e-01 6.441989135261599886e-01
2.410000000000000000e+03 2.472686746280375880e-01 6.439179134851227282e-01
2.420000000000000000e+03 2.474936563102706211e-01 6.436902755433234757e-01
2.430000000000000000e+03 2.476628381532161305e-01 6.435183796654391220e-01
2.440000000000000000e+03 2.477743900949694600e-01 6.434040495351961431e-01
2.450000000000000000e+03 2.478270936085328613e-01 6.433484930711170779e-01
2.460000000000000000e+03 2.478203717213393886e-01 6.433522800852825574e-01
2.470000000000000000e+03 2.477542922040856521e-01 6.434153496367657210e-01
2.480000000000000000e+03 2.476295407170786278e-01 6.435370360890296793e-01
2.490000000000000000e+03 2.474473571832762342e-01 6.437161178868681111e-01
2.500000000000000000e+03 2.472094407952041828e-01 6.439508966685650870e-01
2.510000000000000000e+03 2.469178502373144957e-01 6.442393042821624727e-01
2.520000000000000000e+03 2.465749022097971366e-01 6.445790205862396149e-01
2.530000000000000000e+03 2.461830663879236991e-01 6.449675767617422117e-01
2.540000000000000000e+03 2.457448782570633150e-01 6.454024358939784989e-01
2.550000000000000000e+03 2.452628751407863739e-01 6.458810568599376856e-01
2.560000000000000000e+03 2.447395519852801071e-01 6.464009443818782286e-01
2.570000000000000000e+03 2.441773330586280710e-01 6.469596854659374063e-01
2.580000000000000000e+03 2.435785532085615601e-01 6.475549732090942756e-01
2.590000000000000000e+03 2.429454426862329708e-01 6.481846135955808830e-01
2.600000000000000000e+03 2.422801218989319161e-01 6.488465102649420002e-01
2.610000000000000000e+03 2.415846144281748598e-01 6.495386375528398037e-01
2.620000000000000000e+03 2.408608759807377986e-01 6.502590135629781054e-01
2.630000000000000000e+03 2.401108489608275720e-01 6.510056646210878872e-01
2.640000000000000000e+03 2.393365265164714428e-01 6.517765829843834569e-01
2.650000000000000000e+03 2.385399920718779543e-01 6.525696935833229517e-01
2.660000000000000000e+03 2.377234272876101728e-01 6.533828311014171497e-01
2.670000000000000000e+03 2.368891157920424151e-01 6.542137157275857984e-01
2.680000000000000000e+03 2.360394733431994407e-01 6.550599227398706814e-01
2.690000000000000000e+03 2.351770908506057856e-01 6.559188563290078156e-01
2.700000000000000000e+03 2.343047547556866006e-01 6.567877426358424975e-01
2.710000000000000000e+03 2.334254191350300101e-01 6.576636529749602111e-01
2.720000000000000000e+03 2.325421441899434560e-01 6.585435458367840944e-01
2.730000000000000000e+03 2.316580411668529016e-01 6.594243072116563464e-01
2.740000000000000000e+03 2.307762349668185109e-01 6.603027892914815622e-01
2.750000000000000000e+03 2.298998290963387148e-01 6.611758579776566558e-01
2.760000000000000000e+03 2.290318674064692750e-01 6.620404458834912020e-01
2.770000000000000000e+03 2.281752903609303440e-01 6.628936038437495126e-01
2.780000000000000000e+03 2.273328857455016450e-01 6.637325517272835151e-01
2.790000000000000000e+03 2.265072436040074799e-01 6.645547188458001964e-01
2.800000000000000000e+03 2.257007268542698120e-01 6.653577641450623137e-01
2.810000000000000000e+03 2.249154654607821990e-01 6.661395780385495069e-01
2.820000000000000000e+03 2.241533671780133186e-01 6.668982669316805278e-01
2.830000000000000000e+03 2.234161390034765382e-01 6.676321251467325357e-01
2.840000000000000000e+03 2.227053183603188991e-01 6.683396039734390559e-01
2.850000000000000000e+03 2.220223111729872634e-01 6.690192831689917297e-01
2.860000000000000000e+03 2.213684341603169847e-01 6.696698380165894138e-01
2.870000000000000000e+03 2.207449615169653767e-01 6.702900000366285305e-01
2.880000000000000000e+03 2.201531634142230021e-01 6.708785200742681809e-01
2.890000000000000000e+03 2.195943174240937712e-01 6.714341415547954162e-01
2.900000000000000000e+03 2.190697108008716754e-01 6.719555846486777728e-01
2.910000000000000000e+03 2.185806471981096566e-01 6.724415468682815034e-01
2.920000000000000000e+03 2.181284414102550584e-01 6.728907217275088559e-01
2.930000000000000000e+03 2.177143951035772906e-01 6.733018295765395012e-01
2.940000000000000000e+03 2.173397534440627554e-01 6.736736616663687727e-01
2.950000000000000000e+03 2.170056361885236706e-01 6.740051425964028731e-01
2.960000000000000000e+03 2.167129560182737558e-01 6.742954012204308567e-01
2.970000000000000000e+03 2.164623565234359004e-01 6.745438265892188534e-01
2.980000000000000000e+03 2.162541689081999285e-01 6.747501125850544623e-01
2.990000000000000000e+03 2.160883668367376276e-01 6.749143042933650749e-01
3.000000000000000000e+03 2.159645200979830315e-01 6.750368423015287167e-01
3.010000000000000000e+03 2.158817577189862946e-01 6.751186013499939076e-01
3.020000000000000000e+03 2.158387459417199505e-01 6.751609174718150586e-01
3.030000000000000000e+03 2.158336797718546085e-01 6.751655994877415745e-01
3.040000000000000000e+03 2.158642877170304786e-01 6.751349216985433888e-01
3.050000000000000000e+03 2.159278551521241762e-01 6.750715942636131839e-01
3.060000000000000000e+03 2.160212683499869446e-01 6.749787183622338871e-01
3.070000000000000000e+03 2.161410743044182015e-01 6.748597297709914011e-01
3.080000000000000000e+03 2.162835505881857967e-01 6.747183292471247151e-01
3.090000000000000000e+03 2.164447868491416183e-01 6.745584067718184418e-01
3.100000000000000000e+03 2.166207742872257036e-01 6.743839657549424160e-01
3.110000000000000000e+03 2.168074879651041287e-01 6.741990486139673999e-01
3.120000000000000000e+03 2.170009553731161445e-01 6.740076591582432330e-01
3.130000000000000000e+03 2.171973226431370418e-01 6.738136767719633546e-01
3.140000000000000000e+03 2.173929243080112150e-01 6.736207773071212213e-01
3.150000000000000000e+03 2.175843456827624423e-01 6.734323749743633680e-01
3.160000000000000000e+03 2.177684695472123788e-01 6.732515815401572956e-01
3.170000000000000000e+03 2.179425122002583426e-01 6.730811758081653995e-01
3.180000000000000000e+03 2.181040528289698022e-01 6.729235808751561354e-01
3.190000000000000000e+03 2.182510508705514940e-01 6.727808472190525135e-01
3.200000000000000000e+03 2.183818502634470582e-01 6.726546374312702969e-01
3.210000000000000000e+03 2.184951778639622200e-01 6.725462158177533123e-01
3.220000000000000000e+03 2.185901475529956339e-01 6.724564442894238603e-01
3.230000000000000000e+03 2.186662650544589914e-01 6.723857840415385922e-01
3.240000000000000000e+03 2.187234167823875197e-01 6.723343128480917530e-01
3.250000000000000000e+03 2.187618418695508604e-01 6.723017568082975126e-01
3.260000000000000000e+03 2.187821033499934009e-01 6.722875208083411991e-01
3.270000000000000000e+03 2.187850635032435598e-01 6.722907124780757027e-01
3.280000000000000000e+03 2.187718532483073908e-01 6.723101674992306709e-01
3.290000000000000000e+03 2.187438335439524095e-01 6.723444873110446807e-01
3.300000000000000000e+03 2.187025496553917370e-01 6.723920933878735351e-01
3.310000000000000000e+03 2.186496783114822706e-01 6.724512847403232296e-01
3.320000000000000000e+03 2.185869734510215712e-01 6.725202876060866197e-01
3.330000000000000000e+03 2.185162179382669490e-01 6.725973006783798613e-01
3.340000000000000000e+03 2.184391831707042653e-01 6.726805391686740965e-01
3.350000000000000000e+03 2.183575953011051285e-01 6.727682805305267300e-01
3.360000000000000000e+03 2.182731043260899007e-01 6.728589060207139649e-01
3.370000000000000000e+03 2.181872524436896388e-01 6.729509313975925444e-01
3.380000000000000000e+03 2.181014434329018870e-01 6.730430267741508432e-01
3.390000000000000000e+03 2.180169123774093609e-01 6.731340279795241521e-01
3.400000000000000000e+03 2.179346965987984941e-01 6.732229541404884943e-01
3.410000000000000000e+03 2.178556110721240058e-01 6.733090323209066641e-01
3.420000000000000000e+03 2.177802300434387162e-01 6.733917108393578932e-01
3.430000000000000000e+03 2.177088755779587048e-01 6.734706641282255379e-01
3.440000000000000000e+03 2.176416104212235414e-01 6.735458054009285656e-01
3.450000000000000000e+03 2.175782275033769086e-01 6.736172977890991787e-01
3.460000000000000000e+03 2.175182474056541471e-01 6.736855560491170625e-01
3.470000000000000000e+03 2.174609410882790139e-01 6.737512305905850596e-01
3.480000000000000000e+03 2.174053721809379169e-01 6.738151691936858922e-01
3.490000000000000000e+03 2.173504492189653470e-01 6.738783723632978395e-01
3.500000000000000000e+03 2.172949866660285612e-01 6.739419502979246968e-01
3.510000000000000000e+03 2.172377718090575949e-01 6.740070706871332806e-01
3.520000000000000000e+03 2.171776333305636963e-01 6.740748957721145462e-01
3.530000000000000000e+03 2.171135091282975771e-01 6.741465105629771415e-01
3.540000000000000000e+03 2.170445095027339621e-01 6.742228401867955689e-01
3.550000000000000000e+03 2.169699719051405018e-01 6.743045734034098793e-01
3.560000000000000000e+03 2.168895045581964165e-01 6.743921122104019616e-01
3.570000000000000000e+03 2.168030175703960227e-01 6.744855503716589151e-01
3.580000000000000000e+03 2.167107422842087516e-01 6.745846787336076122e-01
3.590000000000000000e+03 2.166132373146130996e-01 6.746890030460014342e-01
3.600000000000000000e+03 2.165113722845864730e-01 6.747977434779226513e-01
3.610000000000000000e+03 2.164062871507873020e-01 6.749098161792392858e-01
3.620000000000000000e+03 2.162993411937861044e-01 6.750238444746821109e-01
3.630000000000000000e+03 2.161920602703890359e-01 6.751382189921498744e-01
3.640000000000000000e+03 2.160860937604530407e-01 6.752511988077036786e-01
3.650000000000000000e+03 2.159831820978002082e-01 6.753610256287421176e-01
3.660000000000000000e+03 2.158851069004884826e-01 6.754659900833983599e-01
3.670000000000000000e+03 2.157936140883771892e-01 6.755644309338508791e-01
3.680000000000000000e+03 2.157103448339402207e-01 6.756547316143338699e-01
3.690000000000000000e+03 2.156368035079805900e-01 6.757353754866687323e-01
3.700000000000000000e+03 2.155743466145619847e-01 6.758050255370428028e-01
3.710000000000000000e+03 2.155241585250333158e-01 6.758625338263436477e-01
3.720000000000000000e+03 2.154872275376943924e-01 6.759069248045963541e-01
3.730000000000000000e+03 2.154643551128504197e-01 6.759374326745077877e-01
3.740000000000000000e+03 2.154561830031387626e-01 6.759535272049171928e-01
3.750000000000000000e+03 2.154631901627236668e-01 6.759548152465282289e-01
3.760000000000000000e+03 2.154856891332069257e-01 6.759409402964378089e-01
3.770000000000000000e+03 2.155238648196071694e-01 6.759115962499342434e-01
3.780000000000000000e+03 2.155778251177819516e-01 6.758665667993069004e-01
3.790000000000000000e+03 2.156476331407133629e-01 6.758057331046749550e-01
3.800000000000000000e+03 2.157333246571142282e-01 6.757290549096869325e-01
3.810000000000000000e+03 2.158349188965271725e-01 6.756365292724640925e-01
3.820000000000000000e+03 2.159524235637316769e-01 6.755281656693192804e-01
3.830000000000000000e+03 2.160858208899639754e-01 6.754039923839666448e-01
3.840000000000000000e+03 2.162350401318130777e-01 6.752640865035460793e-01
3.850000000000000000e+03 2.163999353014774973e-01 6.751086202704329464e-01
3.860000000000000000e+03 2.165802541481176846e-01 6.749378787460735829e-01
3.870000000000000000e+03 2.167756007730995416e-01 6.747522618236336811e-01
3.880000000000000000e+03 2.169854234490752320e-01 6.745523261710507645e-01
3.890000000000000000e+03 2.172090121004746077e-01 6.743388248841160060e-01
3.900000000000000000e+03 2.174454794660170276e-01 6.741126937183312684e-01
3.910000000000000000e+03 2.176937404349879590e-01 6.738749993396131455e-01
3.920000000000000000e+03 2.179525340348554829e-01 6.736269393893032920e-01
3.930000000000000000e+03 2.182204683198245010e-01 6.733698511212797833e-01
3.940000000000000000e+03 2.184960622849895784e-01 6.731051964949273936e-01
3.950000000000000000e+03 2.187777785218570914e-01 6.728345040990704184e-01
3.960000000000000000e+03 2.190640440054597571e-01 6.725592519873149211e-01
3.970000000000000000e+03 2.193533059674540320e-01 6.722808545481271381e-01
3.980000000000000000e+03 2.196441079911615191e-01 6.720007304742240395e-01
3.990000000000000000e+03 2.199351118700406948e-01 6.717202141759441858e-01
4.000000000000000000e+03 2.202251248820297214e-01 6.714404738682027141e-01
4.010000000000000000e+03 2.205131635441872073e-01 6.711625552229891767e-01
4.020000000000000000e+03 2.207984862573138807e-01 6.708873411906945972e-01
4.030000000000000000e+03 2.210805948423335554e-01 6.706154380625684031e-01
4.040000000000000000e+03 2.213592349356517663e-01 6.703471229656885466e-01
4.050000000000000000e+03 2.216344149071521885e-01 6.700823973243069664e-01
4.060000000000000000e+03 2.219064117007149284e-01 6.698210229550393136e-01
4.070000000000000000e+03 2.221757296079509836e-01 6.695624697556985527e-01
4.080000000000000000e+03 2.224430492081856392e-01 6.693059368822411592e-01
4.090000000000000000e+03 2.227091764871547974e-01 6.690504807651118657e-01
4.100000000000000000e+03 2.229749843527668862e-01 6.687951744068107995e-01
4.110000000000000000e+03 2.232413456069995139e-01 6.685392102026094241e-01
4.120000000000000000e+03 2.235090539596268633e-01 6.682819045299553951e-01
4.130000000000000000e+03 2.237787563963304360e-01 6.680226802750367510e-01
4.140000000000000000e+03 2.240509090765683553e-01 6.677610682083425786e-01
4.150000000000000000e+03 2.243257688009271944e-01 6.674967379053747818e-01
4.160000000000000000e+03 2.246034188088083527e-01 6.672295388829585505e-01
4.170000000000000000e+03 2.248837920880955854e-01 6.669594832858888322e-01
4.180000000000000000e+03 2.251667119760198676e-01 6.666867170635862871e-01
4.190000000000000000e+03 2.254519405890412775e-01 6.664114500869570135e-01
4.200000000000000000e+03 2.257392205230231430e-01 6.661339054625501355e-01
