0.000000000000000000e+00 2.283485667052533585e-01 6.634289836661249051e-01
1.000000000000000000e+01 2.285595627997943635e-01 6.632094897658049604e-01
2.000000000000000000e+01 2.285301766845071747e-01 6.632310295541419265e-01
3.000000000000000000e+01 2.282813474693468625e-01 6.634729666865288866e-01
4.000000000000000000e+01 2.278435474695744700e-01 6.639053503958129987e-01
5.000000000000000000e+01 2.272609708689228292e-01 6.644839706007324986e-01
6.000000000000000000e+01 2.265882829274245003e-01 6.651536854083907047e-01
7.000000000000000000e+01 2.258882708209332124e-01 6.658515993993766591e-01
8.000000000000000000e+01 2.252276076347645983e-01 6.665111824109147820e-01
9.000000000000000000e+01 2.246716988689128336e-01 6.670672371552159863e-01
1.000000000000000000e+02 2.242795978554171787e-01 6.674607941543333478e-01
1.100000000000000000e+02 2.240998261756457499e-01 6.676433592315298426e-01
1.200000000000000000e+02 2.241674899974334112e-01 6.675798214019985632e-01
1.300000000000000000e+02 2.245028172763628704e-01 6.672499192889527198e-01
1.400000000000000000e+02 2.251110170921332143e-01 6.666483287425739590e-01
1.500000000000000000e+02 2.259832565889955680e-01 6.657837507230663920e-01
1.600000000000000000e+02 2.270984406928721888e-01 6.646771376955212807e-01
1.700000000000000000e+02 2.284255584030723818e-01 6.633593409047945366e-01
1.800000000000000000e+02 2.299263579878172148e-01 6.618684834067188882e-01
1.900000000000000000e+02 2.315581257646409097e-01 6.602471580720189470e-01
2.000000000000000000e+02 2.332763876776630108e-01 6.585397196673552500e-01
2.100000000000000000e+02 2.350373803684643326e-01 6.567897962329165562e-01
2.200000000000000000e+02 2.368001900091584178e-01 6.550381928999055026e-01
2.300000000000000000e+02 2.385284493518089466e-01 6.533211444133347756e-01
2.400000000000000000e+02 2.401915831612545515e-01 6.516691123828509680e-01
2.500000000000000000e+02 2.417655795213000114e-01 6.501060301289733889e-01
2.600000000000000000e+02 2.432332960946182732e-01 6.486489690282400966e-01
2.700000000000000000e+02 2.445843727203865225e-01 6.473082482510553737e-01
2.800000000000000000e+02 2.458148129342130617e-01 6.460878542084333986e-01
2.900000000000000000e+02 2.469263112084905953e-01 6.449861057938279796e-01
3.000000000000000000e+02 2.479254011352970688e-01 6.439964839539075170e-01
3.100000000000000000e+02 2.488224937881933774e-01 6.431085898632368236e-01
3.200000000000000000e+02 2.496308821005060186e-01 6.423091669311640217e-01
3.300000000000000000e+02 2.503657478494263344e-01 6.415830603137072652e-01
3.400000000000000000e+02 2.510432355979713703e-01 6.409141509328715181e-01
3.500000000000000000e+02 2.516796278625567096e-01 6.402861892719715620e-01
3.600000000000000000e+02 2.522906322298412163e-01 6.396835221188688081e-01
3.700000000000000000e+02 2.528907835512277935e-01 6.390916476029098181e-01
3.800000000000000000e+02 2.534929949878892974e-01 6.384976515940591346e-01
3.900000000000000000e+02 2.541082447659618326e-01 6.378905463665257569e-01
4.000000000000000000e+02 2.547453746637665106e-01 6.372614625039001446e-01
4.100000000000000000e+02 2.554110009172976814e-01 6.366037230827872317e-01
4.200000000000000000e+02 2.561095308084526678e-01 6.359128635054728251e-01
4.300000000000000000e+02 2.568432604799947283e-01 6.351865750222004392e-01
4.400000000000000000e+02 2.576125019477301659e-01 6.344245164168839102e-01
4.500000000000000000e+02 2.584157578618602735e-01 6.336281512647941039e-01
4.600000000000000000e+02 2.592499193155153314e-01 6.328005665348076514e-01
4.700000000000000000e+02 2.601104711782922241e-01 6.319462704965473909e-01
4.800000000000000000e+02 2.609917045040012762e-01 6.310709662723879010e-01
4.900000000000000000e+02 2.618869429939382210e-01 6.301813147214134769e-01
5.000000000000000000e+02 2.627887830954473980e-01 6.292846983187861953e-01
5.100000000000000000e+02 2.636893385869930606e-01 6.283889872858445802e-01
5.200000000000000000e+02 2.645804758247475852e-01 6.275023073470489265e-01
5.300000000000000000e+02 2.654540306997393850e-01 6.266328124322025905e-01
5.400000000000000000e+02 2.663020104832350410e-01 6.257884734165494178e-01
5.500000000000000000e+02 2.671167844932726965e-01 6.249768890969861213e-01
5.600000000000000000e+02 2.678912570385252323e-01 6.242051199981082377e-01
5.700000000000000000e+02 2.686190144605807850e-01 6.234795479773300730e-01
5.800000000000000000e+02 2.692944431972633668e-01 6.228057629120400396e-01
5.900000000000000000e+02 2.699128169643257302e-01 6.221884747316507314e-01
6.000000000000000000e+02 2.704703496922132300e-01 6.216314542323229109e-01
6.100000000000000000e+02 2.709642090979488827e-01 6.211375144688409122e-01
6.200000000000000000e+02 2.713924877939326574e-01 6.207085407669110655e-01
6.300000000000000000e+02 2.717541351058740395e-01 6.203455655308419692e-01
6.400000000000000000e+02 2.720488498968073321e-01 6.200488816464727604e-01
6.500000000000000000e+02 2.722769350392757470e-01 6.198181872394277203e-01
6.600000000000000000e+02 2.724391222937057044e-01 6.196527524493826711e-01
6.700000000000000000e+02 2.725363847162684539e-01 6.195515979039610821e-01
6.800000000000000000e+02 2.725697585754878749e-01 6.195136731272665731e-01
6.900000000000000000e+02 2.725401910164980124e-01 6.195380195460185035e-01
7.000000000000000000e+02 2.724484186179908507e-01 6.196239037272803785e-01
7.100000000000000000e+02 2.722948766302515922e-01 6.197709089582341679e-01
7.200000000000000000e+02 2.720796439617889639e-01 6.199789803910490393e-01
7.300000000000000000e+02 2.718024339485430874e-01 6.202484269574436437e-01
7.400000000000000000e+02 2.714626331650091817e-01 6.205798804026017024e-01
7.500000000000000000e+02 2.710593829451555248e-01 6.209742127775144116e-01
7.600000000000000000e+02 2.705916956016194419e-01 6.214324210084115618e-01
7.700000000000000000e+02 2.700585940754756109e-01 6.219554911243853068e-01
7.800000000000000000e+02 2.694592611618374933e-01 6.225442558768011780e-01
7.900000000000000000e+02 2.687931833416293270e-01 6.231992559369633478e-01
8.000000000000000000e+02 2.680602811348098413e-01 6.239206089664204313e-01
8.100000000000000000e+02 2.672610275697112625e-01 6.247078891530798428e-01
8.200000000000000000e+02 2.663965544416302955e-01 6.255600192485204492e-01
8.300000000000000000e+02 2.654687397683161976e-01 6.264751794265244200e-01
8.400000000000000000e+02 2.644802699288879011e-01 6.274507380210118113e-01
8.500000000000000000e+02 2.634346790346691058e-01 6.284832079544220296e-01
8.600000000000000000e+02 2.623363663345302244e-01 6.295682343229296318e-01
8.700000000000000000e+02 2.611905863047779275e-01 6.307006122867819808e-01
8.800000000000000000e+02 2.600034090548500876e-01 6.318743249648862692e-01
8.900000000000000000e+02 2.587816564729641389e-01 6.330825966225358536e-01
9.000000000000000000e+02 2.575328221111741756e-01 6.343179677521910698e-01
9.100000000000000000e+02 2.562649768079823254e-01 6.355723943682743959e-01
9.200000000000000000e+02 2.549866616545386488e-01 6.368373614867182120e-01
9.300000000000000000e+02 2.537067712991843416e-01 6.381040050559068089e-01
9.400000000000000000e+02 2.524344211601400323e-01 6.393632468749969044e-01
9.500000000000000000e+02 2.511787935798380778e-01 6.406059430853402459e-01
9.600000000000000000e+02 2.499489702058172447e-01 6.418230445982789911e-01
9.700000000000000000e+02 2.487537604868275409e-01 6.430057690315444940e-01
9.800000000000000000e+02 2.476015337920860204e-01 6.441457745738889962e-01
9.900000000000000000e+02 2.465000562705902121e-01 6.452353241059369804e-01
1.000000000000000000e+03 2.454563275794641730e-01 6.462674422417279407e-01
1.010000000000000000e+03 2.444764227289230041e-01 6.472360654673579017e-01
1.020000000000000000e+03 2.435653555611827781e-01 6.481361790237650800e-01
1.030000000000000000e+03 2.427269725057305816e-01 6.489639333387215991e-01
1.040000000000000000e+03 2.419638767669579638e-01 6.497167269766151998e-01
1.050000000000000000e+03 2.412773876294675157e-01 6.503932445546880547e-01
1.060000000000000000e+03 2.406675425038933558e-01 6.509934492863249655e-01
1.070000000000000000e+03 2.401331399022729463e-01 6.515185386361241893e-01
1.080000000000000000e+03 2.396718128273918891e-01 6.519708727778429358e-01
1.090000000000000000e+03 2.392801336720726257e-01 6.523538729147755344e-01
1.100000000000000000e+03 2.389537592975325697e-01 6.526718803975012362e-01
1.110000000000000000e+03 2.386876085814629567e-01 6.529299789694520406e-01
1.120000000000000000e+03 2.384760574601439698e-01 6.531337955741317591e-01
1.130000000000000000e+03 2.383131396117152134e-01 6.532892981508321428e-01
1.140000000000000000e+03 2.381927425765919260e-01 6.534026009184401573e-01
1.150000000000000000e+03 2.381087878801415036e-01 6.534797830435832289e-01
1.160000000000000000e+03 2.380553869581094606e-01 6.535267287136304892e-01
1.170000000000000000e+03 2.380269702629734530e-01 6.535489971483936511e-01
1.180000000000000000e+03 2.380183898371435458e-01 6.535517228026805903e-01
1.190000000000000000e+03 2.380249933859157896e-01 6.535395438813693669e-01
1.200000000000000000e+03 2.380426656261141194e-01 6.535165625512270315e-01
1.210000000000000000e+03 2.380678384933825054e-01 6.534863362008548338e-01
1.220000000000000000e+03 2.380974783691466867e-01 6.534518907698559920e-01
1.230000000000000000e+03 2.381290578017787318e-01 6.534157457128311197e-01
1.240000000000000000e+03 2.381605195480032966e-01 6.533799482529136782e-01
1.250000000000000000e+03 2.381902396306542213e-01 6.533461153847504033e-01
1.260000000000000000e+03 2.382169905299137691e-01 6.533154755131342917e-01
1.270000000000000000e+03 2.382399019348183100e-01 6.532889059175650548e-01
1.280000000000000000e+03 2.382584176034836798e-01 6.532669710590618406e-01
1.290000000000000000e+03 2.382722502133555742e-01 6.532499647897233030e-01
1.300000000000000000e+03 2.382813367833918894e-01 6.532379551020431885e-01
1.310000000000000000e+03 2.382857897344806686e-01 6.532308346421510370e-01
1.320000000000000000e+03 2.382858378342802286e-01 6.532283781520897836e-01
1.330000000000000000e+03 2.382817590470726610e-01 6.532303027822256025e-01
1.340000000000000000e+03 2.382738157470653262e-01 6.532363316386327057e-01
1.350000000000000000e+03 2.382621984425628281e-01 6.532462577981777985e-01
1.360000000000000000e+03 2.382469797815198187e-01 6.532599976425077504e-01
1.370000000000000000e+03 2.382280815673955832e-01 6.532776248121129337e-01
1.380000000000000000e+03 2.382052532569264303e-01 6.532993860670572861e-01
1.390000000000000000e+03 2.381780628470503980e-01 6.533257029057295551e-01
1.400000000000000000e+03 2.381459009110964420e-01 6.533571641279867226e-01
1.410000000000000000e+03 2.381079940448131704e-01 6.533945126637837886e-01
1.420000000000000000e+03 2.380634251398450196e-01 6.534386286996414217e-01
1.430000000000000000e+03 2.380111605105548478e-01 6.534905082529315345e-01
1.440000000000000000e+03 2.379500783653484552e-01 6.535512377482589619e-01
1.450000000000000000e+03 2.378789920713018091e-01 6.536219762485864226e-01
1.460000000000000000e+03 2.377966661857363884e-01 6.537039434408961069e-01
1.470000000000000000e+03 2.377018263725103331e-01 6.537984033864157052e-01
1.480000000000000000e+03 2.375931731111105283e-01 6.539066431466878937e-01
1.490000000000000000e+03 2.374694084698985297e-01 6.540299455479244850e-01
1.500000000000000000e+03 2.373292791892749887e-01 6.541695510031690919e-01
1.510000000000000000e+03 2.371716328266973983e-01 6.543266071998485867e-01
1.520000000000000000e+03 2.369954767381704519e-01 6.545021116131267691e-01
1.530000000000000000e+03 2.368000322597542673e-01 6.546968555820443791e-01
1.540000000000000000e+03 2.365847790369722536e-01 6.549113742297999474e-01
1.550000000000000000e+03 2.363494888397200400e-01 6.551459049862601303e-01
1.560000000000000000e+03 2.360942503939191528e-01 6.554003634577113546e-01
1.570000000000000000e+03 2.358194739677134943e-01 6.556743427427794702e-01
1.580000000000000000e+03 2.355258674482642312e-01 6.559671374766300467e-01
1.590000000000000000e+03 2.352143937124037965e-01 6.562777847819628585e-01
1.600000000000000000e+03 2.348862193692502487e-01 6.566051140408313280e-01
1.610000000000000000e+03 2.345426530502609241e-01 6.569478066877462163e-01
1.620000000000000000e+03 2.341850750849619467e-01 6.573044636155030984e-01
1.630000000000000000e+03 2.338148746758011431e-01 6.576736664759536000e-01
1.640000000000000000e+03 2.334334127332250985e-01 6.580540205780518459e-01
1.650000000000000000e+03 2.330420132529566757e-01 6.584441763871646813e-01
1.660000000000000000e+03 2.326419720926311829e-01 6.588428314113230488e-01
1.670000000000000000e+03 2.322345728417658517e-01 6.592487138190538110e-01
1.680000000000000000e+03 2.318211097732242043e-01 6.596605465614600039e-01
1.690000000000000000e+03 2.314029228858207332e-01 6.600769986244524601e-01
1.700000000000000000e+03 2.309814423612255307e-01 6.604966398658880244e-01
1.710000000000000000e+03 2.305582300430888687e-01 6.609179081029976643e-01
1.720000000000000000e+03 2.301350067670122901e-01 6.613390910458853966e-01
1.730000000000000000e+03 2.297136567983853461e-01 6.617583248396309292e-01
1.740000000000000000e+03 2.292962069273813686e-01 6.621736077389398512e-01
1.750000000000000000e+03 2.288847881855178013e-01 6.625828318535429418e-01
1.760000000000000000e+03 2.284815861980835916e-01 6.629838354744358453e-01
1.770000000000000000e+03 2.280887776461880123e-01 6.633744672786141550e-01
1.780000000000000000e+03 2.277084559629524996e-01 6.637526511385798411e-01
1.790000000000000000e+03 2.273425601835727117e-01 6.641164520833479079e-01
1.800000000000000000e+03 2.269928145861944691e-01 6.644641476585188000e-01
1.810000000000000000e+03 2.266606762127393315e-01 6.647942940418006819e-01
1.820000000000000000e+03 2.263472930068926303e-01 6.651057652773433304e-01
1.830000000000000000e+03 2.260534821240107739e-01 6.653977544781586317e-01
1.840000000000000000e+03 2.257797394727242835e-01 6.656697522945118628e-01
1.850000000000000000e+03 2.255262797165550614e-01 6.659215185453292163e-01
1.860000000000000000e+03 2.252930920850704788e-01 6.661530483431322702e-01
1.870000000000000000e+03 2.250800001095338565e-01 6.663645193462989225e-01
1.880000000000000000e+03 2.248867250781389493e-01 6.665562160140223735e-01
1.890000000000000000e+03 2.247129602566757811e-01 6.667284474418396778e-01
1.900000000000000000e+03 2.245584481364888696e-01 6.668814723224586460e-01
1.910000000000000000e+03 2.244230382165411375e-01 6.670154381701275392e-01
1.920000000000000000e+03 2.243067160649053760e-01 6.671303457336947851e-01
1.930000000000000000e+03 2.242096093719470329e-01 6.672260435269642409e-01
1.940000000000000000e+03 2.241319776970877864e-01 6.673022497086151805e-01
1.950000000000000000e+03 2.240741811999914235e-01 6.673585922756949396e-01
1.960000000000000000e+03 2.240366244459436051e-01 6.673946698740587102e-01
1.970000000000000000e+03 2.240196822933963605e-01 6.674101279375448392e-01
1.980000000000000000e+03 2.240236182196630454e-01 6.674047298833986064e-01
1.990000000000000000e+03 2.240485099766729993e-01 6.673784249238078337e-01
2.000000000000000000e+03 2.240941895859986377e-01 6.673314089206456856e-01
2.010000000000000000e+03 2.241601996390500118e-01 6.672641675194349586e-01
2.020000000000000000e+03 2.242457674382427046e-01 6.671775003803173121e-01
2.030000000000000000e+03 2.243497967283644701e-01 6.670725258597544061e-01
2.040000000000000000e+03 2.244708813034198280e-01 6.669506692163112982e-01
2.050000000000000000e+03 2.246073427436013070e-01 6.668136318280653008e-01
2.060000000000000000e+03 2.247572874221762940e-01 6.666633319936644542e-01
2.070000000000000000e+03 2.249186750030078008e-01 6.665018171823632320e-01
2.080000000000000000e+03 2.250893995074293996e-01 6.663311822708920529e-01
2.090000000000000000e+03 2.252673773623589115e-01 6.661535001340140871e-01
2.100000000000000000e+03 2.254506307503678919e-01 6.659707502488539932e-01
2.110000000000000000e+03 2.256373608355829730e-01 6.657847487551625809e-01
2.120000000000000000e+03 2.258260067805101801e-01 6.655970818867551486e-01
2.130000000000000000e+03 2.260152873705006116e-01 6.654090449628566883e-01
2.140000000000000000e+03 2.262042229568237139e-01 6.652216145112277434e-01
2.150000000000000000e+03 2.263921327734477185e-01 6.650354591679408234e-01
2.160000000000000000e+03 2.265786092400148277e-01 6.648509687407998525e-01
2.170000000000000000e+03 2.267634766459680762e-01 6.646682999626107868e-01
2.180000000000000000e+03 2.269467406975227697e-01 6.644874299731605705e-01
2.190000000000000000e+03 2.271285321562943049e-01 6.643082072767146906e-01
2.200000000000000000e+03 2.273090476518051239e-01 6.641304081840975204e-01
2.210000000000000000e+03 2.274884949810422330e-01 6.639537997581174134e-01
2.220000000000000000e+03 2.276670499649397772e-01 6.637781968314689918e-01
2.230000000000000000e+03 2.278448273643087496e-01 6.636034922721137930e-01
2.240000000000000000e+03 2.280218698636917174e-01 6.634296569759786655e-01
2.250000000000000000e+03 2.281981533719765476e-01 6.632567273322507173e-01
2.260000000000000000e+03 2.283736033857104719e-01 6.630847889391543459e-01
2.270000000000000000e+03 2.285481180327933737e-01 6.629139567204715977e-01
2.280000000000000000e+03 2.287215901510566418e-01 6.627443553050135217e-01
2.290000000000000000e+03 2.288939299050226084e-01 6.625761016192283082e-01
2.300000000000000000e+03 2.290650888088786585e-01 6.624092761267935670e-01
2.310000000000000000e+03 2.292350801827615914e-01 6.622438926105616019e-01
2.320000000000000000e+03 2.294039907552741231e-01 6.620798679572833523e-01
2.330000000000000000e+03 2.295719903161317355e-01 6.619170009759220985e-01
2.340000000000000000e+03 2.297393440805873266e-01 6.617549617821578689e-01
2.350000000000000000e+03 2.299064287086170222e-01 6.615932940511178861e-01
2.360000000000000000e+03 2.300737457493579330e-01 6.614314257265141439e-01
2.370000000000000000e+03 2.302419297748247995e-01 6.612686762513040328e-01
2.380000000000000000e+03 2.304117517553783134e-01 6.611042479289775953e-01
2.390000000000000000e+03 2.305841166952658228e-01 6.609371948853265399e-01
2.400000000000000000e+03 2.307600571934490252e-01 6.607663965118639737e-01
2.410000000000000000e+03 2.309407303238556475e-01 6.605905915757014357e-01
2.420000000000000000e+03 2.311274056273266708e-01 6.604084472326972044e-01
2.430000000000000000e+03 2.313214292104328884e-01 6.602186079418053133e-01
2.440000000000000000e+03 2.315241609766886532e-01 6.600197191883256931e-01
2.450000000000000000e+03 2.317369012539422513e-01 6.598104789715799612e-01
2.460000000000000000e+03 2.319608220237312779e-01 6.595897206641740951e-01
2.470000000000000000e+03 2.321968962918068702e-01 6.593564750569207433e-01
2.480000000000000000e+03 2.324458289544655276e-01 6.591100266779781336e-01
2.490000000000000000e+03 2.327080099799598290e-01 6.588499863562709002e-01
2.500000000000000000e+03 2.329835006865404179e-01 6.585763483648428007e-01
2.510000000000000000e+03 2.332720373231790822e-01 6.582894802011257651e-01
2.520000000000000000e+03 2.335730518043268034e-01 6.579900321205964797e-01
2.530000000000000000e+03 2.338857258673510964e-01 6.576788490462359693e-01
2.540000000000000000e+03 2.342090811996026811e-01 6.573569077095582358e-01
2.550000000000000000e+03 2.345420870112333855e-01 6.570252295716483282e-01
2.560000000000000000e+03 2.348837730557752634e-01 6.566847900246923775e-01
2.570000000000000000e+03 2.352333417005438576e-01 6.563364207230425462e-01
2.580000000000000000e+03 2.355902570170738952e-01 6.559807111185502748e-01
2.590000000000000000e+03 2.359543067228576096e-01 6.556179253140235197e-01
2.600000000000000000e+03 2.363256491659388170e-01 6.552479568126463594e-01
2.610000000000000000e+03 2.367048293240717194e-01 6.548703123114181235e-01
2.620000000000000000e+03 2.370927492999447550e-01 6.544841000385043239e-01
2.630000000000000000e+03 2.374906229143082248e-01 6.540880581334470589e-01
2.640000000000000000e+03 2.378999286395141188e-01 6.536806243429511554e-01
2.650000000000000000e+03 2.383223584061319178e-01 6.532600579743534919e-01
2.660000000000000000e+03 2.387597472077855887e-01 6.528245407390208532e-01
2.670000000000000000e+03 2.392139798132686956e-01 6.523722227358836889e-01
2.680000000000000000e+03 2.396869024642633017e-01 6.519012910752622902e-01
2.690000000000000000e+03 2.401802434375590323e-01 6.514100249639542817e-01
2.700000000000000000e+03 2.406955548806653522e-01 6.508968587429599939e-01
2.710000000000000000e+03 2.412341639100085144e-01 6.503604517673104990e-01
2.720000000000000000e+03 2.417971336035467933e-01 6.497997356950110381e-01
2.730000000000000000e+03 2.423852422240093951e-01 6.492139525313627146e-01
2.740000000000000000e+03 2.429989665189846160e-01 6.486027001086902555e-01
2.750000000000000000e+03 2.436384500165067468e-01 6.479659157958441718e-01
2.760000000000000000e+03 2.443034789387391881e-01 6.473038349579792738e-01
2.770000000000000000e+03 2.449934975105266255e-01 6.466170118360148322e-01
2.780000000000000000e+03 2.457076453438945263e-01 6.459063462744836226e-01
2.790000000000000000e+03 2.464447765575230598e-01 6.451730497550509646e-01
2.800000000000000000e+03 2.472034675402970116e-01 6.444185933772992314e-01
2.810000000000000000e+03 2.479820293201388248e-01 6.436446358485479191e-01
2.820000000000000000e+03 2.487785395506982578e-01 6.428529740049740981e-01
2.830000000000000000e+03 2.495908904159902519e-01 6.420455520013562678e-01
2.840000000000000000e+03 2.504168249436543592e-01 6.412244689904523787e-01
2.850000000000000000e+03 2.512539753733473713e-01 6.403919721818944755e-01
2.860000000000000000e+03 2.520999216230173090e-01 6.395504634879036754e-01
2.870000000000000000e+03 2.529522362535137625e-01 6.387024679272347294e-01
2.880000000000000000e+03 2.538085019520048835e-01 6.378505775871530226e-01
2.890000000000000000e+03 2.546663125794618732e-01 6.369973931025961766e-01
2.900000000000000000e+03 2.555232451959533191e-01 6.361454289180138444e-01
2.910000000000000000e+03 2.563768534545739497e-01 6.352970784133487037e-01
2.920000000000000000e+03 2.572247105929388877e-01 6.344546715713991203e-01
2.930000000000000000e+03 2.580644332693005638e-01 6.336205089148781999e-01
2.940000000000000000e+03 2.588936734804354600e-01 6.327968264665572162e-01
2.950000000000000000e+03 2.597101188946235872e-01 6.319857324043912650e-01
2.960000000000000000e+03 2.605115582837681520e-01 6.311892739572193545e-01
2.970000000000000000e+03 2.612959556463534394e-01 6.304095474140760658e-01
2.980000000000000000e+03 2.620614544086894981e-01 6.296486837507783152e-01
2.990000000000000000e+03 2.628063424530464598e-01 6.289087203483895161e-01
3.000000000000000000e+03 2.635290113249910693e-01 6.281914557260532828e-01
3.010000000000000000e+03 2.642279406696541599e-01 6.274983791949813039e-01
3.020000000000000000e+03 2.649017363554053706e-01 6.268307388502267763e-01
3.030000000000000000e+03 2.655491523863356407e-01 6.261895960883034906e-01
3.040000000000000000e+03 2.661691016127458176e-01 6.255758482355832095e-01
3.050000000000000000e+03 2.667606690548124937e-01 6.249902580011158504e-01
3.060000000000000000e+03 2.673231095230442778e-01 6.244334659975471213e-01
3.070000000000000000e+03 2.678558358305247467e-01 6.239059954232057947e-01
3.080000000000000000e+03 2.683584117002990599e-01 6.234083693848756491e-01
3.090000000000000000e+03 2.688304981176883879e-01 6.229411890494143123e-01
3.100000000000000000e+03 2.692717451890164759e-01 6.225050380339773870e-01
3.110000000000000000e+03 2.696817064636352623e-01 6.221004360840208802e-01
3.120000000000000000e+03 2.700598108694813315e-01 6.217279301754100596e-01
3.130000000000000000e+03 2.704052914339644120e-01 6.213881259519896672e-01
3.140000000000000000e+03 2.707171683036913579e-01 6.210818139273708294e-01
3.150000000000000000e+03 2.709942867782718090e-01 6.208101600152552413e-01
3.160000000000000000e+03 2.712352838609431438e-01 6.205746853916630501e-01
3.170000000000000000e+03 2.714384993981961425e-01 6.203769879559539735e-01
3.180000000000000000e+03 2.716020324410555742e-01 6.202187069839149025e-01
3.190000000000000000e+03 2.717239465801491449e-01 6.201017709482716800e-01
3.200000000000000000e+03 2.718023460082376053e-01 6.200283040527196921e-01
3.210000000000000000e+03 2.718353847370693632e-01 6.200003748180503704e-01
3.220000000000000000e+03 2.718213302637002005e-01 6.200198789591320203e-01
3.230000000000000000e+03 2.717586082548627546e-01 6.200883853910188481e-01
3.240000000000000000e+03 2.716459085438270860e-01 6.202071143733726144e-01
3.250000000000000000e+03 2.714822665545170155e-01 6.203768613654158104e-01
3.260000000000000000e+03 2.712671169794946824e-01 6.205979601753538466e-01
3.270000000000000000e+03 2.710003424790864424e-01 6.208703796995997948e-01
3.280000000000000000e+03 2.706823297912511750e-01 6.211938921534121416e-01
3.290000000000000000e+03 2.703138823138468427e-01 6.215679716230564367e-01
3.300000000000000000e+03 2.698960881574391513e-01 6.219915527920367726e-01
3.310000000000000000e+03 2.694303511126893147e-01 6.224631374232317826e-01
3.320000000000000000e+03 2.689183757978071410e-01 6.229808529854273802e-01
3.330000000000000000e+03 2.683621542560470363e-01 6.235425890233369239e-01
3.340000000000000000e+03 2.677639461611144300e-01 6.241461458995752887e-01
3.350000000000000000e+03 2.671262390391798136e-01 6.247892322359572814e-01
3.360000000000000000e+03 2.664516921046479192e-01 6.254694664855887654e-01
3.370000000000000000e+03 2.657430190924216507e-01 6.261842205946854811e-01
3.380000000000000000e+03 2.650029225205049466e-01 6.269304936778866688e-01
3.390000000000000000e+03 2.642342157996734331e-01 6.277052708156681815e-01
3.400000000000000000e+03 2.634399224683918739e-01 6.285058206244958923e-01
3.410000000000000000e+03 2.626230885834121564e-01 6.293294504076349938e-01
3.420000000000000000e+03 2.617866128103167322e-01 6.301733085446088456e-01
3.430000000000000000e+03 2.609332331311089992e-01 6.310344144246007314e-01
3.440000000000000000e+03 2.600655237491676375e-01 6.319097292468675020e-01
3.450000000000000000e+03 2.591860073298021816e-01 6.327964486446571168e-01
3.460000000000000000e+03 2.582971733089544086e-01 6.336920828791593463e-01
3.470000000000000000e+03 2.574013402600673905e-01 6.345942675998872406e-01
3.480000000000000000e+03 2.565006923039608866e-01 6.355009237317151838e-01
3.490000000000000000e+03 2.555973131305935842e-01 6.364104519368951607e-01
3.500000000000000000e+03 2.546929836934540003e-01 6.373214046564911195e-01
3.510000000000000000e+03 2.537891271550777872e-01 6.382323475909413846e-01
3.520000000000000000e+03 2.528868350373495999e-01 6.391419554264935465e-01
3.530000000000000000e+03 2.519868600248777457e-01 6.400490287654014843e-01
3.540000000000000000e+03 2.510897457185973236e-01 6.409527407853911063e-01
3.550000000000000000e+03 2.501958645612519239e-01 6.418526932910618710e-01
3.560000000000000000e+03 2.493054406381518817e-01 6.427489226860149119e-01
3.570000000000000000e+03 2.484184989898253759e-01 6.436416573900067828e-01
3.580000000000000000e+03 2.475349105929892934e-01 6.445312344044954456e-01
3.590000000000000000e+03 2.466544339973726074e-01 6.454180367995592249e-01
3.600000000000000000e+03 2.457766770149771574e-01 6.463023147297312088e-01
3.610000000000000000e+03 2.449011789692915608e-01 6.471842098732764059e-01
3.620000000000000000e+03 2.440275697650181874e-01 6.480639556811583768e-01
3.630000000000000000e+03 2.431556699230677798e-01 6.489419897408995608e-01
3.640000000000000000e+03 2.422853968296378446e-01 6.498186805539384325e-01
3.650000000000000000e+03 2.414166512872131798e-01 6.506941034844007099e-01
3.660000000000000000e+03 2.405493456945019815e-01 6.515681344525181551e-01
3.670000000000000000e+03 2.396834337687616945e-01 6.524405469468771424e-01
3.680000000000000000e+03 2.388190038465072829e-01 6.533112728005263659e-01
3.690000000000000000e+03 2.379562497054585335e-01 6.541804145464591436e-01
3.700000000000000000e+03 2.370952890162353888e-01 6.550478821327968548e-01
3.710000000000000000e+03 2.362361820212041386e-01 6.559134661169963021e-01
3.720000000000000000e+03 2.353790691535408430e-01 6.567771358745221333e-01
3.730000000000000000e+03 2.345241609360046164e-01 6.576389540292125746e-01
3.740000000000000000e+03 2.336716092104109965e-01 6.584987341649269910e-01
3.750000000000000000e+03 2.328215718923979383e-01 6.593560913256900635e-01
3.760000000000000000e+03 2.319743788266518947e-01 6.602106805987133509e-01
3.770000000000000000e+03 2.311304752279514374e-01 6.610620154237837331e-01
3.780000000000000000e+03 2.302903743117759860e-01 6.619093051452039633e-01
3.790000000000000000e+03 2.294548611245174619e-01 6.627519197643856330e-01
3.800000000000000000e+03 2.286249225735887125e-01 6.635892388874532477e-01
3.810000000000000000e+03 2.278015745954521110e-01 6.644202225844862975e-01
3.820000000000000000e+03 2.269859013664557723e-01 6.652435906334970284e-01
3.830000000000000000e+03 2.261789909989203318e-01 6.660578693872056810e-01
3.840000000000000000e+03 2.253820110181851410e-01 6.668617018729735557e-01
3.850000000000000000e+03 2.245962478834871434e-01 6.676540957415649791e-01
3.860000000000000000e+03 2.238229080521859093e-01 6.684341031927166776e-01
3.870000000000000000e+03 2.230630612465387963e-01 6.692008253100708570e-01
3.880000000000000000e+03 2.223175711246613007e-01 6.699533322150402759e-01
3.890000000000000000e+03 2.215870592749980550e-01 6.706906510299922575e-01
3.900000000000000000e+03 2.208720044841417651e-01 6.714120886774330721e-01
3.910000000000000000e+03 2.201728886609556624e-01 6.721176423008923262e-01
3.920000000000000000e+03 2.194900460180575219e-01 6.728075298975390028e-01
3.930000000000000000e+03 2.188234147650285066e-01 6.734814974453703362e-01
3.940000000000000000e+03 2.181727605534551917e-01 6.741393401661398554e-01
3.950000000000000000e+03 2.175379015733528154e-01 6.747813590920771487e-01
3.960000000000000000e+03 2.169186008129598831e-01 6.754079411829196911e-01
3.970000000000000000e+03 2.163144941159488299e-01 6.760191537667170625e-01
3.980000000000000000e+03 2.157253313008127560e-01 6.766153120249098762e-01
3.990000000000000000e+03 2.151509718257393622e-01 6.771968678540810638e-01
4.000000000000000000e+03 2.145912967375740721e-01 6.777640192306060296e-01
4.010000000000000000e+03 2.140463105239957253e-01 6.783167495539021985e-01
4.020000000000000000e+03 2.135161844750798621e-01 6.788547381564726813e-01
4.030000000000000000e+03 2.130012161077449451e-01 6.793771918438873403e-01
4.040000000000000000e+03 2.125020206845450732e-01 6.798834029318461258e-01
4.050000000000000000e+03 2.120195749094807569e-01 6.803728656685266163e-01
4.060000000000000000e+03 2.115550251070679455e-01 6.808446821628606482e-01
4.070000000000000000e+03 2.111096222539549927e-01 6.812974720043620813e-01
4.080000000000000000e+03 2.106847328270438080e-01 6.817296653945403850e-01
4.090000000000000000e+03 2.102818400901081408e-01 6.821396300743293173e-01
4.100000000000000000e+03 2.099024607118026020e-01 6.825256929014257290e-01
4.110000000000000000e+03 2.095481140898611538e-01 6.828862676841845891e-01
4.120000000000000000e+03 2.092203279709973773e-01 6.832200589001377056e-01
4.130000000000000000e+03 2.089204480385778995e-01 6.835258543478265336e-01
4.140000000000000000e+03 2.086496247025584339e-01 6.838027500914602985e-01
4.150000000000000000e+03 2.084086761009778799e-01 6.840499179398743523e-01
4.160000000000000000e+03 2.081980286541483538e-01 6.842666326564902368e-01
4.170000000000000000e+03 2.080177720368712457e-01 6.844525146139942562e-01
4.180000000000000000e+03 2.078676732801433835e-01 6.846076308417797796e-01
4.190000000000000000e+03 2.077472262218846011e-01 6.847325982896217411e-01
4.200000000000000000e+03 2.076556512669033572e-01 6.848284715535475353e-01
