0.000000000000000000e+00 2.484057507986130986e+01 9.634605934657677481e-15 2.484057507986130986e+01 3.878576040885873766e-16
1.000000000000000000e+01 2.471200212678510866e+01 1.957770681252395617e+00 2.478943152140853812e+01 -1.030941648667315969e+00
2.000000000000000000e+01 2.436658421792322926e+01 3.855828624725888609e+00 2.466977585695502384e+01 -2.063058860310659437e+00
3.000000000000000000e+01 2.381901202601168777e+01 5.664146334377623049e+00 2.448321644703842637e+01 -3.096536821985635513e+00
4.000000000000000000e+01 2.308879299159205800e+01 7.356672171792020265e+00 2.423247794287265222e+01 -4.131544615052173519e+00
5.000000000000000000e+01 2.219918384989131255e+01 8.912075587104508756e+00 2.392130545918302076e+01 -5.168235976080027605e+00
6.000000000000000000e+01 2.117600699445990031e+01 1.031422900564979273e+01 2.355433276937392151e+01 -6.206748599752851980e+00
7.000000000000000000e+01 2.004642510895000029e+01 1.155240189397108708e+01 2.313692177383516579e+01 -7.247202499598705216e+00
8.000000000000000000e+01 1.883775764263511476e+01 1.262114036043834808e+01 2.267497071664136499e+01 -8.289699014791690246e+00
9.000000000000000000e+01 1.757642258729574536e+01 1.351989980090500509e+01 2.217472258211387981e+01 -9.334319574680449705e+00
1.000000000000000000e+02 1.628706588067456806e+01 1.425246839983365632e+01 2.164258234337322762e+01 -1.038112529089483616e+01
1.100000000000000000e+02 1.499189707866075416e+01 1.482625104123154891e+01 2.108494007472576470e+01 -1.143015698821123571e+01
1.200000000000000000e+02 1.371024833376647578e+01 1.525149041200252853e+01 2.050801963040194309e+01 -1.248143549776065875e+01
1.300000000000000000e+02 1.245833767261718350e+01 1.554048180857934902e+01 1.991774968232451215e+01 -1.353496206405846358e+01
1.400000000000000000e+02 1.124921740836357031e+01 1.570682353413658738e+01 1.931965832599368227e+01 -1.459071917518789085e+01
1.500000000000000000e+02 1.009287235377855474e+01 1.576474429683611334e+01 1.871879363351960990e+01 -1.564867147083674048e+01
1.600000000000000000e+02 8.996433737680355591e+00 1.572852786781410828e+01 1.811966911632434574e+01 -1.670876683581136746e+01
1.700000000000000000e+02 7.964474994816115760e+00 1.561204756552289119e+01 1.752623436826063852e+01 -1.777093770933537442e+01
1.800000000000000000e+02 6.999349106112482843e+00 1.542840669887153737e+01 1.694186002701656690e+01 -1.883510236036381258e+01
1.900000000000000000e+02 6.101549931395190640e+00 1.518968556942613368e+01 1.636934510795533271e+01 -1.990116638840596863e+01
2.000000000000000000e+02 5.270076251412647572e+00 1.490678419150518508e+01 1.581094300248446594e+01 -2.096902461117818817e+01
2.100000000000000000e+02 4.502770486004325612e+00 1.458933608464693776e+01 1.526838791229817005e+01 -2.203856295932788356e+01
2.200000000000000000e+02 3.796633254295218141e+00 1.424569401603311825e+01 1.474293804050136103e+01 -2.310966066814672004e+01
2.300000000000000000e+02 3.148098221846813871e+00 1.388296707787035977e+01 1.423542402949864183e+01 -2.418219244372218313e+01
2.400000000000000000e+02 2.553258933813100651e+00 1.350709223937364278e+01 1.374629666295777675e+01 -2.525603020018837697e+01
2.500000000000000000e+02 2.008065656506489383e+00 1.312294124201388357e+01 1.327568885301963242e+01 -2.633104534229471838e+01
2.600000000000000000e+02 1.508477092799092922e+00 1.273443406507168696e+01 1.282346731961203190e+01 -2.740711078017468338e+01
2.700000000000000000e+02 1.050577428202132069e+00 1.234465713576128820e+01 1.238928055748798940e+01 -2.848410291803316241e+01
2.800000000000000000e+02 6.306651030725521911e-01 1.195599033959182833e+01 1.197261222426612548e+01 -2.956190371139284068e+01
2.900000000000000000e+02 2.453076947091242521e-01 1.157022027468991965e+01 1.157282044576555258e+01 -3.064040214157751052e+01
3.000000000000000000e+02 -1.086321632188175235e-01 1.118865291926375249e+01 1.118918026910974817e+01 -3.171949484134594854e+01
3.100000000000000000e+02 -4.339865475867819566e-01 1.081221706532255311e+01 1.082092335205912725e+01 -3.279908667365929631e+01
3.200000000000000000e+02 -7.332827117372889836e-01 1.044154656934454195e+01 1.046726317119826533e+01 -3.387909137977388241e+01
3.300000000000000000e+02 -1.008758159964440626e+00 1.007705641774649585e+01 1.012742114616256472e+01 -3.495943160892441171e+01
3.400000000000000000e+02 -1.262376389968129953e+00 9.719001061395578844e+00 9.800641600495213268e+00 -3.604003933756090561e+01
3.500000000000000000e+02 -1.495859830796509859e+00 9.367523956177143063e+00 9.486205864461473070e+00 -3.712085485887274672e+01
3.600000000000000000e+02 -1.710718995037863621e+00 9.022694457692111314e+00 9.183440246272160934e+00 -3.820182609287845565e+01
3.700000000000000000e+02 -1.908267397620348582e+00 8.684537652380887707e+00 8.891719670369848671e+00 -3.928290938696660106e+01
3.800000000000000000e+02 -2.089652871745385276e+00 8.353060194895393309e+00 8.610474071962565645e+00 -4.036406864399547345e+01
3.900000000000000000e+02 -2.255887046113610239e+00 8.028261489112768601e+00 8.339185146187507058e+00 -4.144527419530253098e+01
4.000000000000000000e+02 -2.407865027996993756e+00 7.710138660669877630e+00 8.077379040246114528e+00 -4.252650235410466451e+01
4.100000000000000000e+02 -2.546386948374617987e+00 7.398699727441022667e+00 7.824630607746826172e+00 -4.360773487358827083e+01
4.200000000000000000e+02 -2.672169777131693014e+00 7.093964674418828942e+00 7.580555792270001980e+00 -4.468895906842234211e+01
4.300000000000000000e+02 -2.785861265368417605e+00 6.795966513409560150e+00 7.344806589779217632e+00 -4.577016754000378995e+01
4.400000000000000000e+02 -2.888059333545858198e+00 6.504751885280569468e+00 7.117069888875791506e+00 -4.685135702443515271e+01
4.500000000000000000e+02 -2.979318350434950080e+00 6.220377045338419286e+00 6.897059403790253285e+00 -4.793252843658148521e+01
4.600000000000000000e+02 -3.060156777549511098e+00 5.942908108548969892e+00 6.684513167751209295e+00 -4.901368683925225156e+01
4.700000000000000000e+02 -3.131071688923225071e+00 5.672413500879691206e+00 6.479188594734585749e+00 -5.009483983879795232e+01
4.800000000000000000e+02 -3.192538777615684165e+00 5.408963715537526085e+00 6.280859202575820532e+00 -5.117599813006539478e+01
4.900000000000000000e+02 -3.245012761066087936e+00 5.152630710807875936e+00 6.089311214040733944e+00 -5.225717596619855243e+01
5.000000000000000000e+02 -3.288935541261588380e+00 4.903481353208512417e+00 5.904339622331801429e+00 -5.333838996134142008e+01
5.100000000000000000e+02 -3.324735958023282034e+00 4.661574373547915151e+00 5.725744041667566009e+00 -5.441965909772910237e+01
5.200000000000000000e+02 -3.352830389309174208e+00 4.426958829494859415e+00 5.553326579404241237e+00 -5.550100463978161969e+01
5.300000000000000000e+02 -3.373624641339564079e+00 4.199674448421425232e+00 5.386892303859183606e+00 -5.658244998696702766e+01
5.400000000000000000e+02 -3.387514570883408016e+00 3.979749729924224599e+00 5.226247495170826873e+00 -5.766402041152886682e+01
5.500000000000000000e+02 -3.394883345283788323e+00 3.767204093995129899e+00 5.071199031185712691e+00 -5.874574370572874216e+01
5.600000000000000000e+02 -3.396102866113392071e+00 3.562049976798761008e+00 4.921556127327580299e+00 -5.982765029479308794e+01
5.700000000000000000e+02 -3.391534556162190572e+00 3.364293103724131928e+00 4.777130386896303094e+00 -6.090977324223540990e+01
5.800000000000000000e+02 -3.381531907164540218e+00 3.173929563990682823e+00 4.637735106314927691e+00 -6.199214748171879563e+01
5.900000000000000000e+02 -3.366445594823584297e+00 2.990948107625152730e+00 4.503190704979481929e+00 -6.307480936165778473e+01
6.000000000000000000e+02 -3.346626947524567797e+00 2.815337460906005340e+00 4.373332475890471471e+00 -6.415779742003977049e+01
6.100000000000000000e+02 -3.322426235061088473e+00 2.647085633724624021e+00 4.248008761725132310e+00 -6.524115285648943541e+01
6.200000000000000000e+02 -3.294195686879672902e+00 2.486173703001593793e+00 4.127079464337135128e+00 -6.632491822740070120e+01
6.300000000000000000e+02 -3.262301603035136388e+00 2.332571425691070122e+00 4.010424067990328467e+00 -6.740913487461268971e+01
6.400000000000000000e+02 -3.227126451024616927e+00 2.186233731666072266e+00 3.897943439863808646e+00 -6.849384182048542868e+01
6.500000000000000000e+02 -3.189072118307199943e+00 2.047098551085244633e+00 3.789563755054093264e+00 -6.957907463847878660e+01
6.600000000000000000e+02 -3.148558239192448482e+00 1.915077811975464339e+00 3.685232965703441721e+00 -7.066486336092269482e+01
6.700000000000000000e+02 -3.106020206382978266e+00 1.790047011352593254e+00 3.584916990016883354e+00 -7.175122955795436042e+01
6.800000000000000000e+02 -3.061906845675739230e+00 1.671837648881185023e+00 3.488597806542411472e+00 -7.283818353967642167e+01
6.900000000000000000e+02 -3.016668701729182889e+00 1.560228845654439978e+00 3.396263256404694619e+00 -7.392572212098212958e+01
7.000000000000000000e+02 -2.970749742473077770e+00 1.454942192177224092e+00 3.307901270440416930e+00 -7.501382613580183545e+01
7.100000000000000000e+02 -2.924578474425192365e+00 1.355640148211650464e+00 3.223494914609683626e+00 -7.610245857784558154e+01
7.200000000000000000e+02 -2.878549743882361955e+00 1.261925462332743608e+00 3.143008829209507748e+00 -7.719156398910037353e+01
7.300000000000000000e+02 -2.833008553302597043e+00 1.173340744044268469e+00 3.066376683436010886e+00 -7.828106731386243666e+01
7.400000000000000000e+02 -2.788238555676459285e+00 1.089375367970387476e+00 2.993495103670852142e+00 -7.937087414949138520e+01
7.500000000000000000e+02 -2.744448455175815038e+00 1.009481723818947518e+00 2.924217959359628694e+00 -8.046087441108792859e+01
7.600000000000000000e+02 -2.701763872749207707e+00 9.330903274664091862e-01 2.858353649096655680e+00 -8.155094559795908538e+01
7.700000000000000000e+02 -2.660218699308096291e+00 8.596266534768230994e-01 2.795661193978308479e+00 -8.264095723992468834e+01
7.800000000000000000e+02 -2.619748668568584016e+00 7.885299300286499058e-01 2.735847681618597704e+00 -8.373077627258290079e+01
7.900000000000000000e+02 -2.580194338182921321e+00 7.192740306040649179e-01 2.678573865677894794e+00 -8.482027268132203801e+01
8.000000000000000000e+02 -2.541311265685966436e+00 6.513904496493481133e-01 2.623465735815276201e+00 -8.590932591360400750e+01
8.100000000000000000e+02 -2.502781101067754754e+00 5.844873484628737570e-01 2.570124257769472731e+00 -8.699783066302779844e+01
8.200000000000000000e+02 -2.464225713242601312e+00 5.182618875272801962e-01 2.518134974513746460e+00 -8.808570053925008381e+01
8.300000000000000000e+02 -2.425228055025434148e+00 4.525111328580255221e-01 2.467082780176397705e+00 -8.917287120813750789e+01
8.400000000000000000e+02 -2.385354642235542055e+00 3.871382023169079867e-01 2.416566315441771362e+00 -9.025930240660338200e+01
8.500000000000000000e+02 -2.344178082610184788e+00 3.221531883558996223e-01 2.366210802054169005e+00 -9.134497879030931244e+01
8.600000000000000000e+02 -2.301301089414451884e+00 2.576720842637441611e-01 2.315681672240156086e+00 -9.242991092847425705e+01
8.700000000000000000e+02 -2.256378930390118498e+00 1.939066359644011084e-01 2.264695489680563334e+00 -9.351413381375661515e+01
8.800000000000000000e+02 -2.209137490908656964e+00 1.311492176576808111e-01 2.213027015431673128e+00 -9.459770445617972712e+01
8.900000000000000000e+02 -2.159385710378339152e+00 6.975441000840838790e-02 2.160512051320655491e+00 -9.568069901272876621e+01
9.000000000000000000e+02 -2.107025026112297361e+00 1.011849743921388635e-02 2.107049321837045852e+00 -9.676320957682105472e+01
9.100000000000000000e+02 -2.052054595699914330e+00 -4.734491941389976782e-02 2.052600693054410730e+00 -9.784533947999621262e+01
9.200000000000000000e+02 -1.994568647970961672e+00 -1.022296324339067586e-01 1.997186768736535001e+00 -9.892719815127591687e+01
9.300000000000000000e+02 -1.934748052925278294e+00 -1.541551964487478388e-01 1.940879659559115344e+00 -1.000088981732036189e+02
9.400000000000000000e+02 -1.872853180775569948e+00 -2.027804899514273340e-01 1.883799077355679863e+00 -1.010905539333383274e+02
9.500000000000000000e+02 -1.809212749718219770e+00 -2.478164692489239207e-01 1.826106178778760025e+00 -1.021722797213736982e+02
9.600000000000000000e+02 -1.744206345866868624e+00 -2.890404630785143869e-01 1.767993259675753714e+00 -1.032541851434689306e+02
9.700000000000000000e+02 -1.678249497754502162e+00 -3.263059577599060623e-01 1.709677441736554115e+00 -1.043363710036799574e+02
9.800000000000000000e+02 -1.611778198373009063e+00 -3.595418069185800647e-01 1.651393130563652445e+00 -1.054189292187884490e+02
9.900000000000000000e+02 -1.545231298984843127e+00 -3.887483382666016563e-01 1.593381635976588662e+00 -1.065019427575602577e+02
1.000000000000000000e+03 -1.479033707699981992e+00 -4.139961625799001288e-01 1.535882004303598336e+00 -1.075854822041597316e+02
1.010000000000000000e+03 -1.413586185064638512e+00 -4.354213344197529478e-01 1.479127324158903134e+00 -1.086696035876141053e+02
1.020000000000000000e+03 -1.349259155048345926e+00 -4.532173195693695034e-01 1.423343319877330204e+00 -1.097543477946280461e+02
1.030000000000000000e+03 -1.286382293883982175e+00 -4.676247344499806502e-01 1.368741136332078945e+00 -1.108397397775169679e+02
1.040000000000000000e+03 -1.225237621488326045e+00 -4.789191727658996256e-01 1.315511612701744326e+00 -1.119257888873609517e+02
1.050000000000000000e+03 -1.166060103358973699e+00 -4.873995767147883407e-01 1.263825348704201046e+00 -1.130124905595075120e+02
1.060000000000000000e+03 -1.109037172384302883e+00 -4.933794688915650317e-01 1.213831433953616479e+00 -1.140998261299240255e+02
1.070000000000000000e+03 -1.054306945637363713e+00 -4.971793819873431275e-01 1.165654525789053597e+00 -1.151877614119868554e+02
1.080000000000000000e+03 -1.001962723680996925e+00 -4.991201766934679207e-01 1.119397271047576137e+00 -1.162762468727273415e+02
1.090000000000000000e+03 -9.520562613765024551e-01 -4.995193805949175725e-01 1.075142193580055361e+00 -1.173652157641097631e+02
1.100000000000000000e+03 -9.045998191708494174e-01 -4.986838671052207794e-01 1.032950353189808990e+00 -1.184545852655711258e+02
1.110000000000000000e+03 -8.595703121099814714e-01 -4.969006703613046416e-01 9.928602105363900643e-01 -1.195442612151451414e+02
1.120000000000000000e+03 -8.169166706309189951e-01 -4.944331204986672224e-01 9.548910709608477987e-01 -1.206341415932472785e+02
1.130000000000000000e+03 -7.765680691709289096e-01 -4.915204420028105869e-01 9.190485900987515056e-01 -1.217241192394646987e+02
1.140000000000000000e+03 -7.384368010611479516e-01 -4.883776157266947471e-01 8.853257054351875155e-01 -1.228140828320192242e+02
1.150000000000000000e+03 -7.024168495804697931e-01 -4.851948245827385486e-01 8.536998584844832649e-01 -1.239039160788427694e+02
1.160000000000000000e+03 -6.683894437929682741e-01 -4.821367875593610686e-01 8.241361116295863321e-01 -1.249935016118563027e+02
1.170000000000000000e+03 -6.362298262260868142e-01 -4.793435922116522918e-01 7.965919100606329017e-01 -1.260827257241216444e+02
1.180000000000000000e+03 -6.058102391537460996e-01 -4.769359756125508554e-01 7.710213814785000785e-01 -1.271714771991653947e+02
1.190000000000000000e+03 -5.770014904471814088e-01 -4.750164597589592308e-01 7.473763155333487118e-01 -1.282596494936918816e+02
1.200000000000000000e+03 -5.496744800250916718e-01 -4.736674203258576799e-01 7.256051674767811654e-01 -1.293471464339907584e+02
1.210000000000000000e+03 -5.236998575326500260e-01 -4.729529010866740379e-01 7.056528802648077692e-01 -1.304338826380952128e+02
1.220000000000000000e+03 -4.989510736501918120e-01 -4.729204303973643109e-01 6.874633862133368023e-01 -1.315197868189046631e+02
1.230000000000000000e+03 -4.753073739400023312e-01 -4.736036437364395946e-01 6.709824968523200317e-01 -1.326048046394265612e+02
1.240000000000000000e+03 -4.526512577990685071e-01 -4.750262107709651294e-01 6.561578027475556407e-01 -1.336888945349494691e+02
1.250000000000000000e+03 -4.308669760546772753e-01 -4.772006483799082210e-01 6.429360853682943855e-01 -1.347720289212816169e+02
1.260000000000000000e+03 -4.098405515099779461e-01 -4.801261442508577559e-01 6.312609540080855730e-01 -1.358541972335337107e+02
1.270000000000000000e+03 -3.894606668357040169e-01 -4.837907971525676198e-01 6.210741875344909513e-01 -1.369354046972223955e+02
1.280000000000000000e+03 -3.696219192948931864e-01 -4.881766294364406900e-01 6.123208184858363046e-01 -1.380156711232360749e+02
1.290000000000000000e+03 -3.502224894937874811e-01 -4.932631447662559898e-01 6.049498509231343579e-01 -1.390950245357755364e+02
1.300000000000000000e+03 -3.311609023010756991e-01 -4.990238228283306876e-01 5.989092744006088154e-01 -1.401734996349375137e+02
1.310000000000000000e+03 -3.123396174794657032e-01 -5.054244631669536636e-01 5.941463831538674745e-01 -1.412511425994524643e+02
1.320000000000000000e+03 -2.936660486903331924e-01 -5.124240431288255015e-01 5.906082865401446336e-01 -1.423280101001919888e+02
1.330000000000000000e+03 -2.750491039644686331e-01 -5.199784368737333518e-01 5.882427937555275710e-01 -1.434041592891769028e+02
1.340000000000000000e+03 -2.563986009864721027e-01 -5.280419043445415683e-01 5.869995701289995038e-01 -1.444796439839170716e+02
1.350000000000000000e+03 -2.376261043291994224e-01 -5.365625561338596139e-01 5.868266712612616454e-01 -1.455545177278902145e+02
1.360000000000000000e+03 -2.186464497735576273e-01 -5.454802273864720608e-01 5.876690807488327284e-01 -1.466288352524440484e+02
1.370000000000000000e+03 -1.993783232307554110e-01 -5.547286741198313997e-01 5.894706249382183350e-01 -1.477026494463187873e+02
1.380000000000000000e+03 -1.797436828447953328e-01 -5.642352517785447219e-01 5.921732946293746247e-01 -1.487760086275324909e+02
1.390000000000000000e+03 -1.596689997316138310e-01 -5.739251155476218225e-01 5.957216025390091874e-01 -1.498489547086956009e+02
1.400000000000000000e+03 -1.390847966387214196e-01 -5.837190743572182594e-01 6.000604456423387356e-01 -1.509215229080509459e+02
1.410000000000000000e+03 -1.179274663295078879e-01 -5.935280151994057896e-01 6.051300621696490412e-01 -1.519937456504994486e+02
1.420000000000000000e+03 -9.614064785140342961e-02 -6.032555860827156780e-01 6.108685016509595167e-01 -1.530656516318468334e+02
1.430000000000000000e+03 -7.367477798536653522e-02 -6.128015096557624108e-01 6.172144385443154579e-01 -1.541372628982602180e+02
1.440000000000000000e+03 -5.048868930079884049e-02 -6.220624777712746578e-01 6.241080307112304437e-01 -1.552085968733018717e+02
1.450000000000000000e+03 -2.655004464507853407e-02 -6.309322760152499265e-01 6.314906505946380477e-01 -1.562796668643372868e+02
1.460000000000000000e+03 -1.833643114696859467e-03 -6.392995661355426185e-01 6.393021957636036978e-01 -1.573504792181620076e+02
1.470000000000000000e+03 2.367518795950228350e-02 -6.470473219370033169e-01 6.474803096239806210e-01 -1.584210377579523197e+02
1.480000000000000000e+03 4.997548823691604775e-02 -6.540574242470178490e-01 6.559639194629240944e-01 -1.594913507872985008e+02
1.490000000000000000e+03 7.705063140439767644e-02 -6.602095374837054775e-01 6.646904792339548562e-01 -1.605614302633084947e+02
1.500000000000000000e+03 1.048695880592853819e-01 -6.653839064951267979e-01 6.735973378231536746e-01 -1.616312892671559212e+02
1.510000000000000000e+03 1.333906985844239279e-01 -6.694673398210807536e-01 6.826269827335826879e-01 -1.627009376784785672e+02
1.520000000000000000e+03 1.625606593064465033e-01 -6.723540443002306022e-01 6.917267732573483263e-01 -1.637703852119024646e+02
1.530000000000000000e+03 1.923110921570266307e-01 -6.739430211322530173e-01 7.008443135957491688e-01 -1.648396461944640521e+02
1.540000000000000000e+03 2.225600996563779632e-01 -6.741354501617461414e-01 7.099236600676420705e-01 -1.659087358460076302e+02
1.550000000000000000e+03 2.532090265183579159e-01 -6.728392335955357684e-01 7.189071187405243757e-01 -1.669776755640967565e+02
1.560000000000000000e+03 2.841432189293009447e-01 -6.699780728143418518e-01 7.277417034329722867e-01 -1.680464959463248249e+02
1.570000000000000000e+03 3.152416686304185256e-01 -6.654926316335812997e-01 7.363815263838984215e-01 -1.691152265896871540e+02
1.580000000000000000e+03 3.463777637970369971e-01 -6.593336683643805651e-01 7.447808009688937636e-01 -1.701838934607825990e+02
1.590000000000000000e+03 3.774132125194233356e-01 -6.514633757637980915e-01 7.528912690062190549e-01 -1.712525276441280084e+02
1.600000000000000000e+03 4.082060306248200265e-01 -6.418566985086353593e-01 7.606656196114537360e-01 -1.723211571186413948e+02
1.610000000000000000e+03 4.386142538793247336e-01 -6.305037276955025582e-01 7.680608142224424340e-01 -1.733898058544514527e+02
1.620000000000000000e+03 4.684918012888879546e-01 -6.174185145080156589e-01 7.750420568796196896e-01 -1.744585071760982373e+02
1.630000000000000000e+03 4.976924536262828380e-01 -6.026358282290031898e-01 7.815802709010805094e-01 -1.755272998429396978e+02
1.640000000000000000e+03 5.260731853713832562e-01 -5.862020575619242280e-01 7.876457634346973880e-01 -1.765962196331081486e+02
1.650000000000000000e+03 5.534971301731711479e-01 -5.681750833683699708e-01 7.932099334164887106e-01 -1.776652978870302206e+02
1.660000000000000000e+03 5.798378052202620703e-01 -5.486275207580708635e-01 7.982506103322427604e-01 -1.787345626222682995e+02
1.670000000000000000e+03 6.049764481018445883e-01 -5.276441803292284405e-01 8.027483315418521004e-01 -1.798040413679449898e+02
1.680000000000000000e+03 6.288014434224581395e-01 -5.053201521326770029e-01 8.066843939246367556e-01 -1.808737617015542298e+02
1.690000000000000000e+03 6.512111613541297084e-01 -4.817620101718274039e-01 8.100435859365805458e-01 -1.819437518006764378e+02
1.700000000000000000e+03 6.721147015271884406e-01 -4.570856214315783816e-01 8.128132856495849934e-01 -1.830140398022284103e+02
1.710000000000000000e+03 6.914345907623047349e-01 -4.314115514420009956e-01 8.149832636442482237e-01 -1.840846491626473664e+02
1.720000000000000000e+03 7.091106388931860405e-01 -4.048617132832526555e-01 8.165481645770524821e-01 -1.851555946394473153e+02
1.730000000000000000e+03 7.250984552625574509e-01 -3.775630593805607838e-01 8.175094088956750271e-01 -1.862268894929895851e+02
1.740000000000000000e+03 7.393661182934639919e-01 -3.496492145264099571e-01 8.178733582280817149e-01 -1.872985515145084889e+02
1.750000000000000000e+03 7.518931032126130454e-01 -3.212543813501171353e-01 8.176476112576490651e-01 -1.883705986228513325e+02
1.760000000000000000e+03 7.626702123565799463e-01 -2.925070022270042647e-01 8.168391513436775719e-01 -1.894430427768545542e+02
1.770000000000000000e+03 7.717002257820848587e-01 -2.635288447154177094e-01 8.154561241839830554e-01 -1.905158892813618934e+02
1.780000000000000000e+03 7.789983490416589884e-01 -2.344373631401113767e-01 8.135104824436614201e-01 -1.915891402410524051e+02
1.790000000000000000e+03 7.845909446843489787e-01 -2.053461347794355019e-01 8.110178700556068820e-01 -1.926627967355623241e+02
1.800000000000000000e+03 7.885095287072592107e-01 -1.763629237228832303e-01 8.079920530093273046e-01 -1.937368592355508383e+02
1.810000000000000000e+03 7.907892644714110686e-01 -1.475886558262806125e-01 8.044439521382726888e-01 -1.948113265245995933e+02
1.820000000000000000e+03 7.914753562805504350e-01 -1.191167449338017270e-01 8.003886796569830153e-01 -1.958861932361485856e+02
1.830000000000000000e+03 7.906234267288649864e-01 -9.103171547448737910e-02 7.958468295562413086e-01 -1.969614490588570277e+02
1.840000000000000000e+03 7.882914821682565076e-01 -6.341130145634561732e-02 7.908378177675965404e-01 -1.980370832952220326e+02
1.850000000000000000e+03 7.845377235739516841e-01 -3.632812695662199914e-02 7.853783626499871717e-01 -1.991130867772718318e+02
1.860000000000000000e+03 7.794236251287521844e-01 -9.847600887220605767e-03 7.794858322330685541e-01 -2.001894484860876560e+02
1.870000000000000000e+03 7.730141632032999643e-01 1.597335290764912222e-02 7.731791800844164397e-01 -2.012661539070740275e+02
1.880000000000000000e+03 7.653754339828425790e-01 4.108444777824449279e-02 7.664773230785552061e-01 -2.023431873439617732e+02
1.890000000000000000e+03 7.565730727938295708e-01 6.544043377492109181e-02 7.593979621050790385e-01 -2.034205335832151036e+02
1.900000000000000000e+03 7.466727548513811819e-01 8.900110895587359794e-02 7.519583766623828547e-01 -2.044981775001018036e+02
1.910000000000000000e+03 7.357412530590631272e-01 1.117311064897033718e-01 7.441767475609096794e-01 -2.055761042597034134e+02
1.920000000000000000e+03 7.238468664330671709e-01 1.335988644534860104e-01 7.360726476566232801e-01 -2.066543008018506100e+02
1.930000000000000000e+03 7.110570801726909806e-01 1.545764714203259338e-01 7.276647969913561109e-01 -2.077327555599013635e+02
1.940000000000000000e+03 6.974357084643580951e-01 1.746408896142321587e-01 7.189687112569166372e-01 -2.088114555627758477e+02
1.950000000000000000e+03 6.830439474974894232e-01 1.937747131716770765e-01 7.099983617429823646e-01 -2.098903848652730915e+02
1.960000000000000000e+03 6.679421001337425556e-01 2.119631888175573797e-01 7.007674668139083352e-01 -2.109695286434869956e+02
1.970000000000000000e+03 6.521905359537726321e-01 2.291918532578629819e-01 6.912896648926866172e-01 -2.120488766900982114e+02
1.980000000000000000e+03 6.358501772786681050e-01 2.454483251511446751e-01 6.815792897857267940e-01 -2.131284213313106477e+02
1.990000000000000000e+03 6.189822629181372937e-01 2.607225587573404058e-01 6.716511702157845765e-01 -2.142081571573717440e+02
2.000000000000000000e+03 6.016479697043535246e-01 2.750060368191622473e-01 6.615199163565320672e-01 -2.152880820827988941e+02
2.010000000000000000e+03 5.839073571381085959e-01 2.882940122068669009e-01 6.511998458187346905e-01 -2.163681936803546932e+02
2.020000000000000000e+03 5.658188128943670847e-01 3.005875392732052509e-01 6.407057029491086686e-01 -2.174484858486510745e+02
2.030000000000000000e+03 5.474411897082273049e-01 3.118915617153442121e-01 6.300541266100839755e-01 -2.185289528830758172e+02
2.040000000000000000e+03 5.288359966956778235e-01 3.222116928236503641e-01 6.192639876445209524e-01 -2.196095961470959708e+02
2.050000000000000000e+03 5.100657257251234311e-01 3.315543883529432079e-01 6.083546309477648739e-01 -2.206904233930999055e+02
2.060000000000000000e+03 4.911900544549381298e-01 3.399294400896778479e-01 5.973438656545548842e-01 -2.217714423740787595e+02
2.070000000000000000e+03 4.722634288220796117e-01 3.473508671512586798e-01 5.862468516875112279e-01 -2.228526568210088783e+02
2.080000000000000000e+03 4.533358632092441276e-01 3.538361544436839923e-01 5.750768896966431676e-01 -2.239340673073632217e+02
2.090000000000000000e+03 4.344560389960593350e-01 3.594058685682033905e-01 5.638480541612341801e-01 -2.250156744544663070e+02
2.100000000000000000e+03 4.156727398099951398e-01 3.640837273842634225e-01 5.525764989276747974e-01 -2.260974806659129115e+02
2.110000000000000000e+03 3.970344431690535081e-01 3.678959232762289422e-01 5.412797423013624432e-01 -2.271794911559862271e+02
2.120000000000000000e+03 3.785876614858209033e-01 3.708708269077483077e-01 5.299752708198181006e-01 -2.282617127126070500e+02
2.130000000000000000e+03 3.603751765627866144e-01 3.730402977060841563e-01 5.186803751784941907e-01 -2.293441495601973372e+02
2.140000000000000000e+03 3.424352640387861579e-01 3.744406717279180064e-01 5.074127774321096629e-01 -2.304268004854023957e+02
2.150000000000000000e+03 3.248009821449597267e-01 3.751115196790612560e-01 4.961898126707814938e-01 -2.315096587666556900e+02
2.160000000000000000e+03 3.075000745354309339e-01 3.750939855895329966e-01 4.850276217544072788e-01 -2.325927132666755597e+02
2.170000000000000000e+03 2.905555453503461671e-01 3.744301750342348134e-01 4.739414319407038167e-01 -2.336759491031305345e+02
2.180000000000000000e+03 2.739860812178298022e-01 3.731632912018428838e-01 4.629462329490268147e-01 -2.347593472547542603e+02
2.190000000000000000e+03 2.578071497796755041e-01 3.713368004564034375e-01 4.520570161503069118e-01 -2.358428867859830689e+02
2.200000000000000000e+03 2.420324045372010680e-01 3.689923088143053920e-01 4.412878978741328062e-01 -2.369265496490141629e+02
2.210000000000000000e+03 2.266732287835244719e-01 3.661695041854453048e-01 4.306516671772708804e-01 -2.380103196805769414e+02
2.220000000000000000e+03 2.117373101072836106e-01 3.629082323974335278e-01 4.201607711737230244e-01 -2.390941767770131037e+02
2.230000000000000000e+03 1.972284287680755310e-01 3.592481003301631337e-01 4.098270985490768958e-01 -2.401780961115388209e+02
2.240000000000000000e+03 1.831463788959211414e-01 3.552268496699529376e-01 3.996607446686847864e-01 -2.412620488550035986e+02
2.250000000000000000e+03 1.694872417747623206e-01 3.508794019649417173e-01 3.896694494667138908e-01 -2.423460025815125505e+02
2.260000000000000000e+03 1.562434164549438842e-01 3.462377966312319422e-01 3.798586803030350456e-01 -2.434299199709588493e+02
2.270000000000000000e+03 1.434049032773929977e-01 3.413325216687077002e-01 3.702335163551744857e-01 -2.445137590278473283e+02
2.280000000000000000e+03 1.309615342764763324e-01 3.361936205010881973e-01 3.608006013377449972e-01 -2.455974768406281896e+02
2.290000000000000000e+03 1.189039247833039437e-01 3.308496748195419723e-01 3.515674197889648855e-01 -2.466810334531449769e+02
2.300000000000000000e+03 1.072228328083959376e-01 3.253244432086091487e-01 3.425386536209436006e-01 -2.477643937876180189e+02
2.310000000000000000e+03 9.590838034599896700e-02 3.196366074509796595e-01 3.337154150520537099e-01 -2.488475250963679173e+02
2.320000000000000000e+03 8.495038747895193587e-02 3.138020346819567208e-01 3.250973474259056806e-01 -2.499303949239727842e+02
2.330000000000000000e+03 7.433804808030373967e-02 3.078350601306876766e-01 3.166837059876204674e-01 -2.510129685257537346e+02
2.340000000000000000e+03 6.405970818865297511e-02 3.017492932339853606e-01 3.084741191419874129e-01 -2.520952071067937084e+02
2.350000000000000000e+03 5.410409385386989733e-02 2.955569794511057058e-01 3.004682696625546878e-01 -2.531770718270012708e+02
2.360000000000000000e+03 4.446099989094830923e-02 2.892689106959789314e-01 2.926658217259766603e-01 -2.542585261606022016e+02
2.370000000000000000e+03 3.512141477078505047e-02 2.828948815535998751e-01 2.850667076049513415e-01 -2.553395364031314330e+02
2.380000000000000000e+03 2.607825042969716053e-02 2.764439213545610841e-01 2.776712386967017943e-01 -2.564200747072429749e+02
2.390000000000000000e+03 1.732432439544468947e-02 2.699259818691340240e-01 2.704813633206078483e-01 -2.575001122145598060e+02
2.400000000000000000e+03 8.850280267264155551e-03 2.633491163659584799e-01 2.634977885135665887e-01 -2.585796123677460514e+02
2.410000000000000000e+03 6.470539138518253486e-04 2.567157803180151188e-01 2.567165957686702304e-01 -2.596585388676589332e+02
2.420000000000000000e+03 -7.290770514701313057e-03 2.500272546652688166e-01 2.501335311591574850e-01 -2.607368667236142983e+02
2.430000000000000000e+03 -1.496635378687680845e-02 2.432874443900209238e-01 2.437473535107642642e-01 -2.618145786266587720e+02
2.440000000000000000e+03 -2.238342591961543088e-02 2.365005551617390123e-01 2.375574253684983594e-01 -2.628916551653236411e+02
2.450000000000000000e+03 -2.954689745078051613e-02 2.296679576674110212e-01 2.315607694064057975e-01 -2.639680706632456122e+02
2.460000000000000000e+03 -3.646227310535012783e-02 2.227888781698366405e-01 2.257529215673264589e-01 -2.650437936917637103e+02
2.470000000000000000e+03 -4.313421132669535002e-02 2.158647572592523600e-01 2.201321276265051641e-01 -2.661187953744358765e+02
2.480000000000000000e+03 -4.956461527771407333e-02 2.089016260983461160e-01 2.147010490755948964e-01 -2.671930629737564686e+02
2.490000000000000000e+03 -5.575310933682594422e-02 2.019068212964671150e-01 2.094630604349310421e-01 -2.682665992434725126e+02
2.500000000000000000e+03 -6.169934441343644105e-02 1.948855383061135482e-01 2.044191335024965472e-01 -2.693394092471519912e+02
2.510000000000000000e+03 -6.740337341488253364e-02 1.878405005915053105e-01 1.995677038254772273e-01 -2.704114962640560975e+02
2.520000000000000000e+03 -7.286485151311759834e-02 1.807718767202508292e-01 1.949044842967709579e-01 -2.714828628592146060e+02
2.530000000000000000e+03 -7.808289557499652200e-02 1.736773044291231860e-01 1.904225424027894409e-01 -2.725535087233512286e+02
2.540000000000000000e+03 -8.305709148127961294e-02 1.665547114382456839e-01 1.861154274841474165e-01 -2.736234292956046943e+02
2.550000000000000000e+03 -8.778781681243300050e-02 1.594050531272142579e-01 1.819798663126866167e-01 -2.746926212599013866e+02
2.560000000000000000e+03 -9.227504504421261966e-02 1.522323979221559542e-01 1.780151311407013603e-01 -2.757610920663247498e+02
2.570000000000000000e+03 -9.651766316154712644e-02 1.450438621471948630e-01 1.742222180111949459e-01 -2.768288670245703997e+02
2.580000000000000000e+03 -1.005142265641969651e-01 1.378473881200666107e-01 1.706019113413533850e-01 -2.778959820596701320e+02
2.590000000000000000e+03 -1.042632265491721250e-01 1.306490591545987900e-01 1.671526160980612574e-01 -2.789624734486666284e+02
2.600000000000000000e+03 -1.077633459293980134e-01 1.234529392745098986e-01 1.638705798531723268e-01 -2.800283731228298052e+02
2.610000000000000000e+03 -1.110129446351518362e-01 1.162625495584733715e-01 1.607509076378847712e-01 -2.810937140766803850e+02
2.620000000000000000e+03 -1.140101197701154645e-01 1.090820680028188328e-01 1.577884817398521877e-01 -2.821585340395422463e+02
2.630000000000000000e+03 -1.167541569336363605e-01 1.019174385897418378e-01 1.549796678599421607e-01 -2.832228747147140666e+02
2.640000000000000000e+03 -1.192456677631064804e-01 9.477666728148347042e-02 1.523225063516688293e-01 -2.842867852792414851e+02
2.650000000000000000e+03 -1.214853290030676741e-01 8.766789456538862102e-02 1.498143681377446801e-01 -2.853503201243170793e+02
2.660000000000000000e+03 -1.234737335138080955e-01 8.059884513751224000e-02 1.474514723742681999e-01 -2.864135358026632616e+02
2.670000000000000000e+03 -1.252125148292821122e-01 7.357910740287786078e-02 1.452310535528728852e-01 -2.874764991295838286e+02
2.680000000000000000e+03 -1.267051989253217270e-01 6.662032989060108490e-02 1.431519325382576424e-01 -2.885392881643880401e+02
2.690000000000000000e+03 -1.279557438003192105e-01 5.973426283632026629e-02 1.412120905874972021e-01 -2.896019876971254234e+02
2.700000000000000000e+03 -1.289673644290369459e-01 5.293139583565086709e-02 1.394070075458274105e-01 -2.906646828243764276e+02
2.710000000000000000e+03 -1.297439671412913553e-01 4.622010403901633674e-02 1.377308789884751361e-01 -2.917274458009164846e+02
2.720000000000000000e+03 -1.302906438378906295e-01 3.960714291096755629e-02 1.361777428262852252e-01 -2.927903359853586949e+02
2.730000000000000000e+03 -1.306128808755994408e-01 3.309949325422131827e-02 1.347416086600934648e-01 -2.938534138834048690e+02
2.740000000000000000e+03 -1.307167572059384497e-01 2.670632335803263535e-02 1.334170091170539807e-01 -2.949167553095679750e+02
2.750000000000000000e+03 -1.306094270050200401e-01 2.043901917435790583e-02 1.321990012344625431e-01 -2.959804526787405621e+02
2.760000000000000000e+03 -1.302983869934385974e-01 1.430890757686516419e-02 1.310817092089325842e-01 -2.970446002164715082e+02
2.770000000000000000e+03 -1.297908065484132678e-01 8.325395137400475737e-03 1.300575475267832792e-01 -2.981092790018130927e+02
2.780000000000000000e+03 -1.290946727505170311e-01 2.496042166909092849e-03 1.291188009511475832e-01 -2.991745546045667652e+02
2.790000000000000000e+03 -1.282199217778683675e-01 -3.172847416944309714e-03 1.282591723872171796e-01 -3.002404817336822589e+02
2.800000000000000000e+03 -1.271790304407934835e-01 -8.675862750174316226e-03 1.274746107204102752e-01 -3.013071098511465493e+02
2.810000000000000000e+03 -1.259856965285190145e-01 -1.400820399706444869e-02 1.267620822998717645e-01 -3.023744880334753020e+02
2.820000000000000000e+03 -1.246516726974248312e-01 -1.916520893666373571e-02 1.261163936205436653e-01 -3.034426665310757585e+02
2.830000000000000000e+03 -1.231864657267528196e-01 -2.414297533797904113e-02 1.255300306556909606e-01 -3.045116878637170430e+02
2.840000000000000000e+03 -1.215988726187988700e-01 -2.894002880988240725e-02 1.249952442682508574e-01 -3.055815729028707324e+02
2.850000000000000000e+03 -1.198975802746582164e-01 -3.355668703090385063e-02 1.245049436777839053e-01 -3.066523265317129017e+02
2.860000000000000000e+03 -1.180905694698967529e-01 -3.799273387190201662e-02 1.240517247956902935e-01 -3.077239547628507808e+02
2.870000000000000000e+03 -1.161848233136618391e-01 -4.224671047116395489e-02 1.236272531202613628e-01 -3.087964686429179437e+02
2.880000000000000000e+03 -1.141885668816739474e-01 -4.631738057640128609e-02 1.232247075466187530e-01 -3.098698786330996882e+02
2.890000000000000000e+03 -1.121130691948658137e-01 -5.020477096440871534e-02 1.228407884697973879e-01 -3.109441951388544680e+02
2.900000000000000000e+03 -1.099707614977766673e-01 -5.391005129622530173e-02 1.224739238171233119e-01 -3.120194276430448213e+02
2.910000000000000000e+03 -1.077729418387107646e-01 -5.743537728440599455e-02 1.221221910889752765e-01 -3.130955791884882728e+02
2.920000000000000000e+03 -1.055296287701425889e-01 -6.078328887895729365e-02 1.217830478979192027e-01 -3.141726492037315666e+02
2.930000000000000000e+03 -1.032499497063783800e-01 -6.395679639952805973e-02 1.214537933539350245e-01 -3.152506333876614235e+02
2.940000000000000000e+03 -1.009417123151815227e-01 -6.696017713959649675e-02 1.211317242000914118e-01 -3.163295157191456610e+02
2.950000000000000000e+03 -9.861176824080995773e-02 -6.979863951521303456e-02 1.208144482822889609e-01 -3.174092720260446185e+02
2.960000000000000000e+03 -9.626678453253388612e-02 -7.247784302490588304e-02 1.205003383139491568e-01 -3.184898769204582436e+02
2.970000000000000000e+03 -9.391208271813551722e-02 -7.500458207873478278e-02 1.201880468818076336e-01 -3.195712937758236194e+02
2.980000000000000000e+03 -9.155219622406249314e-02 -7.738581928982976588e-02 1.198764766774842727e-01 -3.206534836224187757e+02
2.990000000000000000e+03 -8.919153861762098290e-02 -7.962718575307009550e-02 1.195642892837677773e-01 -3.217364179505210586e+02
3.000000000000000000e+03 -8.683301272963683815e-02 -8.173423239040564225e-02 1.192495569977268660e-01 -3.228200624087434107e+02
3.010000000000000000e+03 -8.447794296235597300e-02 -8.371377595446224951e-02 1.189307324946120570e-01 -3.239043672728250840e+02
3.020000000000000000e+03 -8.212691159660014117e-02 -8.557248558154535722e-02 1.186064074871149704e-01 -3.249892806340362199e+02
3.030000000000000000e+03 -7.978022696300550443e-02 -8.731565415577752232e-02 1.182747144360112995e-01 -3.260747579823402020e+02
3.040000000000000000e+03 -7.743839590344715751e-02 -8.894811593200233069e-02 1.179341871042996065e-01 -3.271607592987351723e+02
3.050000000000000000e+03 -7.510179907213222761e-02 -9.047512450450602428e-02 1.175841331897156394e-01 -3.282472422733875419e+02
3.060000000000000000e+03 -7.276966322973395240e-02 -9.190147026381405293e-02 1.172233087880545643e-01 -3.293341605214574770e+02
3.070000000000000000e+03 -7.043977743354973287e-02 -9.322936193890274392e-02 1.168480901530827287e-01 -3.304214716429751206e+02
3.080000000000000000e+03 -6.811076154853167031e-02 -9.445908662936851330e-02 1.164542609163592840e-01 -3.315091471624352266e+02
3.090000000000000000e+03 -6.578385266769298800e-02 -9.559360173835110275e-02 1.160415958400918407e-01 -3.325971622239458156e+02
3.100000000000000000e+03 -6.346029478585575589e-02 -9.663932443941325445e-02 1.156130098319989585e-01 -3.336854766610731531e+02
3.110000000000000000e+03 -6.113906154175821617e-02 -9.760227077729546896e-02 1.151702570418743216e-01 -3.347740384878945861e+02
3.120000000000000000e+03 -5.881784800519800072e-02 -9.848573468780959239e-02 1.147125938202087497e-01 -3.358628000661998954e+02
3.130000000000000000e+03 -5.649583127798978727e-02 -9.929003175760355016e-02 1.142378630674480561e-01 -3.369517376449866219e+02
3.140000000000000000e+03 -5.417588934511478882e-02 -1.000133460699847432e-01 1.137439949115937043e-01 -3.380408638769296772e+02
3.150000000000000000e+03 -5.186196281747321168e-02 -1.006541200269262526e-01 1.132294796670719056e-01 -3.391301981889704962e+02
3.160000000000000000e+03 -4.955456079609690118e-02 -1.012126522835771758e-01 1.126927481161514866e-01 -3.402197255043366226e+02
3.170000000000000000e+03 -4.725135015739102828e-02 -1.016903942202978944e-01 1.121321825720697080e-01 -3.413094029185551790e+02
3.180000000000000000e+03 -4.495036449358111308e-02 -1.020883513418641697e-01 1.115462538492696248e-01 -3.423991909837040453e+02
3.190000000000000000e+03 -4.265159177258502632e-02 -1.024067859889321586e-01 1.109338005177781528e-01 -3.434890678668735973e+02
3.200000000000000000e+03 -4.035690469818249693e-02 -1.026466408457880758e-01 1.102951160919756757e-01 -3.445790246309637723e+02
3.210000000000000000e+03 -3.806859977824384594e-02 -1.028092084634777276e-01 1.096309793532965204e-01 -3.456690553663506194e+02
3.220000000000000000e+03 -3.578790544392912443e-02 -1.028945482069269640e-01 1.089406362509932752e-01 -3.467591495222228559e+02
3.230000000000000000e+03 -3.351500169999888784e-02 -1.029016598333056254e-01 1.082220261102160019e-01 -3.478492900018236469e+02
3.240000000000000000e+03 -3.125018113864484748e-02 -1.028301759869383603e-01 1.074738057142428926e-01 -3.489394574439513121e+02
3.250000000000000000e+03 -2.899445725791297696e-02 -1.026813616418282699e-01 1.066964881348063110e-01 -3.500296336576155340e+02
3.260000000000000000e+03 -2.674942924046010834e-02 -1.024565376234814473e-01 1.058908592206251331e-01 -3.511198058175531855e+02
3.270000000000000000e+03 -2.451728952841270015e-02 -1.021557187233413239e-01 1.050565959552395012e-01 -3.522099699252439109e+02
3.280000000000000000e+03 -2.230025737680896639e-02 -1.017783221835798224e-01 1.041927461274368139e-01 -3.533001232826201772e+02
3.290000000000000000e+03 -2.009976202063169792e-02 -1.013242553741161012e-01 1.032986212899529715e-01 -3.543902541342101244e+02
3.300000000000000000e+03 -1.791630791697066891e-02 -1.007943810176623739e-01 1.023743197003496724e-01 -3.554803394370831029e+02
3.310000000000000000e+03 -1.574995980140433960e-02 -1.001899952540638017e-01 1.014203943137433200e-01 -3.565703505805722102e+02
3.320000000000000000e+03 -1.360092438929437139e-02 -9.951269283497618523e-02 1.004378473460658255e-01 -3.576602593604781077e+02
3.330000000000000000e+03 -1.146985108288269342e-02 -9.876457997953944079e-02 9.942836487843068061e-02 -3.587500410475394119e+02
3.340000000000000000e+03 -9.358224049802474701e-03 -9.794712823680003233e-02 9.839317195416789896e-02 -3.598396801971045988e+02
3.350000000000000000e+03 -7.269104621285827662e-03 -9.706056034578464109e-02 9.733238030908779315e-02 -3.609291786258179968e+02
3.360000000000000000e+03 -5.206605830392284015e-03 -9.610528623093485268e-02 9.624621959226757617e-02 -3.620185488633148907e+02
3.370000000000000000e+03 -3.173809562640745284e-03 -9.508312684409364612e-02 9.513608189109909463e-02 -3.631077926380413601e+02
3.380000000000000000e+03 -1.171478122634213651e-03 -9.399649000251905639e-02 9.400378978416495945e-02 -3.641968880658114358e+02
3.390000000000000000e+03 8.010105648426314381e-04 -9.284726136326586221e-02 9.285071653241880330e-02 -3.652857987407691098e+02
3.400000000000000000e+03 2.744131151743122755e-03 -9.163658682645824116e-02 9.167766522431178289e-02 -3.663744888562053461e+02
3.410000000000000000e+03 4.657376472282780989e-03 -9.036451495000047407e-02 9.048445566921112238e-02 -3.674629313936046628e+02
3.420000000000000000e+03 6.538806280208689023e-03 -8.903039630351980427e-02 8.927019353363074838e-02 -3.685511126931897934e+02
3.430000000000000000e+03 8.385294572795578064e-03 -8.763437702618026570e-02 8.803463637591324442e-02 -3.696390311461279339e+02
3.440000000000000000e+03 1.019394514719574631e-02 -8.617779530377313313e-02 8.677862018425425150e-02 -3.707266831519469861e+02
3.450000000000000000e+03 1.196307289223631255e-02 -8.466234898432413447e-02 8.550338267325129082e-02 -3.718140517123537734e+02
3.460000000000000000e+03 1.369160448827733134e-02 -8.308969840958235764e-02 8.421020137286674978e-02 -3.729011122863745982e+02
3.470000000000000000e+03 1.537779706416024517e-02 -8.146139450924252956e-02 8.290015342529194475e-02 -3.739878472701555552e+02
3.480000000000000000e+03 1.701871049190825311e-02 -7.977860664803336499e-02 8.157366355331248375e-02 -3.750742518249631416e+02
3.490000000000000000e+03 1.861134595855490348e-02 -7.804221517147630349e-02 8.023072695208503802e-02 -3.761603204011993853e+02
3.500000000000000000e+03 2.015356729036360539e-02 -7.625317249178931167e-02 7.887149415086408544e-02 -3.772460359554125944e+02
3.510000000000000000e+03 2.164345528730469634e-02 -7.441322469272446116e-02 7.749688487896436162e-02 -3.783313798377358239e+02
3.520000000000000000e+03 2.307906458961935664e-02 -7.252548806048596253e-02 7.610906411685479378e-02 -3.794163382128099897e+02
3.530000000000000000e+03 2.445855356676360573e-02 -7.059349522038296798e-02 7.471052409137871053e-02 -3.805008987942550220e+02
3.540000000000000000e+03 2.578015588490400328e-02 -6.862000063245679571e-02 7.330293939705502526e-02 -3.815850463165591577e+02
3.550000000000000000e+03 2.704208282346564490e-02 -6.660711814345333937e-02 7.188728977230346429e-02 -3.826687628944403627e+02
3.560000000000000000e+03 2.824215347015235009e-02 -6.455696562149609852e-02 7.046432461101623246e-02 -3.837520350203095063e+02
3.570000000000000000e+03 2.937797615884875715e-02 -6.247216020697492905e-02 6.903503664166353582e-02 -3.848348542732168198e+02
3.580000000000000000e+03 3.044760580029428482e-02 -6.035623302579204430e-02 6.760126895283714854e-02 -3.859172125038417676e+02
3.590000000000000000e+03 3.144946228561761731e-02 -5.821376402571565994e-02 6.616578420978770636e-02 -3.869991058749049557e+02
3.600000000000000000e+03 3.238183492819567827e-02 -5.604978180684663802e-02 6.473145505789307252e-02 -3.880805395840228584e+02
3.610000000000000000e+03 3.324290946843436179e-02 -5.386900243434231128e-02 6.330055649990527777e-02 -3.891615227970899014e+02
3.620000000000000000e+03 3.403086695912393295e-02 -5.167579715949297686e-02 6.187477610511940562e-02 -3.902420665039837786e+02
3.630000000000000000e+03 3.474394454496533557e-02 -4.947452875342603362e-02 6.045552644644826973e-02 -3.913221850940328181e+02
3.640000000000000000e+03 3.538061509501486818e-02 -4.726980372043640410e-02 5.904423992456992593e-02 -3.924018965894849202e+02
3.650000000000000000e+03 3.593951813616590857e-02 -4.506659305417785172e-02 5.764240429901124063e-02 -3.934812258021727303e+02
3.660000000000000000e+03 3.641931894229828715e-02 -4.286992861210504185e-02 5.625120062210076100e-02 -3.945602041847278088e+02
3.670000000000000000e+03 3.681908099455385303e-02 -4.068468476426535113e-02 5.487156184811183696e-02 -3.956388625871979912e+02
3.680000000000000000e+03 3.713880409438787694e-02 -3.851592833060356325e-02 5.350483627420526966e-02 -3.967172282897383866e+02
3.690000000000000000e+03 3.737938643110049614e-02 -3.636928224237673257e-02 5.215307489296484161e-02 -3.977953318301852619e+02
3.700000000000000000e+03 3.754196382762645112e-02 -3.425064886184507607e-02 5.081836277854907824e-02 -3.988732148683946548e+02
3.710000000000000000e+03 3.762745889316816000e-02 -3.216536552701971391e-02 4.950188281513995259e-02 -3.999509252128531784e+02
3.720000000000000000e+03 3.763694234572388664e-02 -3.011769776003981117e-02 4.820389141449527015e-02 -4.010285022529935759e+02
3.730000000000000000e+03 3.757229030038997108e-02 -2.811117117328048448e-02 4.692456652064304345e-02 -4.021059703930660021e+02
3.740000000000000000e+03 3.743638466765079886e-02 -2.614933694678194323e-02 4.566476453175527528e-02 -4.031833483285982993e+02
3.750000000000000000e+03 3.723268020264714623e-02 -2.423597670954229580e-02 4.442583755134020540e-02 -4.042606601478881885e+02
3.760000000000000000e+03 3.696464965343139453e-02 -2.237444846630371603e-02 4.320881007586539063e-02 -4.053379318058604213e+02
3.770000000000000000e+03 3.663566100528945629e-02 -2.056724197753116365e-02 4.201408216130404077e-02 -4.064151824690093235e+02
3.780000000000000000e+03 3.624959702941213391e-02 -1.881635193116622598e-02 4.084223775446526455e-02 -4.074924222917971974e+02
3.790000000000000000e+03 3.581131621191020742e-02 -1.712363187577782206e-02 3.969469911016554331e-02 -4.085696549508190287e+02
3.800000000000000000e+03 3.532623947855192265e-02 -1.549042714398221089e-02 3.857326183769038686e-02 -4.096468758035817359e+02
3.810000000000000000e+03 3.480001284825206403e-02 -1.391711043363561343e-02 3.747968592531850801e-02 -4.107240640527942332e+02
3.820000000000000000e+03 3.423829418847523093e-02 -1.240305734307486571e-02 3.641560957051494934e-02 -4.118011814663458381e+02
3.830000000000000000e+03 3.364640473349866240e-02 -1.094675596459087491e-02 3.538236873979336977e-02 -4.128781750787878764e+02
3.840000000000000000e+03 3.302961204646519267e-02 -9.546142709742291496e-03 3.438145012320981825e-02 -4.139549804781960916e+02
3.850000000000000000e+03 3.239331551286865618e-02 -8.198641985200261217e-03 3.341473657411869747e-02 -4.150315204807053533e+02
3.860000000000000000e+03 3.174267173505279649e-02 -6.901310824654968354e-03 3.248423155898596398e-02 -4.161077120291251390e+02
3.870000000000000000e+03 3.108221947056224663e-02 -5.651402450879372714e-03 3.159181408020128590e-02 -4.171834856827106250e+02
3.880000000000000000e+03 3.041557949331702079e-02 -4.446235665430777091e-03 3.073884330138067569e-02 -4.182587840911310195e+02
3.890000000000000000e+03 2.974558595838351291e-02 -3.282803635462286027e-03 2.992618725659162288e-02 -4.193335472772172920e+02
3.900000000000000000e+03 2.907448650102331320e-02 -2.157820025433452617e-03 2.915444996154701110e-02 -4.204077105288085932e+02
3.910000000000000000e+03 2.840397944098934507e-02 -1.067929282118821157e-03 2.842404828724705637e-02 -4.214812095600084376e+02
3.920000000000000000e+03 2.773504618726018583e-02 -9.939939213134248110e-06 2.773504796844323758e-02 -4.225539877747605146e+02
3.930000000000000000e+03 2.706782953763628083e-02 1.019071130610787893e-03 2.708700614404957463e-02 -4.236259983650091954e+02
3.940000000000000000e+03 2.640191383933026409e-02 2.021447973767395712e-03 2.647918628451537831e-02 -4.246972140229282218e+02
3.950000000000000000e+03 2.573661306896460679e-02 2.998646627668940905e-03 2.591071465357970560e-02 -4.257676394938401927e+02
3.960000000000000000e+03 2.507103647589682335e-02 3.951536498946241378e-03 2.538053408969664221e-02 -4.268373018117398487e+02
3.970000000000000000e+03 2.440410289671775604e-02 4.880699161888125796e-03 2.488737556478070115e-02 -4.279062386097269268e+02
3.980000000000000000e+03 2.373454090992513366e-02 5.786198897211635925e-03 2.442966495642138330e-02 -4.289745056970925816e+02
3.990000000000000000e+03 2.306093762980201967e-02 6.667335475362135867e-03 2.400542036096517395e-02 -4.300421856011130330e+02
4.000000000000000000e+03 2.238183071346856734e-02 7.522894375564068148e-03 2.361229099160558689e-02 -4.311093764064307834e+02
4.010000000000000000e+03 2.169599411873040368e-02 8.351676776004478275e-03 2.324793895748259245e-02 -4.321761719641041850e+02
4.020000000000000000e+03 2.100276966325118067e-02 9.152563207582285407e-03 2.291038512981335637e-02 -4.332426644781613732e+02
4.030000000000000000e+03 2.030214504921603116e-02 9.924045442596599390e-03 2.259787095162129125e-02 -4.343089676642226777e+02
4.040000000000000000e+03 1.959451317497283573e-02 1.066412910031768087e-02 2.230848708524238791e-02 -4.353752187498681678e+02
4.050000000000000000e+03 1.888012083087512588e-02 1.137100243004733093e-02 2.203993327695406498e-02 -4.364415396384945325e+02
4.060000000000000000e+03 1.815869103714810515e-02 1.204342101902402748e-02 2.178949402863849388e-02 -4.375080085504255294e+02
4.070000000000000000e+03 1.742978549690820181e-02 1.268016817633327992e-02 2.155421275408421836e-02 -4.385746844956343580e+02
4.080000000000000000e+03 1.669335329497750875e-02 1.327970181951324512e-02 2.133116322768451034e-02 -4.396416332658060924e+02
4.090000000000000000e+03 1.594978661049321206e-02 1.384029907871404605e-02 2.111751811905275555e-02 -4.407089249508590001e+02
4.100000000000000000e+03 1.519981762509083241e-02 1.436009262548282144e-02 2.091044514228398987e-02 -4.417766311469617904e+02
4.110000000000000000e+03 1.444447049677239150e-02 1.483711246461816811e-02 2.070706725299012105e-02 -4.428448228475060091e+02
4.120000000000000000e+03 1.368518291405214360e-02 1.526960436429406452e-02 2.050475673674606245e-02 -4.439135652065824615e+02
4.130000000000000000e+03 1.292379539961628979e-02 1.565645908160514035e-02 2.030145803889758099e-02 -4.449829073073660197e+02
4.140000000000000000e+03 1.216195664894953801e-02 1.599733323771844809e-02 2.009546864966177751e-02 -4.460528613260835868e+02
4.150000000000000000e+03 1.140055819699057303e-02 1.629211139667048960e-02 1.988480879879133897e-02 -4.471233975326470613e+02
4.160000000000000000e+03 1.064035470858674948e-02 1.654032408928299627e-02 1.966721813839109392e-02 -4.481944823030188445e+02
4.170000000000000000e+03 9.882903034559043301e-03 1.674138445361747843e-02 1.944082626367308816e-02 -4.492661102194651903e+02
4.180000000000000000e+03 9.130599959834308915e-03 1.689505275552400515e-02 1.920444384090478143e-02 -4.503382994851751278e+02
4.190000000000000000e+03 8.386225710809802267e-03 1.700158424683596847e-02 1.895739034189327168e-02 -4.514110752923299970e+02
4.200000000000000000e+03 7.652620453963514952e-03 1.706176672055883040e-02 1.869937120437983186e-02 -4.650508298982808810e+02
