0.000000000000000000e+00 8.835420133684757094e-01 9.151920728584037740e-03
1.000000000000000000e+01 8.828176525207606096e-01 9.876762521303978151e-03
2.000000000000000000e+01 8.806365474597739329e-01 1.205779348149728022e-02
3.000000000000000000e+01 8.770403725524001937e-01 1.565388724612077828e-02
4.000000000000000000e+01 8.721003308660261188e-01 2.059381878998040039e-02
5.000000000000000000e+01 8.659108717109381681e-01 2.678312883823078319e-02
6.000000000000000000e+01 8.585850318796349745e-01 3.410878645667667075e-02
7.000000000000000000e+01 8.502491806413585707e-01 4.244447093600099696e-02
8.000000000000000000e+01 8.410375463319136324e-01 5.165596444275034893e-02
9.000000000000000000e+01 8.310872240287650037e-01 6.160615415175087206e-02
1.000000000000000000e+02 8.205337656371090027e-01 7.215948629712964912e-02
1.100000000000000000e+02 8.095074587822006507e-01 8.318569258996286186e-02
1.200000000000000000e+02 7.981304625230239980e-01 9.456258544341017425e-02
1.300000000000000000e+02 7.865147707760753448e-01 1.061781791082843096e-01
1.400000000000000000e+02 7.747608417112712420e-01 1.179320126631245996e-01
1.500000000000000000e+02 7.629567795687470788e-01 1.297360138899152915e-01
1.600000000000000000e+02 7.511779397502491573e-01 1.415147984210472776e-01
1.700000000000000000e+02 7.394868457643618553e-01 1.532058360529228447e-01
1.800000000000000000e+02 7.279332979195277664e-01 1.647593317349638764e-01
1.900000000000000000e+02 7.165546386534917822e-01 1.761379356680936314e-01
2.000000000000000000e+02 7.053761915432318341e-01 1.873163356021530501e-01
2.100000000000000000e+02 6.944118745032216156e-01 1.982806060052918762e-01
2.200000000000000000e+02 6.836650303559905772e-01 2.090274003676666492e-01
2.300000000000000000e+02 6.731294989704945664e-01 2.195628734191861220e-01
2.400000000000000000e+02 6.627909466519369408e-01 2.299013575084835337e-01
2.500000000000000000e+02 6.526284148547236708e-01 2.400638089652817886e-01
2.600000000000000000e+02 6.426160443454728144e-01 2.500760836047641877e-01
2.700000000000000000e+02 6.327249000965008419e-01 2.599671238584213007e-01
2.800000000000000000e+02 6.229248092606414211e-01 2.697671037461896737e-01
2.900000000000000000e+02 6.131861143153967131e-01 2.795056817597365573e-01
3.000000000000000000e+02 6.034812484504457064e-01 2.892104279057531313e-01
3.100000000000000000e+02 5.937860772525880293e-01 2.989054803846736275e-01
3.200000000000000000e+02 5.840809633663743838e-01 3.086104844786593526e-01
3.300000000000000000e+02 5.743515316131545534e-01 3.183398268029539180e-01
3.400000000000000000e+02 5.645891333815341584e-01 3.281021674827467316e-01
3.500000000000000000e+02 5.547910514690920225e-01 3.379002309433464801e-01
3.600000000000000000e+02 5.449604684717048730e-01 3.477308308534998171e-01
3.700000000000000000e+02 5.351062402922684980e-01 3.575851011624505693e-01
3.800000000000000000e+02 5.252425007944702129e-01 3.674488927044275988e-01
3.900000000000000000e+02 5.153881294143268788e-01 3.773033141887204844e-01
4.000000000000000000e+02 5.055660820235331476e-01 3.871254003871744676e-01
4.100000000000000000e+02 4.958026000205817962e-01 3.968889027219341115e-01
4.200000000000000000e+02 4.861263206504228274e-01 4.065651850389426780e-01
4.300000000000000000e+02 4.765673026849029381e-01 4.161241910373266184e-01
4.400000000000000000e+02 4.671559954143357785e-01 4.255354713388757038e-01
4.500000000000000000e+02 4.579222013415357728e-01 4.347692222496187808e-01
4.600000000000000000e+02 4.488940787900286278e-01 4.437972854625825136e-01
4.700000000000000000e+02 4.400972293248417988e-01 4.525940605162792618e-01
4.800000000000000000e+02 4.315539263058957298e-01 4.611372748986966585e-01
4.900000000000000000e+02 4.232825343935701645e-01 4.694085661997986492e-01
5.000000000000000000e+02 4.152971355020447231e-01 4.773938567429499291e-01
5.100000000000000000e+02 4.076073753323817828e-01 4.850835036759465480e-01
5.200000000000000000e+02 4.002185303245868186e-01 4.924722315265929184e-01
5.300000000000000000e+02 3.931317692090522953e-01 4.995588760781218274e-01
5.400000000000000000e+02 3.863445713152691696e-01 5.063459636766635130e-01
5.500000000000000000e+02 3.798512545102371574e-01 5.128391794453739383e-01
5.600000000000000000e+02 3.736435721717854541e-01 5.190467709746476865e-01
5.700000000000000000e+02 3.677113387055527816e-01 5.249789224978480551e-01
5.800000000000000000e+02 3.620430435254237134e-01 5.306471407238183557e-01
5.900000000000000000e+02 3.566264295454448230e-01 5.360636788615051884e-01
6.000000000000000000e+02 3.514490164986739384e-01 5.412410182929262570e-01
6.100000000000000000e+02 3.464985454122773700e-01 5.461914192440675553e-01
6.200000000000000000e+02 3.417633425235949707e-01 5.509265532702648516e-01
6.300000000000000000e+02 3.372326107915730731e-01 5.554572159852936286e-01
6.400000000000000000e+02 3.328966435580286709e-01 5.597931172894943241e-01
6.500000000000000000e+02 3.287469504828882116e-01 5.639427469104327795e-01
6.600000000000000000e+02 3.247763122716663120e-01 5.679133179075139815e-01
6.700000000000000000e+02 3.209787730249367144e-01 5.717107845567392932e-01
6.800000000000000000e+02 3.173495612881632177e-01 5.753399189015891979e-01
6.900000000000000000e+02 3.138849545849165534e-01 5.788044444285529444e-01
7.000000000000000000e+02 3.105820934052105353e-01 5.821072254067761742e-01
7.100000000000000000e+02 3.074387465469256564e-01 5.852504953242110286e-01
7.200000000000000000e+02 3.044530590385925994e-01 5.882361080238517337e-01
7.300000000000000000e+02 3.016232935771562262e-01 5.910658005945863547e-01
7.400000000000000000e+02 2.989475763883740478e-01 5.937414474189273150e-01
7.500000000000000000e+02 2.964236565266284429e-01 5.962652985693288610e-01
7.600000000000000000e+02 2.940486940020762274e-01 5.986401952541002824e-01
7.700000000000000000e+02 2.918190787311329970e-01 6.008697530478281923e-01
7.800000000000000000e+02 2.897302793013949995e-01 6.029585044942225025e-01
7.900000000000000000e+02 2.877767285420981813e-01 6.049120120481971119e-01
8.000000000000000000e+02 2.859517487790108059e-01 6.067369472761028337e-01
8.100000000000000000e+02 2.842475203809904927e-01 6.084411286794962903e-01
8.200000000000000000e+02 2.826550765974649160e-01 6.100335282366579071e-01
8.300000000000000000e+02 2.811643229420393575e-01 6.115242447033121254e-01
8.400000000000000000e+02 2.797640982006474042e-01 6.129244401995603830e-01
8.500000000000000000e+02 2.784422680826528773e-01 6.142462460053923490e-01
8.600000000000000000e+02 2.771858525528395623e-01 6.155026369600095082e-01
8.700000000000000000e+02 2.759811881534273703e-01 6.167072750593016739e-01
8.800000000000000000e+02 2.748141154974036993e-01 6.178743197308029789e-01
8.900000000000000000e+02 2.736701953393609887e-01 6.190182082753756809e-01
9.000000000000000000e+02 2.725349482682413171e-01 6.201534176864677006e-01
9.100000000000000000e+02 2.713940990556681365e-01 6.212942238569151288e-01
9.200000000000000000e+02 2.702338157229154381e-01 6.224544583699763711e-01
9.300000000000000000e+02 2.690409456481625550e-01 6.236472713052439998e-01
9.400000000000000000e+02 2.678032389562357007e-01 6.248849122787042409e-01
9.500000000000000000e+02 2.665095456197729140e-01 6.261785363170818686e-01
9.600000000000000000e+02 2.651499697869824645e-01 6.275380450625052120e-01
9.700000000000000000e+02 2.637159764639287474e-01 6.289719763150470877e-01
9.800000000000000000e+02 2.622004678193857186e-01 6.304874276651114551e-01
9.900000000000000000e+02 2.605978379066395401e-01 6.320900040578890655e-01
1.000000000000000000e+03 2.589039866336609874e-01 6.337838053485823631e-01
1.010000000000000000e+03 2.571163072586153953e-01 6.355714354286304824e-01
1.020000000000000000e+03 2.552336532777879086e-01 6.374540306106788456e-01
1.030000000000000000e+03 2.532562969373026163e-01 6.394313138560577814e-01
1.040000000000000000e+03 2.511858654563213777e-01 6.415016594272308081e-01
1.050000000000000000e+03 2.490252540267293979e-01 6.436621734425767016e-01
1.060000000000000000e+03 2.467785290190659397e-01 6.459087919290245061e-01
1.070000000000000000e+03 2.444508111885549673e-01 6.482363974214802038e-01
1.080000000000000000e+03 2.420481354981566524e-01 6.506389570414551349e-01
1.090000000000000000e+03 2.395772978755944527e-01 6.531096778404230641e-01
1.100000000000000000e+03 2.370456794985961735e-01 6.556411815746997496e-01
1.110000000000000000e+03 2.344610502167778221e-01 6.582256980182550343e-01
1.120000000000000000e+03 2.318313634952550994e-01 6.608552742749631559e-01
1.130000000000000000e+03 2.291645414423974514e-01 6.635219884358593001e-01
1.140000000000000000e+03 2.264682637644697960e-01 6.662181586384181564e-01
1.150000000000000000e+03 2.237497709035886628e-01 6.689365413524539505e-01
1.160000000000000000e+03 2.210156840240934673e-01 6.716705196871766148e-01
1.170000000000000000e+03 2.182718419480135508e-01 6.744142631934165744e-01
1.180000000000000000e+03 2.155231742334971223e-01 6.771628440317590814e-01
1.190000000000000000e+03 2.127736166244065252e-01 6.799123222127798627e-01
1.200000000000000000e+03 2.100260736988605881e-01 6.826597892925526656e-01
1.210000000000000000e+03 2.072824254191844018e-01 6.854033610869004756e-01
1.220000000000000000e+03 2.045435679891240421e-01 6.881421412814777705e-01
1.230000000000000000e+03 2.018094762533284570e-01 6.908761554330322685e-01
1.240000000000000000e+03 1.990793016977032981e-01 6.936062529284466871e-01
1.250000000000000000e+03 1.963515019366326719e-01 6.963339816633378199e-01
1.260000000000000000e+03 1.936239876142586969e-01 6.990614341348356797e-01
1.270000000000000000e+03 1.908942897342097711e-01 7.017910796882562696e-01
1.280000000000000000e+03 1.881597363604413375e-01 7.045255908173470027e-01
1.290000000000000000e+03 1.854176395956419199e-01 7.072676539797809747e-01
1.300000000000000000e+03 1.826654889044848074e-01 7.100197774059446854e-01
1.310000000000000000e+03 1.799011383871829961e-01 7.127841089326468760e-01
1.320000000000000000e+03 1.771229868005213259e-01 7.155622528576154329e-01
1.330000000000000000e+03 1.743301474173347687e-01 7.183550949224144500e-01
1.340000000000000000e+03 1.715225944852466766e-01 7.211626580703922595e-01
1.350000000000000000e+03 1.687012797606297909e-01 7.239839885735649405e-01
1.360000000000000000e+03 1.658682137903369491e-01 7.268170767427079015e-01
1.370000000000000000e+03 1.630265053134543063e-01 7.296588157016289378e-01
1.380000000000000000e+03 1.601803667258067942e-01 7.325049924952776736e-01
1.390000000000000000e+03 1.573350801160600387e-01 7.353503229851421352e-01
1.400000000000000000e+03 1.544969187398113064e-01 7.381885329009292285e-01
1.410000000000000000e+03 1.516730317109204751e-01 7.410124725605882201e-01
1.420000000000000000e+03 1.488712978621328231e-01 7.438142620703936947e-01
1.430000000000000000e+03 1.461001580435691560e-01 7.465854591706552190e-01
1.440000000000000000e+03 1.433684437495345021e-01 7.493172286193171550e-01
1.450000000000000000e+03 1.406852018458697173e-01 7.520005231940019019e-01
1.460000000000000000e+03 1.380595052330501060e-01 7.546262732852381250e-01
1.470000000000000000e+03 1.355002593234155006e-01 7.571855752216080093e-01
1.480000000000000000e+03 1.330160248954729563e-01 7.596698677152152746e-01
1.490000000000000000e+03 1.306148629048129728e-01 7.620710914439311479e-01
1.500000000000000000e+03 1.283041906459337911e-01 7.643818322450068870e-01
1.510000000000000000e+03 1.260906489420681731e-01 7.665954458107543390e-01
1.520000000000000000e+03 1.239799955512707885e-01 7.687061658112126494e-01
1.530000000000000000e+03 1.219770273311243519e-01 7.707091934896532770e-01
1.540000000000000000e+03 1.200855284755677904e-01 7.726007461724203607e-01
1.550000000000000000e+03 1.183082416272846910e-01 7.743780847862825611e-01
1.560000000000000000e+03 1.166468549708552516e-01 7.760395254113007235e-01
1.570000000000000000e+03 1.151020131553066594e-01 7.775844232302084880e-01
1.580000000000000000e+03 1.136733566812610507e-01 7.790131344772378563e-01
1.590000000000000000e+03 1.123595903709868199e-01 7.803269527307565845e-01
1.600000000000000000e+03 1.111585753019235789e-01 7.815280156549716528e-01
1.610000000000000000e+03 1.100674278017576696e-01 7.826192033637499046e-01
1.620000000000000000e+03 1.090826281329787123e-01 7.836040372710038060e-01
1.630000000000000000e+03 1.082001370148741870e-01 7.844865595815475601e-01
1.640000000000000000e+03 1.074155041452688059e-01 7.852712210667354142e-01
1.650000000000000000e+03 1.067239693616910262e-01 7.859627802063605673e-01
1.660000000000000000e+03 1.061205581880527993e-01 7.865662137606839188e-01
1.670000000000000000e+03 1.056001683266149377e-01 7.870866257901369956e-01
1.680000000000000000e+03 1.051576359660385401e-01 7.875291847882730512e-01
1.690000000000000000e+03 1.047877858746280033e-01 7.878990653232007535e-01
1.700000000000000000e+03 1.044854779606289863e-01 7.882014033180063661e-01
1.710000000000000000e+03 1.042456426254392138e-01 7.884412698560457899e-01
1.720000000000000000e+03 1.040632993084971841e-01 7.886236453319590556e-01
1.730000000000000000e+03 1.039335695525260700e-01 7.887534060756996590e-01
1.740000000000000000e+03 1.038516919702253682e-01 7.888353170412534254e-01
1.750000000000000000e+03 1.038130395547845752e-01 7.888740046715263521e-01
1.760000000000000000e+03 1.038131390142668781e-01 7.888739400869292373e-01
1.770000000000000000e+03 1.038476789424199187e-01 7.888394358540123941e-01
1.780000000000000000e+03 1.039125164517575028e-01 7.887746361181733334e-01
1.790000000000000000e+03 1.040036944199097674e-01 7.886834946323260098e-01
1.800000000000000000e+03 1.041174592191903281e-01 7.885697650604776010e-01
1.810000000000000000e+03 1.042502644867900063e-01 7.884370011566504965e-01
1.820000000000000000e+03 1.043987643656644065e-01 7.882885535967453228e-01
1.830000000000000000e+03 1.045598082708307924e-01 7.881275704607336730e-01
1.840000000000000000e+03 1.047304407931442943e-01 7.879570023255049183e-01
1.850000000000000000e+03 1.049078971091624013e-01 7.877796097412450571e-01
1.860000000000000000e+03 1.050895971348280028e-01 7.875979703415968425e-01
1.870000000000000000e+03 1.052731434635354318e-01 7.874144811351705409e-01
1.880000000000000000e+03 1.054563189449689298e-01 7.872313563905716238e-01
1.890000000000000000e+03 1.056370871851790710e-01 7.870506334982060315e-01
1.900000000000000000e+03 1.058135942571385296e-01 7.868741779797957525e-01
1.910000000000000000e+03 1.059841649042352202e-01 7.867036629242241119e-01
1.920000000000000000e+03 1.061473066147034100e-01 7.865405772983214971e-01
1.930000000000000000e+03 1.063017125583971267e-01 7.863862345372589768e-01
1.940000000000000000e+03 1.064462548026127997e-01 7.862417641833160387e-01
1.950000000000000000e+03 1.065799812001107516e-01 7.861081056485966778e-01
1.960000000000000000e+03 1.067021149857108331e-01 7.859860338887670883e-01
1.970000000000000000e+03 1.068120409694688355e-01 7.858761702122430970e-01
1.980000000000000000e+03 1.069092890814405117e-01 7.857789828213415095e-01
1.990000000000000000e+03 1.069935270081967815e-01 7.856948038718990501e-01
2.000000000000000000e+03 1.070645544489012974e-01 7.856238364283570919e-01
2.010000000000000000e+03 1.071222894321125635e-01 7.855661569571779079e-01
2.020000000000000000e+03 1.071667569713738860e-01 7.855217399485900920e-01
2.030000000000000000e+03 1.071980721573646267e-01 7.854904734896891449e-01
2.040000000000000000e+03 1.072164233104318659e-01 7.854721689687705899e-01
2.050000000000000000e+03 1.072220615868847704e-01 7.854665780688064869e-01
2.060000000000000000e+03 1.072153100255171382e-01 7.854733843247952985e-01
2.070000000000000000e+03 1.071965780002140656e-01 7.854921721513861144e-01
2.080000000000000000e+03 1.071663526417808293e-01 7.855224515581650246e-01
2.090000000000000000e+03 1.071251890861639328e-01 7.855636703159326606e-01
2.100000000000000000e+03 1.070737171173514468e-01 7.856152017165509704e-01
2.110000000000000000e+03 1.070126435171084300e-01 7.856763416579120030e-01
2.120000000000000000e+03 1.069427436223689271e-01 7.857463127320546414e-01
2.130000000000000000e+03 1.068648791302730106e-01 7.858242488137210380e-01
2.140000000000000000e+03 1.067800230347617785e-01 7.859091722397208990e-01
2.150000000000000000e+03 1.066892609132961134e-01 7.859999988160426554e-01
2.160000000000000000e+03 1.065937908737271678e-01 7.860955302074389417e-01
2.170000000000000000e+03 1.064949439704712675e-01 7.861944320421968557e-01
2.180000000000000000e+03 1.063942020434989200e-01 7.862952251127109937e-01
2.190000000000000000e+03 1.062932007976091914e-01 7.863962756764547590e-01
2.200000000000000000e+03 1.061937283527108616e-01 7.864958022580069708e-01
2.210000000000000000e+03 1.060977162893521619e-01 7.865918779495536528e-01
2.220000000000000000e+03 1.060072192636759975e-01 7.866824460134879127e-01
2.230000000000000000e+03 1.059243901339761013e-01 7.867653491825867818e-01
2.240000000000000000e+03 1.058514654050096843e-01 7.868383446014184379e-01
2.250000000000000000e+03 1.057907482006581468e-01 7.868991239312441710e-01
2.260000000000000000e+03 1.057445725086422345e-01 7.869453543924663785e-01
2.270000000000000000e+03 1.057152520990966293e-01 7.869747238730685490e-01
2.280000000000000000e+03 1.057050404188448200e-01 7.869849818361062121e-01
2.290000000000000000e+03 1.057160974254709590e-01 7.869739707730566414e-01
2.300000000000000000e+03 1.057504634091742529e-01 7.869396477604945206e-01
2.310000000000000000e+03 1.058100433676542607e-01 7.868801098288963347e-01
2.320000000000000000e+03 1.058965888916292286e-01 7.867936088594740252e-01
2.330000000000000000e+03 1.060116795372145204e-01 7.866785620551912661e-01
2.340000000000000000e+03 1.061567000063730615e-01 7.865335836255095137e-01
2.350000000000000000e+03 1.063328241064881996e-01 7.863575039136453393e-01
2.360000000000000000e+03 1.065410051594655877e-01 7.861493691617322810e-01
2.370000000000000000e+03 1.067819583120458854e-01 7.859084605922727063e-01
2.380000000000000000e+03 1.070561319499112596e-01 7.856343299559136462e-01
2.390000000000000000e+03 1.073636997194046538e-01 7.853268072904470154e-01
2.400000000000000000e+03 1.077045753531535310e-01 7.849859792046561813e-01
2.410000000000000000e+03 1.080784058793052976e-01 7.846121965221324324e-01
2.420000000000000000e+03 1.084845419674049238e-01 7.842061067909443794e-01
2.430000000000000000e+03 1.089220157779313136e-01 7.837686791484376192e-01
2.440000000000000000e+03 1.093895433392498701e-01 7.833011998393805131e-01
2.450000000000000000e+03 1.098855429606122175e-01 7.828052499467921255e-01
2.460000000000000000e+03 1.104081403080375695e-01 7.822827000147833942e-01
2.470000000000000000e+03 1.109551563035521965e-01 7.817357260370774164e-01
2.480000000000000000e+03 1.115241275429612461e-01 7.811667922174356793e-01
2.490000000000000000e+03 1.121123486604970326e-01 7.805786063459926316e-01
2.500000000000000000e+03 1.127168999003267946e-01 7.799740900612553984e-01
2.510000000000000000e+03 1.133346604337291258e-01 7.793563663869397251e-01
2.520000000000000000e+03 1.139623280887254175e-01 7.787287391328552300e-01
2.530000000000000000e+03 1.145964543054930757e-01 7.780946574258403858e-01
2.540000000000000000e+03 1.152334904900920443e-01 7.774576694628537732e-01
2.550000000000000000e+03 1.158698314429745663e-01 7.768213792004219354e-01
2.560000000000000000e+03 1.165018392158747307e-01 7.761894222134626542e-01
2.570000000000000000e+03 1.171258641673006556e-01 7.755654456275163922e-01
2.580000000000000000e+03 1.177382905301677662e-01 7.749530648016152989e-01
2.590000000000000000e+03 1.183355840163331923e-01 7.743558144524048670e-01
2.600000000000000000e+03 1.189143115709425241e-01 7.737771281850464034e-01
2.610000000000000000e+03 1.194711480378451568e-01 7.732203318326521524e-01
2.620000000000000000e+03 1.200028960361980701e-01 7.726886221111143316e-01
2.630000000000000000e+03 1.205065164510834980e-01 7.721850379076734550e-01
2.640000000000000000e+03 1.209791510366300532e-01 7.717124387836348243e-01
2.650000000000000000e+03 1.214181432590612925e-01 7.712734818260547076e-01
2.660000000000000000e+03 1.218210533591265327e-01 7.708706067852031385e-01
2.670000000000000000e+03 1.221856649809101580e-01 7.705060303783218822e-01
2.680000000000000000e+03 1.225099893372633697e-01 7.701817417091176843e-01
2.690000000000000000e+03 1.227922704960793254e-01 7.698994966442099797e-01
2.700000000000000000e+03 1.230309906925358548e-01 7.696608126155112251e-01
2.710000000000000000e+03 1.232248766623196823e-01 7.694669633710177203e-01
2.720000000000000000e+03 1.233729069694831093e-01 7.693189704665592821e-01
2.730000000000000000e+03 1.234743093743132375e-01 7.692176042060303587e-01
2.740000000000000000e+03 1.235285272928409728e-01 7.691634195714120992e-01
2.750000000000000000e+03 1.235351735812755120e-01 7.691568035279549020e-01
2.760000000000000000e+03 1.234940211571737140e-01 7.691979823631361901e-01
2.770000000000000000e+03 1.234050186149930201e-01 7.692870074907054434e-01
2.780000000000000000e+03 1.232682798406866120e-01 7.694237671206122231e-01
2.790000000000000000e+03 1.230840504685642850e-01 7.696080184819272807e-01
2.800000000000000000e+03 1.228526759189969980e-01 7.698394173761098358e-01
2.810000000000000000e+03 1.225745882496089428e-01 7.701175309805717850e-01
2.820000000000000000e+03 1.222502961797727189e-01 7.704418485921370463e-01
2.830000000000000000e+03 1.218803688942727281e-01 7.708117982992709338e-01
2.840000000000000000e+03 1.214654499113332481e-01 7.712267351853092645e-01
2.850000000000000000e+03 1.210062912189380779e-01 7.716859078277713557e-01
2.860000000000000000e+03 1.205037621121610308e-01 7.721884475779312584e-01
2.870000000000000000e+03 1.199588390440455982e-01 7.727333781892395947e-01
2.880000000000000000e+03 1.193726044360621102e-01 7.733196173565006770e-01
2.890000000000000000e+03 1.187462551503196545e-01 7.739459677071548471e-01
2.900000000000000000e+03 1.180811172763999439e-01 7.746111030011747500e-01
2.910000000000000000e+03 1.173786576079497435e-01 7.753135581009370503e-01
2.920000000000000000e+03 1.166404888759480368e-01 7.760517226795407009e-01
2.930000000000000000e+03 1.158683642825562438e-01 7.768238447799518109e-01
2.940000000000000000e+03 1.150641557411925392e-01 7.776280520931978524e-01
2.950000000000000000e+03 1.142298369080199522e-01 7.784623696764744194e-01
2.960000000000000000e+03 1.133674731780551642e-01 7.793247304956625321e-01
2.970000000000000000e+03 1.124792191080709602e-01 7.802129789654151937e-01
2.980000000000000000e+03 1.115673057228368653e-01 7.811248845135010388e-01
2.990000000000000000e+03 1.106340015359150858e-01 7.820581794562087019e-01
3.000000000000000000e+03 1.096815812916268340e-01 7.830105889640491812e-01
3.010000000000000000e+03 1.087123274307943144e-01 7.839798299758653499e-01
3.020000000000000000e+03 1.077285498126172580e-01 7.849635917806447871e-01
3.030000000000000000e+03 1.067325980442371397e-01 7.859595241159491597e-01
3.040000000000000000e+03 1.057268539405864516e-01 7.869652440751210287e-01
3.050000000000000000e+03 1.047137107565060121e-01 7.879783574163590210e-01
3.060000000000000000e+03 1.036955599131752503e-01 7.889964719154567430e-01
3.070000000000000000e+03 1.026747928667140902e-01 7.900171961594700809e-01
3.080000000000000000e+03 1.016538051818361571e-01 7.910381360227687342e-01
3.090000000000000000e+03 1.006349903329151335e-01 7.920569001742756576e-01
3.100000000000000000e+03 9.962073267530716092e-02 7.930711057137534992e-01
3.110000000000000000e+03 9.861339911828465032e-02 7.940783859076360196e-01
3.120000000000000000e+03 9.761531370214554526e-02 7.950764167196550103e-01
3.130000000000000000e+03 9.662872480161913136e-02 7.960629511116327217e-01
3.140000000000000000e+03 9.565578383723757905e-02 7.970358382726365765e-01
3.150000000000000000e+03 9.469853150155894961e-02 7.979930361020778351e-01
3.160000000000000000e+03 9.375887900563460720e-02 7.989326327403323269e-01
3.170000000000000000e+03 9.283859016532354513e-02 7.998528645161544492e-01
3.180000000000000000e+03 9.193927287055513042e-02 8.007521227762031124e-01
3.190000000000000000e+03 9.106237697117547381e-02 8.016289571018077043e-01
3.200000000000000000e+03 9.020918722077360397e-02 8.024820827508054588e-01
3.210000000000000000e+03 8.938079594195082189e-02 8.033104079989705770e-01
3.220000000000000000e+03 8.857807153548846735e-02 8.041130654741345252e-01
3.230000000000000000e+03 8.780164543109730824e-02 8.048894254718904628e-01
3.240000000000000000e+03 8.705191934705600043e-02 8.056390885415742886e-01
3.250000000000000000e+03 8.632908210324549692e-02 8.063618661558947798e-01
3.260000000000000000e+03 8.563313380340130399e-02 8.070577563708031255e-01
3.270000000000000000e+03 8.496390288073135677e-02 8.077269293320951116e-01
3.280000000000000000e+03 8.432104946408415513e-02 8.083697236641131934e-01
3.290000000000000000e+03 8.370407832123183400e-02 8.089866338126294742e-01
3.300000000000000000e+03 8.311236946763585209e-02 8.095782798407867853e-01
3.310000000000000000e+03 8.254521362135887330e-02 8.101453703699018627e-01
3.320000000000000000e+03 8.200183319033259310e-02 8.106886824786562196e-01
3.330000000000000000e+03 8.148137986438003244e-02 8.112090657579165143e-01
3.340000000000000000e+03 8.098292669027729040e-02 8.117074486063504679e-01
3.350000000000000000e+03 8.050548048889480390e-02 8.121848239320509366e-01
3.360000000000000000e+03 8.004801712584849738e-02 8.126422155189352292e-01
3.370000000000000000e+03 7.960950827493909476e-02 8.130806519088998874e-01
3.380000000000000000e+03 7.918891253583371093e-02 8.135011751214153986e-01
3.390000000000000000e+03 7.878515837430853652e-02 8.139048562136507181e-01
3.400000000000000000e+03 7.839715524931673007e-02 8.142927846046152940e-01
3.410000000000000000e+03 7.802382008815887671e-02 8.146660440584974072e-01
3.420000000000000000e+03 7.766409539873184165e-02 8.150256929247567950e-01
3.430000000000000000e+03 7.731696003271190665e-02 8.153727511226751545e-01
3.440000000000000000e+03 7.698143196058800097e-02 8.157081998059267924e-01
3.450000000000000000e+03 7.665656225637547394e-02 8.160329875685407020e-01
3.460000000000000000e+03 7.634144454847974215e-02 8.163480196623351670e-01
3.470000000000000000e+03 7.603523750211048371e-02 8.166541359563980196e-01
3.480000000000000000e+03 7.573717506944857569e-02 8.169521025132288061e-01
3.490000000000000000e+03 7.544656782734028566e-02 8.172426109865474908e-01
3.500000000000000000e+03 7.516280840863612256e-02 8.175262694216290926e-01
3.510000000000000000e+03 7.488537181933693776e-02 8.178036010185883997e-01
3.520000000000000000e+03 7.461381651323027719e-02 8.180750467780599777e-01
3.530000000000000000e+03 7.434778967133300054e-02 8.183409606167186823e-01
3.540000000000000000e+03 7.408702556034774123e-02 8.186016093789654224e-01
3.550000000000000000e+03 7.383134305560849764e-02 8.188571744280690456e-01
3.560000000000000000e+03 7.358065109868389131e-02 8.191077469120086052e-01
3.570000000000000000e+03 7.333495873051171232e-02 8.193533187662160877e-01
3.580000000000000000e+03 7.309437707188572164e-02 8.195937801851789217e-01
3.590000000000000000e+03 7.285911489166488342e-02 8.198289236170197558e-01
3.600000000000000000e+03 7.262947554444237896e-02 8.200584461762643329e-01
3.610000000000000000e+03 7.240585625851771179e-02 8.202819502531878415e-01
3.620000000000000000e+03 7.218874300949056078e-02 8.204989488316757340e-01
3.630000000000000000e+03 7.197869943942858395e-02 8.207088776943060049e-01
3.640000000000000000e+03 7.177635522247918787e-02 8.209111064879865971e-01
3.650000000000000000e+03 7.158239382927472638e-02 8.211049507362188082e-01
3.660000000000000000e+03 7.139754200391283667e-02 8.212896837877142753e-01
3.670000000000000000e+03 7.122256199192403270e-02 8.214645436261662770e-01
3.680000000000000000e+03 7.105824654181365496e-02 8.216287374022707146e-01
3.690000000000000000e+03 7.090541515494785951e-02 8.217814459191454812e-01
3.700000000000000000e+03 7.076490931434552267e-02 8.219218278098543440e-01
3.710000000000000000e+03 7.063758462038760566e-02 8.220490278624601466e-01
3.720000000000000000e+03 7.052430134253924454e-02 8.221621867001969175e-01
3.730000000000000000e+03 7.042591263416067560e-02 8.222604515974235584e-01
3.740000000000000000e+03 7.034324738982807024e-02 8.223429930841964497e-01
3.750000000000000000e+03 7.027709209675098156e-02 8.224090239918039336e-01
3.760000000000000000e+03 7.022817824827282118e-02 8.224578117641881958e-01
3.770000000000000000e+03 7.019717352719975767e-02 8.224886872962959838e-01
3.780000000000000000e+03 7.018466616865748353e-02 8.225010614498309280e-01
3.790000000000000000e+03 7.019113978509117224e-02 8.224944508673514010e-01
3.800000000000000000e+03 7.021695195719676597e-02 8.224684995820303879e-01
3.810000000000000000e+03 7.026232827092107613e-02 8.224229841083252612e-01
3.820000000000000000e+03 7.032736891602611728e-02 8.223578050170630149e-01
3.830000000000000000e+03 7.041205844772363553e-02 8.222729771931654996e-01
3.840000000000000000e+03 7.051627333819335264e-02 8.221686240757558606e-01
3.850000000000000000e+03 7.063978739757358072e-02 8.220449721746647676e-01
3.860000000000000000e+03 7.078227780059724583e-02 8.219023436533288152e-01
3.870000000000000000e+03 7.094333800435632942e-02 8.217411452553422535e-01
3.880000000000000000e+03 7.112249822571097002e-02 8.215618476867655451e-01
3.890000000000000000e+03 7.131924712851847592e-02 8.213649627559025390e-01
3.900000000000000000e+03 7.153305225928048572e-02 8.211510226341358631e-01
3.910000000000000000e+03 7.176337035654326013e-02 8.209205697541458457e-01
3.920000000000000000e+03 7.200964566815530599e-02 8.206741596803185379e-01
3.930000000000000000e+03 7.227130817934807050e-02 8.204123634984630264e-01
3.940000000000000000e+03 7.254778039182863125e-02 8.201357600422958249e-01
3.950000000000000000e+03 7.283848697128127159e-02 8.198449251167362339e-01
3.960000000000000000e+03 7.314285682446462766e-02 8.195404292452566075e-01
3.970000000000000000e+03 7.346032176730954433e-02 8.192228391296179080e-01
3.980000000000000000e+03 7.379031752457210214e-02 8.188927173870312881e-01
3.990000000000000000e+03 7.413228731586378462e-02 8.185506209190328564e-01
4.000000000000000000e+03 7.448568884633703646e-02 8.181970924485266750e-01
4.010000000000000000e+03 7.485000118675125269e-02 8.178326524490631133e-01
4.020000000000000000e+03 7.522472989220593820e-02 8.174577955012563013e-01
4.030000000000000000e+03 7.560940788980095861e-02 8.170729889230173848e-01
4.040000000000000000e+03 7.600358872987150738e-02 8.166786789038679162e-01
4.050000000000000000e+03 7.640683420455623986e-02 8.162753034886112147e-01
4.060000000000000000e+03 7.681869889230946713e-02 8.158633083898078064e-01
4.070000000000000000e+03 7.723871870501972103e-02 8.154431582054763039e-01
4.080000000000000000e+03 7.766640305628674801e-02 8.150153444942873637e-01
4.090000000000000000e+03 7.810122123454267540e-02 8.145803983129087378e-01
4.100000000000000000e+03 7.854258417105386414e-02 8.141389076907696865e-01
4.110000000000000000e+03 7.898983230871536865e-02 8.136915305633680706e-01
4.120000000000000000e+03 7.944223738677627655e-02 8.132389947227804949e-01
4.130000000000000000e+03 7.989901096387300172e-02 8.127820897374595788e-01
4.140000000000000000e+03 8.035930637170007884e-02 8.123216626846297972e-01
4.150000000000000000e+03 8.082222801660522704e-02 8.118586097931128620e-01
4.160000000000000000e+03 8.128684974094406435e-02 8.113938587405692404e-01
4.170000000000000000e+03 8.175222817605963532e-02 8.109283523671538818e-01
4.180000000000000000e+03 8.221741158096416979e-02 8.104630406277277821e-01
4.190000000000000000e+03 8.268144393860187014e-02 8.099988782902530771e-01
4.200000000000000000e+03 8.314336583562063898e-02 8.095368253147507964e-01
