0.000000000000000000e+00 8.314336583562063898e-02 8.095368253147507964e-01
1.000000000000000000e+01 8.355120940211385738e-02 8.091263860816230169e-01
2.000000000000000000e+01 8.385643759086852667e-02 8.088186686846298157e-01
3.000000000000000000e+01 8.406485131355875828e-02 8.086078576089439363e-01
4.000000000000000000e+01 8.418983202365393215e-02 8.084805572384217154e-01
5.000000000000000000e+01 8.425213300317692389e-02 8.084160756560865302e-01
6.000000000000000000e+01 8.427942767842724892e-02 8.083868269551621744e-01
7.000000000000000000e+01 8.430442504035247364e-02 8.083601713180894599e-01
8.000000000000000000e+01 8.436136406061317539e-02 8.083019632194028414e-01
9.000000000000000000e+01 8.448150905391671461e-02 8.081810611188197102e-01
1.000000000000000000e+02 8.468903739691281685e-02 8.079733900930855528e-01
1.100000000000000000e+02 8.499849002174177104e-02 8.076644507876551415e-01
1.200000000000000000e+02 8.541403447580127317e-02 8.072500597672100930e-01
1.300000000000000000e+02 8.593013968809184999e-02 8.067356936395417843e-01
1.400000000000000000e+02 8.653315943078278283e-02 8.061349177613983397e-01
1.500000000000000000e+02 8.720343976746580683e-02 8.054672860598451889e-01
1.600000000000000000e+02 8.791766727950192650e-02 8.047559938923034561e-01
1.700000000000000000e+02 8.865122362451602345e-02 8.040255339103348220e-01
1.800000000000000000e+02 8.938035098620457364e-02 8.032995435101341064e-01
1.900000000000000000e+02 9.008396073789526337e-02 8.025990047704885111e-01
2.000000000000000000e+02 9.074494508657190983e-02 8.019409410261491011e-01
2.100000000000000000e+02 9.135090717702992746e-02 8.013376905437715747e-01
2.200000000000000000e+02 9.189430622053472442e-02 8.007967632112169554e-01
2.300000000000000000e+02 9.237209371035995376e-02 8.003212073859874431e-01
2.400000000000000000e+02 9.278497503067353880e-02 7.999103457312393139e-01
2.500000000000000000e+02 9.313646301521530391e-02 7.995607123709951303e-01
2.600000000000000000e+02 9.343189397116835604e-02 7.992670342468688460e-01
2.700000000000000000e+02 9.367754583258459944e-02 7.990231125601747753e-01
2.800000000000000000e+02 9.387994595178594803e-02 7.988224970958290871e-01
2.900000000000000000e+02 9.404541215694942058e-02 7.986589230411218487e-01
3.000000000000000000e+02 9.417983036324623081e-02 7.985265266009589080e-01
3.100000000000000000e+02 9.428863314828037079e-02 7.984198812730386452e-01
3.200000000000000000e+02 9.437691044201093615e-02 7.983339051334901182e-01
3.300000000000000000e+02 9.444956323313601076e-02 7.982637221433250829e-01
3.400000000000000000e+02 9.451142137189041947e-02 7.982045381226450242e-01
3.500000000000000000e+02 9.456728188430972570e-02 7.981515759570091406e-01
3.600000000000000000e+02 9.462185135644828049e-02 7.981001194310550773e-01
3.700000000000000000e+02 9.467959200527426011e-02 7.980456619286442344e-01
3.800000000000000000e+02 9.474449312513080756e-02 7.979841453428487830e-01
3.900000000000000000e+02 9.481981225360447407e-02 7.979122444456465679e-01
4.000000000000000000e+02 9.490783999128950266e-02 7.978276152554332201e-01
4.100000000000000000e+02 9.500974380356860816e-02 7.977290495915019264e-01
4.200000000000000000e+02 9.512552842791749397e-02 7.976165082901049974e-01
4.300000000000000000e+02 9.525412482054314289e-02 7.974910248549019753e-01
4.400000000000000000e+02 9.539359791871403205e-02 7.973544976071783585e-01
4.500000000000000000e+02 9.554144264778410833e-02 7.972093980624974652e-01
4.600000000000000000e+02 9.569493038231523252e-02 7.970584297826411868e-01
4.700000000000000000e+02 9.585146623626626672e-02 7.969041762220118175e-01
4.800000000000000000e+02 9.600890918288569609e-02 7.967487808535005378e-01
4.900000000000000000e+02 9.616580681533423713e-02 7.965937039269976871e-01
5.000000000000000000e+02 9.632152433206873920e-02 7.964395897982812222e-01
5.100000000000000000e+02 9.647627246135480339e-02 7.962862455881020152e-01
5.200000000000000000e+02 9.663103971196777831e-02 7.961327119656070872e-01
5.300000000000000000e+02 9.678744150107609912e-02 7.959774060673944218e-01
5.400000000000000000e+02 9.694751805465379180e-02 7.958183150615844026e-01
5.500000000000000000e+02 9.711351731622842876e-02 7.956532081771812148e-01
5.600000000000000000e+02 9.728769442705827164e-02 7.954798361484882729e-01
5.700000000000000000e+02 9.747214668563194961e-02 7.952960989980265571e-01
5.800000000000000000e+02 9.766869210111650546e-02 7.951001679404646749e-01
5.900000000000000000e+02 9.787880657228481551e-02 7.948905484133572674e-01
6.000000000000000000e+02 9.810362132390915146e-02 7.946660842096626709e-01
6.100000000000000000e+02 9.834396122294741804e-02 7.944259242653168851e-01
6.200000000000000000e+02 9.860040681780464500e-02 7.941694625305375510e-01
6.300000000000000000e+02 9.887336408230963658e-02 7.938962769614131831e-01
6.400000000000000000e+02 9.916311383284535930e-02 7.936060869353548375e-01
6.500000000000000000e+02 9.946982186221235700e-02 7.932987412294527640e-01
6.600000000000000000e+02 9.979351484732316979e-02 7.929742349648127853e-01
6.700000000000000000e+02 1.001340331366033509e-01 7.926327512301513112e-01
6.800000000000000000e+02 1.004909624190367806e-01 7.922747231498675768e-01
6.900000000000000000e+02 1.008635485686269484e-01 7.919009154917129312e-01
7.000000000000000000e+02 1.012506119005751326e-01 7.915125201502716257e-01
7.100000000000000000e+02 1.016504799798876452e-01 7.911112337590614496e-01
7.200000000000000000e+02 1.020609469621735765e-01 7.906992985335704605e-01
7.300000000000000000e+02 1.024792576071735239e-01 7.902795053573280493e-01
7.400000000000000000e+02 1.029021214107840726e-01 7.898551614820989997e-01
7.500000000000000000e+02 1.033257693389290355e-01 7.894300295794158817e-01
7.600000000000000000e+02 1.037460553439346622e-01 7.890082403862334059e-01
7.700000000000000000e+02 1.041585928311703491e-01 7.885941706689901798e-01
7.800000000000000000e+02 1.045589147228842691e-01 7.881922837110824087e-01
7.900000000000000000e+02 1.049426431778293090e-01 7.878069529559362794e-01
8.000000000000000000e+02 1.053056533244708520e-01 7.874422930374830321e-01
8.100000000000000000e+02 1.056442211369993112e-01 7.871020133567244725e-01
8.200000000000000000e+02 1.059551477557773014e-01 7.867893032902726347e-01
8.300000000000000000e+02 1.062358462925096503e-01 7.865067516751681476e-01
8.400000000000000000e+02 1.064843775229980666e-01 7.862563065204275503e-01
8.500000000000000000e+02 1.066994310040087074e-01 7.860392889146582407e-01
8.600000000000000000e+02 1.068802542133307637e-01 7.858564668459273594e-01
8.700000000000000000e+02 1.070265337802060041e-01 7.857081774939121965e-01
8.800000000000000000e+02 1.071382397183982815e-01 7.855944799771431564e-01
8.900000000000000000e+02 1.072154535793343466e-01 7.855153189549145543e-01
9.000000000000000000e+02 1.072582031121070006e-01 7.854706837827863941e-01
9.100000000000000000e+02 1.072663231754251711e-01 7.854607474654735633e-01
9.200000000000000000e+02 1.072393626984019105e-01 7.854859638758698859e-01
9.300000000000000000e+02 1.071765580846804067e-01 7.855471027887139801e-01
9.400000000000000000e+02 1.070768853718461200e-01 7.856452074824155085e-01
9.500000000000000000e+02 1.069391870544972589e-01 7.857814685613994099e-01
9.600000000000000000e+02 1.067623540601273235e-01 7.859570285272792223e-01
9.700000000000000000e+02 1.065455345457786696e-01 7.861727542560418280e-01
9.800000000000000000e+02 1.062883426895301076e-01 7.864290181564926874e-01
9.900000000000000000e+02 1.059910437016400031e-01 7.867255167464026755e-01
1.000000000000000000e+03 1.056546924657906367e-01 7.870611477646212162e-01
1.010000000000000000e+03 1.052812090005564444e-01 7.874339566611755492e-01
1.020000000000000000e+03 1.048733802214843608e-01 7.878411483530499693e-01
1.030000000000000000e+03 1.044347866141630138e-01 7.882791556404918909e-01
1.040000000000000000e+03 1.039696642378406810e-01 7.887437615513233080e-01
1.050000000000000000e+03 1.034827209750761590e-01 7.892302725669180230e-01
1.060000000000000000e+03 1.029789275681694677e-01 7.897337295070986363e-01
1.070000000000000000e+03 1.024633013820241412e-01 7.902491293755191659e-01
1.080000000000000000e+03 1.019407014012825297e-01 7.907716222567263697e-01
1.090000000000000000e+03 1.014156517130092167e-01 7.912966674082860807e-01
1.100000000000000000e+03 1.008922048952071299e-01 7.918201614863364934e-01
1.110000000000000000e+03 1.003738511141945983e-01 7.923385496234349734e-01
1.120000000000000000e+03 9.986347326949882031e-02 7.928489054823641968e-01
1.130000000000000000e+03 9.936334280110910300e-02 7.933489525075703153e-01
1.140000000000000000e+03 9.887514638107093579e-02 7.938370262120044707e-01
1.150000000000000000e+03 9.840002868184430374e-02 7.943120129059879631e-01
1.160000000000000000e+03 9.793863699315789872e-02 7.947732865829045812e-01
1.170000000000000000e+03 9.749116898782797525e-02 7.952206467993191419e-01
1.180000000000000000e+03 9.705743444227532546e-02 7.956542623867317587e-01
1.190000000000000000e+03 9.663692707537473170e-02 7.960746180590844157e-01
1.200000000000000000e+03 9.622889150052429952e-02 7.964824585917967825e-01
1.210000000000000000e+03 9.583238048210987459e-02 7.968787337949407856e-01
1.220000000000000000e+03 9.544630858248615013e-02 7.972645428873597062e-01
1.230000000000000000e+03 9.506950846506637132e-02 7.976410673290745823e-01
1.240000000000000000e+03 9.470079312453141829e-02 7.980094932649164363e-01
1.250000000000000000e+03 9.433902362757767834e-02 7.983709406024346311e-01
1.260000000000000000e+03 9.398317804332932679e-02 7.987264067229356002e-01
1.270000000000000000e+03 9.363241785253691163e-02 7.990767157612073124e-01
1.280000000000000000e+03 9.328615406001108945e-02 7.994224598313336427e-01
1.290000000000000000e+03 9.294411336962711545e-02 7.997639294269468513e-01
1.300000000000000000e+03 9.260639511111198874e-02 8.001010486669265509e-01
1.310000000000000000e+03 9.227350836101744225e-02 8.004333327981658641e-01
1.320000000000000000e+03 9.194638366373468485e-02 8.007598727668244765e-01
1.330000000000000000e+03 9.162635446191225164e-02 8.010793504563222811e-01
1.340000000000000000e+03 9.131510634162740003e-02 8.013900898693201436e-01
1.350000000000000000e+03 9.101459389092031449e-02 8.016901433037366687e-01
1.360000000000000000e+03 9.072692442509174005e-02 8.019774078285034635e-01
1.370000000000000000e+03 9.045421337617486068e-02 8.022497641400916368e-01
1.380000000000000000e+03 9.019842659184443279e-02 8.025052286219952480e-01
1.390000000000000000e+03 8.996123279822051955e-02 8.027421096746196749e-01
1.400000000000000000e+03 8.974388663699664481e-02 8.029591478969585472e-01
1.410000000000000000e+03 8.954714839733302068e-02 8.031556100954623245e-01
1.420000000000000000e+03 8.937124122571087070e-02 8.033313140307549727e-01
1.430000000000000000e+03 8.921585318342462045e-02 8.034865929259270567e-01
1.440000000000000000e+03 8.908018826214111896e-02 8.036222328978906981e-01
1.450000000000000000e+03 8.896305859369141311e-02 8.037393903842553478e-01
1.460000000000000000e+03 8.886300726890167256e-02 8.038394832358577435e-01
1.470000000000000000e+03 8.877844311976151870e-02 8.039240692752113171e-01
1.480000000000000000e+03 8.870775869886457499e-02 8.039947371480647975e-01
1.490000000000000000e+03 8.864941645419167904e-02 8.040530210383295406e-01
1.500000000000000000e+03 8.860200693114135551e-02 8.041003379402539286e-01
1.510000000000000000e+03 8.856428295929426320e-02 8.041379493574545290e-01
1.520000000000000000e+03 8.853516689322828148e-02 8.041669520146299543e-01
1.530000000000000000e+03 8.851372929333140016e-02 8.041882953813066504e-01
1.540000000000000000e+03 8.849914753052418037e-02 8.042028143789747840e-01
1.550000000000000000e+03 8.849065736134753557e-02 8.042112669898691113e-01
1.560000000000000000e+03 8.848750906399768801e-02 8.042143766063784005e-01
1.570000000000000000e+03 8.848893528449969237e-02 8.042128776626118469e-01
1.580000000000000000e+03 8.849413556661589464e-02 8.042075494550401382e-01
1.590000000000000000e+03 8.850228142857577418e-02 8.041992199198702007e-01
1.600000000000000000e+03 8.851253819321432126e-02 8.041887409852216395e-01
1.610000000000000000e+03 8.852409610236677828e-02 8.041769437083250427e-01
1.620000000000000000e+03 8.853620659537891902e-02 8.041645879453017676e-01
1.630000000000000000e+03 8.854821899998471801e-02 8.041523260890631741e-01
1.640000000000000000e+03 8.855961175485695114e-02 8.041406841366113278e-01
1.650000000000000000e+03 8.857001304599682046e-02 8.041300502896142621e-01
1.660000000000000000e+03 8.857920822353061718e-02 8.041206630056935145e-01
1.670000000000000000e+03 8.858713624413165622e-02 8.041126006112555569e-01
1.680000000000000000e+03 8.859387737658817874e-02 8.041057863453261456e-01
1.690000000000000000e+03 8.859963173420672133e-02 8.041000145889752870e-01
1.700000000000000000e+03 8.860468851561968673e-02 8.040949888288841940e-01
1.710000000000000000e+03 8.860938773257322210e-02 8.040903617422855421e-01
1.720000000000000000e+03 8.861407974124783926e-02 8.040857753197115931e-01
1.730000000000000000e+03 8.861908741172046244e-02 8.040809042395333783e-01
1.740000000000000000e+03 8.862466996162529642e-02 8.040754950192884332e-01
1.750000000000000000e+03 8.863098691210714863e-02 8.040693950108436239e-01
1.760000000000000000e+03 8.863806397495833933e-02 8.040625804881356142e-01
1.770000000000000000e+03 8.864576437208368520e-02 8.040551831330197130e-01
1.780000000000000000e+03 8.865376889352193090e-02 8.040475086380679537e-01
1.790000000000000000e+03 8.866156464189677011e-02 8.040400493244431734e-01
1.800000000000000000e+03 8.866844062304501950e-02 8.040334949181001667e-01
1.810000000000000000e+03 8.867349383878961322e-02 8.040287375758903288e-01
1.820000000000000000e+03 8.867564598147543997e-02 8.040268648072184110e-01
1.830000000000000000e+03 8.867366382324162744e-02 8.040291300223483262e-01
1.840000000000000000e+03 8.866618272930303080e-02 8.040369037994564705e-01
1.850000000000000000e+03 8.865173732289016728e-02 8.040516303912579321e-01
1.860000000000000000e+03 8.862879811258486673e-02 8.040748105124305711e-01
1.870000000000000000e+03 8.859580807522626777e-02 8.041080146840039466e-01
1.880000000000000000e+03 8.855121315031755369e-02 8.041528719360122590e-01
1.890000000000000000e+03 8.849348654802184633e-02 8.042109842768153660e-01
1.900000000000000000e+03 8.842115604314459976e-02 8.042838457328709278e-01
1.910000000000000000e+03 8.833283506710178090e-02 8.043728119680979560e-01
1.920000000000000000e+03 8.822725339504057518e-02 8.044790867549213020e-01
1.930000000000000000e+03 8.810328843309596369e-02 8.046037205259877201e-01
1.940000000000000000e+03 8.795999741725452070e-02 8.047476311808303695e-01
1.950000000000000000e+03 8.779664392153327390e-02 8.049115821463916909e-01
1.960000000000000000e+03 8.761271585428116737e-02 8.050961133400116321e-01
1.970000000000000000e+03 8.740793869733237687e-02 8.053015035041168890e-01
1.980000000000000000e+03 8.718228679254494407e-02 8.055277605412632935e-01
1.990000000000000000e+03 8.693599870022665488e-02 8.057746222842783190e-01
2.000000000000000000e+03 8.666959547727849655e-02 8.060415554582081032e-01
2.010000000000000000e+03 8.638389466470107469e-02 8.063277461642760491e-01
2.020000000000000000e+03 8.608001428047921955e-02 8.066320874191378332e-01
2.030000000000000000e+03 8.575936813470586007e-02 8.069531762911179573e-01
2.040000000000000000e+03 8.542365816786302857e-02 8.072893188681854459e-01
2.050000000000000000e+03 8.507486702620409291e-02 8.076385277565502063e-01
2.060000000000000000e+03 8.471525420896482139e-02 8.079985264045497217e-01
2.070000000000000000e+03 8.434735111477290048e-02 8.083667845521665951e-01
2.080000000000000000e+03 8.397394061713148172e-02 8.087405492228033621e-01
2.090000000000000000e+03 8.359801603065897257e-02 8.091168606564862475e-01
2.100000000000000000e+03 8.322272769606484100e-02 8.094925775742768392e-01
2.110000000000000000e+03 8.285132714535668741e-02 8.098644182688070625e-01
2.120000000000000000e+03 8.248710668956311942e-02 8.102290374453340327e-01
2.130000000000000000e+03 8.213332487510680013e-02 8.105831390066917663e-01
2.140000000000000000e+03 8.179311871270301959e-02 8.109235957603042610e-01
2.150000000000000000e+03 8.146941630699057468e-02 8.112475539095304056e-01
2.160000000000000000e+03 8.116485148785847203e-02 8.115524911502590699e-01
2.170000000000000000e+03 8.088167210368754634e-02 8.118362260969271826e-01
2.180000000000000000e+03 8.062165241592736398e-02 8.120969517880958222e-01
2.190000000000000000e+03 8.038602976843743642e-02 8.123333488508912570e-01
2.200000000000000000e+03 8.017546848535100912e-02 8.125447065574969985e-01
2.210000000000000000e+03 7.999004445027811661e-02 8.127309604078730709e-01
2.220000000000000000e+03 7.982924805123160772e-02 8.128926583668837358e-01
2.230000000000000000e+03 7.969201033157521930e-02 8.130309052499263833e-01
2.240000000000000000e+03 7.957675868228998584e-02 8.131472983007349553e-01
2.250000000000000000e+03 7.948150229002302891e-02 8.132438445724836651e-01
2.260000000000000000e+03 7.940394102371216289e-02 8.133228531351414103e-01
2.270000000000000000e+03 7.934158974163031675e-02 8.133868035198612567e-01
2.280000000000000000e+03 7.929191324479714642e-02 8.134382059992921743e-01
2.290000000000000000e+03 7.925246622697122711e-02 8.134794693790178277e-01
2.300000000000000000e+03 7.922102109302661677e-02 8.135127843786821300e-01
2.310000000000000000e+03 7.919566817997769625e-02 8.135400326863585496e-01
2.320000000000000000e+03 7.917488768786234976e-02 8.135627195117566268e-01
2.330000000000000000e+03 7.915759299599324506e-02 8.135819292975460248e-01
2.340000000000000000e+03 7.914314440135028494e-02 8.135983079953936770e-01
2.350000000000000000e+03 7.913133814000930522e-02 8.136120695318928009e-01
2.360000000000000000e+03 7.912237507451748419e-02 8.136230219313400625e-01
2.370000000000000000e+03 7.911681269810773298e-02 8.136306131616563020e-01
2.380000000000000000e+03 7.911550690339903824e-02 8.136339884465119132e-01
2.390000000000000000e+03 7.911955492898337106e-02 8.136320456438534965e-01
2.400000000000000000e+03 7.913024329130914636e-02 8.136234874887543489e-01
2.410000000000000000e+03 7.914899421569394911e-02 8.136068710970283391e-01
2.420000000000000000e+03 7.917730831568256522e-02 8.135806589307008618e-01
2.430000000000000000e+03 7.921670869309004048e-02 8.135432803858222428e-01
2.440000000000000000e+03 7.926868717758282779e-02 8.134932017561046225e-01
2.450000000000000000e+03 7.933464770452536285e-02 8.134289964261445238e-01
2.460000000000000000e+03 7.941584676815330313e-02 8.133494102585768770e-01
2.470000000000000000e+03 7.951333784716224651e-02 8.132534144499616868e-01
2.480000000000000000e+03 7.962792692729933619e-02 8.131402401018675841e-01
2.490000000000000000e+03 7.976014152281106495e-02 8.130093940587425072e-01
2.500000000000000000e+03 7.991021546433617340e-02 8.128606634188928481e-01
2.510000000000000000e+03 8.007809122582845718e-02 8.126941159183141972e-01
2.520000000000000000e+03 8.026343626278797938e-02 8.125100908228809482e-01
2.530000000000000000e+03 8.046566577955274746e-02 8.123091791969146991e-01
2.540000000000000000e+03 8.068396598826560462e-02 8.120922023713031956e-01
2.550000000000000000e+03 8.091731720097465608e-02 8.118601882696911964e-01
2.560000000000000000e+03 8.116452062892577646e-02 8.116143403681199686e-01
2.570000000000000000e+03 8.142423544606816610e-02 8.113560046861525432e-01
2.580000000000000000e+03 8.169502665880722103e-02 8.110866381668335734e-01
2.590000000000000000e+03 8.197541351283814393e-02 8.108077653659093720e-01
2.600000000000000000e+03 8.226390959250347301e-02 8.105209150292829179e-01
2.610000000000000000e+03 8.255905557183826349e-02 8.102275529114685293e-01
2.620000000000000000e+03 8.285944885070795074e-02 8.099290426832000955e-01
2.630000000000000000e+03 8.316377366652130676e-02 8.096266434276994106e-01
2.640000000000000000e+03 8.347083127505103284e-02 8.093215137425822103e-01
2.650000000000000000e+03 8.377956146775956958e-02 8.090146989341435724e-01
2.660000000000000000e+03 8.408904876386494309e-02 8.087071207048422972e-01
2.670000000000000000e+03 8.439851142812151985e-02 8.083995819856732989e-01
2.680000000000000000e+03 8.470727419819014392e-02 8.080927712005835373e-01
2.690000000000000000e+03 8.501473476815366026e-02 8.077872707283101361e-01
2.700000000000000000e+03 8.532033601347627227e-02 8.074835840646901186e-01
2.710000000000000000e+03 8.562354847324615825e-02 8.071821740589888439e-01
2.720000000000000000e+03 8.592386259721156161e-02 8.068834948062224566e-01
2.730000000000000000e+03 8.622078882162990954e-02 8.065880114502782527e-01
2.740000000000000000e+03 8.651386333473073953e-02 8.062962012070163942e-01
2.750000000000000000e+03 8.680266251754843732e-02 8.060085269149482867e-01
2.760000000000000000e+03 8.708682844447358795e-02 8.057253909971581196e-01
2.770000000000000000e+03 8.736609722463488381e-02 8.054470877614301472e-01
2.780000000000000000e+03 8.764032440440780447e-02 8.051737722495594385e-01
2.790000000000000000e+03 8.790950442075949611e-02 8.049054518927584168e-01
2.800000000000000000e+03 8.817378159813991922e-02 8.046419846590590064e-01
2.810000000000000000e+03 8.843345229446349098e-02 8.043830792336301716e-01
2.820000000000000000e+03 8.868895776950577736e-02 8.041283140938981777e-01
2.830000000000000000e+03 8.894086813188879781e-02 8.038771685667407407e-01
2.840000000000000000e+03 8.918985893270810206e-02 8.036290319362182633e-01
2.850000000000000000e+03 8.943668128775759951e-02 8.033831935853779083e-01
2.860000000000000000e+03 8.968212759463010941e-02 8.031388599975380904e-01
2.870000000000000000e+03 8.992699466884178372e-02 8.028952125007647878e-01
2.880000000000000000e+03 9.017204290801227040e-02 8.026514725098816694e-01
2.890000000000000000e+03 9.041795162768898053e-02 8.024069483484644882e-01
2.900000000000000000e+03 9.066527664942257425e-02 8.021610677353785412e-01
2.910000000000000000e+03 9.091441750503780062e-02 8.019134128537028783e-01
2.920000000000000000e+03 9.116559787582163843e-02 8.016637577572501838e-01
2.930000000000000000e+03 9.141885871021267207e-02 8.014120758982852255e-01
2.940000000000000000e+03 9.167406245013931532e-02 8.011585097396735078e-01
2.950000000000000000e+03 9.193090828995151287e-02 8.009033351380518972e-01
2.960000000000000000e+03 9.218895868791104897e-02 8.006469471002248817e-01
2.970000000000000000e+03 9.244767620296492905e-02 8.003898583619232232e-01
2.980000000000000000e+03 9.270646371497097415e-02 8.001326768859916561e-01
2.990000000000000000e+03 9.296469786311097050e-02 7.998760453654899516e-01
3.000000000000000000e+03 9.322175321213248267e-02 7.996205769193028834e-01
3.010000000000000000e+03 9.347702399919874394e-02 7.993668300370975199e-01
3.020000000000000000e+03 9.372994811069425281e-02 7.991153279764252604e-01
3.030000000000000000e+03 9.398002832769761228e-02 7.988665821595379857e-01
3.040000000000000000e+03 9.422684501237948984e-02 7.986210747839315172e-01
3.050000000000000000e+03 9.447006581318415086e-02 7.983792108842742152e-01
3.060000000000000000e+03 9.470945840820453598e-02 7.981412739235963505e-01
3.070000000000000000e+03 9.494490327892705916e-02 7.979073949971898783e-01
3.080000000000000000e+03 9.517640565031301736e-02 7.976775332486393255e-01
3.090000000000000000e+03 9.540410787411782167e-02 7.974514857164884951e-01
3.100000000000000000e+03 9.562829971122589756e-02 7.972289283169896601e-01
3.110000000000000000e+03 9.584942003919739995e-02 7.970094450918213669e-01
3.120000000000000000e+03 9.606804693376219673e-02 7.967925214571039971e-01
3.130000000000000000e+03 9.628488074075669534e-02 7.965775280294892235e-01
3.140000000000000000e+03 9.650072063371381570e-02 7.963637000977166203e-01
3.150000000000000000e+03 9.671643438468766063e-02 7.961501205948929849e-01
3.160000000000000000e+03 9.693293038194857048e-02 7.959357607836956561e-01
3.170000000000000000e+03 9.715113413398671072e-02 7.957195855134739926e-01
3.180000000000000000e+03 9.737195981584852167e-02 7.955006350829297856e-01
3.190000000000000000e+03 9.759627535660082842e-02 7.952780300479829201e-01
3.200000000000000000e+03 9.782486837603369956e-02 7.950509666521605734e-01
3.210000000000000000e+03 9.805841581462085288e-02 7.948187448869071803e-01
3.220000000000000000e+03 9.829745825076630084e-02 7.945808092306834158e-01
3.230000000000000000e+03 9.854238062952540289e-02 7.943367968091771258e-01
3.240000000000000000e+03 9.879339737287946843e-02 7.940865677801705047e-01
3.250000000000000000e+03 9.905053907404241798e-02 7.938302030065481629e-01
3.260000000000000000e+03 9.931364084943158921e-02 7.935679844255510984e-01
3.270000000000000000e+03 9.958233325941817649e-02 7.933003670736233914e-01
3.280000000000000000e+03 9.985604129907871274e-02 7.930279483174209609e-01
3.290000000000000000e+03 1.001339972742687351e-01 7.927514432783350218e-01
3.300000000000000000e+03 1.004152678644293084e-01 7.924716869272159236e-01
3.310000000000000000e+03 1.006987917581550623e-01 7.921896590037461605e-01
3.320000000000000000e+03 1.009834195404754054e-01 7.919064861429552238e-01
3.330000000000000000e+03 1.012679479492325091e-01 7.916233803216944365e-01
3.340000000000000000e+03 1.015511554474686079e-01 7.913415533249801292e-01
3.350000000000000000e+03 1.018318468073604599e-01 7.910621758312292862e-01
3.360000000000000000e+03 1.021088940119423000e-01 7.907863617247569143e-01
3.370000000000000000e+03 1.023812587983547046e-01 7.905151312843543554e-01
3.380000000000000000e+03 1.026479984763220693e-01 7.902493827019188011e-01
3.390000000000000000e+03 1.029082636846421761e-01 7.899899151922915586e-01
3.400000000000000000e+03 1.031612895300231536e-01 7.897374714077486368e-01
3.410000000000000000e+03 1.034063796929437923e-01 7.894927774642818141e-01
3.420000000000000000e+03 1.036428853220513341e-01 7.892565780068526715e-01
3.430000000000000000e+03 1.038701789255741387e-01 7.890296363573116034e-01
3.440000000000000000e+03 1.040876246534635091e-01 7.888126839158242642e-01
3.450000000000000000e+03 1.042945597328210905e-01 7.886063861499297278e-01
3.460000000000000000e+03 1.044903012846978563e-01 7.884113835659251057e-01
3.470000000000000000e+03 1.046741685628245488e-01 7.882283274194501477e-01
3.480000000000000000e+03 1.048455073458965381e-01 7.880578558442982162e-01
3.490000000000000000e+03 1.050037156026013413e-01 7.879005477462073248e-01
3.500000000000000000e+03 1.051482711332473036e-01 7.877568576761982966e-01
3.510000000000000000e+03 1.052787605259645626e-01 7.876271052087088220e-01
3.520000000000000000e+03 1.053948922985216280e-01 7.875115527105711610e-01
3.530000000000000000e+03 1.054964763011677215e-01 7.874104620847964808e-01
3.540000000000000000e+03 1.055833759516543735e-01 7.873240893501816107e-01
3.550000000000000000e+03 1.056554474443331670e-01 7.872526766078404847e-01
3.560000000000000000e+03 1.057124697884208736e-01 7.871964642160039771e-01
3.570000000000000000e+03 1.057540751429509596e-01 7.871557688540157249e-01
3.580000000000000000e+03 1.057796895808366389e-01 7.871311252041183204e-01
3.590000000000000000e+03 1.057884812009721037e-01 7.871233759215474635e-01
3.600000000000000000e+03 1.057793215766284212e-01 7.871336526034043990e-01
3.610000000000000000e+03 1.057507782435625904e-01 7.871633288800506945e-01
3.620000000000000000e+03 1.057011478160724549e-01 7.872140208827099750e-01
3.630000000000000000e+03 1.056285235600989830e-01 7.872875732212660793e-01
3.640000000000000000e+03 1.055308928256093598e-01 7.873860095976016327e-01
3.650000000000000000e+03 1.054062496549938721e-01 7.875114298236377541e-01
3.660000000000000000e+03 1.052527041833792587e-01 7.876658247040807526e-01
3.670000000000000000e+03 1.050685888843289478e-01 7.878509034526346433e-01
3.680000000000000000e+03 1.048525560755432934e-01 7.880679969140208518e-01
3.690000000000000000e+03 1.046036540710202078e-01 7.883180162864262819e-01
3.700000000000000000e+03 1.043213752638696840e-01 7.886014443289715015e-01
3.710000000000000000e+03 1.040056678211577074e-01 7.889183317106607252e-01
3.720000000000000000e+03 1.036569070935362269e-01 7.892682971528752756e-01
3.730000000000000000e+03 1.032758394658713080e-01 7.896505734113999919e-01
3.740000000000000000e+03 1.028635116181084025e-01 7.900640867707354742e-01
3.750000000000000000e+03 1.024211910180427287e-01 7.905075384907188640e-01
3.760000000000000000e+03 1.019502895796250974e-01 7.909795217273735135e-01
3.770000000000000000e+03 1.014522937099858052e-01 7.914786148127180843e-01
3.780000000000000000e+03 1.009287010643258875e-01 7.920033789045423100e-01
3.790000000000000000e+03 1.003809766456700836e-01 7.925523363907751584e-01
3.800000000000000000e+03 9.981053319728462603e-02 7.931240066946745326e-01
3.810000000000000000e+03 9.921873240096486246e-02 7.937169659880765060e-01
3.820000000000000000e+03 9.860690412897593626e-02 7.943298545978455527e-01
3.830000000000000000e+03 9.797637630064232050e-02 7.949613380671520790e-01
3.840000000000000000e+03 9.732850390896223558e-02 7.956100656181133157e-01
3.850000000000000000e+03 9.666469070118390017e-02 7.962746710233281622e-01
3.860000000000000000e+03 9.598639614294554590e-02 7.969537886075431787e-01
3.870000000000000000e+03 9.529512744986282091e-02 7.976460049785484285e-01
3.880000000000000000e+03 9.459242785362338701e-02 7.983497912850776590e-01
3.890000000000000000e+03 9.387986353830546360e-02 7.990635166879470619e-01
3.900000000000000000e+03 9.315900663000174775e-02 7.997855312006945105e-01
3.910000000000000000e+03 9.243141785566941215e-02 8.005142431490679389e-01
3.920000000000000000e+03 9.169863191707336436e-02 8.012481328622922394e-01
3.930000000000000000e+03 9.096214863438938092e-02 8.019857223955972891e-01
3.940000000000000000e+03 9.022342818219210303e-02 8.027255500849312941e-01
3.950000000000000000e+03 8.948388262399996351e-02 8.034661672089260520e-01
3.960000000000000000e+03 8.874487039869458083e-02 8.042061683438672670e-01
3.970000000000000000e+03 8.800770102420267527e-02 8.049442338812473619e-01
3.980000000000000000e+03 8.727363851163251474e-02 8.056791297223677706e-01
3.990000000000000000e+03 8.654390071256723438e-02 8.064096798140283351e-01
4.000000000000000000e+03 8.581965949551609296e-02 8.071347430903027531e-01
4.010000000000000000e+03 8.510204082654973523e-02 8.078532060830886374e-01
4.020000000000000000e+03 8.439212033710923044e-02 8.085639972684544041e-01
4.030000000000000000e+03 8.369090649191567033e-02 8.092661049957363684e-01
4.040000000000000000e+03 8.299931177917539704e-02 8.099585877972365067e-01
4.050000000000000000e+03 8.231812591694008530e-02 8.106406246030603002e-01
4.060000000000000000e+03 8.164799902597004444e-02 8.113115635457285313e-01
4.070000000000000000e+03 8.098943862556635953e-02 8.119709018221172858e-01
4.080000000000000000e+03 8.034282757992368407e-02 8.126182487119241182e-01
4.090000000000000000e+03 7.970845964739682599e-02 8.132533308496016078e-01
4.100000000000000000e+03 7.908657667879114006e-02 8.138759699986198859e-01
4.110000000000000000e+03 7.847740406687891968e-02 8.144859927617571493e-01
4.120000000000000000e+03 7.788119307241112010e-02 8.150831456768933281e-01
4.130000000000000000e+03 7.729827040054375320e-02 8.156670443875523313e-01
4.140000000000000000e+03 7.672908902272390641e-02 8.162371375714209121e-01
4.150000000000000000e+03 7.617427714025949703e-02 8.167927074806893284e-01
4.160000000000000000e+03 7.563467436675250233e-02 8.173329069242034617e-01
4.170000000000000000e+03 7.511133932778067679e-02 8.178567752331928897e-01
4.180000000000000000e+03 7.460552690704870538e-02 8.183631763201871800e-01
4.190000000000000000e+03 7.411864960728076213e-02 8.188507170875670704e-01
4.200000000000000000e+03 7.365223434274427439e-02 8.193177810246470294e-01
