0.000000000000000000e+00 1.733877664174067945e+01 -1.876080624231918769e-16 1.733877664174067945e+01 -1.082014413701781609e-17
1.000000000000000000e+01 1.722132664411445546e+01 1.824712728273622409e+00 1.731772698491375806e+01 -1.004437296309363070e+00
2.000000000000000000e+01 1.685472297575523726e+01 3.603524773073160770e+00 1.723563394191241827e+01 -2.009371954212517686e+00
3.000000000000000000e+01 1.625226942487886816e+01 5.296242136642661080e+00 1.709346197318734184e+01 -3.014975014849750501e+00
4.000000000000000000e+01 1.543495767609479508e+01 6.866660348888697030e+00 1.689345858046355886e+01 -4.021414377130709816e+00
5.000000000000000000e+01 1.442999592251171137e+01 8.284211958605300907e+00 1.663889870450576680e+01 -5.028844895461784148e+00
6.000000000000000000e+01 1.326927868331909544e+01 9.524878707838171366e+00 1.633392393684430743e+01 -6.037417879519529684e+00
7.000000000000000000e+01 1.198764916035647587e+01 1.057181099583367434e+01 1.598333257250893524e+01 -7.047279915301354336e+00
8.000000000000000000e+01 1.062110278823070963e+01 1.141551151983403045e+01 1.559236119699725265e+01 -8.058567949555486720e+00
9.000000000000000000e+01 9.205160381858831897e+00 1.205355834432075923e+01 1.516651728036756808e+01 -9.071407832457014209e+00
1.000000000000000000e+02 7.773453710973680764e+00 1.248997217347479349e+01 1.471142370713402947e+01 -1.008591354082862068e+01
1.100000000000000000e+02 6.356579005122080517e+00 1.273431828140188316e+01 1.423267222767407780e+01 -1.110218639219143810e+01
1.200000000000000000e+02 4.981256636104522073e+00 1.280064057610630002e+01 1.373569498909299291e+01 -1.212031410912491403e+01
1.300000000000000000e+02 3.669807890348820489e+00 1.270632447398801901e+01 1.322566337052071539e+01 -1.314036991286846323e+01
1.400000000000000000e+02 2.439935706454682496e+00 1.247097437936263375e+01 1.270741862938148969e+01 -1.416241225771264745e+01
1.500000000000000000e+02 1.304764761632918768e+00 1.211536757353722038e+01 1.218542336257202585e+01 -1.518648521075772173e+01
1.600000000000000000e+02 2.730843496111963198e-01 1.166052546514086963e+01 1.166372278413720132e+01 -1.621261895068488457e+01
1.700000000000000000e+02 -6.502579791324581970e-01 1.112693893912461895e+01 1.114592327240920611e+01 -1.724083009573861602e+01
1.800000000000000000e+02 -1.463865765571603639e+00 1.053396187215590807e+01 1.063518950012866249e+01 -1.827112169867273295e+01
1.900000000000000000e+02 -2.169249835455006714e+00 9.899365304466055449e+00 1.013425272429535795e+01 -1.930348317079715770e+01
2.000000000000000000e+02 -2.770263108657037954e+00 9.239039455679373347e+00 9.645424187395096993e+00 -2.033789074277936848e+01
2.100000000000000000e+02 -3.272550662088486551e+00 8.566829953211172466e+00 9.170614117013753841e+00 -2.137430798188278658e+01
2.200000000000000000e+02 -3.683042504949480378e+00 7.894489049523596869e+00 8.711358071294769800e+00 -2.241268598580472826e+01
2.300000000000000000e+02 -4.009498880829442058e+00 7.231715937672479555e+00 8.268844942224923500e+00 -2.345296370541201370e+01
2.400000000000000000e+02 -4.260114818388769820e+00 6.586267049210975166e+00 7.843946194956836315e+00 -2.449506874797128475e+01
2.500000000000000000e+02 -4.443190735626944665e+00 5.964117144928162695e+00 7.437246616294713952e+00 -2.553891850451930523e+01
2.600000000000000000e+02 -4.566871383879927748e+00 5.369650141766221019e+00 7.049074895464749524e+00 -2.658442114050335903e+01
2.700000000000000000e+02 -4.638947111378953991e+00 4.805864797394217902e+00 6.679533423301668549e+00 -2.763147661992690018e+01
2.800000000000000000e+02 -4.666710371149689784e+00 4.274585104593590756e+00 6.328527751745225416e+00 -2.867997806166935959e+01
2.900000000000000000e+02 -4.656862784414927070e+00 3.776665325153413466e+00 5.995796191589978008e+00 -2.972981318052259425e+01
3.000000000000000000e+02 -4.615467069696743252e+00 3.312181180827584281e+00 5.680940102314356643e+00 -3.078086543814392684e+01
3.100000000000000000e+02 -4.547933962596739654e+00 2.880602174358330547e+00 5.383453558363703984e+00 -3.183301503040669900e+01
3.200000000000000000e+02 -4.459031026202990411e+00 2.480945397607442704e+00 5.102749039346384130e+00 -3.288614071906468439e+01
3.300000000000000000e+02 -4.352909461377704403e+00 2.111909165536434596e+00 4.838179523584086539e+00 -3.394012222775339183e+01
3.400000000000000000e+02 -4.233144822661543571e+00 1.771980091421744286e+00 4.589055298644944436e+00 -3.499484179122723759e+01
3.500000000000000000e+02 -4.102787507173971449e+00 1.459516033970166715e+00 4.354658698731602939e+00 -3.605018449580552442e+01
3.600000000000000000e+02 -3.964419418844101539e+00 1.172812598118772698e+00 4.134260601221735776e+00 -3.710603834384806987e+01
3.700000000000000000e+02 -3.820208178393448506e+00 9.101562579664094210e-01 3.927133170670381812e+00 -3.816229491540232743e+01
3.800000000000000000e+02 -3.671955297810009622e+00 6.698652264487932051e-01 3.732556112199827414e+00 -3.921885049782133592e+01
3.900000000000000000e+02 -3.521144290009834865e+00 4.503180593036054113e-01 3.549823018912890760e+00 -4.027560655708514759e+01
4.000000000000000000e+02 -3.368986590125894409e+00 2.499711887771453311e-01 3.378247510125147457e+00 -4.133246937334568827e+01
4.100000000000000000e+02 -3.216460012517860179e+00 6.737010410907649793e-02 3.217165482696539680e+00 -4.238934970367458277e+01
4.200000000000000000e+02 -3.064342992235974172e+00 -9.884348205127781173e-02 3.065936726028399839e+00 -4.344616251510036875e+01
4.300000000000000000e+02 -2.913246024308489890e+00 -2.499278186770730881e-01 2.923947043415441538e+00 -4.450282674044377274e+01
4.400000000000000000e+02 -2.763639307105922427e+00 -3.870398164097361704e-01 2.790609617855457802e+00 -4.555926515882687511e+01
4.500000000000000000e+02 -2.615875434241178965e+00 -5.112356339329695576e-01 2.665364170403234478e+00 -4.661540429494064597e+01
4.600000000000000000e+02 -2.470208551111506168e+00 -6.234720366490289489e-01 2.547674953063615355e+00 -4.767117441205115114e+01
4.700000000000000000e+02 -2.326813020803498944e+00 -7.246095327955178744e-01 2.437030530953365304e+00 -4.872650927209542715e+01
4.800000000000000000e+02 -2.185800650552089053e+00 -8.154178124496817004e-01 2.332944639894860561e+00 -4.978134540047604872e+01
4.900000000000000000e+02 -2.047235416141862441e+00 -8.965796136252909276e-01 2.234955895017622041e+00 -5.083562218739391625e+01
5.000000000000000000e+02 -1.911147400441454147e+00 -9.686954783607216735e-01 2.142628132927091755e+00 -5.188928210287559750e+01
5.100000000000000000e+02 -1.777543972137877404e+00 -1.032288915670905860e+00 2.055549313030635705e+00 -5.294227083332579298e+01
5.200000000000000000e+02 -1.646417969155116401e+00 -1.087812279742244703e+00 1.973329086877015914e+00 -5.399453677855412081e+01
5.300000000000000000e+02 -1.517755492602135714e+00 -1.135653368597812962e+00 1.895597612609678295e+00 -5.504603021093143411e+01
5.400000000000000000e+02 -1.391544112948793543e+00 -1.176141362154859538e+00 1.822005357306595075e+00 -5.609670306856934019e+01
5.500000000000000000e+02 -1.267780539189471867e+00 -1.209553044903826535e+00 1.752223177561484713e+00 -5.714650895541370090e+01
5.600000000000000000e+02 -1.146477381574145804e+00 -1.236120473830508937e+00 1.685943122493778423e+00 -5.819540282440175361e+01
5.700000000000000000e+02 -1.027668497476023957e+00 -1.256037778801581295e+00 1.622878135437605396e+00 -5.924334111420986915e+01
5.800000000000000000e+02 -9.114125017789074246e-01 -1.269466919018776396e+00 1.562760060560133279e+00 -6.029028199279301248e+01
5.900000000000000000e+02 -7.977947208233342469e-01 -1.276542803255783065e+00 1.505336489000952405e+00 -6.133618524927727123e+01
6.000000000000000000e+02 -6.869295846563238106e-01 -1.277378735738673887e+00 1.450368466560633118e+00 -6.238101225983854903e+01
6.100000000000000000e+02 -5.789636719360906625e-01 -1.272073749051729541e+00 1.397630336121910233e+00 -6.342472594914278972e+01
6.200000000000000000e+02 -4.740785656597414910e-01 -1.260721827972561826e+00 1.346911286590351420e+00 -6.446729088601846058e+01
6.300000000000000000e+02 -3.724926276183313512e-01 -1.243419785692584156e+00 1.298015223748088642e+00 -6.550867427747664351e+01
6.400000000000000000e+02 -2.744613898030549004e-01 -1.220274655411116127e+00 1.250759484925596077e+00 -6.654884714259131329e+01
6.500000000000000000e+02 -1.802757753183121536e-01 -1.191412976537805424e+00 1.204974786387371655e+00 -6.758778441948395255e+01
6.600000000000000000e+02 -9.025885114077580873e-02 -1.156989983321467408e+00 1.160505270007621492e+00 -6.862546512196871618e+01
6.700000000000000000e+02 -4.761309644388721229e-03 -1.117197923297057249e+00 1.117208069201430121e+00 -6.966187282561989491e+01
6.800000000000000000e+02 7.584505476199093765e-02 -1.072274040572239961e+00 1.074953064285584015e+00 -7.069699572692761080e+01
6.900000000000000000e+02 1.511753441326618708e-01 -1.022509010876724522e+00 1.033624042869420778e+00 -7.173082692272816985e+01
7.000000000000000000e+02 2.208413639169163611e-01 -9.682533670169153339e-01 9.931190717916342781e-01 -7.276336483281440337e+01
7.100000000000000000e+02 2.844640533369581781e-01 -9.099213042024905107e-01 9.533501861763351570e-01 -7.379461237078760405e+01
7.200000000000000000e+02 3.416871396941322803e-01 -8.479931919467149637e-01 9.142442534795258702e-01 -7.482457601611534415e+01
7.300000000000000000e+02 3.921905253238059386e-01 -7.830149101461335581e-01 8.757429746591863795e-01 -7.585326576681619315e+01
7.400000000000000000e+02 4.357037708769426754e-01 -7.155932307218055843e-01 8.378015563433017787e-01 -7.688069444415066300e+01
7.500000000000000000e+02 4.720191923128484457e-01 -6.463891335654076142e-01 8.003880495753995516e-01 -7.790687672296721189e+01
7.600000000000000000e+02 5.010045652878172273e-01 -5.761084815500104872e-01 7.634831739816494434e-01 -7.893182723454251004e+01
7.700000000000000000e+02 5.226146316396718117e-01 -5.054902314045737199e-01 7.270807570341271120e-01 -7.995555811845947858e+01
7.800000000000000000e+02 5.368997540758425613e-01 -4.352916153395762211e-01 6.911874827509810748e-01 -8.097807638386963447e+01
7.900000000000000000e+02 5.440106343671877731e-01 -3.662708862834495593e-01 6.558215705841442533e-01 -8.199938104301992325e+01
8.000000000000000000e+02 5.441995530961897254e-01 -2.991710258002743261e-01 6.210124445359215262e-01 -8.301946216526474132e+01
8.100000000000000000e+02 5.378175003104421759e-01 -2.347024338239099284e-01 5.867988548753646505e-01 -8.403829972838531148e+01
8.200000000000000000e+02 5.253084647791330664e-01 -1.735252266884992345e-01 5.532268860656581744e-01 -8.505585995613255079e+01
8.300000000000000000e+02 5.072012614163249333e-01 -1.162334750442889225e-01 5.203492483930216572e-01 -8.607209119598893210e+01
8.400000000000000000e+02 4.840981337122373662e-01 -6.334132756107653528e-02 4.882244635829618429e-01 -8.708691956302500614e+01
8.500000000000000000e+02 4.566605847075295710e-01 -1.527246237713087741e-02 4.569158978767139390e-01 -8.810024602604239874e+01
8.600000000000000000e+02 4.255943878899949850e-01 2.764779123907424099e-02 4.264914809979901134e-01 -8.911194307446316998e+01
8.700000000000000000e+02 3.916324476464922988e-01 6.519898350343997229e-02 3.970225201414453453e-01 -9.012184760868555600e+01
8.800000000000000000e+02 3.555156224962000566e-01 9.726795388151386612e-02 3.685816228342874701e-01 -9.112975344816160828e+01
8.900000000000000000e+02 3.179749393775717636e-01 1.238471545165107102e-01 3.412421131015439535e-01 -9.213540383549823787e+01
9.000000000000000000e+02 2.797156458511715349e-01 1.450296291185519948e-01 3.150784598416762061e-01 -9.313848512085132825e+01
9.100000000000000000e+02 2.414016623024932695e-01 1.609997633874046818e-01 2.901649296059178873e-01 -9.413862477832898890e+01
9.200000000000000000e+02 2.036422592772794138e-01 1.720217926727781177e-01 2.665739426836594705e-01 -9.513539077644874453e+01
9.300000000000000000e+02 1.669816570330489580e-01 1.784287782391756061e-01 2.443761500012382459e-01 -9.612828801910725929e+01
9.400000000000000000e+02 1.318914683541581867e-01 1.806107572235804704e-01 2.236416889792487428e-01 -9.711676086493795879e+01
9.500000000000000000e+02 9.876587605534857539e-02 1.789995180022178611e-01 2.044395404954892637e-01 -9.810021653985695878e+01
9.600000000000000000e+02 6.791970279647013831e-02 1.740521471474736903e-01 1.868347825074513913e-01 -9.907807073610069892e+01
9.700000000000000000e+02 3.958926459753809440e-02 1.662370573205866064e-01 1.708861290391407994e-01 -1.000498128545164178e+02
9.800000000000000000e+02 1.393485986336781383e-02 1.560226178397066676e-01 1.566436644009800150e-01 -1.010150950935168623e+02
9.900000000000000000e+02 -8.954046957653919933e-03 1.438664011026972445e-01 1.441447755666574182e-01 -1.019738599184494490e+02
1.000000000000000000e+03 -2.905033668726532056e-02 1.302055827108782871e-01 1.334069557059257560e-01 -1.029265023420288827e+02
1.010000000000000000e+03 -4.638065420434982905e-02 1.154496612566410924e-01 1.244178016551355376e-01 -1.038740135809275245e+02
1.020000000000000000e+03 -6.101814388841648312e-02 9.997470692394516689e-02 1.171245316238926359e-01 -1.048180336460552553e+02
1.030000000000000000e+03 -7.307546690881872031e-02 8.411955136274401612e-02 1.114276571835340623e-01 -1.057607621620982599e+02
1.040000000000000000e+03 -8.269683511263353770e-02 6.818352946585920504e-02 1.071809695238282040e-01 -1.067047244227719602e+02
1.050000000000000000e+03 -9.004929613990089732e-02 5.242541841464530561e-02 1.041983696189254238e-01 -1.076524398436649932e+02
1.060000000000000000e+03 -9.531471167317427662e-02 3.706411233369655972e-02 1.022675055158050739e-01 -1.086060885397446469e+02
1.070000000000000000e+03 -9.868394425910050061e-02 2.228033957118697936e-02 1.011678525320205413e-01 -1.095672737457596639e+02
1.080000000000000000e+03 -1.003525142662466396e-01 8.218724876431314844e-03 1.006885026115281329e-01 -1.105369382093411446e+02
1.090000000000000000e+03 -1.005164573524445076e-01 -5.009542269453781844e-03 1.006412127929469935e-01 -1.115154252103769466e+02
1.100000000000000000e+03 -9.936786850025160212e-02 -1.732344551058377299e-02 1.008666201210363794e-01 -1.125026202380922768e+02
1.110000000000000000e+03 -9.709073057625734748e-02 -2.866867798359962888e-02 1.012348905326554138e-01 -1.134981037112581248e+02
1.120000000000000000e+03 -9.385814331174620329e-02 -3.901461926651113993e-02 1.016439451341746708e-01 -1.145012749559528800e+02
1.130000000000000000e+03 -8.983144586693406208e-02 -4.835143859105491687e-02 1.020174018507061381e-01 -1.155114475856527179e+02
1.140000000000000000e+03 -8.515988129137838647e-02 -5.668661354526843138e-02 1.023014053510129945e-01 -1.165279241120578178e+02
1.150000000000000000e+03 -7.997971780362653216e-02 -6.404167863199723698e-02 1.024601964762499734e-01 -1.175500397965372485e+02
1.160000000000000000e+03 -7.441366427130917394e-02 -7.044929052297435601e-02 1.024719276947279878e-01 -1.185771834208201767e+02
1.170000000000000000e+03 -6.857095174971071516e-02 -7.595035594633896270e-02 1.023251288405577358e-01 -1.196088071706318487e+02
1.180000000000000000e+03 -6.254739189726002402e-02 -8.059172657895810610e-02 1.020156979397140173e-01 -1.206444238304122507e+02
1.190000000000000000e+03 -5.642583237275532876e-02 -8.442456553933377905e-02 1.015449743978674157e-01 -1.216835983137199690e+02
1.200000000000000000e+03 -5.027723276632854732e-02 -8.750284399336631658e-02 1.009185208054843852e-01 -1.227259429935861306e+02
1.210000000000000000e+03 -4.416180364038069239e-02 -8.988193511681596970e-02 1.001450306361481718e-01 -1.237711143039487780e+02
1.220000000000000000e+03 -3.813009258522784273e-02 -9.161740311543302429e-02 9.923533903894218855e-02 -1.248188091729486899e+02
1.230000000000000000e+03 -3.222393879877757938e-02 -9.276401814780425858e-02 9.820155444102461606e-02 -1.258687604558898840e+02
1.240000000000000000e+03 -2.647703172065359045e-02 -9.337496269280030903e-02 9.705625619514873792e-02 -1.269207288475399764e+02
1.250000000000000000e+03 -2.091518196761544407e-02 -9.350105597672792035e-02 9.581175452678901416e-02 -1.279744922233878839e+02
1.260000000000000000e+03 -1.555699212267417156e-02 -9.319011082389475065e-02 9.447971612613330350e-02 -1.290298386016611403e+02
1.270000000000000000e+03 -1.041519950952987141e-02 -9.248652322231815104e-02 9.307111989535586660e-02 -1.300865664178085979e+02
1.280000000000000000e+03 -5.498292757585346129e-03 -9.143143348386516267e-02 9.159660611705312816e-02 -1.311444890742756684e+02
1.290000000000000000e+03 -8.116784631278265924e-04 -9.006294963115579755e-02 9.006660712046175854e-02 -1.322034378144381321e+02
1.300000000000000000e+03 3.641929122988669942e-03 -8.841596693928534256e-02 8.849094223447771801e-02 -1.332632581314422566e+02
1.310000000000000000e+03 7.862431847262943418e-03 -8.652215390283432561e-02 8.687865647291401205e-02 -1.343238027191042647e+02
1.320000000000000000e+03 1.185200903676853108e-02 -8.441024300534834268e-02 8.523824987896924665e-02 -1.353849280606566197e+02
1.330000000000000000e+03 1.561467023779638044e-02 -8.210619024072310368e-02 8.357777457243605046e-02 -1.364464933934686144e+02
1.340000000000000000e+03 1.915578559799285124e-02 -7.963316082974976340e-02 8.190472773663962092e-02 -1.375083604098693684e+02
1.350000000000000000e+03 2.248141786629240593e-02 -7.701176785502936162e-02 8.022609636169383829e-02 -1.385703964409390210e+02
1.360000000000000000e+03 2.559779694736914052e-02 -7.426031265141715132e-02 7.854833698841094669e-02 -1.396324770612627617e+02
1.370000000000000000e+03 2.851102217941183653e-02 -7.139521452150389413e-02 7.687753275363663763e-02 -1.406944877391661635e+02
1.380000000000000000e+03 3.122682455345179159e-02 -6.843159039938255528e-02 7.521965924065945885e-02 -1.417563270517759690e+02
1.390000000000000000e+03 3.375065835949735832e-02 -6.538337730100499123e-02 7.358052029569432662e-02 -1.428179051656171055e+02
1.400000000000000000e+03 3.608800909259073791e-02 -6.226305133112191442e-02 7.196549146173347733e-02 -1.438791371402970469e+02
1.410000000000000000e+03 3.824446215282915201e-02 -5.908163166847240494e-02 7.037952888424461872e-02 -1.449399399037775424e+02
1.420000000000000000e+03 4.022560455048186656e-02 -5.584907772603962123e-02 6.882745632595296814e-02 -1.460002344206539533e+02
1.430000000000000000e+03 4.203681480361367434e-02 -5.257466384909859070e-02 6.731410756802044815e-02 -1.470599506075789975e+02
1.440000000000000000e+03 4.368298301751955687e-02 -4.926702791770165568e-02 6.584408132210894937e-02 -1.481190312172645349e+02
1.450000000000000000e+03 4.516829726256131605e-02 -4.593404647396334001e-02 6.442136061176702289e-02 -1.491774327244408767e+02
1.460000000000000000e+03 4.649618378038066629e-02 -4.258274824092941196e-02 6.304907258548146654e-02 -1.502351235566327716e+02
1.470000000000000000e+03 4.766945173042939216e-02 -3.921930446054786717e-02 6.172949433333216329e-02 -1.512920799440699682e+02
1.480000000000000000e+03 4.869043190987194097e-02 -3.584913024059872139e-02 6.046419021683235168e-02 -1.523482829115764901e+02
1.490000000000000000e+03 4.956108988827780115e-02 -3.247714052481182057e-02 5.925425121948910828e-02 -1.534037180110589418e+02
1.500000000000000000e+03 5.028302816618707149e-02 -2.910781918432962107e-02 5.810032753116965015e-02 -1.544583743990782807e+02
1.510000000000000000e+03 5.085720066366088143e-02 -2.574527036297194829e-02 5.700240175121036590e-02 -1.555122458984642151e+02
1.520000000000000000e+03 5.128373582915590756e-02 -2.239342287298437192e-02 5.595969039016342877e-02 -1.565653323790091065e+02
1.530000000000000000e+03 5.156199141284377452e-02 -1.905625920811159293e-02 5.497071923728952952e-02 -1.576176394604479469e+02
1.540000000000000000e+03 5.169071964903512728e-02 -1.573804503601732366e-02 5.403347628452990353e-02 -1.586691779922896615e+02
1.550000000000000000e+03 5.166812482927885669e-02 -1.244352208296974592e-02 5.314542656902189466e-02 -1.597199642749615123e+02
1.560000000000000000e+03 5.149187514607302812e-02 -9.178143488512476716e-03 5.230345613775917030e-02 -1.607700213971257313e+02
1.570000000000000000e+03 5.115934656533011049e-02 -5.948300825305179347e-03 5.150399036676556880e-02 -1.618193797240124070e+02
1.580000000000000000e+03 5.066802636724899306e-02 -2.761433260312267171e-03 5.074322033142356775e-02 -1.628680760302069359e+02
1.590000000000000000e+03 5.001569840522283178e-02 3.740102910209740618e-04 5.001709678359989725e-02 -1.639161516670078242e+02
1.600000000000000000e+03 4.920039364132183096e-02 3.448618764240686443e-03 4.932110811652648530e-02 -1.649636505231148362e+02
1.610000000000000000e+03 4.822051734781503118e-02 6.452043976437945444e-03 4.865025349126990417e-02 -1.660106165392160449e+02
1.620000000000000000e+03 4.707527561015786843e-02 9.373105668529538650e-03 4.799934045011186590e-02 -1.670570908131601300e+02
1.630000000000000000e+03 4.576507530295125664e-02 1.219988186790082856e-02 4.736326883857927550e-02 -1.681031114155557020e+02
1.640000000000000000e+03 4.429172211309436585e-02 1.491967382210321845e-02 4.673706574766461203e-02 -1.691487170307678696e+02
1.650000000000000000e+03 4.265856414410351682e-02 1.751895634503077004e-02 4.611579909592468385e-02 -1.701939514108721028e+02
1.660000000000000000e+03 4.087068773188061444e-02 1.998351555970483487e-02 4.549454923176909221e-02 -1.712388648811998735e+02
1.670000000000000000e+03 3.893515581361265548e-02 2.229885266570681701e-02 4.486853227415841389e-02 -1.722835120107186526e+02
1.680000000000000000e+03 3.686119336484010994e-02 2.445067184738940538e-02 4.423327853628819528e-02 -1.733279490738365780e+02
1.690000000000000000e+03 3.466020746381572037e-02 2.642527510987799713e-02 4.358468935380272608e-02 -1.743722333213175375e+02
1.700000000000000000e+03 3.234564054886217982e-02 2.820990814031546293e-02 4.291898623920693129e-02 -1.754164218369741945e+02
1.710000000000000000e+03 2.993276652285978626e-02 2.979317316288662004e-02 4.223273231541836703e-02 -1.764605684496947333e+02
1.720000000000000000e+03 2.743857162613808423e-02 3.116545638749267100e-02 4.152301632496629286e-02 -1.775047224003409099e+02
1.730000000000000000e+03 2.488166519630782836e-02 3.231923257856764153e-02 4.078762137473456589e-02 -1.785489312787616427e+02
1.740000000000000000e+03 2.228206716014674224e-02 3.324926620206521133e-02 4.002504490822072353e-02 -1.795932448076155197e+02
1.750000000000000000e+03 1.966082825280862298e-02 3.395277157211365471e-02 3.923440919670598270e-02 -1.806377161905796811e+02
1.760000000000000000e+03 1.703950297899277377e-02 3.442944718824726691e-02 3.841525081864508029e-02 -1.816824009725694111e+02
1.770000000000000000e+03 1.443958224243801353e-02 3.468145061822504316e-02 3.756733358012667723e-02 -1.827273533495877302e+02
1.780000000000000000e+03 1.188202965126958915e-02 3.471351923736103878e-02 3.669074878598534151e-02 -1.837726212691422063e+02
1.790000000000000000e+03 9.386996112216692417e-03 3.453315438219514699e-02 3.578623265440629420e-02 -1.848182456857666978e+02
1.800000000000000000e+03 6.973608400150560320e-03 3.415060506023897408e-02 3.485534449835592241e-02 -1.858642653408722367e+02
1.810000000000000000e+03 4.659703094088869790e-03 3.357849760769344299e-02 3.390027041949570524e-02 -1.869107228794258901e+02
1.820000000000000000e+03 2.461435295647259377e-03 3.283119960720575631e-02 3.292334022183723841e-02 -1.879576655052914305e+02
1.830000000000000000e+03 3.928934153598326361e-04 3.192425510661717203e-02 3.192667269460138652e-02 -1.890051394879079112e+02
1.840000000000000000e+03 -1.534084752988780715e-03 3.087405911235172051e-02 3.091214877847123926e-02 -1.900531854212856047e+02
1.850000000000000000e+03 -3.309988184502184183e-03 2.969765482409014376e-02 2.988154487024304723e-02 -1.911018349558430600e+02
1.860000000000000000e+03 -4.927647699904606771e-03 2.841251885194136934e-02 2.883665964300128129e-02 -1.921511089391771350e+02
1.870000000000000000e+03 -6.382128091775413591e-03 2.703620696625353564e-02 2.777927367844460274e-02 -1.932010181744867907e+02
1.880000000000000000e+03 -7.670516986233552777e-03 2.558592745432914164e-02 2.671098116008266757e-02 -1.942515649269860774e+02
1.890000000000000000e+03 -8.791706990074451070e-03 2.407822965762704270e-02 2.563308906949676377e-02 -1.953027426487976754e+02
1.900000000000000000e+03 -9.746243441826157178e-03 2.252880343930243473e-02 2.454661373049375761e-02 -1.963545322103061892e+02
1.910000000000000000e+03 -1.053613238608360793e-02 2.095232689727401926e-02 2.345229387644868005e-02 -1.974068983432911750e+02
1.920000000000000000e+03 -1.116457247988438158e-02 1.936245622646486433e-02 2.235066866517330247e-02 -1.984597901826744533e+02
1.930000000000000000e+03 -1.163574491940244475e-02 1.777200684332223141e-02 2.124228770797750160e-02 -1.995131446602208314e+02
1.940000000000000000e+03 -1.195464639985513097e-02 1.619312733476737862e-02 2.012786485014145255e-02 -2.005668916555362955e+02
1.950000000000000000e+03 -1.212688552622505529e-02 1.463730141200644819e-02 1.900820731137191355e-02 -2.016209588389066880e+02
1.960000000000000000e+03 -1.215851970582794428e-02 1.311523826874247921e-02 1.788404529973276758e-02 -2.026752710566613587e+02
1.970000000000000000e+03 -1.205605078564618050e-02 1.163675060707341884e-02 1.675596387073281790e-02 -2.037297393766552034e+02
1.980000000000000000e+03 -1.182655911070455181e-02 1.021074605699104874e-02 1.562455872782803068e-02 -2.047842441505332829e+02
1.990000000000000000e+03 -1.147781993570512644e-02 8.845423264490519591e-03 1.449075095377945314e-02 -2.058386256418144171e+02
2.000000000000000000e+03 -1.101830063222630773e-02 7.548481986861918687e-03 1.335599225546711330e-02 -2.068926829214996701e+02
2.010000000000000000e+03 -1.045712318390435054e-02 6.327134401524889609e-03 1.222227699810103305e-02 -2.079461648376125709e+02
2.020000000000000000e+03 -9.804095117309882812e-03 5.188019306930845634e-03 1.109215152251116256e-02 -2.089987460149621938e+02
2.030000000000000000e+03 -9.069729416195026692e-03 4.137141759357428061e-03 9.968747846144593652e-03 -2.100499918179593806e+02
2.040000000000000000e+03 -8.265163680491552714e-03 3.179804480435966668e-03 8.855737529936019356e-03 -2.110993049331693499e+02
2.050000000000000000e+03 -7.402038671316263536e-03 2.320463373785663485e-03 7.757237057144907022e-03 -2.121458230550365727e+02
2.060000000000000000e+03 -6.492436463121892265e-03 1.562541265933052245e-03 6.677818987919511250e-03 -2.131882160845553358e+02
2.070000000000000000e+03 -5.548864170506031743e-03 9.083054188417605214e-04 5.622713963614270512e-03 -2.142242898812471026e+02
2.080000000000000000e+03 -4.584172415374928970e-03 3.588083218581855139e-04 4.598193139236226266e-03 -2.152501486005375284e+02
2.090000000000000000e+03 -3.611356117637568551e-03 -8.617852137092763258e-05 3.612384219036503512e-03 -2.162581780579236863e+02
2.100000000000000000e+03 -2.643319724115179153e-03 -4.282427822179487903e-04 2.677784727049229308e-03 -2.172314227914878302e+02
2.110000000000000000e+03 -1.692647994897111124e-03 -6.703456244355331540e-04 1.820554995277285119e-03 -2.181249542606840635e+02
2.120000000000000000e+03 -7.713795811611552124e-04 -8.167934302667489987e-04 1.123466940305446618e-03 -2.187980513323027765e+02
2.130000000000000000e+03 1.092067604834209171e-04 -8.731946502990456122e-04 8.799971669534827068e-04 -2.190268206540000619e+02
2.140000000000000000e+03 9.387992717352545589e-04 -8.464369955655353913e-04 1.264041004110489546e-03 -2.194241516048235496e+02
2.150000000000000000e+03 1.708258344459746142e-03 -7.446385338590096742e-04 1.863500232767371706e-03 -2.202115150708396243e+02
2.160000000000000000e+03 2.409811926312507586e-03 -5.770045915263853761e-04 2.477928130281531992e-03 -2.211454591865782504e+02
2.170000000000000000e+03 3.037212436175532396e-03 -3.535866171643202178e-04 3.057725114901112349e-03 -2.221363405071980424e+02
2.180000000000000000e+03 3.585838228002748238e-03 -8.501873512996654882e-05 3.586845965849242996e-03 -2.231541492219063230e+02
2.190000000000000000e+03 4.052728504499246431e-03 2.177280120688446078e-04 4.058572879525529538e-03 -2.241867718668849250e+02
2.200000000000000000e+03 4.436565120781374438e-03 5.435668566600757685e-04 4.469739925162667313e-03 -2.252285319154679257e+02
2.210000000000000000e+03 4.737665803069478383e-03 8.815155905324304972e-04 4.818977795956908353e-03 -2.262764823843364468e+02
2.220000000000000000e+03 4.957975868915356216e-03 1.220932988470351021e-03 5.106094601462268269e-03 -2.273289919523586491e+02
2.230000000000000000e+03 5.101007678201657444e-03 1.551743183128341010e-03 5.331808908752969957e-03 -2.283851355538753864e+02
2.240000000000000000e+03 5.171741005467690201e-03 1.864611744745587425e-03 5.497606932682540942e-03 -2.294444118622508597e+02
2.250000000000000000e+03 5.176485087672830568e-03 2.151127969518803421e-03 5.605653343201422514e-03 -2.305065982930816517e+02
2.260000000000000000e+03 5.122625477285638537e-03 2.404039443174957411e-03 5.658683364960163074e-03 -2.315716580839310552e+02
2.270000000000000000e+03 5.018310031126629704e-03 2.617472893455966790e-03 5.659911652710040639e-03 -2.326396783246982523e+02
2.280000000000000000e+03 4.872208051544665505e-03 2.787069661969861830e-03 5.613035595665634599e-03 -2.337108415283830425e+02
2.290000000000000000e+03 4.693310853242592048e-03 2.910008766574767591e-03 5.522256584649676454e-03 -2.347854243361671820e+02
2.300000000000000000e+03 4.490669789658219974e-03 2.984981163291530737e-03 5.392237727043778725e-03 -2.358637991599075860e+02
2.310000000000000000e+03 4.273084846864686794e-03 3.012163513515414212e-03 5.228038173221206432e-03 -2.369464267690884185e+02
2.320000000000000000e+03 4.048821294181000063e-03 2.993176979863954468e-03 5.035083147774325855e-03 -2.380338448355356604e+02
2.330000000000000000e+03 3.825368543891721155e-03 2.930995907287830410e-03 4.819147383628589153e-03 -2.391266555744101083e+02
2.340000000000000000e+03 3.609216304122421417e-03 2.829782408861425489e-03 4.586295979485480352e-03 -2.402255087508367808e+02
2.350000000000000000e+03 3.405699882830500857e-03 2.694668906452161051e-03 4.342813858238892336e-03 -2.413310777764071418e+02
2.360000000000000000e+03 3.218973336550077276e-03 2.531459347515188293e-03 4.095128297079636027e-03 -2.424440397371130018e+02
2.370000000000000000e+03 3.051963438940137260e-03 2.346280460149288531e-03 3.849612036336345910e-03 -2.435650333569229247e+02
2.380000000000000000e+03 2.906255334707048919e-03 2.145329133160783688e-03 3.612306349148917267e-03 -2.446945531103877727e+02
2.390000000000000000e+03 2.782080250945700561e-03 1.934655510823039869e-03 3.388637258288359350e-03 -2.458328127887684502e+02
2.400000000000000000e+03 2.678421119396821263e-03 1.719906445473850728e-03 3.183083076831865702e-03 -2.469796181377504922e+02
2.410000000000000000e+03 2.593206824446962766e-03 1.506070254286834189e-03 2.998827978595289354e-03 -2.481342804020545145e+02
2.420000000000000000e+03 2.523581250736693996e-03 1.297265445866167474e-03 2.837491844236406623e-03 -2.492956139508515889e+02
2.430000000000000000e+03 2.466161842752842472e-03 1.096584756482105747e-03 2.698972464253574823e-03 -2.504620461173731201e+02
2.440000000000000000e+03 2.417283627233275407e-03 9.060170002239290119e-04 2.581497034510174971e-03 -2.516318418351934838e+02
2.450000000000000000e+03 2.373249131825761263e-03 7.264562179539972965e-04 2.481944817741876200e-03 -2.528033985969293269e+02
2.460000000000000000e+03 2.330581315131286056e-03 5.577640766576406114e-04 2.396395216079523147e-03 -2.539755383649811620e+02
2.470000000000000000e+03 2.286259176778967887e-03 3.988435189932465616e-04 2.320788050651967707e-03 -2.551477297391098205e+02
2.480000000000000000e+03 2.237921436067263816e-03 2.477358790540338412e-04 2.251591752467582436e-03 -2.563201938665766875e+02
2.490000000000000000e+03 2.184021472590223431e-03 1.018174947355672560e-04 2.186393513292928577e-03 -2.574938585342533202e+02
2.500000000000000000e+03 2.123938414912606570e-03 -4.191166072119342746e-05 2.124351895907522231e-03 -2.586701745102336076e+02
2.510000000000000000e+03 2.058060440317538518e-03 -1.865437710088080467e-04 2.066497363778189902e-03 -2.598508376391114325e+02
2.520000000000000000e+03 1.987797687010168721e-03 -3.350238702529038048e-04 2.015832492575266553e-03 -2.610374151222137016e+02
2.530000000000000000e+03 1.915505079023649675e-03 -4.899381974697632897e-04 1.977169478093701322e-03 -2.622308505508994472e+02
2.540000000000000000e+03 1.844367067837600306e-03 -6.533174404885424983e-04 1.956658774280882907e-03 -2.634308761695522207e+02
2.550000000000000000e+03 1.778233427046572741e-03 -8.264281774321378124e-04 1.960892055550127102e-03 -2.646354934916911930e+02
2.560000000000000000e+03 1.721385098899812140e-03 -1.009590579609366675e-03 1.995605120546219829e-03 -2.658408771951550875e+02
2.570000000000000000e+03 1.678263731385949351e-03 -1.202094916795591606e-03 2.064364633748429993e-03 -2.670420082015417620e+02
2.580000000000000000e+03 1.653212844662023959e-03 -1.402208915444060457e-03 2.167787478584169269e-03 -2.682338759615657295e+02
2.590000000000000000e+03 1.650233547157598174e-03 -1.607227109975219604e-03 2.303573255445470931e-03 -2.694126405663108699e+02
2.600000000000000000e+03 1.672720913831451418e-03 -1.813570845844608790e-03 2.467191615676953519e-03 -2.705762213560382179e+02
2.610000000000000000e+03 1.723228043658222479e-03 -2.016925995341963072e-03 2.652829689432835251e-03 -2.717242070627247585e+02
2.620000000000000000e+03 1.803283551276007191e-03 -2.212411933329692243e-03 2.854224610825544916e-03 -2.728573742304778307e+02
2.630000000000000000e+03 1.913258797566189670e-03 -2.394832519060303370e-03 3.065253989608877471e-03 -2.739771636478355390e+02
2.640000000000000000e+03 2.052310550577486712e-03 -2.558952816109457545e-03 3.280277139371944820e-03 -2.750852739122869366e+02
2.650000000000000000e+03 2.218395695836761650e-03 -2.699761075503006799e-03 3.494279514879744617e-03 -2.761834066525354956e+02
2.660000000000000000e+03 2.408343689377498084e-03 -2.812716628513523172e-03 3.702903476797754934e-03 -2.772731382815404118e+02
2.670000000000000000e+03 2.617979618871536795e-03 -2.893982655724840550e-03 3.902429102041824437e-03 -2.783558739167214071e+02
2.680000000000000000e+03 2.842299450389786618e-03 -2.940630242888534873e-03 4.089739892838757142e-03 -2.794328442326798267e+02
2.690000000000000000e+03 3.075697098175673386e-03 -2.950786237541183285e-03 4.262282494085617088e-03 -2.805051182191222097e+02
2.700000000000000000e+03 3.312214182786560150e-03 -2.923706699253644011e-03 4.418011278382285439e-03 -2.815736211206050257e+02
2.710000000000000000e+03 3.545764354654044274e-03 -2.859790193182061568e-03 4.555309518326444707e-03 -2.826391583135663836e+02
2.720000000000000000e+03 3.770393594547612887e-03 -2.760566337390209842e-03 4.672964194270877100e-03 -2.837024355175755090e+02
2.730000000000000000e+03 3.980530116927491480e-03 -2.628652802798339943e-03 4.770160958440118788e-03 -2.847640800442715090e+02
2.740000000000000000e+03 4.171191996113200913e-03 -2.467664999721864375e-03 4.846463991333386546e-03 -2.858246620492275269e+02
2.750000000000000000e+03 4.338169733165001159e-03 -2.282048905312237131e-03 4.901781700564161390e-03 -2.868847056744097017e+02
2.760000000000000000e+03 4.478168893771289870e-03 -2.076863609678283960e-03 4.936330529284550274e-03 -2.879446942174708397e+02
2.770000000000000000e+03 4.588906272440475796e-03 -1.857555250973476043e-03 4.950613324393522002e-03 -2.890050751578834252e+02
2.780000000000000000e+03 4.669173968913646784e-03 -1.629725655214647349e-03 4.945421242244752227e-03 -2.900662628684398783e+02
2.790000000000000000e+03 4.718844092498783623e-03 -1.398903170990994753e-03 4.921830924678267417e-03 -2.911286411768422226e+02
2.800000000000000000e+03 4.738783809240161744e-03 -1.170325213305362794e-03 4.881161039713291863e-03 -2.921925665187530967e+02
2.810000000000000000e+03 4.730708860351489839e-03 -9.487382590902487898e-04 4.824905243180397686e-03 -2.932583673305633738e+02
2.820000000000000000e+03 4.697027023298839740e-03 -7.382399498549093711e-04 4.754688326395468782e-03 -2.943263404748142307e+02
2.830000000000000000e+03 4.640686423204979510e-03 -5.421864023097777794e-04 4.672251766907327235e-03 -2.953967500326955928e+02
2.840000000000000000e+03 4.565019817163504419e-03 -3.631560890850613261e-04 4.579441917541379747e-03 -2.964698288173385663e+02
2.850000000000000000e+03 4.473569854672327858e-03 -2.029406900728567453e-04 4.478170627423685123e-03 -2.975457773706582429e+02
2.860000000000000000e+03 4.369901336194553787e-03 -6.256542783074971756e-05 4.370349198958201412e-03 -2.986247604550833898e+02
2.870000000000000000e+03 4.257432009934314886e-03 5.764915271414044275e-05 4.257822300662863178e-03 -2.997069040783940181e+02
2.880000000000000000e+03 4.139308330501200589e-03 1.579909206397299209e-04 4.142322366253166181e-03 -3.007922941623198767e+02
2.890000000000000000e+03 4.018325472261167347e-03 2.392347921722495980e-04 4.025440707153519690e-03 -3.018809783295399143e+02
2.900000000000000000e+03 3.896869998412853982e-03 3.025077984886018808e-04 3.908593961090946547e-03 -3.029729710470508053e+02
2.910000000000000000e+03 3.776865166740522774e-03 3.491469431155156907e-04 3.792969031724992626e-03 -3.040682624901039617e+02
2.920000000000000000e+03 3.659741969846582593e-03 3.805668595446363013e-04 3.679475835012401864e-03 -3.051668291357129306e+02
2.930000000000000000e+03 3.546461515884678176e-03 3.981523235977650990e-04 3.568741312625131785e-03 -3.062686447285897202e+02
2.940000000000000000e+03 3.437561526095490958e-03 4.031930041848952556e-04 3.461126094830351604e-03 -3.073736871273643487e+02
2.950000000000000000e+03 3.333212468234863102e-03 3.968533383804701453e-04 3.356754076571602345e-03 -3.084819415972510797e+02
2.960000000000000000e+03 3.233275921362281907e-03 3.801345619399114492e-04 3.255545341235837210e-03 -3.095934118563940274e+02
2.970000000000000000e+03 3.137355492715258008e-03 3.538234027534741433e-04 3.157244128667697179e-03 -3.107081410002747361e+02
2.980000000000000000e+03 3.044851672976750176e-03 3.184662975380221032e-04 3.061460842979522780e-03 -3.118262312579593640e+02
2.990000000000000000e+03 2.955036119773862997e-03 2.743680704020615537e-04 2.967745997760643569e-03 -3.129478618902223843e+02
3.000000000000000000e+03 2.867120871445495971e-03 2.216102749771288905e-04 2.875672652694290666e-03 -3.140733037912953023e+02
3.010000000000000000e+03 2.780311367574514383e-03 1.600835396952256760e-04 2.784916163970725146e-03 -3.152029300205236950e+02
3.020000000000000000e+03 2.693870005173895719e-03 8.953136956100767128e-05 2.695357392056028489e-03 -3.163372210846400776e+02
3.030000000000000000e+03 2.607204888401732073e-03 9.595973292921986260e-06 2.607222547618312861e-03 -3.174767635353611013e+02
3.040000000000000000e+03 2.519882682845943182e-03 -8.018733666404167962e-05 2.521158214842563351e-03 -3.186222551968648986e+02
3.050000000000000000e+03 2.431584310583414978e-03 -1.803340158061276046e-04 2.438262212464480973e-03 -3.197744717314859031e+02
3.060000000000000000e+03 2.342128000655030028e-03 -2.913054345506445493e-04 2.360174236714541237e-03 -3.209341850137014376e+02
3.070000000000000000e+03 2.251504858944449079e-03 -4.134612273505166723e-04 2.289153624458755906e-03 -3.221020583291797266e+02
3.080000000000000000e+03 2.159904501424454292e-03 -5.470386188663549885e-04 2.228102041156290649e-03 -3.232784978412842634e+02
3.090000000000000000e+03 2.067715587364761347e-03 -6.921439879616440166e-04 2.180484132091460060e-03 -3.244634587379106279e+02
3.100000000000000000e+03 1.975496147361461338e-03 -8.487518318823540370e-04 2.150108067136074878e-03 -3.256562381317401673e+02
3.110000000000000000e+03 1.883939746460212925e-03 -1.016696537635297702e-03 2.140771080226041602e-03 -3.268553180172763746e+02
3.120000000000000000e+03 1.793863024357335734e-03 -1.195658094612217634e-03 2.155816047200726469e-03 -3.280583499659354061e+02
3.130000000000000000e+03 1.706203270736655854e-03 -1.385157387000665813e-03 2.197678454149963947e-03 -3.292623605934463171e+02
3.140000000000000000e+03 1.622006329022734460e-03 -1.584552187729426978e-03 2.267533939553699560e-03 -3.304641622934334464e+02
3.150000000000000000e+03 1.542398157372913041e-03 -1.793014920507284872e-03 2.365141556234869654e-03 -3.316608394639084736e+02
3.160000000000000000e+03 1.468538250612124504e-03 -2.009510009661928318e-03 2.488922472163888466e-03 -3.328501447440394827e+02
3.170000000000000000e+03 1.401572867664073636e-03 -2.232795951999049129e-03 2.636244348810526297e-03 -3.340306868210689117e+02
3.180000000000000000e+03 1.342608898948420386e-03 -2.461447049462433135e-03 2.803804599618669405e-03 -3.352018932397684239e+02
3.190000000000000000e+03 1.292694657946043615e-03 -2.693875193837558073e-03 2.987979758742615594e-03 -3.363638306879294646e+02
3.200000000000000000e+03 1.252786211991452694e-03 -2.928354457866554333e-03 3.185079767268445342e-03 -3.375169900828891514e+02
3.210000000000000000e+03 1.223703316169941387e-03 -3.163063398137892258e-03 3.391521762667157498e-03 -3.386621015151181382e+02
3.220000000000000000e+03 1.206086724452507192e-03 -3.396131894201406213e-03 3.603936324314375127e-03 -3.397999979477500574e+02
3.230000000000000000e+03 1.200367383464092438e-03 -3.625678395489028479e-03 3.819217941254508548e-03 -3.409315247429675537e+02
3.240000000000000000e+03 1.206754147805244809e-03 -3.849851376278836702e-03 4.034552167549852741e-03 -3.420574859781412442e+02
3.250000000000000000e+03 1.225239676050359720e-03 -4.066886785896786476e-03 4.247443983511717432e-03 -3.431786169209301534e+02
3.260000000000000000e+03 1.255623183539296374e-03 -4.275172219533691399e-03 4.455747646098686190e-03 -3.442955723031113280e+02
3.270000000000000000e+03 1.297546504032667716e-03 -4.473302622898508128e-03 4.657688620566865362e-03 -3.454089234435350591e+02
3.280000000000000000e+03 1.350535041586467923e-03 -4.660121022423804708e-03 4.851873127173591572e-03 -3.465191611493045798e+02
3.290000000000000000e+03 1.414037308775172681e-03 -4.834741331981052062e-03 5.037283519693332677e-03 -3.476267021958198598e+02
3.300000000000000000e+03 1.487471685557926375e-03 -4.996554040718997891e-03 5.213264265041806650e-03 -3.487318954868300693e+02
3.310000000000000000e+03 1.570281291099592325e-03 -5.145219198521087944e-03 5.379504060227800408e-03 -3.498350268647013763e+02
3.320000000000000000e+03 1.661985070178597463e-03 -5.280640690461232967e-03 5.536005823267479455e-03 -3.509363236720896566e+02
3.330000000000000000e+03 1.762231643708182197e-03 -5.402918969622039387e-03 5.683044409327462493e-03 -3.520359570753973344e+02
3.340000000000000000e+03 1.870849620386307597e-03 -5.512291724328973429e-03 5.821120025923299905e-03 -3.531340434338455339e+02
3.350000000000000000e+03 1.987874236076345690e-03 -5.609064823483390395e-03 5.950903475313212843e-03 -3.542306477232957036e+02
3.360000000000000000e+03 2.113544898463419301e-03 -5.693531377512937516e-03 6.073168166990365428e-03 -3.553257890260035197e+02
3.370000000000000000e+03 2.248283859096735383e-03 -5.765885146793736996e-03 6.188716493513945344e-03 -3.564194462561024466e+02
3.380000000000000000e+03 2.392668117152503982e-03 -5.826139915717377937e-03 6.298314618717725660e-03 -3.575115627902455344e+02
3.390000000000000000e+03 2.547384340962256018e-03 -5.874073203629308348e-03 6.402648122626730318e-03 -3.586020527488191760e+02
3.400000000000000000e+03 2.713143528944153126e-03 -5.909196852518278434e-03 6.502288462569425637e-03 -3.596908124162116565e+02
3.410000000000000000e+03 2.890572331057938114e-03 -5.930731857722258520e-03 6.597650246055745266e-03 -3.607777325538123705e+02
3.420000000000000000e+03 3.080119222196842609e-03 -5.937586317323131219e-03 6.688951016311103781e-03 -3.618627060470529386e+02
3.430000000000000000e+03 3.281987196375806340e-03 -5.928355139196111838e-03 6.776196175850258789e-03 -3.629456310523707998e+02
3.440000000000000000e+03 3.496069193112540802e-03 -5.901359550734130294e-03 6.859194147279365668e-03 -3.640264148623076039e+02
3.450000000000000000e+03 3.721862506563613365e-03 -5.854717966095345817e-03 6.937577601748581846e-03 -3.651049814571242109e+02
3.460000000000000000e+03 3.958385356684492734e-03 -5.786430486358365433e-03 7.010819667162444813e-03 -3.661812786332451424e+02
3.470000000000000000e+03 4.204138780705791306e-03 -5.694478870161606178e-03 7.078267619280255614e-03 -3.672552802381575816e+02
3.480000000000000000e+03 4.457110161060250444e-03 -5.576945240884606352e-03 7.139198078751701586e-03 -3.683269857596079078e+02
3.490000000000000000e+03 4.714797892703051843e-03 -5.432124592325443882e-03 7.192864294256079774e-03 -3.693964188418139543e+02
3.500000000000000000e+03 4.974258244538706623e-03 -5.258624293121586836e-03 7.238534004863816408e-03 -3.704636245290692500e+02
3.510000000000000000e+03 5.232175125380332352e-03 -5.055467657684202358e-03 7.275535016790153110e-03 -3.715286672586267969e+02
3.520000000000000000e+03 5.484944442008404981e-03 -4.822193813843239120e-03 7.303298481520996421e-03 -3.725916304802842660e+02
3.530000000000000000e+03 5.728771683981610623e-03 -4.558931099681030365e-03 7.321384963162938520e-03 -3.736526160777601149e+02
3.540000000000000000e+03 5.959791930238323744e-03 -4.266443354494357451e-03 7.329506037165322424e-03 -3.747117426208822053e+02
3.550000000000000000e+03 6.174210556207210786e-03 -3.946150872492723734e-03 7.327549570003306749e-03 -3.757691430123039140e+02
3.560000000000000000e+03 6.368445854040144516e-03 -3.600114709120560193e-03 7.315594884537232438e-03 -3.768249618365218225e+02
3.570000000000000000e+03 6.539248585151744009e-03 -3.230982628631818773e-03 7.293902988450673419e-03 -3.778793531703289545e+02
3.580000000000000000e+03 6.683796024515062384e-03 -2.841904052680625618e-03 7.262888402141803694e-03 -3.789324782847987763e+02
3.590000000000000000e+03 6.799772250813885220e-03 -2.436428291539419807e-03 7.223093899621700793e-03 -3.799845029962655758e+02
3.600000000000000000e+03 6.885431852899474153e-03 -2.018398735072355222e-03 7.175172837964557612e-03 -3.810355959068591574e+02
3.610000000000000000e+03 6.939640951353701938e-03 -1.591836517335764407e-03 7.119870787565527916e-03 -3.820859265042797119e+02
3.620000000000000000e+03 6.961888369932219683e-03 -1.160812741385009372e-03 7.058000842728716709e-03 -3.831356623559043442e+02
3.630000000000000000e+03 6.952262764834048377e-03 -7.293279696000237429e-04 6.990413209427526545e-03 -3.841849668912347511e+02
3.640000000000000000e+03 6.911404564213766318e-03 -3.012117762129972115e-04 6.917965133213976187e-03 -3.852339983640639502e+02
3.650000000000000000e+03 6.840444307479573265e-03 1.199639456104452015e-04 6.841496157418794008e-03 -3.862829084267258963e+02
3.660000000000000000e+03 6.740930574281135679e-03 5.309626416089855078e-04 6.761809397939474477e-03 -3.873318394061433310e+02
3.670000000000000000e+03 6.614747786232643041e-03 9.289431000370558956e-04 6.679657443205909775e-03 -3.883809213771247073e+02
3.680000000000000000e+03 6.464026657474821434e-03 1.311494354615240238e-03 6.595730290933124983e-03 -3.894302700365191185e+02
3.690000000000000000e+03 6.291054234268736271e-03 1.676642599909258444e-03 6.510644652132465543e-03 -3.904799859193694829e+02
3.700000000000000000e+03 6.098187868456298767e-03 2.022840017614193232e-03 6.424934008676584825e-03 -3.915301537399010954e+02
3.710000000000000000e+03 5.887778937943986129e-03 2.348944989124000533e-03 6.339044358894135173e-03 -3.925808409182799323e+02
3.720000000000000000e+03 5.662106948298458071e-03 2.654190914242196553e-03 6.253333871081529632e-03 -3.936320961836348147e+02
3.730000000000000000e+03 5.423317900791796604e-03 2.938141117825527997e-03 6.168066980935419524e-03 -3.946839485378881136e+02
3.740000000000000000e+03 5.173368842604724079e-03 3.200633967416610399e-03 6.083403897080509951e-03 -3.957364060126090521e+02
3.750000000000000000e+03 4.913991153613884999e-03 3.441723698408952030e-03 5.999397559254205509e-03 -3.967894545829067852e+02
3.760000000000000000e+03 4.646679796921756797e-03 3.661617498049641716e-03 5.916001676567049505e-03 -3.978430586704548659e+02
3.770000000000000000e+03 4.372706690321733446e-03 3.860614097433719572e-03 5.833087090802641268e-03 -3.988971634718365635e+02
3.780000000000000000e+03 4.093150066480409112e-03 4.039050589312016479e-03 5.750461471025636144e-03 -3.999516983184423680e+02
3.790000000000000000e+03 3.808923813925198156e-03 4.197254470979207980e-03 5.667878413872463536e-03 -4.010065800253266275e+02
3.800000000000000000e+03 3.520803050597205545e-03 4.335500008103041619e-03 5.585034864829051260e-03 -4.020617154644059497e+02
3.810000000000000000e+03 3.229451077228031198e-03 4.453977698744111639e-03 5.501569921496880095e-03 -4.031170026297764934e+02
3.820000000000000000e+03 2.935452689117873295e-03 4.552781585836659234e-03 5.417075101785346139e-03 -4.041723306837044447e+02
3.830000000000000000e+03 2.639360505650063804e-03 4.631909020532780363e-03 5.331116679765910554e-03 -4.052275814056799277e+02
3.840000000000000000e+03 2.341752968942080980e-03 4.691269307223092100e-03 5.243263743170133682e-03 -4.062826331997042644e+02
3.850000000000000000e+03 2.043289255054564057e-03 4.730701461766307833e-03 5.153112389632047603e-03 -4.073373659039136214e+02
3.860000000000000000e+03 1.744745952942077698e-03 4.749997532148920142e-03 5.060297915708973984e-03 -4.083916640374532676e+02
3.870000000000000000e+03 1.447036614440461470e-03 4.748930708129470157e-03 4.964499756687111229e-03 -4.094454180872389202e+02
3.880000000000000000e+03 1.151225522866905883e-03 4.727292969451881745e-03 4.865451574471723467e-03 -4.104985253711816995e+02
3.890000000000000000e+03 8.585338890439060677e-04 4.684939882673801181e-03 4.762955190100412982e-03 -4.115508907540353221e+02
3.900000000000000000e+03 5.703321797837290286e-04 4.621839328398058729e-03 4.656895701304022105e-03 -4.126024264572976108e+02
3.910000000000000000e+03 2.881190813525023550e-04 4.538121884845666351e-03 4.547258827772462757e-03 -4.136530512707820435e+02
3.920000000000000000e+03 1.348914302990563521e-05 4.434126073441018931e-03 4.434146591188562435e-03 -4.147026898621510327e+02
3.930000000000000000e+03 -2.519118139935486796e-04 4.310433925024514251e-03 4.317788807252128346e-03 -4.157512718195540629e+02
3.940000000000000000e+03 -5.064421545357576313e-04 4.167895310689577817e-03 4.198551533178912498e-03 -4.167987302453068992e+02
3.950000000000000000e+03 -7.485238424051943911e-04 4.007637757512472546e-03 4.076941051583728333e-03 -4.178450009218449281e+02
3.960000000000000000e+03 -9.767003070311249674e-04 3.831058404963662463e-03 3.953599877579597882e-03 -4.188900225892404023e+02
3.970000000000000000e+03 -1.189687752768960917e-03 3.639802363328968181e-03 3.829297349799777855e-03 -4.199337389469014852e+02
3.980000000000000000e+03 -1.386415516579855281e-03 3.435733326032929663e-03 3.704917201804472718e-03 -4.209761034700618438e+02
3.990000000000000000e+03 -1.566059363266406393e-03 3.220895241062202412e-03 3.581439387058159458e-03 -4.220170858747321176e+02
4.000000000000000000e+03 -1.728073004583183117e-03 2.997464505278152683e-03 3.459917595777615030e-03 -4.230566782197304292e+02
4.010000000000000000e+03 -1.872212908136616305e-03 2.767700866308477319e-03 3.341459151143114266e-03 -4.240949022081744033e+02
4.020000000000000000e+03 -1.998546086022512380e-03 2.533900342778031608e-03 3.227202721411614236e-03 -4.251318208064916462e+02
4.030000000000000000e+03 -2.107440660534606533e-03 2.298341510766862151e-03 3.118281552039302816e-03 -4.261675521184260447e+02
4.040000000000000000e+03 -2.199549496188441759e-03 2.063223356459676760e-03 3.015776617195571087e-03 -4.272022798594996402e+02
4.050000000000000000e+03 -2.275789371141508002e-03 1.830607214404417768e-03 2.920674585644583883e-03 -4.282362594687003252e+02
4.060000000000000000e+03 -2.337308374690464600e-03 1.602373763033326012e-03 2.833833466323623391e-03 -4.292698227429540907e+02
4.070000000000000000e+03 -2.385437175067046597e-03 1.380195192765805564e-03 2.755947983240193602e-03 -4.303033811004609106e+02
4.080000000000000000e+03 -2.421632942429633849e-03 1.165516024867831657e-03 2.687514411511893360e-03 -4.313374220966494477e+02
4.090000000000000000e+03 -2.447433005541997143e-03 9.595389595327805023e-04 2.628810250184973954e-03 -4.323724937146914158e+02
4.100000000000000000e+03 -2.464414969467702138e-03 7.632163542598306098e-04 2.579891537477140007e-03 -4.334091785747722270e+02
4.110000000000000000e+03 -2.474157650295006478e-03 5.772506918100297991e-04 2.540605132583272086e-03 -4.344480631347028634e+02
4.120000000000000000e+03 -2.478209113220138440e-03 4.021026141754748483e-04 2.510618832314872890e-03 -4.354897049356194429e+02
4.130000000000000000e+03 -2.478063361034219415e-03 2.380005617083529924e-04 2.489466265823601053e-03 -4.365346007090560647e+02
4.140000000000000000e+03 -2.475135949808832982e-03 8.494927853602256415e-05 2.476593295226300461e-03 -4.375831590139924856e+02
4.150000000000000000e+03 -2.470734512452089915e-03 -5.726238150852645917e-05 2.471397987244849850e-03 -4.386356793147542703e+02
4.160000000000000000e+03 -2.466032965988353056e-03 -1.890489111107073979e-04 2.473268703585087148e-03 -4.396923399298254367e+02
4.170000000000000000e+03 -2.462057177815156830e-03 -3.110049484427563314e-04 2.481622377556064706e-03 -4.407531977951135218e+02
4.180000000000000000e+03 -2.459678766276418484e-03 -4.238746063515892466e-04 2.495934557471569341e-03 -4.418181983133617905e+02
4.190000000000000000e+03 -2.459608172750059329e-03 -5.285233006826803954e-04 2.515752222064685222e-03 -4.428871889178258243e+02
4.200000000000000000e+03 -2.462385815829108357e-03 -6.259132031035007830e-04 2.540691095709131462e-03 -4.690926746124275155e+02
