0.000000000000000000e+00 2.177482948390621065e-01 6.740412685463355036e-01
1.000000000000000000e+01 2.179184367614576123e-01 6.738706237959370959e-01
2.000000000000000000e+01 2.179890487020338663e-01 6.737999999839052734e-01
3.000000000000000000e+01 2.179843653248499658e-01 6.738060402189567366e-01
4.000000000000000000e+01 2.179424725846214328e-01 6.738503704822571549e-01
5.000000000000000000e+01 2.179020619165950856e-01 6.738933501378636670e-01
6.000000000000000000e+01 2.178970271988437124e-01 6.739004847787024577e-01
7.000000000000000000e+01 2.179558876238394949e-01 6.738433501077528698e-01
8.000000000000000000e+01 2.181002834428582282e-01 6.737001686544373813e-01
9.000000000000000000e+01 2.183444268049931636e-01 6.734567609442208003e-01
1.000000000000000000e+02 2.186947800095866978e-01 6.731069441046272361e-01
1.100000000000000000e+02 2.191499561633265258e-01 6.726523906817502008e-01
1.200000000000000000e+02 2.197011382021516468e-01 6.721019968143018275e-01
1.300000000000000000e+02 2.203332180899460480e-01 6.714707226602234513e-01
1.400000000000000000e+02 2.210265921327318195e-01 6.707780291077213297e-01
1.500000000000000000e+02 2.217591111113399738e-01 6.700461157895380992e-01
1.600000000000000000e+02 2.225077809668792039e-01 6.692981225090899322e-01
1.700000000000000000e+02 2.232503416443669120e-01 6.685564312799491260e-01
1.800000000000000000e+02 2.239667144770307039e-01 6.678411857414181529e-01
1.900000000000000000e+02 2.246401259235741299e-01 6.671691586625103643e-01
2.000000000000000000e+02 2.252577676547284913e-01 6.665531049645166961e-01
2.100000000000000000e+02 2.258110199486652314e-01 6.660015165649229019e-01
2.200000000000000000e+02 2.262954347966974200e-01 6.655186633157704756e-01
2.300000000000000000e+02 2.267104681274019207e-01 6.651048940759070049e-01
2.400000000000000000e+02 2.270590648590941341e-01 6.647571131657538102e-01
2.500000000000000000e+02 2.273472061023796287e-01 6.644693334505838989e-01
2.600000000000000000e+02 2.275832967019803532e-01 6.642332856507519034e-01
2.700000000000000000e+02 2.277774017928969330e-01 6.640390991224340844e-01
2.800000000000000000e+02 2.279405135508426328e-01 6.638759656805919285e-01
2.900000000000000000e+02 2.280839576162900784e-01 6.637326896795909814e-01
3.000000000000000000e+02 2.282188972567046337e-01 6.635981123215475286e-01
3.100000000000000000e+02 2.283559189595920635e-01 6.634614618389473861e-01
3.200000000000000000e+02 2.285049304621595001e-01 6.633126275724063881e-01
3.300000000000000000e+02 2.286751968264904566e-01 6.631423302958312505e-01
3.400000000000000000e+02 2.288751166954481053e-01 6.629422666314817025e-01
3.500000000000000000e+02 2.291119515983396082e-01 6.627052341815089509e-01
3.600000000000000000e+02 2.293917621858175548e-01 6.624251623312594761e-01
3.700000000000000000e+02 2.297194684665671560e-01 6.620970898120271952e-01
3.800000000000000000e+02 2.300988860821353288e-01 6.617171668937658069e-01
3.900000000000000000e+02 2.305327689705735372e-01 6.612826594110470246e-01
4.000000000000000000e+02 2.310229392531792658e-01 6.607918270914439063e-01
4.100000000000000000e+02 2.315703505817249541e-01 6.602438072238746569e-01
4.200000000000000000e+02 2.321751026178148214e-01 6.596385577319239246e-01
4.300000000000000000e+02 2.328364930897916518e-01 6.589767495895144656e-01
4.400000000000000000e+02 2.335531650082453003e-01 6.582596373758552444e-01
4.500000000000000000e+02 2.343233111518557843e-01 6.574889238993779639e-01
4.600000000000000000e+02 2.351448330792674790e-01 6.566666298963893533e-01
4.700000000000000000e+02 2.360154433897096726e-01 6.557950691493266149e-01
4.800000000000000000e+02 2.369326287418022647e-01 6.548768377244370553e-01
4.900000000000000000e+02 2.378936344662101465e-01 6.539147580036628327e-01
5.000000000000000000e+02 2.388955543011245797e-01 6.529117653259042253e-01
5.100000000000000000e+02 2.399353818733901411e-01 6.518708980364950056e-01
5.200000000000000000e+02 2.410099555502002722e-01 6.507953553819169068e-01
5.300000000000000000e+02 2.421158717544093231e-01 6.496885114613941692e-01
5.400000000000000000e+02 2.432495044002297435e-01 6.485539534742277290e-01
5.500000000000000000e+02 2.444070600380887359e-01 6.473955085515893382e-01
5.600000000000000000e+02 2.455845423651881743e-01 6.462172233267037269e-01
5.700000000000000000e+02 2.467777148998442915e-01 6.450233553425971378e-01
5.800000000000000000e+02 2.479821123319242981e-01 6.438183382149029743e-01
5.900000000000000000e+02 2.491930800973327087e-01 6.426068017248265374e-01
6.000000000000000000e+02 2.504058208059887769e-01 6.413935415623509551e-01
6.100000000000000000e+02 2.516153949184108951e-01 6.401834858586546995e-01
6.200000000000000000e+02 2.528168300873920860e-01 6.389816007530958464e-01
6.300000000000000000e+02 2.540052758769625885e-01 6.377927655124031592e-01
6.400000000000000000e+02 2.551760288032492996e-01 6.366217603268143899e-01
6.500000000000000000e+02 2.563244712491288269e-01 6.354732634759590049e-01
6.600000000000000000e+02 2.574460656063123909e-01 6.343518226486523082e-01
6.700000000000000000e+02 2.585364483013196657e-01 6.332618535524736636e-01
6.800000000000000000e+02 2.595914331500349670e-01 6.322075664235118353e-01
6.900000000000000000e+02 2.606069917683336845e-01 6.311929748935372064e-01
7.000000000000000000e+02 2.615792599931125451e-01 6.302218529218825971e-01
7.100000000000000000e+02 2.625045592940650208e-01 6.292977756831890090e-01
7.200000000000000000e+02 2.633793913973492273e-01 6.284241478207778231e-01
7.300000000000000000e+02 2.642004668322622818e-01 6.276041574453808947e-01
7.400000000000000000e+02 2.649647906942693143e-01 6.268408183263070033e-01
7.500000000000000000e+02 2.656696414849645249e-01 6.261369615011143086e-01
7.600000000000000000e+02 2.663125264768355094e-01 6.254951954339957876e-01
7.700000000000000000e+02 2.668911798742460983e-01 6.249178295188588805e-01
7.800000000000000000e+02 2.674035363129094178e-01 6.244068899455214039e-01
7.900000000000000000e+02 2.678477043958441550e-01 6.239641732349722192e-01
8.000000000000000000e+02 2.682220264794591413e-01 6.235912596959685139e-01
8.100000000000000000e+02 2.685251373351802417e-01 6.232894246792912707e-01
8.200000000000000000e+02 2.687560304927301136e-01 6.230596485121431272e-01
8.300000000000000000e+02 2.689140924865737192e-01 6.229026183114620974e-01
8.400000000000000000e+02 2.689990658390919998e-01 6.228186747503108300e-01
8.500000000000000000e+02 2.690110098323472698e-01 6.228077750340927921e-01
8.600000000000000000e+02 2.689503096816203143e-01 6.228695535440930131e-01
8.700000000000000000e+02 2.688176916526456295e-01 6.230033208578763526e-01
8.800000000000000000e+02 2.686142576448477537e-01 6.232080586893657959e-01
8.900000000000000000e+02 2.683414141252900564e-01 6.234823744564131909e-01
9.000000000000000000e+02 2.680008333022356748e-01 6.238245244708064963e-01
9.100000000000000000e+02 2.675944830319586520e-01 6.242324922783600849e-01
9.200000000000000000e+02 2.671246293292420249e-01 6.247040150961974403e-01
9.300000000000000000e+02 2.665937372645078018e-01 6.252366222820645580e-01
9.400000000000000000e+02 2.660043801714598311e-01 6.258277033017473068e-01
9.500000000000000000e+02 2.653592418282732512e-01 6.264744999253840652e-01
9.600000000000000000e+02 2.646611867651615380e-01 6.271740711324877982e-01
9.700000000000000000e+02 2.639132991636456982e-01 6.279233756722610860e-01
9.800000000000000000e+02 2.631188399005264245e-01 6.287192413259993229e-01
9.900000000000000000e+02 2.622812012136511717e-01 6.295583780822049391e-01
1.000000000000000000e+03 2.614038322267883685e-01 6.304373990382723392e-01
1.010000000000000000e+03 2.604901910712648649e-01 6.313528543537905158e-01
1.020000000000000000e+03 2.595437379189162730e-01 6.323012394763419808e-01
1.030000000000000000e+03 2.585679732902872452e-01 6.332790150460574363e-01
1.040000000000000000e+03 2.575664427782238808e-01 6.342825908325868678e-01
1.050000000000000000e+03 2.565427039448238133e-01 6.353083407805089067e-01
1.060000000000000000e+03 2.555002828988908181e-01 6.363527404807467480e-01
1.070000000000000000e+03 2.544426021013521666e-01 6.374123993132719823e-01
1.080000000000000000e+03 2.533729175874133710e-01 6.384840602420636113e-01
1.090000000000000000e+03 2.522942948585198963e-01 6.395646858879223684e-01
1.100000000000000000e+03 2.512095366257171003e-01 6.406515308038192025e-01
1.110000000000000000e+03 2.501210341582459917e-01 6.417421740878602732e-01
1.120000000000000000e+03 2.490307146680482420e-01 6.428345687626237925e-01
1.130000000000000000e+03 2.479401448366490290e-01 6.439270564489678605e-01
1.140000000000000000e+03 2.468506095068030981e-01 6.450183454300710828e-01
1.150000000000000000e+03 2.457631511839398764e-01 6.461074519080269862e-01
1.160000000000000000e+03 2.446786208168335586e-01 6.471936294363762610e-01
1.170000000000000000e+03 2.435976853861794855e-01 6.482762966680766237e-01
1.180000000000000000e+03 2.425208183124440420e-01 6.493549605227454391e-01
1.190000000000000000e+03 2.414484068097728087e-01 6.504291632248571098e-01
1.200000000000000000e+03 2.403809327159222853e-01 6.514984137442767498e-01
1.210000000000000000e+03 2.393191056216253387e-01 6.525620407991691296e-01
1.220000000000000000e+03 2.382639089692455692e-01 6.536190873649869726e-01
1.230000000000000000e+03 2.372166204476233997e-01 6.546683097912546767e-01
1.240000000000000000e+03 2.361788367170805369e-01 6.557081711287251480e-01
1.250000000000000000e+03 2.351524889552875364e-01 6.567367948103125519e-01
1.260000000000000000e+03 2.341398193587943266e-01 6.577519003243175177e-01
1.270000000000000000e+03 2.331433552810034671e-01 6.587509250720058329e-01
1.280000000000000000e+03 2.321658003118202140e-01 6.597311011911074496e-01
1.290000000000000000e+03 2.312099994383009505e-01 6.606894584618475674e-01
1.300000000000000000e+03 2.302789849105287001e-01 6.616229271244238319e-01
1.310000000000000000e+03 2.293759036965314357e-01 6.625284647858505904e-01
1.320000000000000000e+03 2.285038039351421080e-01 6.634030636848508022e-01
1.330000000000000000e+03 2.276654791656277099e-01 6.642438401209415089e-01
1.340000000000000000e+03 2.268634605036307927e-01 6.650482885949163814e-01
1.350000000000000000e+03 2.260999123125720933e-01 6.658142806955417159e-01
1.360000000000000000e+03 2.253764981707875592e-01 6.665401473123558906e-01
1.370000000000000000e+03 2.246942904340783753e-01 6.672248808288372413e-01
1.380000000000000000e+03 2.240536806998957020e-01 6.678681127861645361e-01
1.390000000000000000e+03 2.234543344590532443e-01 6.684701146563531982e-01
1.400000000000000000e+03 2.228952083968412101e-01 6.690319728220748274e-01
1.410000000000000000e+03 2.223745039634759668e-01 6.695555030142504860e-01
1.420000000000000000e+03 2.218896775499113183e-01 6.700431649770018927e-01
1.430000000000000000e+03 2.214375847463358193e-01 6.704980759989659367e-01
1.440000000000000000e+03 2.210146475761044227e-01 6.709238632237455313e-01
1.450000000000000000e+03 2.206169572869387807e-01 6.713244359829846353e-01
1.460000000000000000e+03 2.202403730647305158e-01 6.717039426718313111e-01
1.470000000000000000e+03 2.198806084651735715e-01 6.720667339455342892e-01
1.480000000000000000e+03 2.195332763369100271e-01 6.724172407331652224e-01
1.490000000000000000e+03 2.191939790167189706e-01 6.727597978302974902e-01
1.500000000000000000e+03 2.188584938554240522e-01 6.730985344296792627e-01
1.510000000000000000e+03 2.185229193865403652e-01 6.734373259725230376e-01
1.520000000000000000e+03 2.181837031736431620e-01 6.737797141923935751e-01
1.530000000000000000e+03 2.178376616956887168e-01 6.741289514870546506e-01
1.540000000000000000e+03 2.174819453574526329e-01 6.744879318754374298e-01
1.550000000000000000e+03 2.171140374000821438e-01 6.748591435744887290e-01
1.560000000000000000e+03 2.167318137019200730e-01 6.752446859729238637e-01
1.570000000000000000e+03 2.163335833145740295e-01 6.756462402074815410e-01
1.580000000000000000e+03 2.159180772987426833e-01 6.760650741974756350e-01
1.590000000000000000e+03 2.154844248209381585e-01 6.765020870762483707e-01
1.600000000000000000e+03 2.150321325875411693e-01 6.769578244910621212e-01
1.610000000000000000e+03 2.145610262437591120e-01 6.774324907588683553e-01
1.620000000000000000e+03 2.140711913409247824e-01 6.779260036942089673e-01
1.630000000000000000e+03 2.135629454296523733e-01 6.784379996792415657e-01
1.640000000000000000e+03 2.130368493840510136e-01 6.789678598512157714e-01
1.650000000000000000e+03 2.124937009145934641e-01 6.795147548655211533e-01
1.660000000000000000e+03 2.119345044525491328e-01 6.800776586298096227e-01
1.670000000000000000e+03 2.113604633786563269e-01 6.806553600540757865e-01
1.680000000000000000e+03 2.107729821354695499e-01 6.812464961511595085e-01
1.690000000000000000e+03 2.101736278890908860e-01 6.818495664094528230e-01
1.700000000000000000e+03 2.095640672532554372e-01 6.824629248915954349e-01
1.710000000000000000e+03 2.089460354348692261e-01 6.830848072256866521e-01
1.720000000000000000e+03 2.083213360003755288e-01 6.837133729485252998e-01
1.730000000000000000e+03 2.076918516469533071e-01 6.843467043723436838e-01
1.740000000000000000e+03 2.070595716457793722e-01 6.849827888882640270e-01
1.750000000000000000e+03 2.064266107237311687e-01 6.856195344269644387e-01
1.760000000000000000e+03 2.057951832012557825e-01 6.862547992733655233e-01
1.770000000000000000e+03 2.051675333173270110e-01 6.868863827310944803e-01
1.780000000000000000e+03 2.045458847861917895e-01 6.875120528108545903e-01
1.790000000000000000e+03 2.039324275515008722e-01 6.881295666247857490e-01
1.800000000000000000e+03 2.033293432284731805e-01 6.887366824084542039e-01
1.810000000000000000e+03 2.027388331228408558e-01 6.893311541176410095e-01
1.820000000000000000e+03 2.021631176853241341e-01 6.899107607942025489e-01
1.830000000000000000e+03 2.016043952788453830e-01 6.904733627723295131e-01
1.840000000000000000e+03 2.010647735083693766e-01 6.910168645324327175e-01
1.850000000000000000e+03 2.005462456667966020e-01 6.915392465734984118e-01
1.860000000000000000e+03 2.000506875609164847e-01 6.920386460554993624e-01
1.870000000000000000e+03 1.995798321506780937e-01 6.925133367997211575e-01
1.880000000000000000e+03 1.991352376522694534e-01 6.929617336924864812e-01
1.890000000000000000e+03 1.987182548054931552e-01 6.933824691884370450e-01
1.900000000000000000e+03 1.983300035111329462e-01 6.937744362442445079e-01
1.910000000000000000e+03 1.979713541775265095e-01 6.941367488960161758e-01
1.920000000000000000e+03 1.976429305081972565e-01 6.944687265238730367e-01
1.930000000000000000e+03 1.973451382591099590e-01 6.947699732729935018e-01
1.940000000000000000e+03 1.970781665845094399e-01 6.950403214784953709e-01
1.950000000000000000e+03 1.968420163166059722e-01 6.952798058907915246e-01
1.960000000000000000e+03 1.966365304371080758e-01 6.954886348169171395e-01
1.970000000000000000e+03 1.964614049830540332e-01 6.956671335236160880e-01
1.980000000000000000e+03 1.963162100580903291e-01 6.958157277344774183e-01
1.990000000000000000e+03 1.962004226167334830e-01 6.959349155029391776e-01
2.000000000000000000e+03 1.961134746915425275e-01 6.960252614467985488e-01
2.010000000000000000e+03 1.960547949812301294e-01 6.960873629046742117e-01
2.020000000000000000e+03 1.960238239563338036e-01 6.961217498003807735e-01
2.030000000000000000e+03 1.960200436266051338e-01 6.961288663243141439e-01
2.040000000000000000e+03 1.960430332667590925e-01 6.961091103990261209e-01
2.050000000000000000e+03 1.960925015027587259e-01 6.960627797939514805e-01
2.060000000000000000e+03 1.961682957640900615e-01 6.959900383106133459e-01
2.070000000000000000e+03 1.962704074616719585e-01 6.958909587642734262e-01
2.080000000000000000e+03 1.963989604539664591e-01 6.957655151827655260e-01
2.090000000000000000e+03 1.965541788201609907e-01 6.956134950080516965e-01
2.100000000000000000e+03 1.967363774657681363e-01 6.954345134267931883e-01
2.110000000000000000e+03 1.969459613235933770e-01 6.952281313737516122e-01
2.120000000000000000e+03 1.971833845796545637e-01 6.949938644481535865e-01
2.130000000000000000e+03 1.974491099498647817e-01 6.947312053256207154e-01
2.140000000000000000e+03 1.977435823782940916e-01 6.944397526456592695e-01
2.150000000000000000e+03 1.980671563804448365e-01 6.941191957580010730e-01
2.160000000000000000e+03 1.984200253462124752e-01 6.937692745745291933e-01
2.170000000000000000e+03 1.988022255488277601e-01 6.933899685357767240e-01
2.180000000000000000e+03 1.992135950471785599e-01 6.929815022949058489e-01
2.190000000000000000e+03 1.996537201797868588e-01 6.925442912727457490e-01
2.200000000000000000e+03 2.001219193283733377e-01 6.920790233230506017e-01
2.210000000000000000e+03 2.006172127220432477e-01 6.915866808943529342e-01
2.220000000000000000e+03 2.011383050009026285e-01 6.910685452308680254e-01
2.230000000000000000e+03 2.016835865023152152e-01 6.905262064925293819e-01
2.240000000000000000e+03 2.022511360485548804e-01 6.899615616151315578e-01
2.250000000000000000e+03 2.028387402781200444e-01 6.893768210056495649e-01
2.260000000000000000e+03 2.034439218143838379e-01 6.887745013636202840e-01
2.270000000000000000e+03 2.040639617496467217e-01 6.881573720302851527e-01
2.280000000000000000e+03 2.046959223449384968e-01 6.875283762835281420e-01
2.290000000000000000e+03 2.053366993557813325e-01 6.868905919957858375e-01
2.300000000000000000e+03 2.059831045912552672e-01 6.862471905646464476e-01
2.310000000000000000e+03 2.066319537382800831e-01 6.856013649087150386e-01
2.320000000000000000e+03 2.072801324505072484e-01 6.849562321238431561e-01
2.330000000000000000e+03 2.079246649253073953e-01 6.843147720833466785e-01
2.340000000000000000e+03 2.085627874056548703e-01 6.836797686664284335e-01
2.350000000000000000e+03 2.091919895076315428e-01 6.830537036122906747e-01
2.360000000000000000e+03 2.098100484859522219e-01 6.824387131520930350e-01
2.370000000000000000e+03 2.104150879922233319e-01 6.818366289339676811e-01
2.380000000000000000e+03 2.110056166938676647e-01 6.812490010111094119e-01
2.390000000000000000e+03 2.115805106991585083e-01 6.806770180109857904e-01
2.400000000000000000e+03 2.121389817699311786e-01 6.801214595186798606e-01
2.410000000000000000e+03 2.126805688161353403e-01 6.795827835765301250e-01
2.420000000000000000e+03 2.132051218720585894e-01 6.790611764836878006e-01
2.430000000000000000e+03 2.137127627740691704e-01 6.785565803624106218e-01
2.440000000000000000e+03 2.142038152903953940e-01 6.780686536772336792e-01
2.450000000000000000e+03 2.146787729724052851e-01 6.775968206598478316e-01
2.460000000000000000e+03 2.151382884052460975e-01 6.771403779141725865e-01
2.470000000000000000e+03 2.155831470658765292e-01 6.766985529912851183e-01
2.480000000000000000e+03 2.160142137310795685e-01 6.762704906652616810e-01
2.490000000000000000e+03 2.164323998021062401e-01 6.758552636494211674e-01
2.500000000000000000e+03 2.168386465066022561e-01 6.754518892952454667e-01
2.510000000000000000e+03 2.172339203507897554e-01 6.750593581065835735e-01
2.520000000000000000e+03 2.176192231639237640e-01 6.746766806189281596e-01
2.530000000000000000e+03 2.179955838921991129e-01 6.743028859407578235e-01
2.540000000000000000e+03 2.183640194537138368e-01 6.739369553461938001e-01
2.550000000000000000e+03 2.187255317257933707e-01 6.735778547028924423e-01
2.560000000000000000e+03 2.190811249558565488e-01 6.732246351892490210e-01
2.570000000000000000e+03 2.194317719062305605e-01 6.728764239487514676e-01
2.580000000000000000e+03 2.197783461048997966e-01 6.725322658034398327e-01
2.590000000000000000e+03 2.201216492140855296e-01 6.721913308332914117e-01
2.600000000000000000e+03 2.204623857754423877e-01 6.718529958199581653e-01
2.610000000000000000e+03 2.208010812891397778e-01 6.715166814361673842e-01
2.620000000000000000e+03 2.211381112829563234e-01 6.711819416222112311e-01
2.630000000000000000e+03 2.214737222733563771e-01 6.708486126810608852e-01
2.640000000000000000e+03 2.218079643057430939e-01 6.705166578580108450e-01
2.650000000000000000e+03 2.221406789402199378e-01 6.701861131930456628e-01
2.660000000000000000e+03 2.224715967641822945e-01 6.698572455882481069e-01
2.670000000000000000e+03 2.228003593802169169e-01 6.695304931626804290e-01
2.680000000000000000e+03 2.231265120675518521e-01 6.692063016409293130e-01
2.690000000000000000e+03 2.234495481876697942e-01 6.688851147815531029e-01
2.700000000000000000e+03 2.237689968933696261e-01 6.685675216221090844e-01
2.710000000000000000e+03 2.240844044815299141e-01 6.682539861832260675e-01
2.720000000000000000e+03 2.243953631939397120e-01 6.679448812052759532e-01
2.730000000000000000e+03 2.247015378856923318e-01 6.676405258017562572e-01
2.740000000000000000e+03 2.250026778057836463e-01 6.673411607688091163e-01
2.750000000000000000e+03 2.252986267794376274e-01 6.670469265505765133e-01
2.760000000000000000e+03 2.255893522187077116e-01 6.667578645377155722e-01
2.770000000000000000e+03 2.258749670665448628e-01 6.664738762066716449e-01
2.780000000000000000e+03 2.261557440213581849e-01 6.661946942034310259e-01
2.790000000000000000e+03 2.264321387880170178e-01 6.659198728855889593e-01
2.800000000000000000e+03 2.267048135121223218e-01 6.656487697606204845e-01
2.810000000000000000e+03 2.269746447430457392e-01 6.653804741533959621e-01
2.820000000000000000e+03 2.272427596806591565e-01 6.651138126648733495e-01
2.830000000000000000e+03 2.275105655563588458e-01 6.648473921426758526e-01
2.840000000000000000e+03 2.277797406499383059e-01 6.645796157859781284e-01
2.850000000000000000e+03 2.280521874831519247e-01 6.643086337202390723e-01
2.860000000000000000e+03 2.283299802441927373e-01 6.640323207244727133e-01
2.870000000000000000e+03 2.286153494687317711e-01 6.637483895099079989e-01
2.880000000000000000e+03 2.289106641612776161e-01 6.634545146981506436e-01
2.890000000000000000e+03 2.292183524227810465e-01 6.631483171314660474e-01
2.900000000000000000e+03 2.295408381651162788e-01 6.628274043908279900e-01
2.910000000000000000e+03 2.298804832194722148e-01 6.624894329548601801e-01
2.920000000000000000e+03 2.302395038132332705e-01 6.621321591899824721e-01
2.930000000000000000e+03 2.306199064786058628e-01 6.617535497267293954e-01
2.940000000000000000e+03 2.310234311507262661e-01 6.613518810598294495e-01
2.950000000000000000e+03 2.314514790563672875e-01 6.609257629753241270e-01
2.960000000000000000e+03 2.319050617517842139e-01 6.604741833538517737e-01
2.970000000000000000e+03 2.323847547139987757e-01 6.599965644072659510e-01
2.980000000000000000e+03 2.328906366482919876e-01 6.594927972465923771e-01
2.990000000000000000e+03 2.334222516923047941e-01 6.589633009151123488e-01
3.000000000000000000e+03 2.339785961815826210e-01 6.584090691718859079e-01
3.010000000000000000e+03 2.345581129045576640e-01 6.578316246229830577e-01
3.020000000000000000e+03 2.351587277212753013e-01 6.572330010132834133e-01
3.030000000000000000e+03 2.357779001544346442e-01 6.566157477087578576e-01
3.040000000000000000e+03 2.364126424657290448e-01 6.559828733034903658e-01
3.050000000000000000e+03 2.370595733546751738e-01 6.553377753644478165e-01
3.060000000000000000e+03 2.377149983458535787e-01 6.546841731318575608e-01
3.070000000000000000e+03 2.383749705096650795e-01 6.540260344201915821e-01
3.080000000000000000e+03 2.390353523386575807e-01 6.533674831602512834e-01
3.090000000000000000e+03 2.396919007510513455e-01 6.527127160526129401e-01
3.100000000000000000e+03 2.403403571940933847e-01 6.520659762968675777e-01
3.110000000000000000e+03 2.409765032829966069e-01 6.514314923388573320e-01
3.120000000000000000e+03 2.415961980295881772e-01 6.508133907237408922e-01
3.130000000000000000e+03 2.421954297983067994e-01 6.502156669465853911e-01
3.140000000000000000e+03 2.427703628007691627e-01 6.496421681326696174e-01
3.150000000000000000e+03 2.433173632446785639e-01 6.490965382600055733e-01
3.160000000000000000e+03 2.438330268709922033e-01 6.485821777224991536e-01
3.170000000000000000e+03 2.443142170683350600e-01 6.481022258782319634e-01
3.180000000000000000e+03 2.447581012017512048e-01 6.476595244054039746e-01
3.190000000000000000e+03 2.451621747071932311e-01 6.472565795570456304e-01
3.200000000000000000e+03 2.455242726183292368e-01 6.468955548698214209e-01
3.210000000000000000e+03 2.458425747319247234e-01 6.465782805435399405e-01
3.220000000000000000e+03 2.461156080478249797e-01 6.463062509167647463e-01
3.230000000000000000e+03 2.463422454507022408e-01 6.460806144106806537e-01
3.240000000000000000e+03 2.465216949483095277e-01 6.459021742813380040e-01
3.250000000000000000e+03 2.466534802773422408e-01 6.457714045429928662e-01
3.260000000000000000e+03 2.467374229742514413e-01 6.456884777801826791e-01
3.270000000000000000e+03 2.467736270076877902e-01 6.456532972838656681e-01
3.280000000000000000e+03 2.467624581069187972e-01 6.456655257688257432e-01
3.290000000000000000e+03 2.467045058751688447e-01 6.457246044064263168e-01
3.300000000000000000e+03 2.466005341604045331e-01 6.458297729027920875e-01
3.310000000000000000e+03 2.464514459564677018e-01 6.459801104467416399e-01
3.320000000000000000e+03 2.462582557612431056e-01 6.461745786988786211e-01
3.330000000000000000e+03 2.460220620735172059e-01 6.464120626839742201e-01
3.340000000000000000e+03 2.457440257203100942e-01 6.466913987573190692e-01
3.350000000000000000e+03 2.454253515355960813e-01 6.470113926581454455e-01
3.360000000000000000e+03 2.450672654324380917e-01 6.473708413759061697e-01
3.370000000000000000e+03 2.446709841825802090e-01 6.477685527818402011e-01
3.380000000000000000e+03 2.442376943513347165e-01 6.482033572794184684e-01
3.390000000000000000e+03 2.437685486061243745e-01 6.486741218843108392e-01
3.400000000000000000e+03 2.432646563200679957e-01 6.491797453710919097e-01
3.410000000000000000e+03 2.427270873252470318e-01 6.497191440592628986e-01
3.420000000000000000e+03 2.421568957082176621e-01 6.502912510563696458e-01
3.430000000000000000e+03 2.415551470171670712e-01 6.508950102714872177e-01
3.440000000000000000e+03 2.409229373799073315e-01 6.515293471365012357e-01
3.450000000000000000e+03 2.402614050615279884e-01 6.521931278307516733e-01
3.460000000000000000e+03 2.395717515870344760e-01 6.528851227073072527e-01
3.470000000000000000e+03 2.388552809756257500e-01 6.536039911948521297e-01
3.480000000000000000e+03 2.381134293730638729e-01 6.543482852220404711e-01
3.490000000000000000e+03 2.373477747739938248e-01 6.551164356081983220e-01
3.500000000000000000e+03 2.365600410032423773e-01 6.559067315736056836e-01
3.510000000000000000e+03 2.357520934809975155e-01 6.567173120419549370e-01
3.520000000000000000e+03 2.349259333653153925e-01 6.575461641831742421e-01
3.530000000000000000e+03 2.340836987283531068e-01 6.583911240008218924e-01
3.540000000000000000e+03 2.332276663102474668e-01 6.592498953562879738e-01
3.550000000000000000e+03 2.323602505987266975e-01 6.601200803808197071e-01
3.560000000000000000e+03 2.314840093221074424e-01 6.609991656363003454e-01
3.570000000000000000e+03 2.306016530303145740e-01 6.618844786606443709e-01
3.580000000000000000e+03 2.297160485516669681e-01 6.627731805718809488e-01
3.590000000000000000e+03 2.288302129348302183e-01 6.636622883202809575e-01
3.600000000000000000e+03 2.279472987198748468e-01 6.645486948894891999e-01
3.610000000000000000e+03 2.270705723446107827e-01 6.654291830326377610e-01
3.620000000000000000e+03 2.262033872749811825e-01 6.663004405568251354e-01
3.630000000000000000e+03 2.253491538896051916e-01 6.671590808039258302e-01
3.640000000000000000e+03 2.245113063162693101e-01 6.680016726163390262e-01
3.650000000000000000e+03 2.236932561843722744e-01 6.688247874079794597e-01
3.660000000000000000e+03 2.228983372372269067e-01 6.696250570312379802e-01
3.670000000000000000e+03 2.221297597266468082e-01 6.703992296263450168e-01
3.680000000000000000e+03 2.213905785732951659e-01 6.711442185406805150e-01
3.690000000000000000e+03 2.206836612116072904e-01 6.718571394745903591e-01
3.700000000000000000e+03 2.200116465339480853e-01 6.725353402761390376e-01
3.710000000000000000e+03 2.193769075428971815e-01 6.731764263802415549e-01
3.720000000000000000e+03 2.187815276647219198e-01 6.737782785761624593e-01
3.730000000000000000e+03 2.182272852714716993e-01 6.743390756631583161e-01
3.740000000000000000e+03 2.177156368298329703e-01 6.748573239048033523e-01
3.750000000000000000e+03 2.172476979730411373e-01 6.753318837415359654e-01
3.760000000000000000e+03 2.168242310391276795e-01 6.757619895394409992e-01
3.770000000000000000e+03 2.164456359467050450e-01 6.761472606942753316e-01
3.780000000000000000e+03 2.161119397259312902e-01 6.764877024791339233e-01
3.790000000000000000e+03 2.158227843966506743e-01 6.767837017239287656e-01
3.800000000000000000e+03 2.155774144553452565e-01 6.770360270534889757e-01
3.810000000000000000e+03 2.153746718236996815e-01 6.772458364920889151e-01
3.820000000000000000e+03 2.152130039148698049e-01 6.774146805471835675e-01
3.830000000000000000e+03 2.150904807994688250e-01 6.775444897669588018e-01
3.840000000000000000e+03 2.150048187039149961e-01 6.776375453416864092e-01
3.850000000000000000e+03 2.149534177481791097e-01 6.776964343857961870e-01
3.860000000000000000e+03 2.149334167016041242e-01 6.777239979577682760e-01
3.870000000000000000e+03 2.149417580108026193e-01 6.777232736758416198e-01
3.880000000000000000e+03 2.149752541454310606e-01 6.776974308399192903e-01
3.890000000000000000e+03 2.150306547838772842e-01 6.776497031101477164e-01
3.900000000000000000e+03 2.151047180213418175e-01 6.775833244731549465e-01
3.910000000000000000e+03 2.151942798053859407e-01 6.775014643974279771e-01
3.920000000000000000e+03 2.152963116169688829e-01 6.774071584750861463e-01
3.930000000000000000e+03 2.154079635282746263e-01 6.773032431996123259e-01
3.940000000000000000e+03 2.155265981566593936e-01 6.771923188210727806e-01
3.950000000000000000e+03 2.156498178744506444e-01 6.770767504904775524e-01
3.960000000000000000e+03 2.157754773136814075e-01 6.769586802708456030e-01
3.970000000000000000e+03 2.159016769525450852e-01 6.768400232573881237e-01
3.980000000000000000e+03 2.160267469927782957e-01 6.767224597815622023e-01
3.990000000000000000e+03 2.161492302601888960e-01 6.766074406885255188e-01
4.000000000000000000e+03 2.162678669511042540e-01 6.764962081921432890e-01
4.010000000000000000e+03 2.163815804742454663e-01 6.763898171962280381e-01
4.020000000000000000e+03 2.164894669375895808e-01 6.762891541480110513e-01
4.030000000000000000e+03 2.165907911553082987e-01 6.761949550801711339e-01
4.040000000000000000e+03 2.166849847912920013e-01 6.761078100938683333e-01
4.050000000000000000e+03 2.167716422229677697e-01 6.760281539169394893e-01
4.060000000000000000e+03 2.168505121999657892e-01 6.759562611715153047e-01
4.070000000000000000e+03 2.169214844867373426e-01 6.758922536650424640e-01
4.080000000000000000e+03 2.169845782378562460e-01 6.758361147902876009e-01
4.090000000000000000e+03 2.170399290767318079e-01 6.757877064552795243e-01
4.100000000000000000e+03 2.170877657963003471e-01 6.757467926249839385e-01
4.110000000000000000e+03 2.171283805708778269e-01 6.757130775603991113e-01
4.120000000000000000e+03 2.171620999444584532e-01 6.756862579253460899e-01
4.130000000000000000e+03 2.171892538294254993e-01 6.756660499075005655e-01
4.140000000000000000e+03 2.172101435730321162e-01 6.756521828119121942e-01
4.150000000000000000e+03 2.172250198011260458e-01 6.756444079452653684e-01
4.160000000000000000e+03 2.172340688856474467e-01 6.756425315411169752e-01
4.170000000000000000e+03 2.172373963430492272e-01 6.756464397328924010e-01
4.180000000000000000e+03 2.172350131768029657e-01 6.756561111333561076e-01
4.190000000000000000e+03 2.172268353940295937e-01 6.756716221221634733e-01
4.200000000000000000e+03 2.172126882991308461e-01 6.756931372725671903e-01
