0.000000000000000000e+00 9.385099706383225993e+00 -5.263832601912447038e-15 9.385099706383225993e+00 -5.608712498101942013e-16
1.000000000000000000e+01 9.284213662379070087e+00 1.199590240368075822e+00 9.361390926218845721e+00 -9.815043825241878128e-01
2.000000000000000000e+01 8.990319090587382433e+00 2.365167093756402217e+00 9.296227876508194043e+00 -1.962749765822059844e+00
3.000000000000000000e+01 8.514247864075024097e+00 3.460180787272099323e+00 9.190498777080222226e+00 -2.943989548409840840e+00
4.000000000000000000e+01 7.874771917922246622e+00 4.451487383000706899e+00 9.045870476649071179e+00 -3.925497743711673593e+00
5.000000000000000000e+01 7.097241851289481041e+00 5.311494604066524516e+00 8.864694965125575976e+00 -4.907531011226739182e+00
6.000000000000000000e+01 6.211906608434385468e+00 6.019347305713961482e+00 8.649874316931819962e+00 -5.890343754634692175e+00
7.000000000000000000e+01 5.251984447985462268e+00 6.561724614257037125e+00 8.404735008031355648e+00 -6.874186618678883143e+00
8.000000000000000000e+01 4.251662930504584104e+00 6.933069999957281127e+00 8.132902144925541421e+00 -7.859304468900583984e+00
9.000000000000000000e+01 3.244211611035049625e+00 7.135279733772575739e+00 7.838183836601452903e+00 -8.845936003658104951e+00
1.000000000000000000e+02 2.260336643472993678e+00 7.176938551845717384e+00 7.524464679882288287e+00 -9.834313920667925757e+00
1.100000000000000000e+02 1.326868115212989530e+00 7.072213891838033284e+00 7.195608961517832469e+00 -1.082466472391131518e+01
1.200000000000000000e+02 4.658458529293649231e-01 6.839533848477112876e+00 6.855380049505325424e+00 -1.181720940239388007e+01
1.300000000000000000e+02 -3.059858487101621560e-01 6.500172299337121373e+00 6.507370226188188944e+00 -1.281216489917707690e+01
1.400000000000000000e+02 -9.773069478823322997e-01 6.076869699258185875e+00 6.154955256713191325e+00 -1.380974500927596615e+01
1.500000000000000000e+02 -1.542016119748882641e+00 5.592565501124011185e+00 5.801258708067401848e+00 -1.481016256403941256e+01
1.600000000000000000e+02 -1.998757940419887191e+00 5.069310924877230562e+00 5.449123466895496648e+00 -1.581363290894771367e+01
1.700000000000000000e+02 -2.350280799539817611e+00 4.527410851495890398e+00 5.101104670061991975e+00 -1.682037536361297470e+01
1.800000000000000000e+02 -2.602676500823297268e+00 3.984799288557936414e+00 4.759469543765317390e+00 -1.783061637536969357e+01
1.900000000000000000e+02 -2.764569608053833782e+00 3.456649572715447594e+00 4.426202818029107533e+00 -1.884459505450328365e+01
2.000000000000000000e+02 -2.846328845660971663e+00 2.955191602713834076e+00 4.103016610543037679e+00 -1.986256782971966217e+01
2.100000000000000000e+02 -2.859336294242881493e+00 2.489708292797199629e+00 3.791365377644017265e+00 -2.088481349723068092e+01
2.200000000000000000e+02 -2.815342648019976135e+00 2.066679296688909151e+00 3.492465825333541662e+00 -2.191163984170627543e+01
2.300000000000000000e+02 -2.725929762749648599e+00 1.690030408238896831e+00 3.207319106702120504e+00 -2.294339087244166819e+01
2.400000000000000000e+02 -2.602087748607683437e+00 1.361448799872514659e+00 2.936733472095912401e+00 -2.398045323927748029e+01
2.500000000000000000e+02 -2.453901122710798521e+00 1.080745136845380427e+00 2.681350549789463411e+00 -2.502326536205912078e+01
2.600000000000000000e+02 -2.290341233093854623e+00 8.462306406470389009e-01 2.441673455067195686e+00 -2.607232802218778289e+01
2.700000000000000000e+02 -2.119151350667738409e+00 6.550741909968004206e-01 2.218090314380145589e+00 -2.712821088580971463e+01
2.800000000000000000e+02 -1.946808988735794443e+00 5.036329127462381150e-01 2.010898144965016954e+00 -2.819155417106475525e+01
2.900000000000000000e+02 -1.778554335192366276e+00 3.877516256166585462e-01 1.820331521014763254e+00 -2.926306355822174154e+01
3.000000000000000000e+02 -1.618464780823378302e+00 3.030138788150205098e-01 1.646586061376747345e+00 -3.034348771868161165e+01
3.100000000000000000e+02 -1.469558556318226961e+00 2.449455157564727481e-01 1.489832425522184645e+00 -3.143356866280835860e+01
3.200000000000000000e+02 -1.333919720258935238e+00 2.091796101116574214e-01 1.350221437165823213e+00 -3.253395629930786725e+01
3.300000000000000000e+02 -1.212831428700961389e+00 1.915761683001651339e-01 1.227868683005388872e+00 -3.364507073915404334e+01
3.400000000000000000e+02 -1.106907407519689190e+00 1.883010068625713684e-01 1.122809546631759581e+00 -3.476690879121787248e+01
3.500000000000000000e+02 -1.016218436941935810e+00 1.958764457638964562e-01 1.034923907147674127e+00 -3.589882245737018707e+01
3.600000000000000000e+02 -9.404075464505182724e-01 2.112064961117629813e-01 9.638332518754952893e-01 -3.703933188035675528e+01
3.700000000000000000e+02 -8.787906498504354236e-01 2.315795049666564409e-01 9.087915456171190565e-01 -3.818607031492739878e+01
3.800000000000000000e+02 -8.304437353267547506e-01 2.546573673865400456e-01 8.686122105448992325e-01 -3.933595581383619333e+01
3.900000000000000000e+02 -7.942752246157533946e-01 2.784575540001155147e-01 8.416719918223087848e-01 -4.048559938801302849e+01
4.000000000000000000e+02 -7.690827776738085042e-01 3.013274505119912794e-01 8.260063869889368027e-01 -4.163182575427300236e+01
4.100000000000000000e+02 -7.536003732525045073e-01 3.219139393380952008e-01 8.194767274953480563e-01 -4.277211284735017216e+01
4.200000000000000000e+02 -7.465372830368218748e-01 3.391319680266468017e-01 8.199563443876914937e-01 -4.390480927798530075e+01
4.300000000000000000e+02 -7.466052629830860488e-01 3.521353578910792481e-01 8.254809077084227509e-01 -4.502911772558903891e+01
4.400000000000000000e+02 -7.525366868711267365e-01 3.602926527985049754e-01 8.343394157940497990e-01 -4.614492788405403445e+01
4.500000000000000000e+02 -7.630998871021987817e-01 3.631642183305529570e-01 8.451092752839896027e-01 -4.725259506899232775e+01
4.600000000000000000e+02 -7.771101915896447831e-01 3.604788268008808916e-01 8.566476722925440157e-01 -4.835273627836588162e+01
4.700000000000000000e+02 -7.934359474158039216e-01 3.521134650823532497e-01 8.680578868623427535e-01 -4.944607928448443346e+01
4.800000000000000000e+02 -8.110035215904923822e-01 3.380775029114985175e-01 8.786484564415136811e-01 -5.053336589344421981e+01
4.900000000000000000e+02 -8.288023730053689642e-01 3.184997963942936550e-01 8.878938527788877710e-01 -5.161529699394659332e+01
5.000000000000000000e+02 -8.458888458845745806e-01 2.936173141462650737e-01 8.953988311129315036e-01 -5.269250612208213624e+01
5.100000000000000000e+02 -8.613888022161069191e-01 2.637643381054907143e-01 9.008675233570844210e-01 -5.376554998552150266e+01
5.200000000000000000e+02 -8.745014070835804842e-01 2.293636199569808187e-01 9.040798533044149821e-01 -5.483490919618925119e+01
5.300000000000000000e+02 -8.845038733854982960e-01 1.909211040055988351e-01 9.048745603610847121e-01 -5.590099682770694045e+01
5.400000000000000000e+02 -8.907557270800553484e-01 1.490210220612657177e-01 9.031351118974958458e-01 -5.696416954360005036e+01
5.500000000000000000e+02 -8.927037337711746234e-01 1.043181181865403401e-01 8.987781851330044480e-01 -5.802473612554646820e+01
5.600000000000000000e+02 -8.898892660670782995e-01 5.752843429035479211e-02 8.917468399794321599e-01 -5.908296424791556944e+01
5.700000000000000000e+02 -8.819563934029850394e-01 9.420367473519092663e-03 8.820067024619127061e-01 -6.013908815706816569e+01
5.800000000000000000e+02 -8.686594754008858388e-01 -3.919483394935287246e-02 8.695432819659176804e-01 -6.119331687257743368e+01
5.900000000000000000e+02 -8.498699603330861496e-01 -8.747404867177190069e-02 8.543597946226126894e-01 -6.224584212347485845e+01
6.000000000000000000e+02 -8.255823111662091707e-01 -1.345548513965785231e-01 8.364754392956763596e-01 -6.329684611980272280e+01
6.100000000000000000e+02 -7.959197727880376050e-01 -1.795706116696240140e-01 8.159251738305201007e-01 -6.434650860512172699e+01
6.200000000000000000e+02 -7.611389165261179812e-01 -2.216681520001133054e-01 7.927605059926347009e-01 -6.539501369952725440e+01
6.300000000000000000e+02 -7.216317200753556982e-01 -2.600276043225300260e-01 7.670506465864107559e-01 -6.644255714755648512e+01
6.400000000000000000e+02 -6.779245325906381181e-01 -2.938845492978370832e-01 7.388841588532183424e-01 -6.748935391264939199e+01
6.500000000000000000e+02 -6.306725500171079801e-01 -3.225532543365893234e-01 7.083702896283877726e-01 -6.853564705724433281e+01
6.600000000000000000e+02 -5.806489490330318803e-01 -3.454487310150259893e-01 6.756389773932941489e-01 -6.958171999092014914e+01
6.700000000000000000e+02 -5.287301055160480434e-01 -3.621077399289409082e-01 6.408412750404399727e-01 -7.062791277827599856e+01
6.800000000000000000e+02 -4.758780641660812494e-01 -3.722101424259837699e-01 6.041525652343355812e-01 -7.167464295662111340e+01
6.900000000000000000e+02 -4.231179397286530808e-01 -3.755990595678093125e-01 5.657768504175854085e-01 -7.272243315171922973e+01
7.000000000000000000e+02 -3.715085598057838445e-01 -3.722959748447285944e-01 5.259495250445183068e-01 -7.377195055173517346e+01
7.100000000000000000e+02 -3.221084749452514107e-01 -3.625089877726810905e-01 4.849398270378805775e-01 -7.482406573510850478e+01
7.200000000000000000e+02 -2.759405676243416039e-01 -3.466353939863549560e-01 4.430567607258909524e-01 -7.587994136224629926e+01
7.300000000000000000e+02 -2.339570519329076670e-01 -3.252574009940674138e-01 4.006598046354947762e-01 -7.694117169914439103e+01
7.400000000000000000e+02 -1.970045276235431464e-01 -2.991290279016332598e-01 3.581744815555003569e-01 -7.801000388288147747e+01
7.500000000000000000e+02 -1.657897034944671444e-01 -2.691555015550334273e-01 3.161185059469390213e-01 -7.908968506758306205e+01
7.600000000000000000e+02 -1.408486538733899895e-01 -2.363666540605676158e-01 2.751500289837056634e-01 -8.018500338148666629e+01
7.700000000000000000e+02 -1.225222313118931872e-01 -2.018835702241328911e-01 2.361539182230255884e-01 -8.130308532360881202e+01
7.800000000000000000e+02 -1.109380862331157125e-01 -1.668786383549617225e-01 2.003889690483793007e-01 -8.245430843050054648e+01
7.900000000000000000e+02 -1.060009312747238197e-01 -1.325314008836799839e-01 1.697078950765090744e-01 -8.365224066016270399e+01
8.000000000000000000e+02 -1.073942103171618700e-01 -9.998319523454539393e-02 1.467315771705464122e-01 -8.490873083047861769e+01
8.100000000000000000e+02 -1.145922194277124717e-01 -7.029214852896623067e-02 1.344334887525695799e-01 -8.621818500077273484e+01
8.200000000000000000e+02 -1.268805432978039327e-01 -4.439139341213808876e-02 1.344219776547611878e-01 -8.754185046715274154e+01
8.300000000000000000e+02 -1.433848477736340277e-01 -2.305377573651311990e-02 1.452263445342395209e-01 -8.882898919962755713e+01
8.400000000000000000e+02 -1.631082349683505572e-01 -6.863939583021362416e-03 1.632525956335458273e-01 -9.005635004568340207e+01
8.500000000000000000e+02 -1.849749279395179191e-01 3.802583484684397223e-03 1.850140092192692209e-01 -9.122896174263424030e+01
8.600000000000000000e+02 -2.078769639230034771e-01 8.790489899318517514e-03 2.080627425622273985e-01 -9.236066915196190052e+01
8.700000000000000000e+02 -2.307211446570926194e-01 8.163695094422596804e-03 2.308655290628589263e-01 -9.346377597603951415e+01
8.800000000000000000e+02 -2.524731212478990572e-01 2.193616718891268792e-03 2.524826507048865132e-01 -9.454709564364999608e+01
8.900000000000000000e+02 -2.721959931907713126e-01 -8.661386276702319129e-03 2.723337627275485007e-01 -9.561659767639214635e+01
9.000000000000000000e+02 -2.890835624633074641e-01 -2.378546891622890583e-02 2.900604326998804661e-01 -9.667631339649319955e+01
9.100000000000000000e+02 -3.024879362201532973e-01 -4.244164809012023615e-02 3.054508881167857237e-01 -9.772900878492693266e+01
9.200000000000000000e+02 -3.119381332526814932e-01 -6.381013466571644477e-02 3.183977579431496729e-01 -9.877663082501813108e+01
9.300000000000000000e+02 -3.171452697522911257e-01 -8.702782947706447225e-02 3.288692220773213881e-01 -9.982058974822152209e+01
9.400000000000000000e+02 -3.179965492950770911e-01 -1.112271167565526964e-01 3.368876324021886637e-01 -1.008619333403228637e+02
9.500000000000000000e+02 -3.145446683834425272e-01 -1.355709239008693889e-01 3.425168956647031693e-01 -1.019014598184029552e+02
9.600000000000000000e+02 -3.069929228741305471e-01 -1.592834459954565740e-01 3.458552744472597751e-01 -1.029397932761038987e+02
9.700000000000000000e+02 -2.956741555782706476e-01 -1.816749035935988910e-01 3.470287839252917950e-01 -1.039774356536302236e+02
9.800000000000000000e+02 -2.810246632447443438e-01 -2.021594743016281170e-01 3.461839314609108098e-01 -1.050148022301383008e+02
9.900000000000000000e+02 -2.635558516967713705e-01 -2.202664755352451154e-01 3.434807231975752218e-01 -1.060522452664197601e+02
1.000000000000000000e+03 -2.438256139388247645e-01 -2.356451586247457486e-01 3.390863766003087143e-01 -1.070900689542542352e+02
1.010000000000000000e+03 -2.224114631658101193e-01 -2.480642788915441710e-01 3.331707451285876864e-01 -1.081285378538770061e+02
1.020000000000000000e+03 -1.998879076085863515e-01 -2.574071886906005857e-01 3.259043362671586452e-01 -1.091678847471080758e+02
1.030000000000000000e+03 -1.768079233722712473e-01 -2.636616744876413287e-01 3.174563282734207403e-01 -1.102083223521525213e+02
1.040000000000000000e+03 -1.536870594840019644e-01 -2.669060536771447056e-01 3.079911585457381085e-01 -1.112500534984759497e+02
1.050000000000000000e+03 -1.309904904667912873e-01 -2.672943988269452786e-01 2.976655912882585908e-01 -1.122932756503043663e+02
1.060000000000000000e+03 -1.091240077933013225e-01 -2.650414675999010483e-01 2.866269851643105104e-01 -1.133381834987072807e+02
1.070000000000000000e+03 -8.842918454811797557e-02 -2.604075681780705920e-01 2.750124038007406013e-01 -1.143849729390972811e+02
1.080000000000000000e+03 -6.918166715483703433e-02 -2.536841530325750771e-01 2.629481937001614811e-01 -1.154338450170255612e+02
1.090000000000000000e+03 -5.159199787843014862e-02 -2.451808720984481882e-01 2.505501831730392870e-01 -1.164850094972723014e+02
1.100000000000000000e+03 -3.580932751010269810e-02 -2.352141192624579435e-01 2.379243363700728753e-01 -1.175386923242955532e+02
1.110000000000000000e+03 -2.192712665698101637e-02 -2.240967737131007720e-01 2.251669666537522430e-01 -1.185951472266685016e+02
1.120000000000000000e+03 -9.989476890756189900e-03 -2.121300901627976021e-01 2.123651685211762619e-01 -1.196546675334268883e+02
1.130000000000000000e+03 2.447527187895991782e-06 -1.995982895815758829e-01 1.995982895965819903e-01 -1.207175987573499754e+02
1.140000000000000000e+03 8.083995529471633273e-03 -1.867648575330543292e-01 1.869397309109612215e-01 -1.217843536704849896e+02
1.150000000000000000e+03 1.432101300738833696e-02 -1.738694951687322354e-01 1.744582837350740212e-01 -1.228554300798614349e+02
1.160000000000000000e+03 1.880396827768256174e-02 -1.611261070271592100e-01 1.622196399598878902e-01 -1.239314331298076155e+02
1.170000000000000000e+03 2.164180905155418250e-02 -1.487225871253399501e-01 1.502889743802860167e-01 -1.250131073308029386e+02
1.180000000000000000e+03 2.295604892400490010e-02 -1.368218686922023919e-01 1.387342925690241147e-01 -1.261013787561150536e+02
1.190000000000000000e+03 2.287642411045487725e-02 -1.255631981226778549e-01 1.276301198889833177e-01 -1.271973971220105568e+02
1.200000000000000000e+03 2.153821653575888409e-02 -1.150633730698148449e-01 1.170618408950783174e-01 -1.283025667251240520e+02
1.210000000000000000e+03 1.907992436647324916e-02 -1.054180377001644048e-01 1.071307900950218134e-01 -1.294185564349251081e+02
1.220000000000000000e+03 1.564059708004418223e-02 -9.670353798269382128e-02 9.796020893909217209e-02 -1.305472620011504432e+02
1.230000000000000000e+03 1.135771144511329468e-02 -8.897951453459722326e-02 8.970145827177536391e-02 -1.316906534409416452e+02
1.240000000000000000e+03 6.365763246531725567e-03 -8.229114002749648993e-02 8.253698969998801704e-02 -1.328504081643561392e+02
1.250000000000000000e+03 7.957281844180130823e-04 -7.667053890201500077e-02 7.667466803885669702e-02 -1.340272328531476660e+02
1.260000000000000000e+03 -5.225147182873926370e-03 -7.213754866506490171e-02 7.232653794069851538e-02 -1.352199178546704843e+02
1.270000000000000000e+03 -1.157377076900741389e-02 -6.870025928309933527e-02 6.966834141400674030e-02 -1.364245114851242420e+02
1.280000000000000000e+03 -1.813132061825942221e-02 -6.635598049361834949e-02 6.878852327700876734e-02 -1.376343432174477641e+02
1.290000000000000000e+03 -2.478311583001240395e-02 -6.509241220777359227e-02 6.965073551133918461e-02 -1.388414022274792501e+02
1.300000000000000000e+03 -3.141818391332891480e-02 -6.488919957145002082e-02 7.209514894523229300e-02 -1.400385243588123672e+02
1.310000000000000000e+03 -3.792944580424627288e-02 -6.571904033599942907e-02 7.587908224077288821e-02 -1.412210561751412570e+02
1.320000000000000000e+03 -4.421403004812783644e-02 -6.754598965476371619e-02 8.073005122962699509e-02 -1.423871968686508751e+02
1.330000000000000000e+03 -5.017294258408921265e-02 -7.032516637715158225e-02 8.638838575595890468e-02 -1.435373017505000632e+02
1.340000000000000000e+03 -5.571193503312728279e-02 -7.400498026141230645e-02 9.263129497436284332e-02 -1.446729102243917566e+02
1.350000000000000000e+03 -6.074253823331037666e-02 -7.852735889615757026e-02 9.927840674704198343e-02 -1.457959962291550369e+02
1.360000000000000000e+03 -6.518181146548747418e-02 -8.382567765788483116e-02 1.061857465987124244e-01 -1.469085357115787644e+02
1.370000000000000000e+03 -6.895248854908132830e-02 -8.982416207973793754e-02 1.132379166641554885e-01 -1.480123055528119096e+02
1.380000000000000000e+03 -7.198425276372896753e-02 -9.643928269293161604e-02 1.203422946942578481e-01 -1.491088172773100951e+02
1.390000000000000000e+03 -7.421504476735693578e-02 -1.035811791039263213e-01 1.274242266383455724e-01 -1.501993196364049084e+02
1.400000000000000000e+03 -7.559193830626442789e-02 -1.111537582896013204e-01 1.344220931201459968e-01 -1.512848330937909509e+02
1.410000000000000000e+03 -7.607112683945529974e-02 -1.190549966500768636e-01 1.412830795459042443e-01 -1.523661845504622931e+02
1.420000000000000000e+03 -7.561942107066602081e-02 -1.271795466736879709e-01 1.479626099228702751e-01 -1.534440415398875075e+02
1.430000000000000000e+03 -7.421757748133649135e-02 -1.354179626417729709e-01 1.544223863733714119e-01 -1.545189658890489284e+02
1.440000000000000000e+03 -7.185903181299439779e-02 -1.436563882908440115e-01 1.606265182025392868e-01 -1.555914303440266622e+02
1.450000000000000000e+03 -6.854956044653512381e-02 -1.517803129174639110e-01 1.665422037404826472e-01 -1.566618251972102200e+02
1.460000000000000000e+03 -6.430816041144725437e-02 -1.596768199041229130e-01 1.721401356749730771e-01 -1.577304767896066267e+02
1.470000000000000000e+03 -5.916735795701540124e-02 -1.672356895652701014e-01 1.773937769821280486e-01 -1.587976637776423559e+02
1.480000000000000000e+03 -5.317368800556142999e-02 -1.743510239505278170e-01 1.822792381175385446e-01 -1.598636309276459713e+02
1.490000000000000000e+03 -4.638711234942853590e-02 -1.809235101005021162e-01 1.867754820612304023e-01 -1.609285953922386625e+02
1.500000000000000000e+03 -3.887974612064575008e-02 -1.868622216222609600e-01 1.908641520244512557e-01 -1.619927505469461835e+02
1.510000000000000000e+03 -3.073464049162010631e-02 -1.920862127945635600e-01 1.945295125987506479e-01 -1.630562705783923718e+02
1.520000000000000000e+03 -2.204423721546346776e-02 -1.965258954267029567e-01 1.977583777433437051e-01 -1.641193137302726939e+02
1.530000000000000000e+03 -1.290886654340914555e-02 -2.001242426352927706e-01 2.005401489123439518e-01 -1.651820260410098058e+02
1.540000000000000000e+03 -3.435386943301227403e-03 -2.028378957997850618e-01 2.028669856234243674e-01 -1.662445460134799191e+02
1.550000000000000000e+03 6.264649579996542719e-03 -2.046382052851425382e-01 2.047340736093635483e-01 -1.673070072833814379e+02
1.560000000000000000e+03 1.607762857313670135e-02 -2.055117806026233729e-01 2.061397150162882774e-01 -1.683695378860838900e+02
1.570000000000000000e+03 2.589027772238067238e-02 -2.054603133411450899e-01 2.070851197908326891e-01 -1.694322606160007467e+02
1.580000000000000000e+03 3.559153079713212736e-02 -2.045002727709250845e-01 2.075743689087503063e-01 -1.704952955387376505e+02
1.590000000000000000e+03 4.507448063399212973e-02 -2.026626030596721806e-01 2.076146417845966541e-01 -1.715587617710669690e+02
1.600000000000000000e+03 5.423841633500049719e-02 -1.999918590362767257e-01 2.072161902152310775e-01 -1.726227781521718327e+02
1.610000000000000000e+03 6.299072156940568878e-02 -1.965447357762623859e-01 2.063920157496292040e-01 -1.736874631958449697e+02
1.620000000000000000e+03 7.124851761953265861e-02 -1.923884748661464084e-01 2.051576869734661190e-01 -1.747529349551620612e+02
1.630000000000000000e+03 7.893991292653572411e-02 -1.875994032295655867e-01 2.035314372398971394e-01 -1.758193118582117052e+02
1.640000000000000000e+03 8.600488958361622582e-02 -1.822614079649692020e-01 2.015342697053356114e-01 -1.768867141979008579e+02
1.650000000000000000e+03 9.239604415507420010e-02 -1.764641116370921359e-01 1.991898884767360489e-01 -1.779552646630887693e+02
1.660000000000000000e+03 9.807935297978299938e-02 -1.703009288063314919e-01 1.965247206669737401e-01 -1.790250871885629067e+02
1.670000000000000000e+03 1.030345551835285256e-01 -1.638671444930084042e-01 1.935679741232006479e-01 -1.800963061130796632e+02
1.680000000000000000e+03 1.072549011383139572e-01 -1.572578839888200686e-01 1.903514010844960802e-01 -1.811690462120303664e+02
1.690000000000000000e+03 1.107466450096158683e-01 -1.505660196596458056e-01 1.869089234280555123e-01 -1.822434316756114185e+02
1.700000000000000000e+03 1.135285178621783103e-01 -1.438802664160628020e-01 1.832764453822152972e-01 -1.833195835452905271e+02
1.710000000000000000e+03 1.156309130807076369e-01 -1.372836339159746732e-01 1.794917942443428616e-01 -1.843976173968349030e+02
1.720000000000000000e+03 1.170945395991940668e-01 -1.308520713445902595e-01 1.755944070268667945e-01 -1.854776418833168634e+02
1.730000000000000000e+03 1.179690025218046168e-01 -1.246532160497560576e-01 1.716249102768497015e-01 -1.865597557714540358e+02
1.740000000000000000e+03 1.183118329485454423e-01 -1.187453226068662521e-01 1.676250024806957839e-01 -1.876440414834707724e+02
1.750000000000000000e+03 1.181872844273696571e-01 -1.131763788702704471e-01 1.636371807826783875e-01 -1.887305581062473152e+02
1.760000000000000000e+03 1.176642351265556052e-01 -1.079835437511938862e-01 1.597038445028276799e-01 -1.898193373682902632e+02
1.770000000000000000e+03 1.168139526143981560e-01 -1.031929574643033892e-01 1.558662439260932175e-01 -1.909103801086907310e+02
1.780000000000000000e+03 1.157082503762455333e-01 -9.881985564022141566e-02 1.521636062726108019e-01 -1.920036514208190397e+02
1.790000000000000000e+03 1.144178943639724833e-01 -9.486881075330083624e-02 1.486322502165353665e-01 -1.930990749590301050e+02
1.800000000000000000e+03 1.130112484311623644e-01 -9.133418008769986218e-02 1.453047649743885450e-01 -1.941965275864475871e+02
1.810000000000000000e+03 1.115529826249135603e-01 -8.820090466007772523e-02 1.422092385021816729e-01 -1.952958368448059616e+02
1.820000000000000000e+03 1.101027941868787385e-01 -8.544561089238165985e-02 1.393684961120355559e-01 -1.963967823343969883e+02
1.830000000000000000e+03 1.087143024723374179e-01 -8.303783101039052816e-02 1.367994186426135517e-01 -1.974991001867500131e+02
1.840000000000000000e+03 1.074341678774059644e-01 -8.094121802135316457e-02 1.345123830815991295e-01 -1.986024901287231899e+02
1.850000000000000000e+03 1.063014808325320470e-01 -7.911477813928627367e-02 1.325109540650042383e-01 -1.997066250342966214e+02
1.860000000000000000e+03 1.053474387134528262e-01 -7.751421944804377795e-02 1.307919609919668824e-01 -2.008111630648967321e+02
1.870000000000000000e+03 1.045951969610963983e-01 -7.609341842447546467e-02 1.293459066026167448e-01 -2.019157621915407219e+02
1.880000000000000000e+03 1.040600364422918644e-01 -7.480580421781075906e-02 1.281577134980354804e-01 -2.030200941931200020e+02
1.890000000000000000e+03 1.037498712432467496e-01 -7.360543890100729181e-02 1.272076900930136367e-01 -2.041238554171037549e+02
1.900000000000000000e+03 1.036657296573361281e-01 -7.244785088646314708e-02 1.264724262574854763e-01 -2.052267752702193491e+02
1.910000000000000000e+03 1.038022865591607252e-01 -7.129078931510250683e-02 1.259257373854942019e-01 -2.063286224863554992e+02
1.920000000000000000e+03 1.041485624797515719e-01 -7.009495818907766906e-02 1.255397396449716430e-01 -2.074292087689190112e+02
1.930000000000000000e+03 1.046885280789016659e-01 -6.882461344498339018e-02 1.252857347313666436e-01 -2.085283902858352860e+02
1.940000000000000000e+03 1.054017356638853320e-01 -6.744798957261743944e-02 1.251349558610521384e-01 -2.096260664896457797e+02
1.950000000000000000e+03 1.062641284631361260e-01 -6.593765085743388821e-02 1.250593411090381024e-01 -2.107221766645778587e+02
1.960000000000000000e+03 1.072488715180926755e-01 -6.427077631822106230e-02 1.250322083722876232e-01 -2.118166955066864432e+02
1.970000000000000000e+03 1.083270780063734784e-01 -6.242923289854773045e-02 1.250286565140169559e-01 -2.129096277494714400e+02
1.980000000000000000e+03 1.094684527877946428e-01 -6.039946145281414880e-02 1.250257457468005040e-01 -2.140010021800258357e+02
1.990000000000000000e+03 1.106419657268188084e-01 -5.817253167905082206e-02 1.250027520570836104e-01 -2.150908672909371546e+02
2.000000000000000000e+03 1.118164294461024139e-01 -5.574421217609845658e-02 1.249413105630362841e-01 -2.161792882436139962e+02
2.010000000000000000e+03 1.129609194600890987e-01 -5.311469238651593539e-02 1.248252373223578127e-01 -2.172663427743724753e+02
2.020000000000000000e+03 1.140452861786438038e-01 -5.028822964547898650e-02 1.246404161596277593e-01 -2.183521169116665703e+02
2.030000000000000000e+03 1.150407969331441321e-01 -4.727290333189146376e-02 1.243748863253320153e-01 -2.194367017947624845e+02
2.040000000000000000e+03 1.159206631892602951e-01 -4.408038736596162771e-02 1.240188723725996339e-01 -2.205201918608650544e+02
2.050000000000000000e+03 1.166603333033718881e-01 -4.072572782260559104e-02 1.235646319669782001e-01 -2.216026844910583122e+02
2.060000000000000000e+03 1.172377631105116363e-01 -3.722703476248218762e-02 1.230062812069509792e-01 -2.226842795574312106e+02
2.070000000000000000e+03 1.176338317441696785e-01 -3.360505239827171059e-02 1.223397642531086765e-01 -2.237650780897564289e+02
2.080000000000000000e+03 1.178327146946536869e-01 -2.988273579983014364e-02 1.215628502100625508e-01 -2.248451815761082173e+02
2.090000000000000000e+03 1.178221183175663794e-01 -2.608487290280736212e-02 1.206750685071039247e-01 -2.259246923345362177e+02
2.100000000000000000e+03 1.175935288664207573e-01 -2.223758874177802353e-02 1.196776854067047174e-01 -2.270037132107965192e+02
2.110000000000000000e+03 1.171423259261503563e-01 -1.836780348186259001e-02 1.185736089023892437e-01 -2.280823473385834461e+02
2.120000000000000000e+03 1.164676425027600659e-01 -1.450286584677094870e-02 1.173671370866656155e-01 -2.291606997074327126e+02
2.130000000000000000e+03 1.155722783641634083e-01 -1.067010326305805820e-02 1.160637869015482132e-01 -2.302388777822278882e+02
2.140000000000000000e+03 1.144627513564511617e-01 -6.896083658323527536e-03 1.146702987608882035e-01 -2.313169893611303394e+02
2.150000000000000000e+03 1.131492298425945259e-01 -3.205811924708095069e-03 1.131946352265374989e-01 -2.323951397157563861e+02
2.160000000000000000e+03 1.116451728769226187e-01 3.778178482614610910e-04 1.116458121607989545e-01 -2.334734306109450586e+02
2.170000000000000000e+03 1.099669263493882193e-01 3.834381700334860404e-03 1.100337556105199788e-01 -2.345519603143500547e+02
2.180000000000000000e+03 1.081333697533784499e-01 7.146289611525372988e-03 1.083692535243860472e-01 -2.356308229199848085e+02
2.190000000000000000e+03 1.061654013729676632e-01 1.029908345159171075e-02 1.066637875224116239e-01 -2.367101075109241322e+02
2.200000000000000000e+03 1.040852825472995125e-01 1.328163957312110746e-02 1.049292523212734529e-01 -2.377898971429534924e+02
2.210000000000000000e+03 1.019159392655325097e-01 1.608637987684947979e-02 1.031776637355102111e-01 -2.388702665278241852e+02
2.220000000000000000e+03 9.968036868575988474e-02 1.870943222131128333e-02 1.014209976058846607e-01 -2.399512790948439545e+02
2.230000000000000000e+03 9.740120558096482251e-02 2.115062853506177384e-02 9.967117906422870433e-02 -2.410329848600684954e+02
2.240000000000000000e+03 9.510025174319587660e-02 2.341334650207148663e-02 9.793999528305734337e-02 -2.421154190116528468e+02
2.250000000000000000e+03 9.279793526468635423e-02 2.550417330584916001e-02 9.623886764402264649e-02 -2.431986013588790172e+02
2.260000000000000000e+03 9.051287698306946516e-02 2.743242727011017609e-02 9.457863905598425103e-02 -2.442825367915292532e+02
2.270000000000000000e+03 8.826147605511726335e-02 2.920971003841661695e-02 9.296932459664539183e-02 -2.453672150145214914e+02
2.280000000000000000e+03 8.605751242184078720e-02 3.084960579412443157e-02 9.141987542043665538e-02 -2.464526083717126994e+02
2.290000000000000000e+03 8.391199543424604501e-02 3.236734433234152858e-02 8.993813405272142736e-02 -2.475386705501592246e+02
2.300000000000000000e+03 8.183320932839312223e-02 3.377918896926401793e-02 8.853082941216497415e-02 -2.486253390509273231e+02
2.310000000000000000e+03 7.982665236274137655e-02 3.510193954148807527e-02 8.720344366489346521e-02 -2.497125365067355744e+02
2.320000000000000000e+03 7.789505165318624802e-02 3.635265117381422662e-02 8.596019031748108885e-02 -2.508001703806193916e+02
2.330000000000000000e+03 7.603852371284008926e-02 3.754818789525328493e-02 8.480402999059295788e-02 -2.518881355162559146e+02
2.340000000000000000e+03 7.425476302181831245e-02 3.870482214400724347e-02 8.373668902354348964e-02 -2.529763169721346401e+02
2.350000000000000000e+03 7.253932316111751100e-02 3.983803254056902249e-02 8.275881971957113614e-02 -2.540645918634805014e+02
2.360000000000000000e+03 7.088570141203413832e-02 4.096233645125620104e-02 8.186999250166064612e-02 -2.551528302660335044e+02
2.370000000000000000e+03 6.928534124034746444e-02 4.209099862212012377e-02 8.106855540712878949e-02 -2.562408971074228248e+02
2.380000000000000000e+03 6.772785554335045144e-02 4.323578213494722738e-02 8.035169738917509463e-02 -2.573286550321060417e+02
2.390000000000000000e+03 6.620139097977821574e-02 4.440676315512843281e-02 7.971564953993119651e-02 -2.584159677783505344e+02
2.400000000000000000e+03 6.469294332860171803e-02 4.561218137320179056e-02 7.915584631686739536e-02 -2.595027031476450361e+02
2.410000000000000000e+03 6.318857054693796660e-02 4.685830646112260078e-02 7.866699646084017450e-02 -2.605887351619166452e+02
2.420000000000000000e+03 6.167357062727085032e-02 4.814929467572402061e-02 7.824310763055536411e-02 -2.616739458959687568e+02
2.430000000000000000e+03 6.013270340757648907e-02 4.948709941578553068e-02 7.787756434103086656e-02 -2.627582268248733044e+02
2.440000000000000000e+03 5.855049137936059467e-02 5.087143293705415070e-02 7.756328209812796137e-02 -2.638414800850419510e+02
2.450000000000000000e+03 5.691149478616104596e-02 5.229964019490557225e-02 7.729275906132358764e-02 -2.649236202490880601e+02
2.460000000000000000e+03 5.520056507027788772e-02 5.376654005937724079e-02 7.705805093586652610e-02 -2.660045759341035705e+02
2.470000000000000000e+03 5.340314865154939528e-02 5.526440525903612844e-02 7.685083457279083541e-02 -2.670842902156199443e+02
2.480000000000000000e+03 5.150565146592225169e-02 5.678311695562685002e-02 7.666260173073606576e-02 -2.681627199441603580e+02
2.490000000000000000e+03 4.949578243732630917e-02 5.831035670502009161e-02 7.648483626281631087e-02 -2.692398348097164558e+02
2.500000000000000000e+03 4.736285928582971427e-02 5.983168608585598403e-02 7.630904991942775994e-02 -2.703156173208724340e+02
2.510000000000000000e+03 4.509816571591962475e-02 6.133064053715998887e-02 7.612681537828100420e-02 -2.713900633787767447e+02
2.520000000000000000e+03 4.269529583217348406e-02 6.278903330968088614e-02 7.592990840348108617e-02 -2.724631814454480150e+02
2.530000000000000000e+03 4.015043240708789096e-02 6.418734626617610128e-02 7.571045266784583172e-02 -2.735349911186323766e+02
2.540000000000000000e+03 3.746259126716552923e-02 6.550505352124202929e-02 7.546096859484040242e-02 -2.746055226819221389e+02
2.550000000000000000e+03 3.463382002084701428e-02 6.672089168289865868e-02 7.517432325067860410e-02 -2.756748172130841112e+02
2.560000000000000000e+03 3.166934040108302512e-02 6.781323376862948005e-02 7.484371580566039073e-02 -2.767429259957279442e+02
2.570000000000000000e+03 2.857766006196275563e-02 6.876062846817755647e-02 7.446278722929898508e-02 -2.778099094783861460e+02
2.580000000000000000e+03 2.537065479572734455e-02 6.954242444541051948e-02 7.402579903323971977e-02 -2.788758367530535338e+02
2.590000000000000000e+03 2.206353563684631397e-02 7.013938916839833337e-02 7.352777378456674950e-02 -2.799407852071821026e+02
2.600000000000000000e+03 1.867466895279396369e-02 7.053423900404293123e-02 7.296452653430911262e-02 -2.810048401470543809e+02
2.610000000000000000e+03 1.522530679759171411e-02 7.071208494945513401e-02 7.233262697413768427e-02 -2.820680947000662968e+02
2.620000000000000000e+03 1.173923906821816923e-02 7.066087153662717335e-02 7.162938293896232989e-02 -2.831306496351425039e+02
2.630000000000000000e+03 8.242328717182776862e-03 7.037185344296777167e-02 7.085290212602890492e-02 -2.841926125035131463e+02
2.640000000000000000e+03 4.761941001304288712e-03 6.984001123416624934e-02 7.000216604711864687e-02 -2.852540965638126522e+02
2.650000000000000000e+03 1.326318196813644750e-03 6.906430581135072910e-02 6.907704001448652931e-02 -2.863152201109735415e+02
2.660000000000000000e+03 -2.036090803179054030e-03 6.804779102978229799e-02 6.807824564272871304e-02 -2.873761058080347652e+02
2.670000000000000000e+03 -5.297337573149478451e-03 6.679761631924320542e-02 6.700733789143341335e-02 -2.884368797036520959e+02
2.680000000000000000e+03 -8.430649702452112232e-03 6.532490504203980475e-02 6.586667650001003238e-02 -2.894976705994146187e+02
2.690000000000000000e+03 -1.141103579458265134e-02 6.364450604263781341e-02 6.465937586550467298e-02 -2.905586099988456112e+02
2.700000000000000000e+03 -1.421584076882205158e-02 6.177464120915235335e-02 6.338924534401721433e-02 -2.916198320077790527e+02
2.710000000000000000e+03 -1.682523167041272485e-02 5.973646364514612755e-02 6.206072437210932713e-02 -2.926814731917329482e+02
2.720000000000000000e+03 -1.922253895743100335e-02 5.755354964599571077e-02 6.067880256583880333e-02 -2.937436733498935268e+02
2.730000000000000000e+03 -2.139446269083785171e-02 5.525136188645921043e-02 5.924893268353557951e-02 -2.948065770678321655e+02
2.740000000000000000e+03 -2.333122842322843393e-02 5.285671514344184030e-02 5.777697253657218535e-02 -2.958703348305350005e+02
2.750000000000000000e+03 -2.502671848747249975e-02 5.039726604787166803e-02 5.626918395846128296e-02 -2.969351034290930897e+02
2.760000000000000000e+03 -2.647853314853891582e-02 4.790100713198291310e-02 5.473225010865670481e-02 -2.980010462712845083e+02
2.770000000000000000e+03 -2.768795395947308557e-02 4.539572934720764730e-02 5.317325490720716669e-02 -2.990683335970917938e+02
2.780000000000000000e+03 -2.865983377262910220e-02 4.290848566263392311e-02 5.159965323270295640e-02 -3.001371421574765463e+02
2.790000000000000000e+03 -2.940242921457565661e-02 4.046510389991150869e-02 5.001927105975021576e-02 -3.012076543807137341e+02
2.800000000000000000e+03 -2.992718487870918084e-02 3.808974112300092529e-02 4.844032177413427898e-02 -3.022800567395339044e+02
2.810000000000000000e+03 -3.024848233523747681e-02 3.580446538093177283e-02 4.687142439482201023e-02 -3.033545367482352049e+02
2.820000000000000000e+03 -3.038335411534342015e-02 3.362888439227040838e-02 4.532162919365370635e-02 -3.044312785388823954e+02
2.830000000000000000e+03 -3.035113527190096833e-02 3.157985614111376294e-02 4.380044207752556429e-02 -3.055104577614650907e+02
2.840000000000000000e+03 -3.017304886117125329e-02 2.967126985018535626e-02 4.231781105044478408e-02 -3.065922356598128431e+02
2.850000000000000000e+03 -2.987175141295094274e-02 2.791386606980816171e-02 4.088404886309970204e-02 -3.076767512792098387e+02
2.860000000000000000e+03 -2.947085231928037868e-02 2.631508171525181322e-02 3.950967808151838179e-02 -3.087641111405661150e+02
2.870000000000000000e+03 -2.899441816123831880e-02 2.487893947038599327e-02 3.820520793923096181e-02 -3.098543765596536446e+02
2.880000000000000000e+03 -2.846648949847922772e-02 2.360602073684977750e-02 3.698087667153943797e-02 -3.109475494715571244e+02
2.890000000000000000e+03 -2.791062950473899296e-02 2.249353435995210190e-02 3.584637118807359329e-02 -3.120435579798709114e+02
2.900000000000000000e+03 -2.734949170845717148e-02 2.153546497382525723e-02 3.481050054724611764e-02 -3.131422434200233624e+02
2.910000000000000000e+03 -2.680437098009096422e-02 2.072277274160306410e-02 3.388078531761726242e-02 -3.142433513001121241e+02
2.920000000000000000e+03 -2.629475350755585902e-02 2.004364572231383257e-02 3.306299738173704150e-02 -3.153465284625481218e+02
2.930000000000000000e+03 -2.583792012179053979e-02 1.948379803780476288e-02 3.236072468592125079e-02 -3.164513277390300345e+02
2.940000000000000000e+03 -2.544860044990489983e-02 1.902679655360460867e-02 3.177499412983675331e-02 -3.175572212423176666e+02
2.950000000000000000e+03 -2.513865191037068306e-02 1.865443347753310832e-02 3.130398869534825601e-02 -3.186636233168885042e+02
2.960000000000000000e+03 -2.491678360827848451e-02 1.834716245344567009e-02 3.094292286573623041e-02 -3.197699216615058049e+02
2.970000000000000000e+03 -2.478836781152705601e-02 1.808458577049557384e-02 3.068412327654094357e-02 -3.208755122813512912e+02
2.980000000000000000e+03 -2.475534900875603697e-02 1.784597539595449145e-02 3.051730889803902155e-02 -3.219798334296604594e+02
2.990000000000000000e+03 -2.481623444860881281e-02 1.761082082331223014e-02 3.043002632728283516e-02 -3.230823946605012225e+02
3.000000000000000000e+03 -2.496617332880920678e-02 1.735939377214785681e-02 3.040819565216966100e-02 -3.241827978349138561e+02
3.010000000000000000e+03 -2.519714443553875208e-02 1.707331096393802095e-02 3.043672181718536790e-02 -3.252807482720277790e+02
3.020000000000000000e+03 -2.549826614078882017e-02 1.673607080872115821e-02 3.050012528336606618e-02 -3.263760560669174993e+02
3.030000000000000000e+03 -2.585622202267509953e-02 1.633353553604661654e-02 3.058314242181739070e-02 -3.274686292560297716e+02
3.040000000000000000e+03 -2.625575700014388253e-02 1.585432964310842102e-02 3.067123316860525042e-02 -3.285584617747672951e+02
3.050000000000000000e+03 -2.668020080127400315e-02 1.529013946482869063e-02 3.075095900374838487e-02 -3.296456192442742008e+02
3.060000000000000000e+03 -2.711201073306648140e-02 1.463590986535197314e-02 3.081024153713533137e-02 -3.307302246193366386e+02
3.070000000000000000e+03 -2.753333601887653082e-02 1.388992528209963793e-02 3.083852487831858710e-02 -3.318124445562859250e+02
3.080000000000000000e+03 -2.792660033792761926e-02 1.305377979950806712e-02 3.082687420885198842e-02 -3.328924772805565908e+02
3.090000000000000000e+03 -2.827509318735144800e-02 1.213225734938708743e-02 3.076804451285725106e-02 -3.339705428150917896e+02
3.100000000000000000e+03 -2.856354761687885865e-02 1.113312883983855021e-02 3.065652965073102990e-02 -3.350468758752419944e+02
3.110000000000000000e+03 -2.877867461416946937e-02 1.006685763190871309e-02 3.048858368519864401e-02 -3.361217210654823475e+02
3.120000000000000000e+03 -2.890961987050464851e-02 8.946194351550251778e-03 3.026219612706234144e-02 -3.371953294030255392e+02
3.130000000000000000e+03 -2.894831840579341342e-02 7.785646094891197563e-03 2.997701492207141549e-02 -3.382679548259831677e+02
3.140000000000000000e+03 -2.888973387022564926e-02 6.600848553065100967e-03 2.963423568633017161e-02 -3.393398503355049911e+02
3.150000000000000000e+03 -2.873196287657233186e-02 5.407915286810094889e-03 2.923647103345485693e-02 -3.404112649492532796e+02
3.160000000000000000e+03 -2.847619952474609445e-02 4.222821847786285485e-03 2.878760434164834986e-02 -3.414824421597840001e+02
3.170000000000000000e+03 -2.812657906405507946e-02 3.060821840238118693e-03 2.829263296662613836e-02 -3.425536185990473541e+02
3.180000000000000000e+03 -2.768990422895510617e-02 1.935883968669598965e-03 2.775749345580140470e-02 -3.436250214535760961e+02
3.190000000000000000e+03 -2.717524870853342892e-02 8.601850442578226315e-04 2.718885912797763121e-02 -3.446968647279420566e+02
3.200000000000000000e+03 -2.659346281793833339e-02 -1.562822565402085834e-04 2.659392202727491397e-02 -3.457693453898248208e+02
3.210000000000000000e+03 -2.595662272977997467e-02 -1.105961138985003334e-03 2.598017347088112453e-02 -3.468426397430818042e+02
3.220000000000000000e+03 -2.527745009810906246e-02 -1.983862672410525996e-03 2.535518082296747688e-02 -3.479168990934078920e+02
3.230000000000000000e+03 -2.456874380661120197e-02 -2.787585755327099454e-03 2.472637875990333842e-02 -3.489922445300372829e+02
3.240000000000000000e+03 -2.384285356096933414e-02 -3.517190880894294040e-03 2.410087752805847514e-02 -3.500687627845246652e+02
3.250000000000000000e+03 -2.311119757840169112e-02 -4.174932979301309438e-03 2.348526173772772646e-02 -3.511465039654405587e+02
3.260000000000000000e+03 -2.238386830616109768e-02 -4.764903538520740174e-03 2.288540727360932961e-02 -3.522254805436528500e+02
3.270000000000000000e+03 -2.166936368949644309e-02 -5.292631627138139061e-03 2.230635049146878837e-02 -3.533056672297600471e+02
3.280000000000000000e+03 -2.097444224453687625e-02 -5.764682415628510047e-03 2.175221346949476886e-02 -3.543870016280133086e+02
3.290000000000000000e+03 -2.030407854709212132e-02 -6.188253570284666175e-03 2.122616517170794817e-02 -3.554693867719313971e+02
3.300000000000000000e+03 -1.966150515794690135e-02 -6.570768173848095042e-03 2.073040712264058796e-02 -3.565526965762285840e+02
3.310000000000000000e+03 -1.904835337002836609e-02 -6.919498814451655044e-03 2.026620906713115164e-02 -3.576367837642727636e+02
3.320000000000000000e+03 -1.846488096761774930e-02 -7.241278144152313648e-03 1.983400963772252723e-02 -3.587214882558419049e+02
3.330000000000000000e+03 -1.791022801700649716e-02 -7.542297960216371583e-03 1.943354126611638796e-02 -3.598066450870120434e+02
3.340000000000000000e+03 -1.738267895475604716e-02 -7.827984848516402611e-03 1.906396796138519478e-02 -3.608920916604071181e+02
3.350000000000000000e+03 -1.687992046783284156e-02 -8.102991559290916024e-03 1.872405370667104899e-02 -3.619776717436957938e+02
3.360000000000000000e+03 -1.639924437159800269e-02 -8.371254306494197925e-03 1.841230878036174967e-02 -3.630632368438888875e+02
3.370000000000000000e+03 -1.593770192659569110e-02 -8.636055010320982037e-03 1.812710094974654546e-02 -3.641486473068049463e+02
3.380000000000000000e+03 -1.549221605792484163e-02 -8.900102279778514605e-03 1.786674505823438938e-02 -3.652337721378574429e+02
3.390000000000000000e+03 -1.505963154784194756e-02 -9.165620696320259456e-03 1.762955203927685580e-02 -3.663184870558964121e+02
3.400000000000000000e+03 -1.463672080970789338e-02 -9.434417172181868219e-03 1.741383999697069043e-02 -3.674026722611129117e+02
3.410000000000000000e+03 -1.422019382515830009e-02 -9.707898773003178355e-03 1.721793283213600076e-02 -3.684862123330858594e+02
3.420000000000000000e+03 -1.380671643466444866e-02 -9.987051356418091483e-03 1.704014710919380185e-02 -3.695689979773988512e+02
3.430000000000000000e+03 -1.339291542387233830e-02 -1.027240851566239843e-02 1.687876062581761261e-02 -3.706509274190195811e+02
3.440000000000000000e+03 -1.297538719531704694e-02 -1.056401730730440955e-02 1.673197939687426014e-02 -3.717319074996624408e+02
3.450000000000000000e+03 -1.255073645605937066e-02 -1.086140801531799635e-02 1.659792666764953878e-02 -3.728118551132374705e+02
3.460000000000000000e+03 -1.211564586080329103e-02 -1.116357075070433490e-02 1.647465285007187336e-02 -3.738906991693551731e+02
3.470000000000000000e+03 -1.166695884403033331e-02 -1.146892907559864984e-02 1.636014250577939519e-02 -3.749683830862340983e+02
3.480000000000000000e+03 -1.120175781786985313e-02 -1.177532322209619287e-02 1.625231107243047673e-02 -3.760448665580103125e+02
3.490000000000000000e+03 -1.071744021562337848e-02 -1.208000875780510137e-02 1.614899799876479136e-02 -3.771201264278790859e+02
3.500000000000000000e+03 -1.021180904104692852e-02 -1.237966642961553683e-02 1.604796512955326826e-02 -3.781941577060465534e+02
3.510000000000000000e+03 -9.683191350210321527e-03 -1.267043987945172534e-02 1.594691949762049379e-02 -3.792669750340431847e+02
3.520000000000000000e+03 -9.130572950983285169e-03 -1.294801281624110081e-02 1.584356015240171237e-02 -3.803386142280897957e+02
3.530000000000000000e+03 -8.553716009881197693e-03 -1.320770718727154978e-02 1.573561523177287313e-02 -3.814091335064422310e+02
3.540000000000000000e+03 -7.953243131731221882e-03 -1.344460614799697015e-02 1.562086779878722916e-02 -3.824786135675831247e+02
3.550000000000000000e+03 -7.330695629122173547e-03 -1.365372054327713448e-02 1.549719920116983569e-02 -3.835471564849173092e+02
3.560000000000000000e+03 -6.688561963234974407e-03 -1.383017943366389099e-02 1.536264053811627062e-02 -3.846148842829993555e+02
3.570000000000000000e+03 -6.030266668935918215e-03 -1.396942134011332388e-02 1.521541483746312491e-02 -3.856819375408699671e+02
3.580000000000000000e+03 -5.360113849482730369e-03 -1.406739253025648256e-02 1.505398130328759396e-02 -3.867484733974744131e+02
3.590000000000000000e+03 -4.683193485947335748e-03 -1.412074465881582065e-02 1.487708744836485457e-02 -3.878146635981091208e+02
3.600000000000000000e+03 -4.005263452028460028e-03 -1.412699671937758111e-02 1.468380644211370219e-02 -3.888806940338960203e+02
3.610000000000000000e+03 -3.332594849047395245e-03 -1.408465088257727926e-02 1.447354755794107856e-02 -3.899467645872240382e+02
3.620000000000000000e+03 -2.671775165666045049e-03 -1.399327091783929972e-02 1.424605255907463418e-02 -3.910130878568935486e+02
3.630000000000000000e+03 -2.029495028830130641e-03 -1.385352931823012786e-02 1.400139723895825819e-02 -3.920798876096184813e+02
3.640000000000000000e+03 -1.412344828675691057e-03 -1.366722765402169498e-02 1.374000835741893967e-02 -3.931473982735606683e+02
3.650000000000000000e+03 -8.266300358548431476e-04 -1.343729220647991648e-02 1.346269434617392187e-02 -3.942158658905594280e+02
3.660000000000000000e+03 -2.781924708906441542e-04 -1.316775564111603847e-02 1.317069397089627551e-02 -3.952855493647832645e+02
3.670000000000000000e+03 2.277617651639299008e-04 -1.286371937732949840e-02 1.286573556546041427e-02 -3.963567218149586893e+02
3.680000000000000000e+03 6.868241030467987914e-04 -1.253127438098564951e-02 1.255008226905598122e-02 -3.974296716963457925e+02
3.690000000000000000e+03 1.095550020963098701e-03 -1.217737469867031554e-02 1.222655652259654890e-02 -3.985047012383750484e+02
3.700000000000000000e+03 1.451621419482522230e-03 -1.180967722298020654e-02 1.189855793180324625e-02 -3.995821212501684272e+02
3.710000000000000000e+03 1.753978166392277348e-03 -1.143635467691976083e-02 1.157007552717290166e-02 -4.006622428902897468e+02
3.720000000000000000e+03 2.002910699774111160e-03 -1.106587881395400264e-02 1.124568029051091489e-02 -4.017453654960447693e+02
3.730000000000000000e+03 2.200124941286494846e-03 -1.070678779794646124e-02 1.093050111877429641e-02 -4.028317580772089741e+02
3.740000000000000000e+03 2.348788376201818920e-03 -1.036743655543818227e-02 1.063017156809882915e-02 -4.039216322624923805e+02
3.750000000000000000e+03 2.453533669375530628e-03 -1.005571131760176797e-02 1.035070807093426033e-02 -4.050151076528057388e+02
3.760000000000000000e+03 2.520396560286949483e-03 -9.778722705106959040e-03 1.009830760892540050e-02 -4.061121729745191260e+02
3.770000000000000000e+03 2.556687580930764626e-03 -9.542514915539370216e-03 9.879081045308666167e-03 -4.072126479900265394e+02
3.780000000000000000e+03 2.570797547141644157e-03 -9.351809621731703437e-03 9.698728949171802130e-03 -4.083161539562182725e+02
3.790000000000000000e+03 2.571951825254998290e-03 -9.209785267054234476e-03 9.562169254760227374e-03 -4.094221006040216366e+02
3.800000000000000000e+03 2.569936344756249252e-03 -9.117898879114020444e-03 9.473154320808238604e-03 -4.105296965850035917e+02
3.810000000000000000e+03 2.574793601765478727e-03 -9.075763661351932132e-03 9.433930682828271450e-03 -4.116379893627986348e+02
3.820000000000000000e+03 2.596489985987607101e-03 -9.081084109166378746e-03 9.444990674695664251e-03 -4.127459331858662495e+02
3.830000000000000000e+03 2.644569654858824979e-03 -9.129655041740947913e-03 9.504964483920286950e-03 -4.138524744878554884e+02
3.840000000000000000e+03 2.727816938453184615e-03 -9.215426580909262186e-03 9.610674914793500972e-03 -4.149566376152241673e+02
3.850000000000000000e+03 2.853931742051978981e-03 -9.330621832103423371e-03 9.757326998825902389e-03 -4.160575948399242634e+02
3.860000000000000000e+03 3.029222900840988428e-03 -9.465907041797637367e-03 9.938792054718400062e-03 -4.171547100564239940e+02
3.870000000000000000e+03 3.258330328910434733e-03 -9.610628832348212455e-03 1.014795068402780248e-02 -4.182475533254872744e+02
3.880000000000000000e+03 3.543989794493799302e-03 -9.753121426745376896e-03 1.037705359089544088e-02 -4.193358901600093418e+02
3.890000000000000000e+03 3.886849328971525314e-03 -9.881067186361986929e-03 1.061805473933554247e-02 -4.204196536772245736e+02
3.900000000000000000e+03 4.285333012594562223e-03 -9.981900887411260942e-03 1.086289208060793078e-02 -4.214989098616903789e+02
3.910000000000000000e+03 4.735569602938144093e-03 -1.004325026617716721e-02 1.110371538600208631e-02 -4.225738225063172422e+02
3.920000000000000000e+03 5.231416072090065705e-03 -1.005340252481269972e-02 1.133307621280438618e-02 -4.236446209316663385e+02
3.930000000000000000e+03 5.764583926036951321e-03 -1.000178128657336005e-02 1.154409185448438194e-02 -4.247115731646048289e+02
3.940000000000000000e+03 6.324861370832857675e-03 -9.879403476713380719e-03 1.173057903157172059e-02 -4.257749658207142147e+02
3.950000000000000000e+03 6.900435711795540814e-03 -9.679281505192979113e-03 1.188715708104314157e-02 -4.268350891945757439e+02
3.960000000000000000e+03 7.478310463273120552e-03 -9.396753015230279588e-03 1.200933364572487859e-02 -4.278922266028713466e+02
3.970000000000000000e+03 8.044790185570258392e-03 -9.029721859456241520e-03 1.209357374761445107e-02 -4.289466480186589479e+02
3.980000000000000000e+03 8.586001959271827993e-03 -8.578781621897008450e-03 1.213733594166436364e-02 -4.299986069007431979e+02
3.990000000000000000e+03 9.088433001005447390e-03 -8.047212035219162424e-03 1.213907887582665879e-02 -4.310483387141225649e+02
4.000000000000000000e+03 9.539460346812890512e-03 -7.440856226551929159e-03 1.209824967061897370e-02 -4.320960607081116223e+02
4.010000000000000000e+03 9.927836672597757650e-03 -6.767888902320190470e-03 1.201525119137863626e-02 -4.331419732808936374e+02
4.020000000000000000e+03 1.024409863231369629e-02 -6.038483847716310214e-03 1.189137687434479312e-02 -4.341862626539572148e+02
4.030000000000000000e+03 1.048087229835800716e-02 -5.264389352682286548e-03 1.172870322717404698e-02 -4.352291036593652507e+02
4.040000000000000000e+03 1.063306972660234793e-02 -4.458440991307683655e-03 1.152995524205363033e-02 -4.362706617812631293e+02
4.050000000000000000e+03 1.069797637529477236e-02 -3.634062010865545412e-03 1.129836736989823717e-02 -4.373110955547999197e+02
4.060000000000000000e+03 1.067522545864883245e-02 -2.804790153358338329e-03 1.103753987070307460e-02 -4.383505606030074091e+02
4.070000000000000000e+03 1.056668471945467619e-02 -1.983835494976537821e-03 1.075129895554419700e-02 -4.393892133893648975e+02
4.080000000000000000e+03 1.037627528467872408e-02 -1.183671603548915345e-03 1.044357061777640219e-02 -4.404272132000318152e+02
4.090000000000000000e+03 1.010972626219691986e-02 -4.156860230699604020e-04 1.011826862493429846e-02 -4.414647236735249294e+02
4.100000000000000000e+03 9.774276246028801643e-03 3.100810778976311366e-04 9.779193545919471348e-03 -4.425019158235886607e+02
4.110000000000000000e+03 9.378336761670177588e-03 9.851341066302776641e-04 9.429935822864358649e-03 -4.435389696193478812e+02
4.120000000000000000e+03 8.931141890597569730e-03 1.602676883916217708e-03 9.073801224637122534e-03 -4.445760710306058741e+02
4.130000000000000000e+03 8.442413065745812614e-03 2.157693425970720093e-03 8.713780998691260729e-03 -4.456134079496700338e+02
4.140000000000000000e+03 7.922042369802546891e-03 2.646934308479458216e-03 8.352545512737561892e-03 -4.466511685556656062e+02
4.150000000000000000e+03 7.379786832835905433e-03 3.068830521561919777e-03 7.992432324903866667e-03 -4.476895405448013889e+02
4.160000000000000000e+03 6.824994190701624656e-03 3.423359105054268187e-03 7.635439297464742883e-03 -4.487287093836484928e+02
4.170000000000000000e+03 6.266379562468260209e-03 3.711884475596114938e-03 7.283240980572546625e-03 -4.497688545188959779e+02
4.180000000000000000e+03 5.711839945052403326e-03 3.936991302929040287e-03 6.937219621522381849e-03 -4.508101421452134332e+02
4.190000000000000000e+03 5.168304354858693946e-03 4.102303487307955993e-03 6.598504664424384263e-03 -4.518527155766175838e+02
4.200000000000000000e+03 4.641637612991285876e-03 4.212289950639729399e-03 6.268028905373354553e-03 -4.654630562197318113e+02
