0.000000000000000000e+00 7.030565570248890062e-01 1.879474833830693803e-01
1.000000000000000000e+01 7.035826272787586433e-01 1.874161662947934348e-01
2.000000000000000000e+01 7.038972110056228582e-01 1.870955121704102331e-01
3.000000000000000000e+01 7.040250717209142195e-01 1.869628721446529029e-01
4.000000000000000000e+01 7.040007464667344950e-01 1.869848047834102300e-01
5.000000000000000000e+01 7.038735526559437572e-01 1.871129272427781709e-01
6.000000000000000000e+01 7.036983378575109027e-01 1.872900990103896768e-01
7.000000000000000000e+01 7.035345582149887811e-01 1.874565349395020952e-01
8.000000000000000000e+01 7.034398807390848107e-01 1.875552063743526343e-01
9.000000000000000000e+01 7.034648718075932061e-01 1.875363802134137059e-01
1.000000000000000000e+02 7.036487698942961444e-01 1.873609650600927268e-01
1.100000000000000000e+02 7.040171128859966654e-01 1.870022379050539363e-01
1.200000000000000000e+02 7.045832370574647285e-01 1.864464969446041898e-01
1.300000000000000000e+02 7.053478217865022382e-01 1.856929175905332741e-01
1.400000000000000000e+02 7.062998743384930611e-01 1.847525452250006472e-01
1.500000000000000000e+02 7.074189619667951012e-01 1.836464552991153298e-01
1.600000000000000000e+02 7.086767025348522653e-01 1.824033580361243412e-01
1.700000000000000000e+02 7.100388256533158859e-01 1.810571838500916464e-01
1.800000000000000000e+02 7.114682413005996020e-01 1.796446326633268364e-01
1.900000000000000000e+02 7.129277154367085201e-01 1.782028061657269513e-01
2.000000000000000000e+02 7.143817813523035687e-01 1.767671804827624926e-01
2.100000000000000000e+02 7.157982084096945474e-01 1.753700368221475792e-01
2.200000000000000000e+02 7.171491167542791700e-01 1.740393457576742131e-01
2.300000000000000000e+02 7.184115251056057971e-01 1.727980946323234290e-01
2.400000000000000000e+02 7.195675165554011876e-01 1.716640664914929892e-01
2.500000000000000000e+02 7.206041568588360535e-01 1.706499958731675093e-01
2.600000000000000000e+02 7.215131464731614486e-01 1.697640023545044230e-01
2.700000000000000000e+02 7.222902315806460916e-01 1.690102090893779441e-01
2.800000000000000000e+02 7.229344751749121611e-01 1.683894390294157495e-01
2.900000000000000000e+02 7.234475502735637775e-01 1.678999153019886115e-01
3.000000000000000000e+02 7.238331483066798855e-01 1.675379091392569242e-01
3.100000000000000000e+02 7.240964379831776876e-01 1.672982877058716566e-01
3.200000000000000000e+02 7.242435528299135949e-01 1.671749615395763944e-01
3.300000000000000000e+02 7.242811535863222794e-01 1.671612342408366758e-01
3.400000000000000000e+02 7.242161681632262038e-01 1.672500474471520782e-01
3.500000000000000000e+02 7.240557046889961601e-01 1.674341457371804898e-01
3.600000000000000000e+02 7.238070152173247118e-01 1.677061804021163505e-01
3.700000000000000000e+02 7.234774660963021464e-01 1.680587680953679885e-01
3.800000000000000000e+02 7.230744719347386162e-01 1.684845369120251124e-01
3.900000000000000000e+02 7.226053907674099275e-01 1.689761781806576602e-01
4.000000000000000000e+02 7.220774274763744893e-01 1.695265045096582823e-01
4.100000000000000000e+02 7.214975571467324711e-01 1.701285021498807892e-01
4.200000000000000000e+02 7.208724866678116738e-01 1.707753834101787271e-01
4.300000000000000000e+02 7.202086765636774857e-01 1.714606486021656995e-01
4.400000000000000000e+02 7.195123107431611320e-01 1.721781304494355291e-01
4.500000000000000000e+02 7.187892254413135174e-01 1.729220182436751463e-01
4.600000000000000000e+02 7.180448529864434937e-01 1.736868642790999617e-01
4.700000000000000000e+02 7.172842298061977706e-01 1.744675628702357095e-01
4.800000000000000000e+02 7.165120764358811067e-01 1.752593041516369021e-01
4.900000000000000000e+02 7.157329061705410833e-01 1.760575114587652201e-01
5.000000000000000000e+02 7.149511730165793999e-01 1.768577645775591123e-01
5.100000000000000000e+02 7.141713254381767406e-01 1.776557072031592910e-01
5.200000000000000000e+02 7.133978338671119745e-01 1.784469606675175291e-01
5.300000000000000000e+02 7.126352121708363629e-01 1.792270530411125273e-01
5.400000000000000000e+02 7.118880323634622087e-01 1.799913878475824514e-01
5.500000000000000000e+02 7.111609467542958640e-01 1.807352566814180994e-01
5.600000000000000000e+02 7.104586732750436395e-01 1.814538891566947199e-01
5.700000000000000000e+02 7.097859207029311168e-01 1.821425467127472386e-01
5.800000000000000000e+02 7.091472433552843402e-01 1.827966445208646928e-01
5.900000000000000000e+02 7.085468787634146004e-01 1.834118887468006720e-01
6.000000000000000000e+02 7.079885995280048583e-01 1.839844278607309924e-01
6.100000000000000000e+02 7.074755760331179477e-01 1.845110148210510337e-01
6.200000000000000000e+02 7.070102434308241923e-01 1.849891613264607881e-01
6.300000000000000000e+02 7.065941957238168758e-01 1.854172624722769391e-01
6.400000000000000000e+02 7.062281056395121048e-01 1.857946648897403630e-01
6.500000000000000000e+02 7.059116667844403947e-01 1.861216707636324796e-01
6.600000000000000000e+02 7.056435880966740459e-01 1.863995039399441722e-01
6.700000000000000000e+02 7.054216460192853644e-01 1.866302587079808617e-01
6.800000000000000000e+02 7.052427914612245941e-01 1.868168262919340239e-01
6.900000000000000000e+02 7.051033037840809259e-01 1.869627888311228281e-01
7.000000000000000000e+02 7.049989620564175441e-01 1.870722876241328603e-01
7.100000000000000000e+02 7.049251970359804442e-01 1.871498752112937536e-01
7.200000000000000000e+02 7.048772172607378206e-01 1.872003639810304598e-01
7.300000000000000000e+02 7.048501189276046297e-01 1.872286896116143184e-01
7.400000000000000000e+02 7.048389741972211908e-01 1.872397958894185810e-01
7.500000000000000000e+02 7.048389179763335788e-01 1.872385174984992073e-01
7.600000000000000000e+02 7.048452876820102686e-01 1.872294427751520218e-01
7.700000000000000000e+02 7.048538067825899089e-01 1.872167737366579043e-01
7.800000000000000000e+02 7.048607372524842152e-01 1.872042104736636736e-01
7.900000000000000000e+02 7.048629705569631199e-01 1.871948739411679330e-01
8.000000000000000000e+02 7.048580854727153344e-01 1.871912611754605049e-01
8.100000000000000000e+02 7.048443623196124497e-01 1.871952299636236161e-01
8.200000000000000000e+02 7.048207134955305486e-01 1.872080049506648636e-01
8.300000000000000000e+02 7.047865778054868136e-01 1.872301940345422189e-01
8.400000000000000000e+02 7.047418630326252043e-01 1.872618315508637332e-01
8.500000000000000000e+02 7.046869514312644744e-01 1.873024422141635892e-01
8.600000000000000000e+02 7.046227155614386284e-01 1.873510953219414965e-01
8.700000000000000000e+02 7.045504818697529981e-01 1.874064512341448718e-01
8.800000000000000000e+02 7.044719533483931873e-01 1.874668224185388199e-01
8.900000000000000000e+02 7.043891424747373842e-01 1.875302405516993398e-01
9.000000000000000000e+02 7.043043145975591557e-01 1.875945131520910525e-01
9.100000000000000000e+02 7.042199301483571539e-01 1.876572738090019066e-01
9.200000000000000000e+02 7.041385833611796263e-01 1.877160371228914493e-01
9.300000000000000000e+02 7.040629272794476368e-01 1.877682605465348376e-01
9.400000000000000000e+02 7.039955910087509761e-01 1.878114073925630234e-01
9.500000000000000000e+02 7.039391012648711365e-01 1.878430140357127409e-01
9.600000000000000000e+02 7.038958084247086688e-01 1.878607685271189431e-01
9.700000000000000000e+02 7.038678192789352694e-01 1.878625961688041857e-01
9.800000000000000000e+02 7.038569383487529585e-01 1.878467447847462501e-01
9.900000000000000000e+02 7.038645991600541718e-01 1.878118684857989495e-01
1.000000000000000000e+03 7.038917797749488781e-01 1.877571034472250711e-01
1.010000000000000000e+03 7.039389290222615170e-01 1.876821220736160090e-01
1.020000000000000000e+03 7.040059321267130299e-01 1.875871564792607193e-01
1.030000000000000000e+03 7.040921219627478411e-01 1.874729892148369603e-01
1.040000000000000000e+03 7.041963150971735086e-01 1.873409201840190996e-01
1.050000000000000000e+03 7.043168354872096915e-01 1.871927240119196090e-01
1.060000000000000000e+03 7.044515325974541886e-01 1.870305977783348894e-01
1.070000000000000000e+03 7.045978477865050271e-01 1.868570869094575981e-01
1.080000000000000000e+03 7.047529377989537602e-01 1.866749967814674005e-01
1.090000000000000000e+03 7.049137988170131042e-01 1.864873063660599517e-01
1.100000000000000000e+03 7.050773543316819492e-01 1.862970839541988055e-01
1.110000000000000000e+03 7.052405289070893257e-01 1.861074004517931368e-01
1.120000000000000000e+03 7.054003390601946144e-01 1.859212464479491900e-01
1.130000000000000000e+03 7.055539956336869256e-01 1.857414547487524492e-01
1.140000000000000000e+03 7.056989746620315751e-01 1.855706264641181491e-01
1.150000000000000000e+03 7.058330259905762905e-01 1.854110709996746875e-01
1.160000000000000000e+03 7.059541595413750814e-01 1.852647708214762434e-01
1.170000000000000000e+03 7.060606848625522458e-01 1.851333604657451337e-01
1.180000000000000000e+03 7.061512924176417405e-01 1.850181019241239067e-01
1.190000000000000000e+03 7.062251077360032214e-01 1.849198622185327656e-01
1.200000000000000000e+03 7.062817050654768281e-01 1.848391079698700756e-01
1.210000000000000000e+03 7.063210869851053175e-01 1.847759200165213500e-01
1.220000000000000000e+03 7.063436224194880042e-01 1.847300108518770967e-01
1.230000000000000000e+03 7.063499941145745531e-01 1.847007302609886270e-01
1.240000000000000000e+03 7.063411995980336533e-01 1.846870685405296031e-01
1.250000000000000000e+03 7.063185495168496919e-01 1.846876702799223335e-01
1.260000000000000000e+03 7.062836261372535951e-01 1.847008585153970817e-01
1.270000000000000000e+03 7.062382583173750783e-01 1.847246618917037231e-01
1.280000000000000000e+03 7.061845436757027139e-01 1.847568370701812013e-01
1.290000000000000000e+03 7.061248948531979597e-01 1.847948898349459079e-01
1.300000000000000000e+03 7.060620567081419274e-01 1.848360952432577808e-01
1.310000000000000000e+03 7.059990599123492361e-01 1.848775042696655380e-01
1.320000000000000000e+03 7.059391592489169254e-01 1.849159390783842172e-01
1.330000000000000000e+03 7.058858087319740404e-01 1.849479986615941707e-01
1.340000000000000000e+03 7.058426399930546324e-01 1.849700939509669184e-01
1.350000000000000000e+03 7.058133975153298989e-01 1.849785118743941525e-01
1.360000000000000000e+03 7.058018563763277520e-01 1.849694943325624064e-01
1.370000000000000000e+03 7.058117553087976948e-01 1.849393149145918680e-01
1.380000000000000000e+03 7.058467111785780013e-01 1.848843537230097089e-01
1.390000000000000000e+03 7.059100981801443853e-01 1.848011909725090496e-01
1.400000000000000000e+03 7.060049421200808029e-01 1.846867248390752780e-01
1.410000000000000000e+03 7.061338523765752218e-01 1.845383021502260690e-01
1.420000000000000000e+03 7.062989424200664113e-01 1.843538435291708633e-01
1.430000000000000000e+03 7.065016999529611930e-01 1.841319522044609358e-01
1.440000000000000000e+03 7.067428576628086434e-01 1.838720101915542748e-01
1.450000000000000000e+03 7.070222776338503934e-01 1.835742575501819462e-01
1.460000000000000000e+03 7.073388514287792805e-01 1.832398402672990312e-01
1.470000000000000000e+03 7.076904644908643682e-01 1.828708161429208334e-01
1.480000000000000000e+03 7.080740512735698156e-01 1.824701269841983164e-01
1.490000000000000000e+03 7.084857188196613809e-01 1.820415427471389902e-01
1.500000000000000000e+03 7.089208803159019467e-01 1.815895634644421885e-01
1.510000000000000000e+03 7.093743802840077883e-01 1.811192688917584726e-01
1.520000000000000000e+03 7.098406499797195179e-01 1.806361324239944832e-01
1.530000000000000000e+03 7.103139275574037459e-01 1.801458262210621497e-01
1.540000000000000000e+03 7.107884993007937968e-01 1.796540249075499751e-01
1.550000000000000000e+03 7.112588752799079428e-01 1.791662106680676492e-01
1.560000000000000000e+03 7.117199072947471006e-01 1.786875022563496340e-01
1.570000000000000000e+03 7.121669083238513220e-01 1.782225213268493480e-01
1.580000000000000000e+03 7.125957753981877474e-01 1.777752911244051270e-01
1.590000000000000000e+03 7.130030926357071586e-01 1.773491796180301783e-01
1.600000000000000000e+03 7.133861845182165595e-01 1.769468905338945908e-01
1.610000000000000000e+03 7.137431036923814753e-01 1.765704840969153089e-01
1.620000000000000000e+03 7.140725761815932549e-01 1.762214156303071599e-01
1.630000000000000000e+03 7.143739085856819493e-01 1.759005909319759919e-01
1.640000000000000000e+03 7.146468440253895826e-01 1.756084327482950180e-01
1.650000000000000000e+03 7.148914170370977983e-01 1.753449475744844610e-01
1.660000000000000000e+03 7.151078897340298335e-01 1.751097892555625590e-01
1.670000000000000000e+03 7.152967773244111038e-01 1.749023149044892367e-01
1.680000000000000000e+03 7.154588943638900966e-01 1.747216163576136572e-01
1.690000000000000000e+03 7.155953619148648359e-01 1.745665304412326868e-01
1.700000000000000000e+03 7.157075634919708440e-01 1.744356458725950521e-01
1.710000000000000000e+03 7.157970988117473565e-01 1.743273069520656915e-01
1.720000000000000000e+03 7.158657893836287700e-01 1.742396194385511243e-01
1.730000000000000000e+03 7.159156936769772717e-01 1.741704735494360445e-01
1.740000000000000000e+03 7.159490867748876664e-01 1.741175918148578361e-01
1.750000000000000000e+03 7.159683966308112435e-01 1.740785856886394589e-01
1.760000000000000000e+03 7.159761068304077991e-01 1.740510030628042715e-01
1.770000000000000000e+03 7.159746750841547991e-01 1.740323829242053366e-01
1.780000000000000000e+03 7.159664865782973120e-01 1.740203372485749078e-01
1.790000000000000000e+03 7.159537955207928572e-01 1.740126378740854407e-01
1.800000000000000000e+03 7.159386075606224420e-01 1.740072743687392787e-01
1.810000000000000000e+03 7.159225962085201678e-01 1.740025006940306429e-01
1.820000000000000000e+03 7.159071257829155988e-01 1.739968851722744902e-01
1.830000000000000000e+03 7.158932584110048181e-01 1.739893553974460050e-01
1.840000000000000000e+03 7.158817147730945907e-01 1.739792275979404057e-01
1.850000000000000000e+03 7.158728680167519842e-01 1.739662051984438296e-01
1.860000000000000000e+03 7.158667760517010148e-01 1.739503390335553346e-01
1.870000000000000000e+03 7.158632224374325004e-01 1.739319549017170063e-01
1.880000000000000000e+03 7.158617715496703449e-01 1.739115662007481022e-01
1.890000000000000000e+03 7.158618339593223467e-01 1.738897880114772254e-01
1.900000000000000000e+03 7.158627402204563728e-01 1.738672566323694324e-01
1.910000000000000000e+03 7.158638548818182512e-01 1.738445517867635015e-01
1.920000000000000000e+03 7.158647097071245691e-01 1.738221233723044046e-01
1.930000000000000000e+03 7.158650865991421641e-01 1.738002232932797930e-01
1.940000000000000000e+03 7.158650304511939844e-01 1.737788428976183019e-01
1.950000000000000000e+03 7.158648472965781773e-01 1.737576729866985303e-01
1.960000000000000000e+03 7.158651379389876501e-01 1.737361006035039457e-01
1.970000000000000000e+03 7.158668119058020363e-01 1.737132347804481169e-01
1.980000000000000000e+03 7.158710361394110544e-01 1.736879491119857899e-01
1.990000000000000000e+03 7.158791490612107511e-01 1.736589343725456203e-01
2.000000000000000000e+03 7.158925766071603247e-01 1.736247548665721119e-01
2.010000000000000000e+03 7.159127577298342038e-01 1.735839175096439146e-01
2.020000000000000000e+03 7.159410742673506522e-01 1.735349610749286897e-01
2.030000000000000000e+03 7.159787983999149619e-01 1.734765438671722337e-01
2.040000000000000000e+03 7.160270673821444998e-01 1.734075116677464556e-01
2.050000000000000000e+03 7.160868491880699738e-01 1.733269405005679886e-01
2.060000000000000000e+03 7.161588731324756152e-01 1.732341498428134063e-01
2.070000000000000000e+03 7.162435872612853416e-01 1.731286932173137505e-01
2.080000000000000000e+03 7.163412019164511202e-01 1.730103406769789576e-01
2.090000000000000000e+03 7.164517869402073913e-01 1.728790560141951760e-01
2.100000000000000000e+03 7.165753416718323443e-01 1.727349564612225552e-01
2.110000000000000000e+03 7.167117919642813639e-01 1.725782470089957943e-01
2.120000000000000000e+03 7.168609722610542745e-01 1.724091477643638348e-01
2.130000000000000000e+03 7.170226676962192514e-01 1.722278375283935459e-01
2.140000000000000000e+03 7.171966925053195885e-01 1.720344150844473896e-01
2.150000000000000000e+03 7.173829135976513838e-01 1.718288726546643996e-01
2.160000000000000000e+03 7.175812196945796639e-01 1.716110964953043716e-01
2.170000000000000000e+03 7.177915393191711679e-01 1.713809044033288154e-01
2.180000000000000000e+03 7.180139106353047307e-01 1.711380991633590087e-01
2.190000000000000000e+03 7.182484998680674915e-01 1.708825114328781092e-01
2.200000000000000000e+03 7.184955565864661331e-01 1.706140377605684655e-01
2.210000000000000000e+03 7.187553308638547911e-01 1.703326844276598362e-01
2.220000000000000000e+03 7.190279157764879470e-01 1.700386059871044353e-01
2.230000000000000000e+03 7.193130719588806121e-01 1.697321266667444484e-01
2.240000000000000000e+03 7.196102168144918876e-01 1.694137409122330462e-01
2.250000000000000000e+03 7.199185938060588263e-01 1.690841103668324352e-01
2.260000000000000000e+03 7.202373999395543791e-01 1.687440633955780422e-01
2.270000000000000000e+03 7.205657424636529029e-01 1.683945839707895464e-01
2.280000000000000000e+03 7.209025260850314698e-01 1.680367988493276787e-01
2.290000000000000000e+03 7.212464320412915741e-01 1.676719772123562713e-01
2.300000000000000000e+03 7.215960160525742850e-01 1.673015332818397205e-01
2.310000000000000000e+03 7.219497802649748053e-01 1.669270180123704206e-01
2.320000000000000000e+03 7.223061375904118453e-01 1.665501035403480490e-01
2.330000000000000000e+03 7.226633715163131022e-01 1.661725701561058699e-01
2.340000000000000000e+03 7.230196536565119958e-01 1.657962972724752737e-01
2.350000000000000000e+03 7.233730766345598528e-01 1.654232472452955849e-01
2.360000000000000000e+03 7.237216863332563976e-01 1.650554313331873413e-01
2.370000000000000000e+03 7.240635485683473149e-01 1.646948658304043522e-01
2.380000000000000000e+03 7.243968031632314064e-01 1.643435295154575260e-01
2.390000000000000000e+03 7.247196499350995191e-01 1.640033158850771056e-01
2.400000000000000000e+03 7.250303293426006990e-01 1.636759743670605227e-01
2.410000000000000000e+03 7.253271967129700792e-01 1.633630537620313350e-01
2.420000000000000000e+03 7.256088530399572578e-01 1.630658611006058356e-01
2.430000000000000000e+03 7.258742175818886366e-01 1.627854344176247747e-01
2.440000000000000000e+03 7.261225337067473973e-01 1.625225225475918911e-01
2.450000000000000000e+03 7.263533335795496759e-01 1.622775712572774032e-01
2.460000000000000000e+03 7.265664120202204312e-01 1.620507419281732864e-01
2.470000000000000000e+03 7.267618233647310522e-01 1.618419741575415349e-01
2.480000000000000000e+03 7.269398117949511517e-01 1.616510509608122537e-01
2.490000000000000000e+03 7.271007047468801554e-01 1.614776501434804779e-01
2.500000000000000000e+03 7.272448933071615773e-01 1.613214100876592672e-01
2.510000000000000000e+03 7.273728247123678603e-01 1.611820114033385709e-01
2.520000000000000000e+03 7.274848793586015105e-01 1.610592417130217724e-01
2.530000000000000000e+03 7.275812140167630115e-01 1.609530320491846245e-01
2.540000000000000000e+03 7.276617188832879002e-01 1.608634883612922450e-01
2.550000000000000000e+03 7.277260476079957519e-01 1.607909072745743462e-01
2.560000000000000000e+03 7.277736704021341430e-01 1.607357572636338439e-01
2.570000000000000000e+03 7.278039257274850904e-01 1.606986216681577651e-01
2.580000000000000000e+03 7.278160957746079296e-01 1.606801202016645280e-01
2.590000000000000000e+03 7.278095372547421782e-01 1.606808267115092947e-01
2.600000000000000000e+03 7.277837876881833035e-01 1.607011780849764981e-01
2.610000000000000000e+03 7.277386116176288722e-01 1.607413755613358863e-01
2.620000000000000000e+03 7.276740608101285313e-01 1.608013004028170656e-01
2.630000000000000000e+03 7.275905730655453096e-01 1.608804563711714042e-01
2.640000000000000000e+03 7.274890412348495872e-01 1.609779316653370818e-01
2.650000000000000000e+03 7.273708009404370456e-01 1.610923683650737348e-01
2.660000000000000000e+03 7.272376208637253425e-01 1.612219634286107817e-01
2.670000000000000000e+03 7.270916841628213279e-01 1.613645050559670280e-01
2.680000000000000000e+03 7.269355375254640261e-01 1.615174258047721856e-01
2.690000000000000000e+03 7.267720356665450243e-01 1.616778726561103607e-01
2.700000000000000000e+03 7.266042673845209965e-01 1.618427945913461508e-01
2.710000000000000000e+03 7.264354500433034545e-01 1.620090374848537906e-01
2.720000000000000000e+03 7.262687940771819228e-01 1.621734328548489479e-01
2.730000000000000000e+03 7.261073582531538673e-01 1.623328863825620749e-01
2.740000000000000000e+03 7.259539338339110470e-01 1.624844666919230962e-01
2.750000000000000000e+03 7.258109943718071833e-01 1.626254859485028459e-01
2.760000000000000000e+03 7.256807486945309194e-01 1.627535759543003446e-01
2.770000000000000000e+03 7.255651835448568843e-01 1.628667410982411468e-01
2.780000000000000000e+03 7.254659863414311127e-01 1.629633761796786540e-01
2.790000000000000000e+03 7.253844515603142806e-01 1.630422593718517388e-01
2.800000000000000000e+03 7.253214646448697955e-01 1.631025323348448963e-01
2.810000000000000000e+03 7.252775253892100871e-01 1.631436570471724301e-01
2.820000000000000000e+03 7.252527995379142167e-01 1.631653703169452241e-01
2.830000000000000000e+03 7.252472137504675231e-01 1.631676462440808384e-01
2.840000000000000000e+03 7.252605717335428581e-01 1.631506621945313373e-01
2.850000000000000000e+03 7.252926577970914002e-01 1.631147477538254509e-01
2.860000000000000000e+03 7.253432515807866077e-01 1.630603109115823235e-01
2.870000000000000000e+03 7.254120642797106111e-01 1.629877617919685273e-01
2.880000000000000000e+03 7.254987647565586117e-01 1.628974711572296064e-01
2.890000000000000000e+03 7.256030621807640912e-01 1.627897628603156843e-01
2.900000000000000000e+03 7.257247719660229190e-01 1.626648986618343673e-01
2.910000000000000000e+03 7.258637992733752986e-01 1.625230371314964339e-01
2.920000000000000000e+03 7.260201215853480106e-01 1.623642064560749110e-01
2.930000000000000000e+03 7.261938432021376455e-01 1.621883008607132026e-01
2.940000000000000000e+03 7.263852521754725622e-01 1.619950821042025479e-01
2.950000000000000000e+03 7.265948397125729930e-01 1.617841781537230350e-01
2.960000000000000000e+03 7.268231975429649827e-01 1.615550623222018478e-01
2.970000000000000000e+03 7.270709147527699701e-01 1.613070520513689710e-01
2.980000000000000000e+03 7.273386023586416727e-01 1.610393422131774221e-01
2.990000000000000000e+03 7.276270129709102585e-01 1.607510648962071909e-01
3.000000000000000000e+03 7.279370400270218644e-01 1.604413143452531332e-01
3.010000000000000000e+03 7.282696244589204060e-01 1.601091349938911224e-01
3.020000000000000000e+03 7.286257384921311919e-01 1.597535307065787724e-01
3.030000000000000000e+03 7.290063908160727690e-01 1.593734878042766256e-01
3.040000000000000000e+03 7.294126967253014016e-01 1.589679902825063273e-01
3.050000000000000000e+03 7.298458371099928454e-01 1.585360063870365765e-01
3.060000000000000000e+03 7.303068861322961070e-01 1.580764648448217125e-01
3.070000000000000000e+03 7.307968548397398845e-01 1.575882703730535628e-01
3.080000000000000000e+03 7.313168151376604476e-01 1.570703457052121110e-01
3.090000000000000000e+03 7.318678463380304811e-01 1.565216540913124399e-01
3.100000000000000000e+03 7.324509023017792275e-01 1.559412279991020944e-01
3.110000000000000000e+03 7.330666290072104241e-01 1.553282193263774147e-01
3.120000000000000000e+03 7.337154067808862035e-01 1.546820166673882058e-01
3.130000000000000000e+03 7.343974558237951200e-01 1.540023680458803002e-01
3.140000000000000000e+03 7.351128196533390780e-01 1.532894679330880361e-01
3.150000000000000000e+03 7.358610223634655112e-01 1.525439745925346313e-01
3.160000000000000000e+03 7.366407919936606152e-01 1.517670321884320994e-01
3.170000000000000000e+03 7.374502161777157783e-01 1.509603779769954079e-01
3.180000000000000000e+03 7.382869059231050857e-01 1.501264161847745693e-01
3.190000000000000000e+03 7.391478244036252532e-01 1.492681789526922875e-01
3.200000000000000000e+03 7.400291355404522431e-01 1.483892771178357273e-01
3.210000000000000000e+03 7.409265607903240403e-01 1.474939347105827525e-01
3.220000000000000000e+03 7.418356035135571513e-01 1.465869582267637916e-01
3.230000000000000000e+03 7.427513914812580165e-01 1.456735626211126677e-01
3.240000000000000000e+03 7.436687627359653829e-01 1.447592403801111482e-01
3.250000000000000000e+03 7.445822141643660963e-01 1.438496145315047992e-01
3.260000000000000000e+03 7.454858809619228088e-01 1.429502779684977132e-01
3.270000000000000000e+03 7.463738916271468460e-01 1.420667102653228042e-01
3.280000000000000000e+03 7.472407147160687879e-01 1.412041945367646656e-01
3.290000000000000000e+03 7.480813614287012969e-01 1.403677150386979100e-01
3.300000000000000000e+03 7.488914812855449465e-01 1.395618357440899515e-01
3.310000000000000000e+03 7.496673263059647763e-01 1.387905451121839995e-01
3.320000000000000000e+03 7.504057279686568993e-01 1.380571197626637991e-01
3.330000000000000000e+03 7.511039008592560462e-01 1.373639853660512111e-01
3.340000000000000000e+03 7.517596931037067165e-01 1.367127265823956661e-01
3.350000000000000000e+03 7.523722650578501536e-01 1.361042284765425492e-01
3.360000000000000000e+03 7.529418435410540900e-01 1.355386833545916270e-01
3.370000000000000000e+03 7.534693042343068026e-01 1.350155851843485855e-01
3.380000000000000000e+03 7.539560040185198098e-01 1.345337624420363531e-01
3.390000000000000000e+03 7.544036588471831895e-01 1.340914759375061160e-01
3.400000000000000000e+03 7.548142862413199650e-01 1.336865582152026721e-01
3.410000000000000000e+03 7.551902162447132749e-01 1.333165756844899852e-01
3.420000000000000000e+03 7.555339992079685985e-01 1.329789870841035504e-01
3.430000000000000000e+03 7.558482143416297427e-01 1.326712811648119716e-01
3.440000000000000000e+03 7.561352602871544981e-01 1.323910608115216880e-01
3.450000000000000000e+03 7.563972937911674910e-01 1.321361226014684254e-01
3.460000000000000000e+03 7.566361855752493648e-01 1.319045474372949334e-01
3.470000000000000000e+03 7.568534108420964523e-01 1.316947499515086495e-01
3.480000000000000000e+03 7.570497699423608395e-01 1.315054182291322538e-01
3.490000000000000000e+03 7.572256767634166774e-01 1.313355938429145719e-01
3.500000000000000000e+03 7.573818171230494167e-01 1.311848320325683104e-01
3.510000000000000000e+03 7.575189457189728248e-01 1.310531127093784443e-01
3.520000000000000000e+03 7.576371714902460086e-01 1.309406526635683576e-01
3.530000000000000000e+03 7.577363023792466068e-01 1.308479054617509296e-01
3.540000000000000000e+03 7.578156707873057174e-01 1.307753975756769105e-01
3.550000000000000000e+03 7.578742910887301676e-01 1.307236757319275855e-01
3.560000000000000000e+03 7.579115842029925387e-01 1.306934835947908269e-01
3.570000000000000000e+03 7.579267685636514873e-01 1.306855792644579239e-01
3.580000000000000000e+03 7.579185337992939697e-01 1.307005459615489806e-01
3.590000000000000000e+03 7.578855817468193035e-01 1.307389318226891139e-01
3.600000000000000000e+03 7.578274613941242688e-01 1.308014309670081643e-01
3.610000000000000000e+03 7.577440223231437511e-01 1.308887094196769796e-01
3.620000000000000000e+03 7.576354457004387255e-01 1.310014310911001845e-01
3.630000000000000000e+03 7.575016607943078073e-01 1.311400859020003251e-01
3.640000000000000000e+03 7.573419170556522362e-01 1.313048640562599345e-01
3.650000000000000000e+03 7.571557009219554990e-01 1.314958771861763354e-01
3.660000000000000000e+03 7.569432955730970303e-01 1.317132227298362379e-01
3.670000000000000000e+03 7.567051784358306277e-01 1.319567638502324725e-01
3.680000000000000000e+03 7.564413357066173127e-01 1.322259163463677389e-01
3.690000000000000000e+03 7.561524515230642063e-01 1.325198774317036532e-01
3.700000000000000000e+03 7.558395480104538322e-01 1.328375792903193353e-01
3.710000000000000000e+03 7.555038242994758235e-01 1.331776707622952804e-01
3.720000000000000000e+03 7.551472976197546316e-01 1.335386457973718743e-01
3.730000000000000000e+03 7.547719935632588584e-01 1.339186835119010599e-01
3.740000000000000000e+03 7.543791097538424806e-01 1.343155113974038584e-01
3.750000000000000000e+03 7.539704846001951122e-01 1.347268013119825580e-01
3.760000000000000000e+03 7.535493162369867326e-01 1.351504024617463384e-01
3.770000000000000000e+03 7.531183932652907309e-01 1.355840471320230167e-01
3.780000000000000000e+03 7.526800864975000671e-01 1.360254352953860491e-01
3.790000000000000000e+03 7.522364124507742167e-01 1.364722687456263739e-01
3.800000000000000000e+03 7.517892535814644228e-01 1.369223716301276594e-01
3.810000000000000000e+03 7.513411515691285070e-01 1.373739033355885486e-01
3.820000000000000000e+03 7.508940218346101814e-01 1.378250778120448383e-01
3.830000000000000000e+03 7.504486254729076933e-01 1.382740139790606393e-01
3.840000000000000000e+03 7.500062342775104529e-01 1.387191741867138950e-01
3.850000000000000000e+03 7.495684844397726421e-01 1.391593763651350901e-01
3.860000000000000000e+03 7.491365104098004490e-01 1.395935049978879738e-01
3.870000000000000000e+03 7.487115064819379606e-01 1.400206107059712990e-01
3.880000000000000000e+03 7.482949195078826277e-01 1.404399776225134233e-01
3.890000000000000000e+03 7.478877139035352561e-01 1.408509366242789718e-01
3.900000000000000000e+03 7.474898937091418727e-01 1.412526744837747650e-01
3.910000000000000000e+03 7.471017760969846933e-01 1.416445652229717522e-01
3.920000000000000000e+03 7.467236300520526671e-01 1.420261051634467697e-01
3.930000000000000000e+03 7.463554469748364673e-01 1.423968358186249727e-01
3.940000000000000000e+03 7.459976217121564446e-01 1.427564867217115674e-01
3.950000000000000000e+03 7.456506657997713505e-01 1.431048398205397310e-01
3.960000000000000000e+03 7.453153568226768000e-01 1.434418128279557336e-01
3.970000000000000000e+03 7.449919645053770800e-01 1.437673503358479765e-01
3.980000000000000000e+03 7.446804564076775490e-01 1.440814659914693985e-01
3.990000000000000000e+03 7.443806091287673565e-01 1.443842824390241808e-01
4.000000000000000000e+03 7.440919513842679800e-01 1.446760854549780928e-01
4.010000000000000000e+03 7.438137876844314045e-01 1.449573680991195213e-01
4.020000000000000000e+03 7.435450563480849873e-01 1.452288572543889711e-01
4.030000000000000000e+03 7.432849364072908749e-01 1.454916644358010269e-01
4.040000000000000000e+03 7.430325939367586896e-01 1.457472390876490276e-01
4.050000000000000000e+03 7.427864690293878303e-01 1.459972112476993489e-01
4.060000000000000000e+03 7.425444670156031712e-01 1.462433257115224872e-01
4.070000000000000000e+03 7.423042935258137298e-01 1.464874522525499989e-01
4.080000000000000000e+03 7.420642684891369800e-01 1.467317648382920059e-01
4.090000000000000000e+03 7.418230820770859157e-01 1.469785046438997211e-01
4.100000000000000000e+03 7.415782208879265758e-01 1.472294200717892132e-01
4.110000000000000000e+03 7.413268064169650229e-01 1.474858065136156748e-01
4.120000000000000000e+03 7.410676509253075750e-01 1.477489648002786593e-01
4.130000000000000000e+03 7.408003623529438864e-01 1.480199293506513358e-01
4.140000000000000000e+03 7.405249716991312292e-01 1.482991993451019952e-01
4.150000000000000000e+03 7.402415765041892026e-01 1.485866348821082428e-01
4.160000000000000000e+03 7.399500347400032041e-01 1.488813667080951253e-01
4.170000000000000000e+03 7.396522214942971019e-01 1.491824896052914573e-01
4.180000000000000000e+03 7.393499784244461637e-01 1.494885562264914314e-01
4.190000000000000000e+03 7.390448211352115271e-01 1.497975020733672280e-01
4.200000000000000000e+03 7.387391232771624017e-01 1.501070977426128272e-01
