0.000000000000000000e+00 8.823007899466446258e-01 8.704398540639859613e-03
1.000000000000000000e+01 8.814901549801361647e-01 9.515107105708043092e-03
2.000000000000000000e+01 8.789553394310651857e-01 1.204981443725177195e-02
3.000000000000000000e+01 8.747755480510625015e-01 1.622958785806919574e-02
4.000000000000000000e+01 8.690901852311671005e-01 2.191496740795658218e-02
5.000000000000000000e+01 8.620844909288435387e-01 2.892067076831180555e-02
6.000000000000000000e+01 8.539797079372362099e-01 3.702545241894899392e-02
7.000000000000000000e+01 8.450217715142198660e-01 4.598337996659725840e-02
8.000000000000000000e+01 8.354694820654686715e-01 5.553565692559729594e-02
9.000000000000000000e+01 8.255829236332864474e-01 6.542219897895230896e-02
1.000000000000000000e+02 8.156127751701462980e-01 7.539231773324357733e-02
1.100000000000000000e+02 8.057911320664441490e-01 8.521393471566861277e-02
1.200000000000000000e+02 7.963240992455208334e-01 9.468094009954521051e-02
1.300000000000000000e+02 7.873864454277790248e-01 1.036185780096881281e-01
1.400000000000000000e+02 7.791182344662186399e-01 1.118867723753352028e-01
1.500000000000000000e+02 7.716233773686846931e-01 1.193816045292674100e-01
1.600000000000000000e+02 7.649698730917928735e-01 1.260350726267173982e-01
1.700000000000000000e+02 7.591914392287633095e-01 1.318134692141591235e-01
1.800000000000000000e+02 7.542903110762226859e-01 1.367145504202107453e-01
1.900000000000000000e+02 7.502408843852045317e-01 1.407639110205783084e-01
2.000000000000000000e+02 7.469939173738607829e-01 1.440108104576119374e-01
2.100000000000000000e+02 7.444810325333266476e-01 1.465236362956198191e-01
2.200000000000000000e+02 7.426193482622802655e-01 1.483852548825676243e-01
2.300000000000000000e+02 7.413160329043995134e-01 1.496884973355854520e-01
2.400000000000000000e+02 7.404726216852517418e-01 1.505318375460844849e-01
2.500000000000000000e+02 7.399889859364870981e-01 1.510154134689142558e-01
2.600000000000000000e+02 7.397668515954417545e-01 1.512374966796626585e-01
2.700000000000000000e+02 7.397127751230040404e-01 1.512915383715215389e-01
2.800000000000000000e+02 7.397406149042379253e-01 1.512636685857422225e-01
2.900000000000000000e+02 7.397734090423383480e-01 1.512308449657953913e-01
3.000000000000000000e+02 7.397447015101309420e-01 1.512595236029388168e-01
3.100000000000000000e+02 7.395993378784899708e-01 1.514048507737331406e-01
3.200000000000000000e+02 7.392937864155648686e-01 1.517103691865857862e-01
3.300000000000000000e+02 7.387960185837345595e-01 1.522081146458723888e-01
3.400000000000000000e+02 7.380850737246381632e-01 1.529190383838929246e-01
3.500000000000000000e+02 7.371503161460175590e-01 1.538537655468890653e-01
3.600000000000000000e+02 7.359904932569768521e-01 1.550135543051016362e-01
3.700000000000000000e+02 7.346126447274704541e-01 1.563913629190729626e-01
3.800000000000000000e+02 7.330309066777224158e-01 1.579730647257424903e-01
3.900000000000000000e+02 7.312652717919254641e-01 1.597386720659865755e-01
4.000000000000000000e+02 7.293403383427069508e-01 1.616635897241265052e-01
4.100000000000000000e+02 7.272841046295266398e-01 1.637198168521991071e-01
4.200000000000000000e+02 7.251268114248338170e-01 1.658771008929119661e-01
4.300000000000000000e+02 7.228998481264464759e-01 1.681040534162533961e-01
4.400000000000000000e+02 7.206347956044041325e-01 1.703690903744840557e-01
4.500000000000000000e+02 7.183625366209586138e-01 1.726413272801423093e-01
4.600000000000000000e+02 7.161125025829441215e-01 1.748913389427257936e-01
4.700000000000000000e+02 7.139120849378585154e-01 1.770917414984481963e-01
4.800000000000000000e+02 7.117861500880546810e-01 1.792176680745348749e-01
4.900000000000000000e+02 7.097567151825948661e-01 1.812470967774562902e-01
5.000000000000000000e+02 7.078427726180354096e-01 1.831610268645328388e-01
5.100000000000000000e+02 7.060602157008299962e-01 1.849435665074604385e-01
5.200000000000000000e+02 7.044219043958240833e-01 1.865818684536857119e-01
5.300000000000000000e+02 7.029378292547782126e-01 1.880659378137937987e-01
5.400000000000000000e+02 7.016153435920063908e-01 1.893884209519626494e-01
5.500000000000000000e+02 7.004594641557277956e-01 1.905443088796948126e-01
5.600000000000000000e+02 6.994731970989944703e-01 1.915305814849740940e-01
5.700000000000000000e+02 6.986578970734147465e-01 1.923458825770980318e-01
5.800000000000000000e+02 6.980136169516435451e-01 1.929901703505842725e-01
5.900000000000000000e+02 6.975394394987520785e-01 1.934643610052608487e-01
6.000000000000000000e+02 6.972337795329216492e-01 1.937700344272282604e-01
6.100000000000000000e+02 6.970946521407345164e-01 1.939091715323069121e-01
6.200000000000000000e+02 6.971199015830756851e-01 1.938839258904855034e-01
6.300000000000000000e+02 6.973073603482299321e-01 1.936964743179563908e-01
6.400000000000000000e+02 6.976549397297954203e-01 1.933489081139898313e-01
6.500000000000000000e+02 6.981606785168031903e-01 1.928431840502696781e-01
6.600000000000000000e+02 6.988227413682882583e-01 1.921811333273049094e-01
6.700000000000000000e+02 6.996393540328086358e-01 1.913645271626427391e-01
6.800000000000000000e+02 7.006086839555297763e-01 1.903951958028393676e-01
6.900000000000000000e+02 7.017286897855146144e-01 1.892751919517899895e-01
7.000000000000000000e+02 7.029969196269414411e-01 1.880069672809112080e-01
7.100000000000000000e+02 7.044102949926506207e-01 1.865936024322725206e-01
7.200000000000000000e+02 7.059649029521147812e-01 1.850390205378040220e-01
7.300000000000000000e+02 7.076557848366837877e-01 1.833481782527872916e-01
7.400000000000000000e+02 7.094767517782033517e-01 1.815272626902211250e-01
7.500000000000000000e+02 7.114202375473681617e-01 1.795838355152898080e-01
7.600000000000000000e+02 7.134772022400676095e-01 1.775269232905490324e-01
7.700000000000000000e+02 7.156370982270161551e-01 1.753670738429685683e-01
7.800000000000000000e+02 7.178878802511214907e-01 1.731163403195179473e-01
7.900000000000000000e+02 7.202160649098330314e-01 1.707882064173739944e-01
8.000000000000000000e+02 7.226068605638922282e-01 1.683974622111923947e-01
8.100000000000000000e+02 7.250443462769212699e-01 1.659600264108989642e-01
8.200000000000000000e+02 7.275116948412391205e-01 1.634927239926776132e-01
8.300000000000000000e+02 7.299914221317845842e-01 1.610130391893707935e-01
8.400000000000000000e+02 7.324656473363688747e-01 1.585388557579966162e-01
8.500000000000000000e+02 7.349163616813789712e-01 1.560881844629584680e-01
8.600000000000000000e+02 7.373256953618898546e-01 1.536788939436653234e-01
8.700000000000000000e+02 7.396761760756710435e-01 1.513284576599251419e-01
8.800000000000000000e+02 7.419509570537544674e-01 1.490537221142976820e-01
8.900000000000000000e+02 7.441340368931422811e-01 1.468706865832551389e-01
9.000000000000000000e+02 7.462104342396863599e-01 1.447943409270693038e-01
9.100000000000000000e+02 7.481663212473537161e-01 1.428385066791039437e-01
9.200000000000000000e+02 7.499891521289382412e-01 1.410157196493693477e-01
9.300000000000000000e+02 7.516677453965951994e-01 1.393371710232124694e-01
9.400000000000000000e+02 7.531923305313713568e-01 1.378126246394880683e-01
9.500000000000000000e+02 7.545545849760068036e-01 1.364504016901395278e-01
9.600000000000000000e+02 7.557476253979380498e-01 1.352574064605356341e-01
9.700000000000000000e+02 7.567659685818357573e-01 1.342391073125873135e-01
9.800000000000000000e+02 7.576055007850754919e-01 1.333996129322075896e-01
9.900000000000000000e+02 7.582634434632479214e-01 1.327417072865805514e-01
1.000000000000000000e+03 7.587382735878459572e-01 1.322669096877202854e-01
1.010000000000000000e+03 7.590296445650539514e-01 1.319755763624031186e-01
1.020000000000000000e+03 7.591383053763027799e-01 1.318669542953020135e-01
1.030000000000000000e+03 7.590660244923027600e-01 1.319392623048884217e-01
1.040000000000000000e+03 7.588155117615154044e-01 1.321897981861959726e-01
1.050000000000000000e+03 7.583903296699461283e-01 1.326149940393866744e-01
1.060000000000000000e+03 7.577948181256883853e-01 1.332105045963528356e-01
1.070000000000000000e+03 7.570340138495788018e-01 1.339713094846146924e-01
1.080000000000000000e+03 7.561135706971163772e-01 1.348917634806394983e-01
1.090000000000000000e+03 7.550396861205814769e-01 1.359656702644838067e-01
1.100000000000000000e+03 7.538190193677117845e-01 1.371863738773705377e-01
1.110000000000000000e+03 7.524586169384201995e-01 1.385468205405977482e-01
1.120000000000000000e+03 7.509658666538703287e-01 1.400396236660435834e-01
1.130000000000000000e+03 7.493484179704517079e-01 1.416571312612869005e-01
1.140000000000000000e+03 7.476141182555128273e-01 1.433914847678532667e-01
1.150000000000000000e+03 7.457709867402025905e-01 1.452346727716855856e-01
1.160000000000000000e+03 7.438271407035776939e-01 1.471785829741826257e-01
1.170000000000000000e+03 7.417907278613197208e-01 1.492150525506384662e-01
1.180000000000000000e+03 7.396699059387044084e-01 1.513359254281824717e-01
1.190000000000000000e+03 7.374727979323889571e-01 1.535330783731087834e-01
1.200000000000000000e+03 7.352074447198587714e-01 1.557984714579395968e-01
1.210000000000000000e+03 7.328817886343177435e-01 1.581241767574916024e-01
1.220000000000000000e+03 7.305036284010444358e-01 1.605023893758373565e-01
1.230000000000000000e+03 7.280805719167199319e-01 1.629254891033183883e-01
1.240000000000000000e+03 7.256200591766764907e-01 1.653860547960643024e-01
1.250000000000000000e+03 7.231293273540387867e-01 1.678768498679715226e-01
1.260000000000000000e+03 7.206153752633999154e-01 1.703908747925037270e-01
1.270000000000000000e+03 7.180849643958162609e-01 1.729213712517552459e-01
1.280000000000000000e+03 7.155445867055830744e-01 1.754618222623779700e-01
1.290000000000000000e+03 7.130004823628255384e-01 1.780059815355820030e-01
1.300000000000000000e+03 7.104586458300315988e-01 1.805478662199230255e-01
1.310000000000000000e+03 7.079248070663779480e-01 1.830817417604906072e-01
1.320000000000000000e+03 7.054044364951517210e-01 1.856021354169364035e-01
1.330000000000000000e+03 7.029027404785138655e-01 1.881038459235165883e-01
1.340000000000000000e+03 7.004246586259808005e-01 1.905819310510501186e-01
1.350000000000000000e+03 6.979748904943482435e-01 1.930316927286890583e-01
1.360000000000000000e+03 6.955579114605713320e-01 1.954486533576726970e-01
1.370000000000000000e+03 6.931779934998589798e-01 1.978285344466559903e-01
1.380000000000000000e+03 6.908392195689052606e-01 2.001672606206332805e-01
1.390000000000000000e+03 6.885454843908035416e-01 2.024609437997851591e-01
1.400000000000000000e+03 6.863005176340137847e-01 2.047058512190886581e-01
1.410000000000000000e+03 6.841079140243686574e-01 2.068983905792774747e-01
1.420000000000000000e+03 6.819711326439478194e-01 2.090351081334198280e-01
1.430000000000000000e+03 6.798935070050059482e-01 2.111126657927727690e-01
1.440000000000000000e+03 6.778782273757936183e-01 2.131278754775678685e-01
1.450000000000000000e+03 6.759283330285313918e-01 2.150776949369170299e-01
1.460000000000000000e+03 6.740467273525836411e-01 2.169592209121714854e-01
1.470000000000000000e+03 6.722361784872820101e-01 2.187696964385421883e-01
1.480000000000000000e+03 6.704993049772624003e-01 2.205065032196926178e-01
1.490000000000000000e+03 6.688385475308463723e-01 2.221672007535125393e-01
1.500000000000000000e+03 6.672561621950701127e-01 2.237495439548121134e-01
1.510000000000000000e+03 6.657541981292199873e-01 2.252514801028412672e-01
1.520000000000000000e+03 6.643344595002006470e-01 2.266712028884271257e-01
1.530000000000000000e+03 6.629985055091672796e-01 2.280071534315894766e-01
1.540000000000000000e+03 6.617476217698812224e-01 2.292580464644575211e-01
1.550000000000000000e+03 6.605827751953071703e-01 2.304229124769109904e-01
1.560000000000000000e+03 6.595046144719346470e-01 2.315010945184497737e-01
1.570000000000000000e+03 6.585134343580045790e-01 2.324922908192769422e-01
1.580000000000000000e+03 6.576091591891092270e-01 2.333965785639122714e-01
1.590000000000000000e+03 6.567913383092750523e-01 2.342144065266128783e-01
1.600000000000000000e+03 6.560591036498080175e-01 2.349466379135132788e-01
1.610000000000000000e+03 6.554111618597676658e-01 2.355945740374385811e-01
1.620000000000000000e+03 6.548457814699842894e-01 2.361599521166839188e-01
1.630000000000000000e+03 6.543607746497978050e-01 2.366449564746807011e-01
1.640000000000000000e+03 6.539535207166652375e-01 2.370522082278288256e-01
1.650000000000000000e+03 6.536209778207336951e-01 2.373847487767950792e-01
1.660000000000000000e+03 6.533596788000336497e-01 2.376460398951912856e-01
1.670000000000000000e+03 6.531657661273106985e-01 2.378399503964695183e-01
1.680000000000000000e+03 6.530350079388338447e-01 2.379707194692038119e-01
1.690000000000000000e+03 6.529628083217906553e-01 2.380429273191757011e-01
1.700000000000000000e+03 6.529442682703651135e-01 2.380614619399822329e-01
1.710000000000000000e+03 6.529742372543345663e-01 2.380314636943939299e-01
1.720000000000000000e+03 6.530473773078793176e-01 2.379582695286224792e-01
1.730000000000000000e+03 6.531582136044790099e-01 2.378473715946199385e-01
1.740000000000000000e+03 6.533011765574950891e-01 2.377043381862667670e-01
1.750000000000000000e+03 6.534706688781632966e-01 2.375347663142213239e-01
1.760000000000000000e+03 6.536611298190699859e-01 2.373442195002584965e-01
1.770000000000000000e+03 6.538671001638024505e-01 2.371381437644895784e-01
1.780000000000000000e+03 6.540833112785104930e-01 2.369218097666475897e-01
1.790000000000000000e+03 6.543047239938427628e-01 2.367002680640846457e-01
1.800000000000000000e+03 6.545265887802748095e-01 2.364782657048768166e-01
1.810000000000000000e+03 6.547445216795761969e-01 2.362601947455941764e-01
1.820000000000000000e+03 6.549545457816611238e-01 2.360500419573618169e-01
1.830000000000000000e+03 6.551531326983460746e-01 2.358513279246484962e-01
1.840000000000000000e+03 6.553372566383838249e-01 2.356670790649030844e-01
1.850000000000000000e+03 6.555044269908595345e-01 2.354997884676503228e-01
1.860000000000000000e+03 6.556527094819522006e-01 2.353513824096034324e-01
1.870000000000000000e+03 6.557807494455039077e-01 2.352232217858682417e-01
1.880000000000000000e+03 6.558877824979159055e-01 2.351160693919014388e-01
1.890000000000000000e+03 6.559736391738224537e-01 2.350300832739006807e-01
1.900000000000000000e+03 6.560387349591786377e-01 2.349648615156302300e-01
1.910000000000000000e+03 6.560840488629827716e-01 2.349194232411722372e-01
1.920000000000000000e+03 6.561110959073079840e-01 2.348922389225293894e-01
1.930000000000000000e+03 6.561218709550253880e-01 2.348813178520532396e-01
1.940000000000000000e+03 6.561188179351645777e-01 2.348842142048656323e-01
1.950000000000000000e+03 6.561047669606541177e-01 2.348980938456318168e-01
1.960000000000000000e+03 6.560828653265070587e-01 2.349198182637858290e-01
1.970000000000000000e+03 6.560565348900664340e-01 2.349459720832658416e-01
1.980000000000000000e+03 6.560293749021813836e-01 2.349729566595099295e-01
1.990000000000000000e+03 6.560050769278377158e-01 2.349970842803095483e-01
2.000000000000000000e+03 6.559873703610871187e-01 2.350146262093283089e-01
2.010000000000000000e+03 6.559799243773640764e-01 2.350219051692516437e-01
2.020000000000000000e+03 6.559862925956614355e-01 2.350153687246988587e-01
2.030000000000000000e+03 6.560098926792671259e-01 2.349915989259575566e-01
2.040000000000000000e+03 6.560539319022500315e-01 2.349473967095277449e-01
2.050000000000000000e+03 6.561213355459859509e-01 2.348798410838475459e-01
2.060000000000000000e+03 6.562147297497774590e-01 2.347862956142352520e-01
2.070000000000000000e+03 6.563364273046234931e-01 2.346644475563274546e-01
2.080000000000000000e+03 6.564884252749645377e-01 2.345123132530942678e-01
2.090000000000000000e+03 6.566723950014995426e-01 2.343282269315623279e-01
2.100000000000000000e+03 6.568896748192435409e-01 2.341108439732627611e-01
2.110000000000000000e+03 6.571412928884595717e-01 2.338591277904236987e-01
2.120000000000000000e+03 6.574280114761726912e-01 2.335723174290527948e-01
2.130000000000000000e+03 6.577503478897377409e-01 2.332499014829682304e-01
2.140000000000000000e+03 6.581085763610521333e-01 2.328915968249755108e-01
2.150000000000000000e+03 6.585027724792410497e-01 2.324973178090839476e-01
2.160000000000000000e+03 6.589328604607598283e-01 2.320671336284795272e-01
2.170000000000000000e+03 6.593986526441637519e-01 2.316012306790767028e-01
2.180000000000000000e+03 6.598998724168442243e-01 2.310998930574341415e-01
2.190000000000000000e+03 6.604361783554940635e-01 2.305634731633172951e-01
2.200000000000000000e+03 6.610071864764743843e-01 2.299923596199520692e-01
2.210000000000000000e+03 6.616124962781279040e-01 2.293869495749197018e-01
2.220000000000000000e+03 6.622517191233593392e-01 2.287476280829285336e-01
2.230000000000000000e+03 6.629244835892146304e-01 2.280747659023677765e-01
2.240000000000000000e+03 6.636304398593753096e-01 2.273687166874183430e-01
2.250000000000000000e+03 6.643692363327979855e-01 2.266298331462971161e-01
2.260000000000000000e+03 6.651405067760612910e-01 2.258584807234507996e-01
2.270000000000000000e+03 6.659439030995063513e-01 2.250550073928253014e-01
2.280000000000000000e+03 6.667791014896040647e-01 2.242197390949863256e-01
2.290000000000000000e+03 6.676457579536797526e-01 2.233530229123634747e-01
2.300000000000000000e+03 6.685434840076529550e-01 2.224552468815801098e-01
2.310000000000000000e+03 6.694718000053911933e-01 2.215268865824753242e-01
2.320000000000000000e+03 6.704301228220025388e-01 2.205685228120077002e-01
2.330000000000000000e+03 6.714177703786516904e-01 2.195808332235621441e-01
2.340000000000000000e+03 6.724338730326807623e-01 2.185646840533553847e-01
2.350000000000000000e+03 6.734773684816469652e-01 2.175211371182057540e-01
2.360000000000000000e+03 6.745469834352555427e-01 2.164514693454821503e-01
2.370000000000000000e+03 6.756412407317228253e-01 2.153571585787827647e-01
2.380000000000000000e+03 6.767584065103077196e-01 2.142399398944300204e-01
2.390000000000000000e+03 6.778964527700147569e-01 2.131018432190755763e-01
2.400000000000000000e+03 6.790530691730400914e-01 2.119451807309886138e-01
2.410000000000000000e+03 6.802256441456057123e-01 2.107725657121512219e-01
2.420000000000000000e+03 6.814112566621626232e-01 2.095869209422785429e-01
2.430000000000000000e+03 6.826067241664638408e-01 2.083914290626950605e-01
2.440000000000000000e+03 6.838085875581830786e-01 2.071895474261925552e-01
2.450000000000000000e+03 6.850131203128908552e-01 2.059849994963546260e-01
2.460000000000000000e+03 6.862163736974321582e-01 2.047817327936484744e-01
2.470000000000000000e+03 6.874142227650961168e-01 2.035838727422674410e-01
2.480000000000000000e+03 6.886023771025843176e-01 2.023957108518744108e-01
2.490000000000000000e+03 6.897764278523270676e-01 2.012216535075327106e-01
2.500000000000000000e+03 6.909319345795781331e-01 2.000661378493460985e-01
2.510000000000000000e+03 6.920644691768306211e-01 1.989335906333834780e-01
2.520000000000000000e+03 6.931696339106127036e-01 1.978284093019076206e-01
2.530000000000000000e+03 6.942431422195796120e-01 1.967548800513769236e-01
2.540000000000000000e+03 6.952808957915933563e-01 1.957170979942891020e-01
2.550000000000000000e+03 6.962790076518852178e-01 1.947189497215746634e-01
2.560000000000000000e+03 6.972338593932976281e-01 1.937640576582136953e-01
2.570000000000000000e+03 6.981421829966920622e-01 1.928556942099964866e-01
2.580000000000000000e+03 6.990010898515764959e-01 1.919967486457906936e-01
2.590000000000000000e+03 6.998081002241238746e-01 1.911896996211397970e-01
2.600000000000000000e+03 7.005612004640960899e-01 1.904365601652871498e-01
2.610000000000000000e+03 7.012588594674418196e-01 1.897388613360807830e-01
2.620000000000000000e+03 7.019000498139240651e-01 1.890976325106594469e-01
2.630000000000000000e+03 7.024842876703204508e-01 1.885133597709929276e-01
2.640000000000000000e+03 7.030116209308324704e-01 1.879859949164487953e-01
2.650000000000000000e+03 7.034825954955695737e-01 1.875149903375452898e-01
2.660000000000000000e+03 7.038982398193323053e-01 1.870993155016346388e-01
2.670000000000000000e+03 7.042600609173844672e-01 1.867374627695672085e-01
2.680000000000000000e+03 7.045700058678503463e-01 1.864274875707276624e-01
2.690000000000000000e+03 7.048303944322639181e-01 1.861670726789051711e-01
2.700000000000000000e+03 7.050438505726445149e-01 1.859535967682946489e-01
2.710000000000000000e+03 7.052132583841861369e-01 1.857841781318500807e-01
2.720000000000000000e+03 7.053417083034113633e-01 1.856557251295339883e-01
2.730000000000000000e+03 7.054324256871358223e-01 1.855650079344808301e-01
2.740000000000000000e+03 7.054887071175638402e-01 1.855087264100696298e-01
2.750000000000000000e+03 7.055138639408911061e-01 1.854835694906750709e-01
2.760000000000000000e+03 7.055111653038056430e-01 1.854862695382368531e-01
2.770000000000000000e+03 7.054837872021154643e-01 1.855136500207880679e-01
2.780000000000000000e+03 7.054347726437554256e-01 1.855626666575638239e-01
2.790000000000000000e+03 7.053669976705166933e-01 1.856304435742897885e-01
2.800000000000000000e+03 7.052831401670547340e-01 1.857143035975515888e-01
2.810000000000000000e+03 7.051856577593935693e-01 1.858117882723632763e-01
2.820000000000000000e+03 7.050767739828287528e-01 1.859206719830512056e-01
2.830000000000000000e+03 7.049584733667693115e-01 1.860389693350956164e-01
2.840000000000000000e+03 7.048325052688978465e-01 1.861649328420839633e-01
2.850000000000000000e+03 7.047003841760576259e-01 1.862970506258407877e-01
2.860000000000000000e+03 7.045633818961583028e-01 1.864340523682432582e-01
2.870000000000000000e+03 7.044225266336111568e-01 1.865749111150744322e-01
2.880000000000000000e+03 7.042786145092304606e-01 1.867188301080395241e-01
2.890000000000000000e+03 7.041322290741593992e-01 1.868652216774521202e-01
2.900000000000000000e+03 7.039837653008393925e-01 1.870136881192897282e-01
2.910000000000000000e+03 7.038334481021222278e-01 1.871640052985394376e-01
2.920000000000000000e+03 7.036813511656871967e-01 1.873161019489749668e-01
2.930000000000000000e+03 7.035274285745111156e-01 1.874700269021797316e-01
2.940000000000000000e+03 7.033715477444615338e-01 1.876259137021119849e-01
2.950000000000000000e+03 7.032135188563736206e-01 1.877839503345884453e-01
2.960000000000000000e+03 7.030531320266224515e-01 1.879443449458457205e-01
2.970000000000000000e+03 7.028901921812430453e-01 1.881072920796953707e-01
2.980000000000000000e+03 7.027245463692399774e-01 1.882729440039691282e-01
2.990000000000000000e+03 7.025561104340414253e-01 1.884413828044058381e-01
3.000000000000000000e+03 7.023848951079574299e-01 1.886125950855486455e-01
3.010000000000000000e+03 7.022110265276304553e-01 1.887864543551714680e-01
3.020000000000000000e+03 7.020347635285753007e-01 1.889627061743753833e-01
3.030000000000000000e+03 7.018565109593900564e-01 1.891409506231001847e-01
3.040000000000000000e+03 7.016768261179481270e-01 1.893206295069883027e-01
3.050000000000000000e+03 7.014964186813433811e-01 1.895010287166087326e-01
3.060000000000000000e+03 7.013161425700746854e-01 1.896812930964641708e-01
3.070000000000000000e+03 7.011369843781537492e-01 1.898604381711935241e-01
3.080000000000000000e+03 7.009600305350113247e-01 1.900373792821684338e-01
3.090000000000000000e+03 7.007864166287043339e-01 1.902109807041760803e-01
3.100000000000000000e+03 7.006172912604577974e-01 1.903800946928010940e-01
3.110000000000000000e+03 7.004537881124225374e-01 1.905435899013423751e-01
3.120000000000000000e+03 7.002969835832744128e-01 1.907003893524866489e-01
3.130000000000000000e+03 7.001478516011234721e-01 1.908495165469704380e-01
3.140000000000000000e+03 7.000072222482256468e-01 1.909901407429927811e-01
3.150000000000000000e+03 6.998757376467378277e-01 1.911216211970282741e-01
3.160000000000000000e+03 6.997538062694680372e-01 1.912435513292585487e-01
3.170000000000000000e+03 6.996415661125000574e-01 1.913557932837462172e-01
3.180000000000000000e+03 6.995388604006259614e-01 1.914585017887335261e-01
3.190000000000000000e+03 6.994452148479868292e-01 1.915521482373232776e-01
3.200000000000000000e+03 6.993598142350203606e-01 1.916375467650411057e-01
3.210000000000000000e+03 6.992814878358606379e-01 1.917158697276560297e-01
3.220000000000000000e+03 6.992087083974783956e-01 1.917886456977726251e-01
3.230000000000000000e+03 6.991396061144209417e-01 1.918577436160970873e-01
3.240000000000000000e+03 6.990719941103992197e-01 1.919253481844621356e-01
3.250000000000000000e+03 6.990034003276319741e-01 1.919939310674042554e-01
3.260000000000000000e+03 6.989311075500524995e-01 1.920662126153062366e-01
3.270000000000000000e+03 6.988522065526180382e-01 1.921451057748247149e-01
3.280000000000000000e+03 6.987636580834606370e-01 1.922336517567224401e-01
3.290000000000000000e+03 6.986623549076880213e-01 1.923349585206946821e-01
3.300000000000000000e+03 6.985451834158429296e-01 1.924521389679301475e-01
3.310000000000000000e+03 6.984090929966073613e-01 1.925882423581977143e-01
3.320000000000000000e+03 6.982511705704929073e-01 1.927461807175955000e-01
3.330000000000000000e+03 6.980687085816610349e-01 1.929286599409764658e-01
3.340000000000000000e+03 6.978592648460402170e-01 1.931381217040056553e-01
3.350000000000000000e+03 6.976207166651993141e-01 1.933766904258778507e-01
3.360000000000000000e+03 6.973513110789003600e-01 1.936461193535818914e-01
3.370000000000000000e+03 6.970497067404167746e-01 1.939477487032888470e-01
3.380000000000000000e+03 6.967150021433411444e-01 1.942824794838357849e-01
3.390000000000000000e+03 6.963467503077679366e-01 1.946507600237774305e-01
3.400000000000000000e+03 6.959449585162189589e-01 1.950525846571532218e-01
3.410000000000000000e+03 6.955100783576434464e-01 1.954875026286482520e-01
3.420000000000000000e+03 6.950429889335084654e-01 1.959546352526406465e-01
3.430000000000000000e+03 6.945449729433429420e-01 1.964526983152006800e-01
3.440000000000000000e+03 6.940176915292425308e-01 1.969800280333719178e-01
3.450000000000000000e+03 6.934631567791510465e-01 1.975346112302174550e-01
3.460000000000000000e+03 6.928836971852037063e-01 1.981141206216035233e-01
3.470000000000000000e+03 6.922819167106881721e-01 1.987159533809411127e-01
3.480000000000000000e+03 6.916606510054862378e-01 1.993372720209264370e-01
3.490000000000000000e+03 6.910229241711219883e-01 1.999750476031929014e-01
3.500000000000000000e+03 6.903719099987443153e-01 2.006261048260647717e-01
3.510000000000000000e+03 6.897108951696774293e-01 2.012871607689118436e-01
3.520000000000000000e+03 6.890432420696732674e-01 2.019548566842583603e-01
3.530000000000000000e+03 6.883723506212113818e-01 2.026257930377216854e-01
3.540000000000000000e+03 6.877016217529812181e-01 2.032965678496788386e-01
3.550000000000000000e+03 6.870344193555489865e-01 2.039638181867009514e-01
3.560000000000000000e+03 6.863740282892142330e-01 2.046242597228702942e-01
3.570000000000000000e+03 6.857236156452061193e-01 2.052747251746685486e-01
3.580000000000000000e+03 6.850861915091550625e-01 2.059122038283057454e-01
3.590000000000000000e+03 6.844645731264155097e-01 2.065338768890546961e-01
3.600000000000000000e+03 6.838613616174339382e-01 2.071371435958665741e-01
3.610000000000000000e+03 6.832789197541019321e-01 2.077196439453489474e-01
3.620000000000000000e+03 6.827193504439151850e-01 2.082792767866087358e-01
3.630000000000000000e+03 6.821844813188145951e-01 2.088142126075958060e-01
3.640000000000000000e+03 6.816758621434363397e-01 2.093228988225157017e-01
3.650000000000000000e+03 6.811947749880502556e-01 2.098040523186393558e-01
3.660000000000000000e+03 6.807422523026108729e-01 2.102566416071909583e-01
3.670000000000000000e+03 6.803191006833767540e-01 2.106798618435478387e-01
3.680000000000000000e+03 6.799259353717646004e-01 2.110730998020353133e-01
3.690000000000000000e+03 6.795632201264897310e-01 2.114358919142642068e-01
3.700000000000000000e+03 6.792313072241163985e-01 2.117678837078973419e-01
3.710000000000000000e+03 6.789304825700199775e-01 2.120687887085893342e-01
3.720000000000000000e+03 6.786610091282093693e-01 2.123383460590197447e-01
3.730000000000000000e+03 6.784231602814946305e-01 2.125762823461440632e-01
3.740000000000000000e+03 6.782172540807176464e-01 2.127822765395588345e-01
3.750000000000000000e+03 6.780436922773798170e-01 2.129559261545541093e-01
3.760000000000000000e+03 6.779029781446658243e-01 2.130967284781042637e-01
3.770000000000000000e+03 6.777957255202291531e-01 2.132040706864878066e-01
3.780000000000000000e+03 6.777226642812739232e-01 2.132772246642747893e-01
3.790000000000000000e+03 6.776846331182049266e-01 2.133153518416362193e-01
3.800000000000000000e+03 6.776825685451303150e-01 2.133175135365485697e-01
3.810000000000000000e+03 6.777174922024987724e-01 2.132826871210216080e-01
3.820000000000000000e+03 6.777904838775435925e-01 2.132097926520725995e-01
3.830000000000000000e+03 6.779026529191907180e-01 2.130977201239366015e-01
3.840000000000000000e+03 6.780551051559225995e-01 2.129453621881292058e-01
3.850000000000000000e+03 6.782488998333431329e-01 2.127516595716702208e-01
3.860000000000000000e+03 6.784850096565147037e-01 2.125156402757248930e-01
3.870000000000000000e+03 6.787642879860286138e-01 2.122364504068606217e-01
3.880000000000000000e+03 6.790874315974295694e-01 2.119133943737315229e-01
3.890000000000000000e+03 6.794549416200136305e-01 2.115459742314111380e-01
3.900000000000000000e+03 6.798670869334714206e-01 2.111339203246076768e-01
3.910000000000000000e+03 6.803238719236047727e-01 2.106772257537619653e-01
3.920000000000000000e+03 6.808250116591065826e-01 2.101761751488670227e-01
3.930000000000000000e+03 6.813699141624541822e-01 2.096313617305294308e-01
3.940000000000000000e+03 6.819576629417272162e-01 2.090437043628090297e-01
3.950000000000000000e+03 6.825869994893777326e-01 2.084144619581848601e-01
3.960000000000000000e+03 6.832563211816913284e-01 2.077452351598605695e-01
3.970000000000000000e+03 6.839636835995634989e-01 2.070379685270775372e-01
3.980000000000000000e+03 6.847068017315882660e-01 2.062949487794452919e-01
3.990000000000000000e+03 6.854830602795547456e-01 2.055187909240686617e-01
4.000000000000000000e+03 6.862895362159019408e-01 2.047124159585733683e-01
4.010000000000000000e+03 6.871230300844748395e-01 2.038790203324006012e-01
4.020000000000000000e+03 6.879800911332113467e-01 2.030220578288043920e-01
4.030000000000000000e+03 6.888570448023997317e-01 2.021452031505564517e-01
4.040000000000000000e+03 6.897500378230593254e-01 2.012523087094761909e-01
4.050000000000000000e+03 6.906550762551804112e-01 2.003473696285234806e-01
4.060000000000000000e+03 6.915680665421271023e-01 1.994344796936511899e-01
4.070000000000000000e+03 6.924848692516692994e-01 1.985177799276387212e-01
4.080000000000000000e+03 6.934013374723403400e-01 1.976014165687759172e-01
4.090000000000000000e+03 6.943133630617857044e-01 1.966894958497163171e-01
4.100000000000000000e+03 6.952169281047770877e-01 1.957860341318424235e-01
4.110000000000000000e+03 6.961081565393442139e-01 1.948949091145478762e-01
4.120000000000000000e+03 6.969833571605368316e-01 1.940198144915167289e-01
4.130000000000000000e+03 6.978390628587173294e-01 1.931642171993934454e-01
4.140000000000000000e+03 6.986720727040959256e-01 1.923313174071141496e-01
4.150000000000000000e+03 6.994794881022423638e-01 1.915240115699513301e-01
4.160000000000000000e+03 7.002587523132032254e-01 1.907448559163001101e-01
4.170000000000000000e+03 7.010076806260342464e-01 1.899960368571198543e-01
4.180000000000000000e+03 7.017244784690650494e-01 1.892793481167956149e-01
4.190000000000000000e+03 7.024077604176833800e-01 1.885961736667980670e-01
4.200000000000000000e+03 7.030565570248890062e-01 1.879474833830693803e-01
