0.000000000000000000e+00 1.050429462588437701e+01 1.096074161210445883e-14 1.050429462588437701e+01 1.043453368596052029e-15
1.000000000000000000e+01 1.044981173810639596e+01 1.126205536015570940e+00 1.051032369964019431e+01 -1.002641569345012806e+00
2.000000000000000000e+01 1.023440743942932407e+01 2.229550366970204145e+00 1.047444463802751002e+01 -2.005502788411547499e+00
3.000000000000000000e+01 9.865234946109621816e+00 3.282304947247074001e+00 1.039694119963487751e+01 -3.008806660063473526e+00
4.000000000000000000e+01 9.355029340452528430e+00 4.259673362856294609e+00 1.027917268650328353e+01 -4.012718256763077918e+00
5.000000000000000000e+01 8.720968597816261436e+00 5.140245086923511231e+00 1.012311280376439449e+01 -5.017402040116139439e+00
6.000000000000000000e+01 7.983733577669179127e+00 5.906829463192206475e+00 9.931295793925274396e+00 -6.023021407169866670e+00
7.000000000000000000e+01 7.166404813611906732e+00 6.547000794123938761e+00 9.706728457663755805e+00 -7.029738933171381987e+00
8.000000000000000000e+01 6.293294407045119776e+00 7.053335621504934316e+00 9.452782547130542667e+00 -8.037716972540156490e+00
9.000000000000000000e+01 5.388800581429555869e+00 7.423356231874667088e+00 9.173079605657413538e+00 -9.047117970427263955e+00
1.000000000000000000e+02 4.476360956810160552e+00 7.659211870809261136e+00 8.871377226654262316e+00 -1.005810451057811150e+01
1.100000000000000000e+02 3.577563801854566794e+00 7.767146486729687105e+00 8.551463459704276460e+00 -1.107083922727790437e+01
1.200000000000000000e+02 2.711457064596481725e+00 7.756813634571376959e+00 8.217064997590233233e+00 -1.208548476679619732e+01
1.300000000000000000e+02 1.894073689256249970e+00 7.640503693067420166e+00 7.871773105476914445e+00 -1.310220400636926286e+01
1.400000000000000000e+02 1.138169600826982597e+00 7.432344213074467021e+00 7.518987334865524730e+00 -1.412116052626469909e+01
1.500000000000000000e+02 4.531548075864724745e-01 7.147525174517969759e+00 7.161875829697613050e+00 -1.514251916928435016e+01
1.600000000000000000e+02 -1.548108808762747868e-01 6.801590004338851081e+00 6.803351600201172467e+00 -1.616644661857728238e+01
1.700000000000000000e+02 -6.825906476696385061e-01 6.409819636044749913e+00 6.446062190121260471e+00 -1.719311211142036200e+01
1.800000000000000000e+02 -1.129747743329545528e+00 5.986725055906981119e+00 6.092389256981421752e+00 -1.822268822615941275e+01
1.900000000000000000e+02 -1.498160897836420924e+00 5.545655011676640989e+00 5.744456073845484845e+00 -1.925535166689956412e+01
2.000000000000000000e+02 -1.791606914805053297e+00 5.098517603112258101e+00 5.404140735253186278e+00 -2.029128430741298672e+01
2.100000000000000000e+02 -2.015335737107943892e+00 4.655607082072344305e+00 5.073091309636224899e+00 -2.133067457982032877e+01
2.200000000000000000e+02 -2.175660735334143059e+00 4.225523447142107258e+00 4.752741107784267172e+00 -2.237371870571838528e+01
2.300000000000000000e+02 -2.279580411200818002e+00 3.815171943186137504e+00 4.444324898925052558e+00 -2.342062150471782900e+01
2.400000000000000000e+02 -2.334442337877474127e+00 3.429827617898099312e+00 4.148896060082898352e+00 -2.447159658843271401e+01
2.500000000000000000e+02 -2.347656143727517630e+00 3.073249082704271107e+00 3.867343958522981406e+00 -2.552686551486480582e+01
2.600000000000000000e+02 -2.326457445971938931e+00 2.747827312550010337e+00 3.600410974807471742e+00 -2.658665567094293891e+01
2.700000000000000000e+02 -2.277721606547095323e+00 2.454756689900143840e+00 3.348708127553219782e+00 -2.765119661033853049e+01
2.800000000000000000e+02 -2.207825218908621157e+00 2.194216069813419434e+00 3.112728121483845367e+00 -2.872071396548868449e+01
2.900000000000000000e+02 -2.122552237053958013e+00 1.965549716037429562e+00 2.892855628135905022e+00 -2.979541962753405571e+01
3.000000000000000000e+02 -2.027039911903411706e+00 1.767440489560754946e+00 2.689374776521143762e+00 -3.087549694041753767e+01
3.100000000000000000e+02 -1.925758381457625124e+00 1.598069809144265774e+00 2.502473268319300725e+00 -3.196107996883665336e+01
3.200000000000000000e+02 -1.822517529847268669e+00 1.455260973126960122e+00 2.332242407321120758e+00 -3.305222652691644214e+01
3.300000000000000000e+02 -1.720494356194660401e+00 1.336604026946174972e+00 2.178671878587138622e+00 -3.414888594734938465e+01
3.400000000000000000e+02 -1.622274124314297739e+00 1.239561235733189548e+00 2.041637918817171826e+00 -3.525086438135522826e+01
3.500000000000000000e+02 -1.529900151214969695e+00 1.161553174335273164e+00 1.920885277546771297e+00 -3.635779246821029176e+01
3.600000000000000000e+02 -1.444928563685348832e+00 1.100026682828816771e+00 1.816005852713359348e+00 -3.746910244123568390e+01
3.700000000000000000e+02 -1.368484809021444537e+00 1.052506651087261824e+00 1.726418524896377038e+00 -3.858402309991291190e+01
3.800000000000000000e+02 -1.301319553739404888e+00 1.016633923011561746e+00 1.651356144010855731e+00 -3.970159985108592338e+01
3.900000000000000000e+02 -1.243862512170104351e+00 9.901912650703916796e-01 1.589865620297459481e+00 -4.082074224842708787e+01
4.000000000000000000e+02 -1.196272587787853059e+00 9.711194996721206341e-01 1.540824839797203083e+00 -4.194029475970865661e+01
4.100000000000000000e+02 -1.158482652882457886e+00 9.575260018872201462e-01 1.502976414092949797e+00 -4.305911981918978881e+01
4.200000000000000000e+02 -1.130238424219827786e+00 9.476874448734362577e-01 1.474974707835243315e+00 -4.417617798736741008e+01
4.300000000000000000e+02 -1.111132007705549540e+00 9.400483474946077500e-01 1.455439876523626053e+00 -4.529059070321326885e+01
4.400000000000000000e+02 -1.100630933432311664e+00 9.332169859699663839e-01 1.443011571170151885e+00 -4.640167676906864358e+01
4.500000000000000000e+02 -1.098103003798402977e+00 9.259593284208019748e-01 1.436395100534869629e+00 -4.750896108031700749e+01
4.600000000000000000e+02 -1.102837327026154002e+00 9.171915200719570338e-01 1.434395501378228355e+00 -4.861216039282088275e+01
4.700000000000000000e+02 -1.114061924043944440e+00 9.059717988150111090e-01 1.435938324181300851e+00 -4.971115439581168260e+01
4.800000000000000000e+02 -1.130958007772696838e+00 8.914924928973024798e-01 1.440078081298869828e+00 -5.080595057170086193e+01
4.900000000000000000e+02 -1.152671357565783428e+00 8.730726862179637449e-01 1.445996948120014780e+00 -5.189664937815243917e+01
5.000000000000000000e+02 -1.178321377186714480e+00 8.501518373932789308e-01 1.452996701496036991e+00 -5.298341365176942475e+01
5.100000000000000000e+02 -1.207008494537286536e+00 8.222841864743173357e-01 1.460486490595136244e+00 -5.406644372747123839e+01
5.200000000000000000e+02 -1.237820446927817120e+00 7.891341310089944328e-01 1.467968710686948342e+00 -5.514595852520794494e+01
5.300000000000000000e+02 -1.269837826440952222e+00 7.504728620129491601e-01 1.475024617448193354e+00 -5.622218216178787031e+01
5.400000000000000000e+02 -1.302139370069885560e+00 7.061764134876670207e-01 1.481300802015681928e+00 -5.729533520205529129e+01
5.500000000000000000e+02 -1.333807428535906503e+00 6.562250898112209629e-01 1.486497098858693411e+00 -5.836562956930986701e+01
5.600000000000000000e+02 -1.363934071894723044e+00 6.007039818867772052e-01 1.490356140769698357e+00 -5.943326612789065422e+01
5.700000000000000000e+02 -1.391628371476919757e+00 5.398041021275405971e-01 1.492654679747872581e+00 -6.049843403108017270e+01
5.800000000000000000e+02 -1.416025190074638784e+00 4.738236748468507842e-01 1.493196642700247656e+00 -6.156131121471057099e+01
5.900000000000000000e+02 -1.436295657554938598e+00 4.031690555276417065e-01 1.491807797018846582e+00 -6.262206559914677229e+01
6.000000000000000000e+02 -1.451659501093082838e+00 3.283547781204682603e-01 1.488332008467317724e+00 -6.368085672484350113e+01
6.100000000000000000e+02 -1.461399153453727173e+00 2.500023052982598415e-01 1.482628961800529055e+00 -6.473783776495794484e+01
6.200000000000000000e+02 -1.464875359186230019e+00 1.688367798754071836e-01 1.474573048780453810e+00 -6.579315776918406300e+01
6.300000000000000000e+02 -1.461544011287823075e+00 8.568095946840764698e-02 1.464053319980774148e+00 -6.684696391858945219e+01
6.400000000000000000e+02 -1.450973682669504328e+00 1.445733855899128959e-03 1.450974402925801376e+00 -6.789940373483182157e+01
6.500000000000000000e+02 -1.432862806254556531e+00 -8.288311470799614167e-02 1.435257967144367264e+00 -6.895062731483079688e+01
6.600000000000000000e+02 -1.407055497220476070e+00 -1.662621333084981223e-01 1.416844476020799437e+00 -7.000078957031385585e+01
6.700000000000000000e+02 -1.373555213773796524e+00 -2.476114547023872126e-01 1.395695295465672947e+00 -7.105005243117247460e+01
6.800000000000000000e+02 -1.332535204611481339e+00 -3.258397942223020260e-01 1.371795044103817585e+00 -7.209858707595439853e+01
6.900000000000000000e+02 -1.284344594552096597e+00 -3.998725628945414834e-01 1.345153933239998434e+00 -7.314657627589669175e+01
7.000000000000000000e+02 -1.229509194175694375e+00 -4.686822751666858689e-01 1.315809991456968087e+00 -7.419421687808060994e+01
7.100000000000000000e+02 -1.168726315910420199e+00 -5.313201827605140704e-01 1.283831117441156744e+00 -7.524172245275961757e+01
7.200000000000000000e+02 -1.102853046218432498e+00 -5.869478239150005550e-01 1.249316849142694696e+00 -7.628932612312500794e+01
7.300000000000000000e+02 -1.032887739505169211e+00 -6.348670218482835859e-01 1.212399776414779584e+00 -7.733728356337475418e+01
7.400000000000000000e+02 -9.599450027197403701e-01 -6.745467751634391940e-01 1.173246674885549234e+00 -7.838587618659775558e+01
7.500000000000000000e+02 -8.852249296792104039e-01 -7.056455514647540506e-01 1.132059548092572587e+00 -7.943541457096164038e+01
7.600000000000000000e+02 -8.099776395758405689e-01 -7.280276505384195573e-01 1.089076689935718489e+00 -8.048624213767908486e+01
7.700000000000000000e+02 -7.354644879567640015e-01 -7.417723612079760720e-01 1.044573716353978110e+00 -8.153873916028932456e+01
7.800000000000000000e+02 -6.629174896164845565e-01 -7.471749371733058531e-01 9.988643475364187285e-01 -8.259332700787005876e+01
7.900000000000000000e+02 -5.934986080993471802e-01 -7.447389387691476514e-01 9.523007322977645739e-01 -8.365047211837025998e+01
8.000000000000000000e+02 -5.282609097666459697e-01 -7.351600404878667616e-01 9.052733697163560800e-01 -8.471068892547575047e+01
8.100000000000000000e+02 -4.681137422610393561e-01 -7.193019402485099079e-01 8.582107881743887834e-01 -8.577454065054038779e+01
8.200000000000000000e+02 -4.137938106671148475e-01 -6.981653683339295036e-01 8.115788312217511180e-01 -8.684263625095415762e+01
8.300000000000000000e+02 -3.658434989266020065e-01 -6.728514762784089109e-01 7.658789557344508614e-01 -8.791562074769126411e+01
8.400000000000000000e+02 -3.245972765503895019e-01 -6.445214861139959561e-01 7.216448835864659461e-01 -8.899415459872254530e+01
8.500000000000000000e+02 -2.901769077337961744e-01 -6.143549417709742722e-01 6.794369965348996399e-01 -9.007887681007952096e+01
8.600000000000000000e+02 -2.624958249462965298e-01 -5.835084629876162721e-01 6.398329348294029550e-01 -9.117034667370975853e+01
8.700000000000000000e+02 -2.412721542558533550e-01 -5.530768649211447174e-01 6.034121899085752583e-01 -9.226896021249626756e+01
8.800000000000000000e+02 -2.260491996915865720e-01 -5.240585036936147301e-01 5.707324732085928831e-01 -9.337484232840414222e+01
8.900000000000000000e+02 -2.162219169781882666e-01 -4.973265045861981482e-01 5.422965697343551383e-01 -9.448772652583775766e+01
9.000000000000000000e+02 -2.110677898094104055e-01 -4.736070533578048414e-01 5.185106101954829461e-01 -9.560685006670794905e+01
9.100000000000000000e+02 -2.097803493648901230e-01 -4.534652890950922610e-01 4.996384326628116601e-01 -9.673090683607421170e+01
9.200000000000000000e+02 -2.115034434694025856e-01 -4.372988811853764091e-01 4.857612768484090848e-01 -9.785810039867745047e+01
9.300000000000000000e+02 -2.153644866299017080e-01 -4.253388619251091129e-01 4.767546639154232047e-01 -9.898631477493901798e+01
9.400000000000000000e+02 -2.205052266802461081e-01 -4.176567929486219577e-01 4.722920195064011506e-01 -1.001133740263112202e+02
9.500000000000000000e+02 -2.261088551834358751e-01 -4.141771938516105034e-01 4.718770626965868020e-01 -1.012373187065219753e+02
9.600000000000000000e+02 -2.314226775217147758e-01 -4.146941235197858511e-01 4.748975381628788850e-01 -1.023566184584706917e+02
9.700000000000000000e+02 -2.357759696091334123e-01 -4.188906765283382794e-01 4.806867032979962873e-01 -1.034702723930215313e+02
9.800000000000000000e+02 -2.385928848070222319e-01 -4.263602063386580099e-01 4.885791545181599194e-01 -1.045777978431167554e+02
9.900000000000000000e+02 -2.394004876406797266e-01 -4.366282938358698185e-01 4.979526688959683978e-01 -1.056791431704914288e+02
1.000000000000000000e+03 -2.378322359927871887e-01 -4.491744105642143103e-01 5.082537000190340271e-01 -1.067745694054647885e+02
1.010000000000000000e+03 -2.336273931545851668e-01 -4.634523083347512618e-01 5.190084786716074872e-01 -1.078645351124487490e+02
1.020000000000000000e+03 -2.266269649145676579e-01 -4.789085625600820184e-01 5.298237372180985005e-01 -1.089496023746788467e+02
1.030000000000000000e+03 -2.167668696082091229e-01 -4.949989167639853305e-01 5.403811648801808420e-01 -1.100303687510757698e+02
1.040000000000000000e+03 -2.040690568088659729e-01 -5.112022500282431547e-01 5.504288513339381517e-01 -1.111074226896032400e+02
1.050000000000000000e+03 -1.886312015641431472e-01 -5.270320109009636322e-01 5.597718023604313364e-01 -1.121813171321753231e+02
1.060000000000000000e+03 -1.706155352804214487e-01 -5.420449031251995953e-01 5.682625606909466054e-01 -1.132525559804842743e+02
1.070000000000000000e+03 -1.502373190160156691e-01 -5.558469392483398330e-01 5.757925597790124472e-01 -1.143215888542203089e+02
1.080000000000000000e+03 -1.277534280788740206e-01 -5.680972246343680698e-01 5.822846340263287956e-01 -1.153888107791949693e+02
1.090000000000000000e+03 -1.034514685371923509e-01 -5.785097613038224784e-01 5.876867790467191766e-01 -1.164545646966559644e+02
1.100000000000000000e+03 -7.763973311741462213e-02 -5.868534986865934222e-01 5.919670236417218234e-01 -1.175191454817931032e+02
1.110000000000000000e+03 -5.063818993388020939e-02 -5.929509394019937263e-01 5.951092696450682729e-01 -1.185828046123241819e+02
1.120000000000000000e+03 -2.277061008127095887e-02 -5.966756904598780054e-01 5.971100235879861495e-01 -1.196457549660281501e+02
1.130000000000000000e+03 5.642128833653785487e-03 -5.979492594326297761e-01 5.979758778360595439e-01 -1.207081755009556048e+02
1.140000000000000000e+03 3.428759857388295751e-02 -5.967373067222467853e-01 5.977215511005811166e-01 -1.217702156807234530e+02
1.150000000000000000e+03 6.286631855485605436e-02 -5.930455561651264418e-01 5.963683473289346226e-01 -1.228319995509712754e+02
1.160000000000000000e+03 9.109522878244537269e-02 -5.869155735414561814e-01 5.939429527929619423e-01 -1.238936295487266079e+02
1.170000000000000000e+03 1.187102131691034623e-01 -5.784205887840028204e-01 5.904764959250168310e-01 -1.249551901231193227e+02
1.180000000000000000e+03 1.454678605172619044e-01 -5.676614550177406793e-01 5.860037764010809225e-01 -1.260167510838782334e+02
1.190000000000000000e+03 1.711466634045010482e-01 -5.547628545358165297e-01 5.805626625672900554e-01 -1.270783705946773665e+02
1.200000000000000000e+03 1.955478322047220774e-01 -5.398698586400778598e-01 5.741937120415232521e-01 -1.281400978017780972e+02
1.210000000000000000e+03 2.184957981804560023e-01 -5.231447845884652503e-01 5.669399257986919016e-01 -1.292019751955812978e+02
1.220000000000000000e+03 2.398383890527870932e-01 -5.047642103996641261e-01 5.588464556242908055e-01 -1.302640408298863690e+02
1.230000000000000000e+03 2.594467672043394568e-01 -4.849161423799127624e-01 5.499602623402881640e-01 -1.313263303493392300e+02
1.240000000000000000e+03 2.772152907886361040e-01 -4.637974469307565295e-01 5.403298892588822566e-01 -1.323888787617573257e+02
1.250000000000000000e+03 2.930613414076865819e-01 -4.416115735177370549e-01 5.300054072294775320e-01 -1.334517220774137627e+02
1.260000000000000000e+03 3.069250338350649199e-01 -4.185663698406100197e-01 5.190383245543647162e-01 -1.345148989088809515e+02
1.270000000000000000e+03 3.187687358800166404e-01 -3.948717542702647743e-01 5.074812403380248860e-01 -1.355784519017453817e+02
1.280000000000000000e+03 3.285764229978441753e-01 -3.707372436180989550e-01 4.953872924849848092e-01 -1.366424288257460375e+02
1.290000000000000000e+03 3.363529306706037891e-01 -3.463695634361680931e-01 4.828096606797193102e-01 -1.377068834057188838e+02
1.300000000000000000e+03 3.421231329742622229e-01 -3.219705016214378102e-01 4.698012792984763708e-01 -1.387718760970004155e+02
1.310000000000000000e+03 3.459310202639246934e-01 -2.977349743334038457e-01 4.564147080475743357e-01 -1.398374749087338955e+02
1.320000000000000000e+03 3.478386423283612028e-01 -2.738492857194885777e-01 4.427021034351561468e-01 -1.409037563802375530e+02
1.330000000000000000e+03 3.479248655964847226e-01 -2.504895704922450173e-01 4.287152166948606791e-01 -1.419708068288232994e+02
1.340000000000000000e+03 3.462839788252212170e-01 -2.278203650285646198e-01 4.145053832132638005e-01 -1.430387237570338073e+02
1.350000000000000000e+03 3.430242805586360966e-01 -2.059932813331600832e-01 4.001235921651862815e-01 -1.441076171875913019e+02
1.360000000000000000e+03 3.382667051241681766e-01 -1.851458406080333241e-01 3.856207282940275483e-01 -1.451776109774546342e+02
1.370000000000000000e+03 3.321434385402320943e-01 -1.654004934116702630e-01 3.710479577981166122e-01 -1.462488442820789203e+02
1.380000000000000000e+03 3.247964891297676071e-01 -1.468637940595066971e-01 3.564571970890424435e-01 -1.473214731722898421e+02
1.390000000000000000e+03 3.163762291788022041e-01 -1.296256902382557086e-01 3.419016495414173851e-01 -1.483956722533264667e+02
1.400000000000000000e+03 3.070399445718501319e-01 -1.137588583491490613e-01 3.274364143090785495e-01 -1.494716359333108358e+02
1.410000000000000000e+03 2.969503304059799009e-01 -9.931806563572881386e-02 3.131191097487401320e-01 -1.505495790803097975e+02
1.420000000000000000e+03 2.862738282440096538e-01 -8.633960458691031237e-02 2.990104213195666771e-01 -1.516297368664811529e+02
1.430000000000000000e+03 2.751788264640614989e-01 -7.484086006409275404e-02 2.851745796337240013e-01 -1.527123633664292868e+02
1.440000000000000000e+03 2.638337239435558645e-01 -6.482007348559720716e-02 2.716797302277125792e-01 -1.537977283782917368e+02
1.450000000000000000e+03 2.524048411473658882e-01 -5.625628432893413355e-02 2.585980923385261532e-01 -1.548861114819989382e+02
1.460000000000000000e+03 2.410542194986905751e-01 -4.910943628157019014e-02 2.460058403168845498e-01 -1.559777920546628422e+02
1.470000000000000000e+03 2.299373593116652847e-01 -4.332071968656565214e-02 2.339826360253766113e-01 -1.570730341238214010e+02
1.480000000000000000e+03 2.192008988852937879e-01 -3.881322005401885433e-02 2.226106469221148521e-01 -1.581720651192269713e+02
1.490000000000000000e+03 2.089802702605545737e-01 -3.549289381688348205e-02 2.119728729570626025e-01 -1.592750478735972592e+02
1.500000000000000000e+03 1.993974199590372587e-01 -3.324988283166181724e-02 2.021506512347657769e-01 -1.603820462217155125e+02
1.510000000000000000e+03 1.905586371152802605e-01 -3.196022231976689693e-02 1.932202111321742466e-01 -1.614929866698673777e+02
1.520000000000000000e+03 1.825525328361850275e-01 -3.148795478818781912e-02 1.852482619126273322e-01 -1.626076210823738961e+02
1.530000000000000000e+03 1.754482970386719021e-01 -3.168758304688032434e-02 1.782868695477123067e-01 -1.637254976854310371e+02
1.540000000000000000e+03 1.692943581560425181e-01 -3.240679492464564743e-02 1.723681526870739500e-01 -1.648459494775192695e+02
1.550000000000000000e+03 1.641174874016029794e-01 -3.348939885831637292e-02 1.674995209154543085e-01 -1.659681086021909096e+02
1.560000000000000000e+03 1.599223815327006637e-01 -3.477841764857938361e-02 1.636603386567121177e-01 -1.670909511007251069e+02
1.570000000000000000e+03 1.566917473737400590e-01 -3.611929697072289308e-02 1.608008311816056524e-01 -1.682133691139308951e+02
1.580000000000000000e+03 1.543868695323832585e-01 -3.736313669882690425e-02 1.588436636066555552e-01 -1.693342591531710752e+02
1.590000000000000000e+03 1.529486359463612388e-01 -3.836981465690957049e-02 1.576880715674401912e-01 -1.704526094919851573e+02
1.600000000000000000e+03 1.522989996777920074e-01 -3.901093108359486583e-02 1.572158962918987768e-01 -1.715675703429341183e+02
1.610000000000000000e+03 1.523428958365589392e-01 -3.917251950336954336e-02 1.572985829437459071e-01 -1.726784962417699205e+02
1.620000000000000000e+03 1.529706439493174197e-01 -3.875744070955306625e-02 1.578041733308196137e-01 -1.737849581044444278e+02
1.630000000000000000e+03 1.540607866015982486e-01 -3.768737600238201285e-02 1.586034812929656701e-01 -1.748867297380584205e+02
1.640000000000000000e+03 1.554832610480784694e-01 -3.590436575316684892e-02 1.595749602734780337e-01 -1.759837577270156430e+02
1.650000000000000000e+03 1.571027981839760723e-01 -3.337186179547060871e-02 1.606081266839605171e-01 -1.770761240611057588e+02
1.660000000000000000e+03 1.587824190869467078e-01 -3.007520199973175157e-02 1.616056137218860600e-01 -1.781640084965536914e+02
1.670000000000000000e+03 1.603869348607264711e-01 -2.602141014809799049e-02 1.624840997147550259e-01 -1.792476546964886666e+02
1.680000000000000000e+03 1.617863774394855958e-01 -2.123835478283114461e-02 1.631744454222937013e-01 -1.803273423793996812e+02
1.690000000000000000e+03 1.628592228229094330e-01 -1.577334522774145875e-02 1.636212849178112771e-01 -1.814033661832726807e+02
1.700000000000000000e+03 1.634952749135534233e-01 -9.691229148012821606e-03 1.637822482488798526e-01 -1.824760207021947735e+02
1.710000000000000000e+03 1.635981183019502572e-01 -3.072059418471179831e-03 1.636269594565930019e-01 -1.835455905714213714e+02
1.720000000000000000e+03 1.630870742242836458e-01 3.991611602354215929e-03 1.631359149366596317e-01 -1.846123442382508983e+02
1.730000000000000000e+03 1.618985947573538531e-01 1.139772517457089684e-02 1.622993010569082351e-01 -1.856765302587436679e+02
1.740000000000000000e+03 1.599870508024400229e-01 1.903784219907673353e-02 1.611157840190075019e-01 -1.867383754892971410e+02
1.750000000000000000e+03 1.573249256954036834e-01 2.680024537859192896e-02 1.595913073992973608e-01 -1.877980847303879557e+02
1.760000000000000000e+03 1.539024514804085975e-01 3.457291307027373500e-02 1.577379183641150484e-01 -1.888558412824365575e+02
1.770000000000000000e+03 1.497267622737546433e-01 4.224630059407735727e-02 1.555726622992181507e-01 -1.899118078759252910e+02
1.780000000000000000e+03 1.448206539668224491e-01 4.971585963659739399e-02 1.531165847149941472e-01 -1.909661277320704187e+02
1.790000000000000000e+03 1.392210027070532041e-01 5.688422122496434447e-02 1.503938237399661260e-01 -1.920189256906330684e+02
1.800000000000000000e+03 1.329769037646799934e-01 6.366298721407837036e-02 1.474307731644274866e-01 -1.930703093408105246e+02
1.810000000000000000e+03 1.261476429481050987e-01 6.997410841962754813e-02 1.442553419131659131e-01 -1.941203701335293772e+02
1.820000000000000000e+03 1.188006354101846795e-01 7.575087252971411667e-02 1.408963649739645441e-01 -1.951691844994348344e+02
1.830000000000000000e+03 1.110093798161820994e-01 8.093851488345801815e-02 1.373831343313768327e-01 -1.962168150399762681e+02
1.840000000000000000e+03 1.028514048050315211e-01 8.549442989097277845e-02 1.337449401388737524e-01 -1.972633117871156401e+02
1.850000000000000000e+03 9.440624646010491172e-02 8.938802896331932146e-02 1.300106114616544906e-01 -1.983087131960463410e+02
1.860000000000000000e+03 8.575359208566464553e-02 9.260030268529920172e-02 1.262081400425645872e-01 -1.993530470263254699e+02
1.870000000000000000e+03 7.697171457289649077e-02 9.512309909218140402e-02 1.223644099613625802e-01 -2.003963318904876303e+02
1.880000000000000000e+03 6.813622703637675637e-02 9.695819295406994665e-02 1.185050067114100242e-01 -2.014385796926783598e+02
1.890000000000000000e+03 5.931909440510443887e-02 9.811621640770072650e-02 1.146540312557934177e-01 -2.024797986522434599e+02
1.900000000000000000e+03 5.058781954285200555e-02 9.861550999257945316e-02 1.108338680061139864e-01 -2.035199962551194801e+02
1.910000000000000000e+03 4.200478581124638539e-02 9.848096611806309020e-02 1.070649462643856048e-01 -2.045591816400396965e+02
1.920000000000000000e+03 3.362679783402282296e-02 9.774289031679299355e-02 1.033655365199197679e-01 -2.055973676792777951e+02
1.930000000000000000e+03 2.550485990925313237e-02 9.643591376816817995e-02 9.975160822408928041e-02 -2.066345732066294545e+02
1.940000000000000000e+03 1.768418188381174622e-02 9.459801972126770375e-02 9.623676856630780652e-02 -2.076708255668449397e+02
1.950000000000000000e+03 1.020434153145874379e-02 9.226972353561727069e-02 9.283227061442532457e-02 -2.087061632943174345e+02
1.960000000000000000e+03 3.099501904897738504e-03 8.949341748932924945e-02 8.954707525083020758e-02 -2.097406383816072548e+02
1.970000000000000000e+03 -3.601368280228003753e-03 8.631285831796116359e-02 8.638795844622253195e-02 -2.107743179681080790e+02
1.980000000000000000e+03 -9.874261401968165847e-03 8.277275282804769097e-02 8.335964040809842879e-02 -2.118072858496620370e+02
1.990000000000000000e+03 -1.569990146890178420e-02 7.891840451908394005e-02 8.046490836365249866e-02 -2.128396437793034579e+02
2.000000000000000000e+03 -2.106357360700996176e-02 7.479541121957679339e-02 7.770474678295734294e-02 -2.138715119114871470e+02
2.010000000000000000e+03 -2.595501011504801336e-02 7.044940265181234840e-02 7.507849814740188976e-02 -2.149030283902279734e+02
2.020000000000000000e+03 -3.036830698267514034e-02 6.592576873245729885e-02 7.258402752644303735e-02 -2.159343482621323176e+02
2.030000000000000000e+03 -3.430184219418814379e-02 6.126936618729996592e-02 7.021788668785498844e-02 -2.169656419110309002e+02
2.040000000000000000e+03 -3.775819225805345652e-02 5.652421720003031336e-02 6.797549714913699026e-02 -2.179970930679604635e+02
2.050000000000000000e+03 -4.074407560224797137e-02 5.173320438846445990e-02 6.585137912739821853e-02 -2.190288961499153402e+02
2.060000000000000000e+03 -4.327029519079229891e-02 4.693777398044639282e-02 6.383943195343903809e-02 -2.200612535980246491e+02
2.070000000000000000e+03 -4.535163742586767466e-02 4.217762258620991883e-02 6.193321293322449905e-02 -2.210943737553790811e+02
2.080000000000000000e+03 -4.700674596794173626e-02 3.749031452210019322e-02 6.012618272816429993e-02 -2.221284683884052811e+02
2.090000000000000000e+03 -4.825798431189833732e-02 3.291081612570186110e-02 5.841194114140689508e-02 -2.231637490700384774e+02
2.100000000000000000e+03 -4.913125673409029365e-02 2.847097797183703941e-02 5.678447829243413181e-02 -2.242004226938773854e+02
2.110000000000000000e+03 -4.965574806596571855e-02 2.419900327733484971e-02 5.523843838856346000e-02 -2.252386867241524442e+02
2.120000000000000000e+03 -4.986355708169317585e-02 2.011894229537002435e-02 5.376937942661885045e-02 -2.262787247131072377e+02
2.130000000000000000e+03 -4.978921158391019786e-02 1.625018967530879668e-02 5.237398452123811360e-02 -2.273207013547344957e+02
2.140000000000000000e+03 -4.946908579768390102e-02 1.260695619737905483e-02 5.105022815053078533e-02 -2.283647556117694251e+02
2.150000000000000000e+03 -4.894073893161480365e-02 9.197810724696661028e-03 4.979754661928458698e-02 -2.294109928064546011e+02
2.160000000000000000e+03 -4.824209407757589635e-02 6.025369268690473554e-03 4.861691799994898033e-02 -2.304594771773735715e+02
2.170000000000000000e+03 -4.741041314481681673e-02 3.086165437029184198e-03 4.751075343190142020e-02 -2.315102250050638588e+02
2.180000000000000000e+03 -4.648114905387922685e-02 3.707522259072580325e-04 4.648262766434308607e-02 -2.325631982698309628e+02
2.190000000000000000e+03 -4.548678488967896477e-02 -2.135957983992941775e-03 4.553690718647138841e-02 -2.336182987380792895e+02
2.200000000000000000e+03 -4.445576703897980569e-02 -4.454113699868923228e-03 4.467834320871134912e-02 -2.346753632581911688e+02
2.210000000000000000e+03 -4.341159146261047708e-02 -6.608072101975466690e-03 4.391164868484786349e-02 -2.357341625611748555e+02
2.220000000000000000e+03 -4.237208456986264055e-02 -8.625291031682080778e-03 4.324105914725964728e-02 -2.367944050892519670e+02
2.230000000000000000e+03 -4.134894955370719410e-02 -1.053506261298044720e-02 4.266993289723386429e-02 -2.378557456117063680e+02
2.240000000000000000e+03 -4.034757386368534315e-02 -1.236721040380181144e-02 4.220041006740868350e-02 -2.389177972776935235e+02
2.250000000000000000e+03 -3.936706247163955508e-02 -1.415080224376656821e-02 4.183313055208945364e-02 -2.399801464315640658e+02
2.260000000000000000e+03 -3.840053266636708068e-02 -1.591290107166567352e-02 4.156707025491866020e-02 -2.410423700490502199e+02
2.270000000000000000e+03 -3.743568620569624750e-02 -1.767741455933196856e-02 4.139953607462091428e-02 -2.421040545363377134e+02
2.280000000000000000e+03 -3.645560282654933260e-02 -1.946410476323213665e-02 4.132629128873274021e-02 -2.431648138550720262e+02
2.290000000000000000e+03 -3.543968870958199430e-02 -2.128777599806470217e-02 4.134175785783489321e-02 -2.442243055134426868e+02
2.300000000000000000e+03 -3.436476621692990258e-02 -2.315764188414155475e-02 4.143927526849852661e-02 -2.452822439376451200e+02
2.310000000000000000e+03 -3.320627928006243679e-02 -2.507687952553251318e-02 4.161137909711207228e-02 -2.463384108670149146e+02
2.320000000000000000e+03 -3.193953771410511927e-02 -2.704239336403959498e-02 4.185003116183064198e-02 -2.473926617474835155e+02
2.330000000000000000e+03 -3.054094542013941968e-02 -2.904485338237248332e-02 4.214680124469055711e-02 -2.484449267996356241e+02
2.340000000000000000e+03 -2.898917777386562575e-02 -3.106903064979532961e-02 4.249302405716386122e-02 -2.494952070917751428e+02
2.350000000000000000e+03 -2.726625819036239060e-02 -3.309434810161074325e-02 4.287988703313117683e-02 -2.505435677316449414e+02
2.360000000000000000e+03 -2.535848987253729730e-02 -3.509556543392235856e-02 4.329840322393312818e-02 -2.515901296743726618e+02
2.370000000000000000e+03 -2.325723195890759890e-02 -3.704360744323900723e-02 4.373931516152516907e-02 -2.526350602823168856e+02
2.380000000000000000e+03 -2.095951339538533117e-02 -3.890658076569000062e-02 4.419302239775523694e-02 -2.536785626497220676e+02
2.390000000000000000e+03 -1.846844712651749681e-02 -4.065095944220049190e-02 4.464956934659506521e-02 -2.547208643672098276e+02
2.400000000000000000e+03 -1.579340485972027461e-02 -4.224286645360427611e-02 4.509868516132240629e-02 -2.557622066670292327e+02
2.410000000000000000e+03 -1.294993963824370153e-02 -4.364938088462863575e-02 4.552987358038169258e-02 -2.568028347290513125e+02
2.420000000000000000e+03 -9.959463207750731545e-03 -4.483980222760011736e-02 4.593254588194337074e-02 -2.578429897280066712e+02
2.430000000000000000e+03 -6.848693705846831820e-03 -4.578681577527588670e-02 4.629618887463155669e-02 -2.588829027790722535e+02
2.440000000000000000e+03 -3.648891601671019023e-03 -4.646750502733545257e-02 4.661055066598324137e-02 -2.599227905654146298e+02
2.450000000000000000e+03 -3.949254796245791656e-04 -4.686414453670251223e-02 4.686580853128857055e-02 -2.609628525414199771e+02
2.460000000000000000e+03 2.875764556571563414e-03 -4.696475229109658978e-02 4.705271490093739656e-02 -2.620032696678878779e+02
2.470000000000000000e+03 6.124252771980333993e-03 -4.676343616590762642e-02 4.716275473356095621e-02 -2.630442043996010852e+02
2.480000000000000000e+03 9.311233241635916494e-03 -4.626056128216572694e-02 4.718833112773915955e-02 -2.640858016092402067e+02
2.490000000000000000e+03 1.239812224245962283e-02 -4.546273676623376753e-02 4.712296541406149619e-02 -2.651281901640997489e+02
2.500000000000000000e+03 1.534813526211637955e-02 -4.438259377742363038e-02 4.696147236231017902e-02 -2.661714846641961572e+02
2.510000000000000000e+03 1.812729957641322914e-02 -4.303834499432474675e-02 4.670008704256930349e-02 -2.672157870036156737e+02
2.520000000000000000e+03 2.070532186940664265e-02 -4.145315886274341527e-02 4.633653777976481231e-02 -2.682611884349547609e+02
2.530000000000000000e+03 2.305628568904011244e-02 -3.965439909792362744e-02 4.587007387820562360e-02 -2.693077720084108364e+02
2.540000000000000000e+03 2.515922028944132804e-02 -3.767277196355407060e-02 4.530148025164941472e-02 -2.703556142467847394e+02
2.550000000000000000e+03 2.699852833886591183e-02 -3.554139269736504569e-02 4.463307212519500300e-02 -2.714047859096104958e+02
2.560000000000000000e+03 2.856421703053956679e-02 -3.329477738035602902e-02 4.386862996920731089e-02 -2.724553522763043816e+02
2.570000000000000000e+03 2.985191425469673268e-02 -3.096782744223356906e-02 4.301329005274672629e-02 -2.735073733683336741e+02
2.580000000000000000e+03 3.086269275852266541e-02 -2.859492106077237902e-02 4.207345142460707649e-02 -2.745609050472679087e+02
2.590000000000000000e+03 3.160274916730724387e-02 -2.620915143924005403e-02 4.105670924583164350e-02 -2.756160011974989743e+02
2.600000000000000000e+03 3.208296354039474885e-02 -2.384168391014151317e-02 3.997177055379708133e-02 -2.766727165901569947e+02
2.610000000000000000e+03 3.231835999990111119e-02 -2.152122753659346452e-02 3.882833537205834101e-02 -2.777311102844072366e+02
2.620000000000000000e+03 3.232750836928862531e-02 -1.927361864257433680e-02 3.763695222711072735e-02 -2.787912491284366752e+02
2.630000000000000000e+03 3.213190205863180465e-02 -1.712149602783154256e-02 3.640885546315014709e-02 -2.798532106300577311e+02
2.640000000000000000e+03 3.175533534103940764e-02 -1.508404879143526722e-02 3.515579398284535834e-02 -2.809170845181213281e+02
2.650000000000000000e+03 3.122330182715602614e-02 -1.317683907466909131e-02 3.388987555287583525e-02 -2.819829727309839313e+02
2.660000000000000000e+03 3.056241223877814717e-02 -1.141171021138411359e-02 3.262342979825427064e-02 -2.830509881213836252e+02
2.670000000000000000e+03 2.979981986788762457e-02 -9.796785275849239846e-03 3.136887415734977008e-02 -2.841212521455301498e+02
2.680000000000000000e+03 2.896265637790303160e-02 -8.336531046910409040e-03 3.013856689294612534e-02 -2.851938906725143283e+02
2.690000000000000000e+03 2.807747128853023064e-02 -7.031847046069896086e-03 2.894462414400230874e-02 -2.862690263173140011e+02
2.700000000000000000e+03 2.716969376259067287e-02 -5.880186593420900013e-03 2.779872035771440569e-02 -2.873467666802377494e+02
2.710000000000000000e+03 2.626316151004706376e-02 -4.875750357996849922e-03 2.671191857685112012e-02 -2.884271893634071375e+02
2.720000000000000000e+03 2.537974064680208197e-02 -4.009770987729224107e-03 2.569454219621304658e-02 -2.895103251975823468e+02
2.730000000000000000e+03 2.453901813856042280e-02 -3.270864916127449572e-03 2.475604912953904488e-02 -2.905961407111848871e+02
2.740000000000000000e+03 2.375801932373368744e-02 -2.645409195330953277e-03 2.390484620317907122e-02 -2.916845206530981613e+02
2.750000000000000000e+03 2.305095505356635766e-02 -2.117917759000479197e-03 2.314804753138860471e-02 -2.927752519673708207e+02
2.760000000000000000e+03 2.242904858928325418e-02 -1.671414171194246252e-03 2.249123931561126943e-02 -2.938680119663897585e+02
2.770000000000000000e+03 2.190044322035792496e-02 -1.287819052175203337e-03 2.193827457115228238e-02 -2.949623650814109510e+02
2.780000000000000000e+03 2.147013683636058573e-02 -9.483570619938531260e-04 2.149107156214136519e-02 -2.960577716758397742e+02
2.790000000000000000e+03 2.113993727028248143e-02 -6.339796131215671982e-04 2.114944155152405358e-02 -2.971536100636658944e+02
2.800000000000000000e+03 2.090848010328620263e-02 -3.258028215329024520e-04 2.091101833264066151e-02 -2.982492104539193747e+02
2.810000000000000000e+03 2.077131402022134449e-02 -5.539502458696398608e-06 2.077131475888638334e-02 -2.993438960756693064e+02
2.820000000000000000e+03 2.072102862980397531e-02 3.440799190576705269e-04 2.072388521652865009e-02 -3.004370255622894206e+02
2.830000000000000000e+03 2.074741582221206748e-02 7.388710419622978882e-04 2.076056824165528614e-02 -3.015280317514644253e+02
2.840000000000000000e+03 2.083770869210765583e-02 1.192750980046455465e-03 2.087181732474536339e-02 -3.026164517515148873e+02
2.850000000000000000e+03 2.097695085845608862e-02 1.717324867428843922e-03 2.104712978100270818e-02 -3.037019443213578711e+02
2.860000000000000000e+03 2.114847245841607742e-02 2.321520625364328991e-03 2.127551046011294522e-02 -3.047842946477384771e+02
2.870000000000000000e+03 2.133440973189880407e-02 3.011281156233581394e-03 2.154587786121572521e-02 -3.058634089821381394e+02
2.880000000000000000e+03 2.151624997033959458e-02 3.789346298801808243e-03 2.184738332520353918e-02 -3.069393015185772811e+02
2.890000000000000000e+03 2.167539792931682738e-02 4.655148548609605239e-03 2.216964779611652406e-02 -3.080120764549918135e+02
2.900000000000000000e+03 2.179374919893698956e-02 5.604811244384710726e-03 2.250292010454083350e-02 -3.090819091015121671e+02
2.910000000000000000e+03 2.185426782214748911e-02 6.631254694201627227e-03 2.283818208311515913e-02 -3.101490281850589668e+02
2.920000000000000000e+03 2.184156757102224608e-02 7.724433968647992713e-03 2.316723881034452731e-02 -3.112136999462529161e+02
2.930000000000000000e+03 2.174248851538522834e-02 8.871703974802788717e-03 2.348282219534505305e-02 -3.122762152304765664e+02
2.940000000000000000e+03 2.154661567766977953e-02 1.005828171076227594e-02 2.377868116894332751e-02 -3.133368804904611125e+02
2.950000000000000000e+03 2.124664590577801659e-02 1.126778963160917323e-02 2.404959553563662186e-02 -3.143960111561891608e+02
2.960000000000000000e+03 2.083858436683993370e-02 1.248286556465486030e-02 2.429132625278314708e-02 -3.154539259554954924e+02
2.970000000000000000e+03 2.032183523624702878e-02 1.368579773482567208e-02 2.450057238122674633e-02 -3.165109433625386828e+02
2.980000000000000000e+03 1.969918562143205612e-02 1.485917960715912520e-02 2.467494949833634599e-02 -3.175673792378552207e+02
2.990000000000000000e+03 1.897663667936093368e-02 1.598657684869235138e-02 2.481296796031488491e-02 -3.186235438089768763e+02
3.000000000000000000e+03 1.816309249220927555e-02 1.705315833893144770e-02 2.491401489550040815e-02 -3.196797384617506737e+02
3.010000000000000000e+03 1.726992645173133778e-02 1.804623633701606458e-02 2.497833072043944419e-02 -3.207362530450108125e+02
3.020000000000000000e+03 1.631045230129244544e-02 1.895567393395614780e-02 2.500696760031492771e-02 -3.217933639822139185e+02
3.030000000000000000e+03 1.529932195613371675e-02 1.977414015050797322e-02 2.500171736120074262e-02 -3.228513326386719200e+02
3.040000000000000000e+03 1.425186976689014548e-02 2.049721162813227318e-02 2.496500503466478685e-02 -3.239104029043493824e+02
3.050000000000000000e+03 1.318346879901386229e-02 2.112334499094132081e-02 2.489979022363236413e-02 -3.249707981811714603e+02
3.060000000000000000e+03 1.210893378753342790e-02 2.165375656890044034e-02 2.480950324001001892e-02 -3.260327175462562082e+02
3.070000000000000000e+03 1.104194404482231745e-02 2.209220583353127890e-02 2.469797738439527546e-02 -3.270963300559927234e+02
3.080000000000000000e+03 9.994516079987933108e-03 2.244465552138797185e-02 2.456934905826585122e-02 -3.281617682844948263e+02
3.090000000000000000e+03 8.976597058237525267e-03 2.271881274303103049e-02 2.442792965437038180e-02 -3.292291231800101627e+02
3.100000000000000000e+03 7.995787383985522925e-03 2.292357831661507792e-02 2.427803655009784858e-02 -3.302984401189040682e+02
3.110000000000000000e+03 7.057155497638276792e-03 2.306845643408360694e-02 2.412378755438414693e-02 -3.313697142708765000e+02
3.120000000000000000e+03 6.163140901808084916e-03 2.316296852553183239e-02 2.396888434388046510e-02 -3.324428851626199730e+02
3.130000000000000000e+03 5.313597171005675530e-03 2.321606972018546919e-02 2.381638528719738634e-02 -3.335178334934781219e+02
3.140000000000000000e+03 4.506008037151378910e-03 2.323558836872132577e-02 2.366847429116483367e-02 -3.345943824382749199e+02
3.150000000000000000e+03 3.735870815769936053e-03 2.322774543005609940e-02 2.352625955216029394e-02 -3.356723038990928671e+02
3.160000000000000000e+03 2.997229187241549214e-03 2.319677452575273982e-02 2.338960733316110610e-02 -3.367513300091740689e+02
3.170000000000000000e+03 2.283296921735411718e-03 2.314467012830101825e-02 2.325702474910915779e-02 -3.378311681181802442e+02
3.180000000000000000e+03 1.587106708606966527e-03 2.307109787375862670e-02 2.312562355494560823e-02 -3.389115168391759880e+02
3.190000000000000000e+03 9.021621078627268609e-04 2.297347149720243772e-02 2.299117850614961628e-02 -3.399920826250940991e+02
3.200000000000000000e+03 2.230663812274483269e-04 2.284720456465332700e-02 2.284829348177998612e-02 -3.410725961479426473e+02
3.210000000000000000e+03 -4.539108050296647521e-04 2.268613456207500823e-02 2.269067509765844079e-02 -3.421528274361737658e+02
3.220000000000000000e+03 -1.130389806960567902e-03 2.248308463461232837e-02 2.251148319864378078e-02 -3.432325980134083920e+02
3.230000000000000000e+03 -1.805641241648773881e-03 2.223051513888287672e-02 2.230372488248641427e-02 -3.443117874280861770e+02
3.240000000000000000e+03 -2.476546292695609545e-03 2.192121379804312653e-02 2.206066399543270273e-02 -3.453903351855374240e+02
3.250000000000000000e+03 -3.137696324319289454e-03 2.154897421830804377e-02 2.177621243662340028e-02 -3.464682415136724103e+02
3.260000000000000000e+03 -3.781641661026297584e-03 2.110920293518317101e-02 2.144526199912595230e-02 -3.475455668735827430e+02
3.270000000000000000e+03 -4.399291754516994508e-03 2.059940191646136842e-02 2.106392953029594464e-02 -3.486224298065168341e+02
3.280000000000000000e+03 -4.980412390158599906e-03 2.001952945302651679e-02 2.062973744613928739e-02 -3.496990051309710452e+02
3.290000000000000000e+03 -5.514185448671496230e-03 1.937224067940103087e-02 2.014174645116407342e-02 -3.507755235052430862e+02
3.300000000000000000e+03 -5.989810502542931674e-03 1.866298348880648938e-02 1.960063219796333994e-02 -3.518522721930417561e+02
3.310000000000000000e+03 -6.397126747660869354e-03 1.789992162584915295e-02 1.900869340163022225e-02 -3.529295962039542474e+02
3.320000000000000000e+03 -6.727254706042544094e-03 1.709368875136877200e-02 1.836981630307289726e-02 -3.540078976665608934e+02
3.330000000000000000e+03 -6.973215190129705872e-03 1.625700869042316643e-02 1.768943361581568757e-02 -3.550876333698245730e+02
3.340000000000000000e+03 -7.130407266687313790e-03 1.540422462661202203e-02 1.697447625512927410e-02 -3.561693145627174886e+02
3.350000000000000000e+03 -7.196892275711489102e-03 1.455079141469792572e-02 1.623332341888876831e-02 -3.572535108625149860e+02
3.360000000000000000e+03 -7.173566624539026541e-03 1.371273264961333019e-02 1.547575829600836284e-02 -3.583408517138092861e+02
3.370000000000000000e+03 -7.064282210386213512e-03 1.290602910813534732e-02 1.471290829469197765e-02 -3.594320167059677829e+02
3.380000000000000000e+03 -6.875864465847169628e-03 1.214596175577269642e-02 1.395714509222400861e-02 -3.605277108730873579e+02
3.390000000000000000e+03 -6.617976162520738427e-03 1.144646529281773302e-02 1.322192029121994385e-02 -3.616286214499902485e+02
3.400000000000000000e+03 -6.302827728472582165e-03 1.081953052510522921e-02 1.252149664211457854e-02 -3.627353494610313760e+02
3.410000000000000000e+03 -5.944759155062069936e-03 1.027466430151755677e-02 1.187050495642765630e-02 -3.638483092763914328e+02
3.420000000000000000e+03 -5.559717598764485520e-03 9.818430416418374995e-03 1.128326351815205249e-02 -3.649675970791282111e+02
3.430000000000000000e+03 -5.164641259924968898e-03 9.454136643669270798e-03 1.077284637507141922e-02 -3.660928474881150123e+02
3.440000000000000000e+03 -4.776775249992521941e-03 9.181696383805004746e-03 1.034993382941741362e-02 -3.672231171951769397e+02
3.450000000000000000e+03 -4.412976502630338270e-03 8.997650130617937739e-03 1.002158018906082991e-02 -3.683568475189633773e+02
3.460000000000000000e+03 -4.089056232173286440e-03 8.895323981644796818e-03 9.790156771385238182e-03 -3.694919534796159724e+02
3.470000000000000000e+03 -3.819182205016075256e-03 8.865097288913395546e-03 9.652776940187268381e-03 -3.706260506821562899e+02
3.480000000000000000e+03 -3.615330672891882337e-03 8.894756692325646655e-03 9.601422420143003802e-03 -3.717567732514817749e+02
3.490000000000000000e+03 -3.486806428252567369e-03 8.969943996346593090e-03 9.623809763586234703e-03 -3.728820875318877484e+02
3.500000000000000000e+03 -3.439878372380920316e-03 9.074709313238804934e-03 9.704798418130955798e-03 -3.740005058598205210e+02
3.510000000000000000e+03 -3.477549041020183262e-03 9.192162402541424054e-03 9.827980309676883144e-03 -3.751111577251188578e+02
3.520000000000000000e+03 -3.599431868173226176e-03 9.305179595839757969e-03 9.977087605331206102e-03 -3.762137399147657675e+02
3.530000000000000000e+03 -3.801720189574707680e-03 9.397099857344782745e-03 1.013698979622300322e-02 -3.773083991438096518e+02
3.540000000000000000e+03 -4.077295994346203344e-03 9.452389267270424819e-03 1.029427051740533679e-02 -3.783955955190506302e+02
3.550000000000000000e+03 -4.416037728192174355e-03 9.457270766755822289e-03 1.043749776395429783e-02 -3.794759762859599732e+02
3.560000000000000000e+03 -4.805291945698580806e-03 9.400271181941593709e-03 1.055726901132282743e-02 -3.805502763326189211e+02
3.570000000000000000e+03 -5.230418838873818199e-03 9.272631674048115863e-03 1.064607812260489131e-02 -3.816192513085139808e+02
3.580000000000000000e+03 -5.675380237930275143e-03 9.068599812275868199e-03 1.069810466392526020e-02 -3.826836388223359791e+02
3.590000000000000000e+03 -6.123385741948726702e-03 8.785628234970579639e-03 1.070902032997478326e-02 -3.837441384584065531e+02
3.600000000000000000e+03 -6.557600531514339720e-03 8.424440236438148627e-03 1.067582868110177226e-02 -3.848014011133327017e+02
3.610000000000000000e+03 -6.961858748391762212e-03 7.988904524325327744e-03 1.059670103057289148e-02 -3.858560223489720329e+02
3.620000000000000000e+03 -7.321300422950287844e-03 7.485717802761542375e-03 1.047078845673396139e-02 -3.869085384559557497e+02
3.630000000000000000e+03 -7.622896530924444698e-03 6.923932434457782947e-03 1.029802854327547569e-02 -3.879594225804852385e+02
3.640000000000000000e+03 -7.855870481854394100e-03 6.314403647943864911e-03 1.007900761269868092e-02 -3.890090792396708252e+02
3.650000000000000000e+03 -8.012022808440044663e-03 5.669226905745755607e-03 9.814919418507473542e-03 -3.900578384871650428e+02
3.660000000000000000e+03 -8.085924756862018781e-03 5.001176883703985394e-03 9.507573265335860987e-03 -3.911059511297644917e+02
3.670000000000000000e+03 -8.074929747083434833e-03 4.323129605939395222e-03 9.159363515555142207e-03 -3.921535835998913626e+02
3.680000000000000000e+03 -7.979001410665327587e-03 3.647486307221064691e-03 8.773176156487708793e-03 -3.932008088303777527e+02
3.690000000000000000e+03 -7.800402114645331973e-03 2.985671059816100929e-03 8.352275428144522590e-03 -3.942475920596160108e+02
3.700000000000000000e+03 -7.543300281045718994e-03 2.347753553818200233e-03 7.900210495897588142e-03 -3.952937704815938673e+02
3.710000000000000000e+03 -7.213361525418124538e-03 1.742194626684977861e-03 7.420769947494161925e-03 -3.963390215175193134e+02
3.720000000000000000e+03 -6.817341013058189278e-03 1.175710494813583936e-03 6.917979015286188429e-03 -3.973828156571586305e+02
3.730000000000000000e+03 -6.362671749950185585e-03 6.532532692031829810e-04 6.396118481652665784e-03 -3.984243478958047149e+02
3.740000000000000000e+03 -5.857049441845441767e-03 1.780936303406275580e-04 5.859756437377744084e-03 -3.994624340807437193e+02
3.750000000000000000e+03 -5.308016058252578578e-03 -2.480062658162766475e-04 5.313806694127231299e-03 -4.004953477186303417e+02
3.760000000000000000e+03 -4.722571121425184204e-03 -6.245650419094500800e-04 4.763691791929288225e-03 -4.015205487180604678e+02
3.770000000000000000e+03 -4.106867540554779913e-03 -9.521304658742818939e-04 4.215793332186535021e-03 -4.025342228118026924e+02
3.780000000000000000e+03 -3.466028546078693453e-03 -1.231987894062811992e-03 3.678470885211639757e-03 -4.035305180151125910e+02
3.790000000000000000e+03 -2.804063101178175515e-03 -1.465815724587535241e-03 3.164077371657818185e-03 -4.045003575187184310e+02
3.800000000000000000e+03 -2.123850556370719938e-03 -1.655303270910001576e-03 2.692725404582050133e-03 -4.054299911608840148e+02
3.810000000000000000e+03 -1.427208899586607151e-03 -1.801780954352190161e-03 2.298551685415297242e-03 -4.063011518855462327e+02
3.820000000000000000e+03 -7.150741401491622455e-04 -1.905905592483223996e-03 2.035634336851511669e-03 -4.071001764542329511e+02
3.830000000000000000e+03 1.222183027348121174e-05 -1.967413579761351228e-03 1.967451541198564965e-03 -4.078450283544768240e+02
3.840000000000000000e+03 7.546125191554192745e-04 -1.984938630595719199e-03 2.123539832755038347e-03 -4.085979455585358551e+02
3.850000000000000000e+03 1.511899419747735843e-03 -1.955901011698035243e-03 2.472122291270182660e-03 -4.094131849197747783e+02
3.860000000000000000e+03 2.283311632478909631e-03 -1.876513635849057010e-03 2.955472117368213459e-03 -4.102983601158488227e+02
3.870000000000000000e+03 3.067091792063288743e-03 -1.741911569871122147e-03 3.527223834433090236e-03 -4.112369533026082422e+02
3.880000000000000000e+03 3.860129648863336663e-03 -1.546375810757201616e-03 4.158350520835007828e-03 -4.122114693475277818e+02
3.890000000000000000e+03 4.657638641475251792e-03 -1.283671999035957811e-03 4.831295014348886002e-03 -4.132093733646587452e+02
3.900000000000000000e+03 5.452919880309795193e-03 -9.475091017680593907e-04 5.534628146407950637e-03 -4.142224880731369012e+02
3.910000000000000000e+03 6.237237627481569818e-03 -5.320781807468875739e-04 6.259891405775250273e-03 -4.152455447485245372e+02
3.920000000000000000e+03 6.999840360208614901e-03 -3.262693590698718612e-05 6.999916398454495217e-03 -4.162751051418496786e+02
3.930000000000000000e+03 7.728157918902668622e-03 5.539646278291406696e-04 7.747986940385477063e-03 -4.173088851439845826e+02
3.940000000000000000e+03 8.408157739585569307e-03 1.228649093045811784e-03 8.497452275099579358e-03 -4.183453451790963982e+02
3.950000000000000000e+03 9.024839443758595620e-03 1.989778872778222296e-03 9.241587901880040160e-03 -4.193834378523800979e+02
3.960000000000000000e+03 9.562816764660983862e-03 2.832817673223972724e-03 9.973581124361061839e-03 -4.204224472265206600e+02
3.970000000000000000e+03 1.000694629370888628e-02 3.750194454548789330e-03 1.068657721499744265e-02 -4.214618846014527662e+02
3.980000000000000000e+03 1.034299323125603166e-02 4.731289101204898262e-03 1.137376830874395513e-02 -4.225014210761013373e+02
3.990000000000000000e+03 1.055828252548581501e-02 5.762561401810090654e-03 1.202848468418240072e-02 -4.235408420411903307e+02
4.000000000000000000e+03 1.064229656777767111e-02 6.827818361144245840e-03 1.264427063176484269e-02 -4.245800152173036395e+02
4.010000000000000000e+03 1.058721084110868758e-02 7.908625276330729856e-03 1.321496829945144509e-02 -4.256188670226594013e+02
4.020000000000000000e+03 1.038832834634929869e-02 8.984860426401754946e-03 1.373481280227308726e-02 -4.266573634078030750e+02
4.030000000000000000e+03 1.004440055008523104e-02 1.003534036829682383e-02 1.419852241319921084e-02 -4.276954971251271900e+02
4.040000000000000000e+03 9.557840688650828809e-03 1.103847785225673707e-02 1.460138048009131974e-02 -4.287332809332734200e+02
4.050000000000000000e+03 8.934792964828965414e-03 1.197300073431686873e-02 1.493931966015552698e-02 -4.297707413811173183e+02
4.060000000000000000e+03 8.185022849575587095e-03 1.281868670569287320e-02 1.520898839196025039e-02 -4.308079122342960545e+02
4.070000000000000000e+03 7.321652447492825455e-03 1.355702940850302650e-02 1.540777858566553908e-02 -4.318448299318449699e+02
4.080000000000000000e+03 6.360807828669731365e-03 1.417182313805382884e-02 1.553384843783226811e-02 -4.328815322990663503e+02
4.090000000000000000e+03 5.321193225132306130e-03 1.464969286726017748e-02 1.558616689389176468e-02 -4.339180589159257124e+02
4.100000000000000000e+03 4.223568876708160523e-03 1.498054836360145602e-02 1.556455471031857433e-02 -4.349544516065614630e+02
4.110000000000000000e+03 3.090149506275710958e-03 1.515791726283019676e-02 1.546969552764183332e-02 -4.359907556581700874e+02
4.120000000000000000e+03 1.943955471353827529e-03 1.517914898830041021e-02 1.530312147516407414e-02 -4.370270218924541155e+02
4.130000000000000000e+03 8.081272522907547579e-04 1.504552233645500489e-02 1.506720982905134475e-02 -4.380633083311525979e+02
4.140000000000000000e+03 -2.947989893342869440e-04 1.476225711386420711e-02 1.476520035556398713e-02 -4.390996806281697786e+02
4.150000000000000000e+03 -1.343619589394918178e-03 1.433839484067294702e-02 1.440121106740826704e-02 -4.401362127924032848e+02
4.160000000000000000e+03 -2.319135450198240179e-03 1.378653638314123776e-02 1.398023514394673185e-02 -4.411729906228871414e+02
4.170000000000000000e+03 -3.204744841581655748e-03 1.312244145649195566e-02 1.350810346713049621e-02 -4.422101177240243715e+02
4.180000000000000000e+03 -3.986952984676681543e-03 1.236450001745483841e-02 1.299140695935828947e-02 -4.432477225045577711e+02
4.190000000000000000e+03 -4.655789090243538791e-03 1.153307383154298857e-02 1.243736965988598460e-02 -4.442859642056837401e+02
4.200000000000000000e+03 -5.205109862095580117e-03 1.064969550193243727e-02 1.185365694460425480e-02 -4.641745911055591023e+02
