0.000000000000000000e+00 9.152715521721173531e+00 -6.769537074080255715e-15 9.152715521721173531e+00 -7.396206140150240965e-16
1.000000000000000000e+01 9.035421140550997876e+00 1.141175960591262362e+00 9.107201423057869505e+00 -9.843649635716342772e-01
2.000000000000000000e+01 8.735708375260365699e+00 2.244235304519786922e+00 9.019378743552524114e+00 -1.968534419058514562e+00
3.000000000000000000e+01 8.265128905268749548e+00 3.273989766234961962e+00 8.889958650641760940e+00 -2.952842197041672723e+00
4.000000000000000000e+01 7.642912529803061794e+00 4.199805673573513864e+00 8.720807281095076746e+00 -3.937538210931208482e+00
5.000000000000000000e+01 6.894280209067153997e+00 4.996451068661906803e+00 8.514436145903482966e+00 -4.922872670692916230e+00
6.000000000000000000e+01 6.048837913143536582e+00 5.645300630301690603e+00 8.273926474532350639e+00 -5.909095803064813524e+00
7.000000000000000000e+01 5.138743231248889209e+00 6.135035939888545009e+00 8.002833746894308931e+00 -6.896458260801370699e+00
8.000000000000000000e+01 4.196810862918557206e+00 6.461808010896518795e+00 7.705075222786447853e+00 -7.885212795754549475e+00
9.000000000000000000e+01 3.254713260471812308e+00 6.628896766291031639e+00 7.384810813151190700e+00 -8.875616271661133538e+00
1.000000000000000000e+02 2.341406467110199507e+00 6.645938878426152385e+00 7.046324419156538177e+00 -9.867931667797833484e+00
1.100000000000000000e+02 1.481879289348514650e+00 6.527823156749916755e+00 6.693910769796719507e+00 -1.086243016813026330e+01
1.200000000000000000e+02 6.962868526389667245e-01 6.293371879241075106e+00 6.331772657919756853e+00 -1.185939365028423431e+01
1.300000000000000000e+02 -5.118976421782416627e-04 5.963933293008759406e+00 5.963933314977415634e+00 -1.285911784098402144e+01
1.400000000000000000e+02 -5.990329236937990132e-01 5.562002315323818280e+00 5.594167516202626089e+00 -1.386191627603873222e+01
1.500000000000000000e+02 -1.094913388063293525e+00 5.109965708787228778e+00 5.225953010919789143e+00 -1.486812517064655736e+01
1.600000000000000000e+02 -1.488396567566616202e+00 4.629040343646060762e+00 4.862441654708766769e+00 -1.587810930894080386e+01
1.700000000000000000e+02 -1.783634819844077901e+00 4.138444305554206615e+00 4.506448095865995818e+00 -1.689226903450470729e+01
1.800000000000000000e+02 -1.987888862322275463e+00 3.654814620672989900e+00 4.160453345541805348e+00 -1.791104839328247067e+01
1.900000000000000000e+02 -2.110693725400931697e+00 3.191864075179422500e+00 3.826620477244621288e+00 -1.893494440581746829e+01
2.000000000000000000e+02 -2.163049679478981080e+00 2.760253862491218513e+00 3.506819827321018046e+00 -1.996451727775899698e+01
2.100000000000000000e+02 -2.156682456302345674e+00 2.367648663909902584e+00 3.202661301642224512e+00 -2.100040101768492207e+01
2.200000000000000000e+02 -2.103403094059721923e+00 2.018915406109486277e+00 2.915531511255922137e+00 -2.204331319191244631e+01
2.300000000000000000e+02 -2.014585021743164006e+00 1.716425587316926737e+00 2.646633636646402721e+00 -2.309406112356113638e+01
2.400000000000000000e+02 -1.900764939509258733e+00 1.460422808991305166e+00 2.397027771280443531e+00 -2.415353948944548534e+01
2.500000000000000000e+02 -1.771364657665918108e+00 1.249421252600881216e+00 2.167668382589608811e+00 -2.522271082274830789e+01
2.600000000000000000e+02 -1.634523732529505002e+00 1.080606336166655135e+00 1.959433052177518730e+00 -2.630255585870135349e+01
2.700000000000000000e+02 -1.497028003149061259e+00 9.502148836841415314e-01 1.773133149931874764e+00 -2.739397593815355236e+01
2.800000000000000000e+02 -1.364316710076434624e+00 8.538785149699972266e-01 1.609493275450740724e+00 -2.849762867268828614e+01
2.900000000000000000e+02 -1.240550155121537435e+00 7.869200692926395790e-01 1.469084028511508766e+00 -2.961368884587460215e+01
3.000000000000000000e+02 -1.128720443086277392e+00 7.445980671156776642e-01 1.352196775692534159e+00 -3.074155974162398763e+01
3.100000000000000000e+02 -1.030789316585845272e+00 7.222984956108796650e-01 1.258666648461479687e+00 -3.187961884502572119e+01
3.200000000000000000e+02 -9.478392485841026227e-01 7.156766351041231600e-01 1.187683580416281082e+00 -3.302513975828343007e+01
3.300000000000000000e+02 -8.802266672556279259e-01 7.207539475404193263e-01 1.137666576217763126e+00 -3.417452360414567636e+01
3.400000000000000000e+02 -8.277291026306695665e-01 7.339763428889661823e-01 1.106280587944322047e+00 -3.532384517703984983e+01
3.500000000000000000e+02 -7.896805326765155009e-01 7.522408039433080562e-01 1.090624394925007845e+00 -3.646952906160552743e+01
3.600000000000000000e+02 -7.650912309974162717e-01 7.728973159843198770e-01 1.087536138620187387e+00 -3.760888098190579143e+01
3.700000000000000000e+02 -7.527503144910265842e-01 7.937324927156634846e-01 1.093912384955468164e+00 -3.874029955723537455e+01
3.800000000000000000e+02 -7.513107804231741182e-01 8.129406505156872020e-01 1.106950942924277648e+00 -3.986318409668515983e+01
3.900000000000000000e+02 -7.593578222050721971e-01 8.290871464110901590e-01 1.124281903477999833e+00 -4.097767519829472604e+01
4.000000000000000000e+02 -7.754618935002167701e-01 8.410677736487225387e-01 1.144000064747096257e+00 -4.208436764570254240e+01
4.100000000000000000e+02 -7.982184929222072567e-01 8.480671496528482400e-01 1.164633269644700819e+00 -4.318407573102452091e+01
4.200000000000000000e+02 -8.262767358149835095e-01 8.495182860627670252e-01 1.185079981479767230e+00 -4.427767359030594463e+01
4.300000000000000000e+02 -8.583586659535307195e-01 8.450648156112692266e-01 1.204538974878618607e+00 -4.536600147246369374e+01
4.400000000000000000e+02 -8.932710396823029253e-01 8.345267690618255463e-01 1.222443486880220531e+00 -4.644981909626838501e+01
4.500000000000000000e+02 -9.299111663975232478e-01 8.178703237142889160e-01 1.238404878786949048e+00 -4.752978849906728698e+01
4.600000000000000000e+02 -9.672683355592670562e-01 7.951816246517054987e-01 1.252166861548140719e+00 -4.860647341640316199e+01
4.700000000000000000e+02 -1.004422235320001633e+00 7.666446974245133550e-01 1.263569594005155006e+00 -4.968034688498148199e+01
4.800000000000000000e+02 -1.040539500659428462e+00 7.325232982183430552e-01 1.272522233544566506e+00 -5.075180222370010341e+01
4.900000000000000000e+02 -1.074869162161116609e+00 6.931462702875328397e-01 1.278982199945901677e+00 -5.182116475558791535e+01
5.000000000000000000e+02 -1.106737507736458292e+00 6.488958852975618141e-01 1.282939507921871503e+00 -5.288870295484935724e+01
5.100000000000000000e+02 -1.135542863168039096e+00 6.001988070561292687e-01 1.284404999244190382e+00 -5.395463848002191298e+01
5.200000000000000000e+02 -1.160750789205077016e+00 5.475194468333753894e-01 1.283401706131378939e+00 -5.501915501568915090e+01
5.300000000000000000e+02 -1.181890050163321382e+00 4.913553973984179368e-01 1.279958677937540035e+00 -5.608240604368842952e+01
5.400000000000000000e+02 -1.198549625448879663e+00 4.322345286896386862e-01 1.274106703716452405e+00 -5.714452169905042922e+01
5.500000000000000000e+02 -1.210377029722883080e+00 3.707132765516630846e-01 1.265875541865178366e+00 -5.820561484877035241e+01
5.600000000000000000e+02 -1.217078193915249074e+00 3.073755912887826125e-01 1.255292429764528261e+00 -5.926578649165558943e+01
5.700000000000000000e+02 -1.218419013345371837e+00 2.428320057108379615e-01 1.242381694600760644e+00 -6.032513060425869611e+01
5.800000000000000000e+02 -1.214228445620282537e+00 1.777183415252820420e-01 1.227165240327456663e+00 -6.138373862225137145e+01
5.900000000000000000e+02 -1.204402949790285726e+00 1.126935409896842877e-01 1.209663713452765910e+00 -6.244170368202922106e+01
6.000000000000000000e+02 -1.188912052198442870e+00 4.843614067218229152e-02 1.189898284554578467e+00 -6.349912471497547983e+01
6.100000000000000000e+02 -1.167804698550068965e+00 -1.436102003767572056e-02 1.167892997175743020e+00 -6.455611051613098539e+01
6.200000000000000000e+02 -1.141215906339078767e+00 -7.499823643518116478e-02 1.143677612069814220e+00 -6.561278387705922910e+01
6.300000000000000000e+02 -1.109373130903729354e+00 -1.327788431713202433e-01 1.117290904270260787e+00 -6.666928583219294069e+01
6.400000000000000000e+02 -1.072601634787794023e+00 -1.870217648645275954e-01 1.088784371435635112e+00 -6.772578006619713165e+01
6.500000000000000000e+02 -1.031328129238388014e+00 -2.370766131104397600e-01 1.058226360776497676e+00 -6.878245762667751251e+01
6.600000000000000000e+02 -9.860819416814106120e-01 -2.823409998830455625e-01 1.025706603237562575e+00 -6.983954213620405937e+01
6.700000000000000000e+02 -9.374928556680791614e-01 -3.222795774497861365e-01 9.913410011040109104e-01 -7.089729561704716332e+01
6.800000000000000000e+02 -8.862847875441590695e-01 -3.564441047668742146e-01 9.552764649331907387e-01 -7.195602492889680946e+01
6.900000000000000000e+02 -8.332647483446455894e-01 -3.844935501157658586e-01 9.176957180430180827e-01 -7.301608879396169982e+01
7.000000000000000000e+02 -7.793069639812880700e-01 -4.062130336447587475e-01 8.788221508431671714e-01 -7.407790534369354418e+01
7.100000000000000000e+02 -7.253322717584786972e-01 -4.215304252753255265e-01 8.389247903638993309e-01 -7.514195977657276160e+01
7.200000000000000000e+02 -6.722829494992982324e-01 -4.305293967588693649e-01 7.983231962438720464e-01 -7.620881107563940304e+01
7.300000000000000000e+02 -6.210934797298690579e-01 -4.334575858267052384e-01 7.573919654139941171e-01 -7.727909601653072968e+01
7.400000000000000000e+02 -5.726583626982907349e-01 -4.307286160477702963e-01 7.165645407433405278e-01 -7.835352761018562262e+01
7.500000000000000000e+02 -5.277984440557123014e-01 -4.229170619351100835e-01 6.763357441563003780e-01 -7.943288325972534381e+01
7.600000000000000000e+02 -4.872274072325297190e-01 -4.107457763763823211e-01 6.372618293680945012e-01 -8.051797552298803851e+01
7.700000000000000000e+02 -4.515203493319464023e-01 -3.950653639750666968e-01 5.999560547853441950e-01 -8.160959608944126842e+01
7.800000000000000000e+02 -4.210864851220998406e-01 -3.768260840848270954e-01 5.650767431059161572e-01 -8.270842263396644967e+01
7.900000000000000000e+02 -3.961480117394299838e-01 -3.570430562060761814e-01 5.333038450921564477e-01 -8.381488164537428531e+01
8.000000000000000000e+02 -3.767270065120876810e-01 -3.367563422272885632e-01 5.052999816602621319e-01 -8.492897254589419731e+01
8.100000000000000000e+02 -3.626416988518412765e-01 -3.169880992221244531e-01 4.816538765489227769e-01 -8.605008263439739835e+01
8.200000000000000000e+02 -3.535127651023041162e-01 -2.986992310848115006e-01 4.628093622010411301e-01 -8.717685466047227294e+01
8.300000000000000000e+02 -3.487797951465322899e-01 -2.827479491487276397e-01 4.489919244822433431e-01 -8.830718953036623020e+01
8.400000000000000000e+02 -3.477275046997514441e-01 -2.698527711763276660e-01 4.401533092415177428e-01 -8.943844369771876757e+01
8.500000000000000000e+02 -3.495203851988469834e-01 -2.605625513270627414e-01 4.359556661217039442e-01 -9.056780146738246629e+01
8.600000000000000000e+02 -3.532436695700297835e-01 -2.552356886851008810e-01 4.358054002302611529e-01 -9.169270789986613579e+01
8.700000000000000000e+02 -3.579479915364649489e-01 -2.540297972089555212e-01 4.389281290997562035e-01 -9.281121188537633770e+01
8.800000000000000000e+02 -3.626948070760208087e-01 -2.569023082257204660e-01 4.444618308152175068e-01 -9.392212236760505562e+01
8.900000000000000000e+02 -3.665996108963520128e-01 -2.636217803388392067e-01 4.515437052804256446e-01 -9.502497727535904914e+01
9.000000000000000000e+02 -3.688703330901012545e-01 -2.737888426801113329e-01 4.593752855891541920e-01 -9.611989373973244710e+01
9.100000000000000000e+02 -3.688387992817021011e-01 -2.868648850664765049e-01 4.672617276642401229e-01 -9.720738062573842342e+01
9.200000000000000000e+02 -3.659836751248315423e-01 -3.022061904481469496e-01 4.746289413879645758e-01 -9.828816904912449104e+01
9.300000000000000000e+02 -3.599440399039709471e-01 -3.191010430980136814e-01 4.810251423456280984e-01 -9.936308450242361801e+01
9.400000000000000000e+02 -3.505235607820759158e-01 -3.368073092602726359e-01 4.861130837927432058e-01 -1.004329623551918473e+02
9.500000000000000000e+02 -3.376859673817502738e-01 -3.545881670901200877e-01 4.896576158979654148e-01 -1.014985985608119421e+02
9.600000000000000000e+02 -3.215429931134194952e-01 -3.717440985007357535e-01 4.915115168441745452e-01 -1.025607250714934082e+02
9.700000000000000000e+02 -3.023363006016318577e-01 -3.876397615793211182e-01 4.916012850051891814e-01 -1.036200008823147982e+02
9.800000000000000000e+02 -2.804152053136693135e-01 -4.017248021421054305e-01 4.899137720326109391e-01 -1.046770123430977293e+02
9.900000000000000000e+02 -2.562119750800987972e-01 -4.135481927309542782e-01 4.864840016747556950e-01 -1.057322784720902007e+02
1.000000000000000000e+03 -2.302162604203601137e-01 -4.227662312050148308e-01 4.813842673054730681e-01 -1.067862583524564428e+02
1.010000000000000000e+03 -2.029500566395571193e-01 -4.291446865272028344e-01 4.747145326030483559e-01 -1.078393588984886406e+02
1.020000000000000000e+03 -1.749444268768436117e-01 -4.325558248903664249e-01 4.665941428499211785e-01 -1.088919421908599361e+02
1.030000000000000000e+03 -1.467189182134689684e-01 -4.329712126949605833e-01 4.571548008982027622e-01 -1.099443320505964579e+02
1.040000000000000000e+03 -1.187642904724633686e-01 -4.304512861464404039e-01 4.465347315008680873e-01 -1.109968197635148641e+02
1.050000000000000000e+03 -9.152889491210719486e-02 -4.251327229682409503e-01 4.348739711022294174e-01 -1.120496690057320563e+02
1.060000000000000000e+03 -6.540873534400143408e-02 -4.172145716545336280e-01 4.223106693657852628e-01 -1.131031200234372989e+02
1.070000000000000000e+03 -4.074107174427984285e-02 -4.069439523350256716e-01 4.089782576970616979e-01 -1.141573932352687137e+02
1.080000000000000000e+03 -1.780132107235602237e-02 -3.946020229562353654e-01 3.950033462555405106e-01 -1.152126925421007684e+02
1.090000000000000000e+03 3.197160240239920077e-03 -3.804907911149201793e-01 3.805042233101488258e-01 -1.162692084903766414e+02
1.100000000000000000e+03 2.210095546897107924e-02 -3.649212395155597144e-01 3.655898839987424265e-01 -1.173271212737924571e+02
1.110000000000000000e+03 3.881268113212435478e-02 -3.482031377779543080e-01 3.503596000897891694e-01 -1.183866036193970928e+02
1.120000000000000000e+03 5.328573299131328378e-02 -3.306367142189670649e-01 3.349029801747611113e-01 -1.194478239736087488e+02
1.130000000000000000e+03 6.551810155936015068e-02 -3.125061644213098511e-01 3.193003671048020853e-01 -1.205109504361306563e+02
1.140000000000000000e+03 7.554575660531086256e-02 -2.940749443509909633e-01 3.036235073839100851e-01 -1.215761555440750357e+02
1.150000000000000000e+03 8.343602473812947173e-02 -2.755827561658041325e-01 2.879364959848660921e-01 -1.226436220830330228e+02
1.160000000000000000e+03 8.928125801323172350e-02 -2.572439913431278646e-01 2.722969227049187313e-01 -1.237135502627008492e+02
1.170000000000000000e+03 9.319298779604710814e-02 -2.392473317095342999e-01 2.567571200658048114e-01 -1.247861666823863516e+02
1.180000000000000000e+03 9.529670060535784526e-02 -2.217562714967963033e-01 2.413655010444285542e-01 -1.258617356053790814e+02
1.190000000000000000e+03 9.572735121808131908e-02 -2.049103376158321055e-01 2.261680177060058916e-01 -1.269405730667994874e+02
1.200000000000000000e+03 9.462565710367230876e-02 -1.888267638734608400e-01 2.112097576752208494e-01 -1.280230644715268795e+02
1.210000000000000000e+03 9.213513629138853078e-02 -1.736023992792852522e-01 1.965367049051070236e-01 -1.291096865884518365e+02
1.220000000000000000e+03 8.839978105143640741e-02 -1.593157039009440168e-01 1.821977354398104654e-01 -1.302010352089638445e+02
1.230000000000000000e+03 8.356224992930881557e-02 -1.460287455544751756e-01 1.682469736472603783e-01 -1.312978598207325547e+02
1.240000000000000000e+03 7.776249794937119264e-02 -1.337891066459283018e-01 1.547466676359834648e-01 -1.324011059068212148e+02
1.250000000000000000e+03 7.113681998480565760e-02 -1.226316169254623722e-01 1.417708031553182590e-01 -1.335119632678855055e+02
1.260000000000000000e+03 6.381724048185674625e-02 -1.125798590373334462e-01 1.294096783227011993e-01 -1.346319141932147545e+02
1.270000000000000000e+03 5.593112328473380523e-02 -1.036474294932050177e-01 1.177755500621457396e-01 -1.357627653061854289e+02
1.280000000000000000e+03 4.760096224747605714e-02 -9.583897348729378263e-02 1.070091605704102389e-01 -1.369066257743357369e+02
1.290000000000000000e+03 3.894431017057394667e-02 -8.915103602627624801e-02 9.728600371698015170e-02 -1.380657587148204186e+02
1.300000000000000000e+03 3.007374124442449559e-02 -8.357274602288515541e-02 8.881910712364916860e-02 -1.392421872972643655e+02
1.310000000000000000e+03 2.109677707843192473e-02 -7.908637468904362866e-02 8.185187025690281171e-02 -1.404369250842597410e+02
1.320000000000000000e+03 1.211576097362060053e-02 -7.566781132362766782e-02 7.663164708185531138e-02 -1.416488409322407165e+02
1.330000000000000000e+03 3.227676730300947823e-03 -7.328694239066520233e-02 7.335798403751295216e-02 -1.428735978273701619e+02
1.340000000000000000e+03 -5.476034261407914695e-03 -7.190790870792540534e-02 7.211611668676737308e-02 -1.441036177515165093e+02
1.350000000000000000e+03 -1.390958714534838887e-02 -7.148925338728050194e-02 7.282987000142755740e-02 -1.453297789791589310e+02
1.360000000000000000e+03 -2.199293437212773705e-02 -7.198406914788101074e-02 7.526882072534173129e-02 -1.465441289029912184e+02
1.370000000000000000e+03 -2.965190554079402338e-02 -7.334020393109000335e-02 7.910765459077927220e-02 -1.477418241918043975e+02
1.380000000000000000e+03 -3.681840689753686224e-02 -7.550050635778603192e-02 8.399953301509884007e-02 -1.489213361647799161e+02
1.390000000000000000e+03 -4.343061954704615507e-02 -7.840310807007266902e-02 8.962848916102381103e-02 -1.500834741672327084e+02
1.400000000000000000e+03 -4.943321393565531380e-02 -8.198174827119521224e-02 9.573217687700351364e-02 -1.512302175578363403e+02
1.410000000000000000e+03 -5.477764402091610252e-02 -8.616616432670325121e-02 1.021038596687639105e-01 -1.523638827300873402e+02
1.420000000000000000e+03 -5.942246648933938169e-02 -9.088255359120842036e-02 1.085848427310899256e-01 -1.534866795725305906e+02
1.430000000000000000e+03 -6.333356310096616149e-02 -9.605408569613489711e-02 1.150544549071633726e-01 -1.546005333081149615e+02
1.440000000000000000e+03 -6.648425780067944435e-02 -1.016014567381306744e-01 1.214208077168713457e-01 -1.557070474271575904e+02
1.450000000000000000e+03 -6.885541203086952000e-02 -1.074434649272287406e-01 1.276133453895376968e-01 -1.568075287510426108e+02
1.460000000000000000e+03 -7.043555784350066795e-02 -1.134975932904774276e-01 1.335772117221188104e-01 -1.579030333614891788e+02
1.470000000000000000e+03 -7.122105823128652147e-02 -1.196805889845813792e-01 1.392691010787411032e-01 -1.589944144805911890e+02
1.480000000000000000e+03 -7.121623925768404140e-02 -1.259090636328243362e-01 1.446542257899930961e-01 -1.600823647294469083e+02
1.490000000000000000e+03 -7.043348912990646249e-02 -1.321001778659781911e-01 1.497041528590163373e-01 -1.611674508254623106e+02
1.500000000000000000e+03 -6.889336650734421974e-02 -1.381724179056947055e-01 1.543953141083666547e-01 -1.622501414731913485e+02
1.510000000000000000e+03 -6.662471645044282242e-02 -1.440464248405074754e-01 1.587079876736954831e-01 -1.633308297454934745e+02
1.520000000000000000e+03 -6.366474919601571025e-02 -1.496458805455688490e-01 1.626256125413529374e-01 -1.644098509296821078e+02
1.530000000000000000e+03 -6.005903247304041764e-02 -1.548984991730126548e-01 1.661343806310106586e-01 -1.654874965980013997e+02
1.540000000000000000e+03 -5.586135379283350966e-02 -1.597371486944388352e-01 1.692230702965685230e-01 -1.665640256537849666e+02
1.550000000000000000e+03 -5.113338556992889222e-02 -1.641010897417217729e-01 1.718830729719003914e-01 -1.676396728942295056e+02
1.560000000000000000e+03 -4.594408964103209592e-02 -1.679372325208745576e-01 1.741085105321203974e-01 -1.687146556006338471e+02
1.570000000000000000e+03 -4.036882540210324360e-02 -1.712013207444757212e-01 1.758963737232759061e-01 -1.697891785089140342e+02
1.580000000000000000e+03 -3.448819254296547204e-02 -1.738590415249725851e-01 1.772467256252222012e-01 -1.708634375335564357e+02
1.590000000000000000e+03 -2.838665064497764706e-02 -1.758870302713799738e-01 1.781629853603866331e-01 -1.719376226369039955e+02
1.600000000000000000e+03 -2.215090556709863392e-02 -1.772736658788636177e-01 1.786522186584132421e-01 -1.730119198991258145e+02
1.610000000000000000e+03 -1.586810244323176577e-02 -1.780195379401600941e-01 1.787253551222573456e-01 -1.740865129222456460e+02
1.620000000000000000e+03 -9.623865950418258527e-03 -1.781375457355263425e-01 1.783973205978956200e-01 -1.751615834668117202e+02
1.630000000000000000e+03 -3.500248949003859078e-03 -1.776526748724707450e-01 1.776871538183016630e-01 -1.762373112359277627e+02
1.640000000000000000e+03 2.426302061212303428e-03 -1.766014573540215238e-01 1.766181238753727900e-01 -1.773138730275566957e+02
1.650000000000000000e+03 8.086901787601373515e-03 -1.750310659445020733e-01 1.752177845602179151e-01 -1.783914411881617923e+02
1.660000000000000000e+03 1.342200448066958006e-02 -1.729980056097414898e-01 1.735178957607176053e-01 -1.794701813954051204e+02
1.670000000000000000e+03 1.838293404846142592e-02 -1.705664629884295069e-01 1.715542204686709982e-01 -1.805502496467205447e+02
1.680000000000000000e+03 2.293317402642177857e-02 -1.678064068717638191e-01 1.693662323432215122e-01 -1.816317879736312193e+02
1.690000000000000000e+03 2.704930481534870840e-02 -1.647914407014168525e-01 1.669966581086047841e-01 -1.827149191366750927e+02
1.700000000000000000e+03 3.072140673238401426e-02 -1.615964338457895610e-01 1.644907664985886531e-01 -1.837997410642415161e+02
1.710000000000000000e+03 3.395292690219440385e-02 -1.582950629894859240e-01 1.618954236909464772e-01 -1.848863210558105834e+02
1.720000000000000000e+03 3.676012005143003414e-02 -1.549573862325707430e-01 1.592579604736468202e-01 -1.859746893881676897e+02
1.730000000000000000e+03 3.917108180907653142e-02 -1.516475479077905308e-01 1.566248780894625159e-01 -1.870648327602600034e+02
1.740000000000000000e+03 4.122424546362640080e-02 -1.484216987504050900e-01 1.540403813095816976e-01 -1.881566892153592221e+02
1.750000000000000000e+03 4.296629071227912877e-02 -1.453262448549965669e-01 1.515447774792206270e-01 -1.892501461024585581e+02
1.760000000000000000e+03 4.444968432288102372e-02 -1.423966422642509722e-01 1.491729806785962176e-01 -1.903450413811053750e+02
1.770000000000000000e+03 4.573014234947835044e-02 -1.396568895140800903e-01 1.469533691619607785e-01 -1.914411680507604387e+02
1.780000000000000000e+03 4.686414118641979432e-02 -1.371196184141024732e-01 1.449069959773156002e-01 -1.925382817564175184e+02
1.790000000000000000e+03 4.790656964140609791e-02 -1.347865811328843866e-01 1.430470617254982757e-01 -1.936361111138140529e+02
1.800000000000000000e+03 4.890867568450717184e-02 -1.326494734996243874e-01 1.413787161383914248e-01 -1.947343696368148187e+02
1.810000000000000000e+03 4.991637598896740691e-02 -1.306911277108029346e-01 1.398993046951748087e-01 -1.958327685110937466e+02
1.820000000000000000e+03 5.096890719113746776e-02 -1.288871375582626433e-01 1.385991476460851080e-01 -1.969310299213416897e+02
1.830000000000000000e+03 5.209786302716194056e-02 -1.272078403930642365e-01 1.374628022028658858e-01 -1.980288998174824826e+02
1.840000000000000000e+03 5.332667531642788783e-02 -1.256203607038018089e-01 1.364705437948313949e-01 -1.991261583396996286e+02
1.850000000000000000e+03 5.467054346663095116e-02 -1.240904605118348797e-01 1.355998182630641924e-01 -2.002226266358505598e+02
1.860000000000000000e+03 5.613674074129529346e-02 -1.225841301780963843e-01 1.348265650106680036e-01 -2.013181700347035701e+02
1.870000000000000000e+03 5.772522319539991759e-02 -1.210689679513463624e-01 1.341264194473365812e-01 -2.024126981702011392e+02
1.880000000000000000e+03 5.942949130946564851e-02 -1.195153912926012196e-01 1.334758150120291809e-01 -2.035061627237986670e+02
1.890000000000000000e+03 6.123759161539864271e-02 -1.178976493580352197e-01 1.328529199942724837e-01 -2.045985537651063453e+02
1.900000000000000000e+03 6.313316084462969324e-02 -1.161945512705909872e-01 1.322383066407305519e-01 -2.056898953392039004e+02
1.910000000000000000e+03 6.509653343538887582e-02 -1.143898438749433172e-01 1.316153298329590937e-01 -2.067802400564136178e+02
1.920000000000000000e+03 6.710593300595753263e-02 -1.124723255008503314e-01 1.309703411012176077e-01 -2.078696628542595874e+02
1.930000000000000000e+03 6.913866683956775006e-02 -1.104358586304576839e-01 1.302928782543358310e-01 -2.089582550687643447e+02
1.940000000000000000e+03 7.117224836177252212e-02 -1.082792772648868279e-01 1.295758110986617306e-01 -2.100461192926064200e+02
1.950000000000000000e+03 7.318542276546645409e-02 -1.060060809099472035e-01 1.288153534919123100e-01 -2.111333646172281533e+02
1.960000000000000000e+03 7.515902213972275314e-02 -1.036238927960653339e-01 1.280108970643115962e-01 -2.122201023401891860e+02
1.970000000000000000e+03 7.707664217178514243e-02 -1.011437060458847265e-01 1.271646886567719681e-01 -2.133064419042718498e+02
1.980000000000000000e+03 7.892516607777388948e-02 -9.857894119159343882e-02 1.262813901050341969e-01 -2.143924866153801077e+02
1.990000000000000000e+03 8.069507031882108827e-02 -9.594445424270603429e-02 1.253675902045269241e-01 -2.154783298683816497e+02
2.000000000000000000e+03 8.238053522197351375e-02 -9.325564032460656461e-02 1.244313748047943258e-01 -2.165640522750460377e+02
2.010000000000000000e+03 8.397943624345466374e-02 -9.052761033358408538e-02 1.234819579715097787e-01 -2.176497190970956694e+02
2.020000000000000000e+03 8.549313763109274433e-02 -8.777436685334563671e-02 1.225292457273555041e-01 -2.187353780335652118e+02
2.030000000000000000e+03 8.692599998169948938e-02 -8.500802812587841817e-02 1.215832814110087839e-01 -2.198210580410527086e+02
2.040000000000000000e+03 8.828465365485382854e-02 -8.223826656603011598e-02 1.206536885418051513e-01 -2.209067697907157992e+02
2.050000000000000000e+03 8.957712665244499384e-02 -7.947201647223343934e-02 1.197491671013669878e-01 -2.219925077319907700e+02
2.060000000000000000e+03 9.081194211824616946e-02 -7.671335389552239037e-02 1.188770267847717998e-01 -2.230782527345173207e+02
2.070000000000000000e+03 9.199729583382210141e-02 -7.396352282129466105e-02 1.180428106615220990e-01 -2.241639746996934264e+02
2.080000000000000000e+03 9.314034957931655034e-02 -7.122118810929142785e-02 1.172500846714251560e-01 -2.252496356802503215e+02
2.090000000000000000e+03 9.424664575112536025e-02 -6.848290294851223925e-02 1.165003786757513593e-01 -2.263351936856503244e+02
2.100000000000000000e+03 9.531959759928113063e-02 -6.574366155097972897e-02 1.157931548953505807e-01 -2.274206067393696458e+02
2.110000000000000000e+03 9.636005680305197163e-02 -6.299744557054563765e-02 1.151257516609609927e-01 -2.285058365672907144e+02
2.120000000000000000e+03 9.736604837934327572e-02 -6.023776013187513712e-02 1.144933846242390668e-01 -2.295908514230102355e+02
2.130000000000000000e+03 9.833272848488701368e-02 -5.745819475486195482e-02 1.138892867471306830e-01 -2.306756281359210448e+02
2.140000000000000000e+03 9.925255387187113809e-02 -5.465305000299092164e-02 1.133050101483518146e-01 -2.317601539559433661e+02
2.150000000000000000e+03 1.001156416863066972e-01 -5.181799501111705036e-02 1.127308578749984525e-01 -2.328444282987695146e+02
2.160000000000000000e+03 1.009102761013406374e-01 -4.895061022840874188e-02 1.121563465194118786e-01 -2.339284636684369332e+02
2.170000000000000000e+03 1.016234808138378048e-01 -4.605074976006667820e-02 1.115706207125547050e-01 -2.350122856381459258e+02
2.180000000000000000e+03 1.022416121038664805e-01 -4.312077484740678424e-02 1.109628247163807757e-01 -2.360959324570781632e+02
2.190000000000000000e+03 1.027509940864525101e-01 -4.016568530310993257e-02 1.103224775901205934e-01 -2.371794544267737308e+02
2.200000000000000000e+03 1.031386151448349942e-01 -3.719316199969657788e-02 1.096398888795955540e-01 -2.382629131511485241e+02
2.210000000000000000e+03 1.033928573937252654e-01 -3.421353215757030886e-02 1.089066055973479802e-01 -2.393463809354539933e+02
2.220000000000000000e+03 1.035041544863367496e-01 -3.123963577806488853e-02 1.081157936634496303e-01 -2.404299404796595638e+02
2.230000000000000000e+03 1.034655208858836078e-01 -2.828657732759178034e-02 1.072625026236897344e-01 -2.415136847304619891e+02
2.240000000000000000e+03 1.032730370744976423e-01 -2.537135934715561633e-02 1.063439046758819367e-01 -2.425977164151060776e+02
2.250000000000000000e+03 1.029263675006010931e-01 -2.251238435632310630e-02 1.053595965077487040e-01 -2.436821468152340060e+02
2.260000000000000000e+03 1.024292591103827949e-01 -1.972881960039171365e-02 1.043119333764202517e-01 -2.447670937377200460e+02
2.270000000000000000e+03 1.017899065446198487e-01 -1.703980376200208563e-02 1.032062981925521011e-01 -2.458526784559213922e+02
2.280000000000000000e+03 1.010210966019646495e-01 -1.446344867434048477e-02 1.020512288324778305e-01 -2.469390208392659076e+02
2.290000000000000000e+03 1.001400707301022264e-01 -1.201571514102807957e-02 1.008583718695687109e-01 -2.480262328556420073e+02
2.300000000000000000e+03 9.916807702403949987e-02 -9.709360405512687878e-03 9.964225599679067680e-02 -2.491144117550912540e+02
2.310000000000000000e+03 9.812963788459162784e-02 -7.553064018400413096e-03 9.841988928782197110e-02 -2.502036334922536582e+02
2.320000000000000000e+03 9.705158850456831188e-02 -5.550712088961171076e-03 9.721019100873423691e-02 -2.512939458715852652e+02
2.330000000000000000e+03 9.596193367447626577e-02 -3.700820569148400782e-03 9.603326916974978811e-02 -2.523853610968130567e+02
2.340000000000000000e+03 9.488859401043910069e-02 -1.996171427478776478e-03 9.490958841785071542e-02 -2.534778485910914583e+02
2.350000000000000000e+03 9.385809523347569960e-02 -4.237969435592114963e-04 9.385905201260859310e-02 -2.545713299566602927e+02
2.360000000000000000e+03 9.289423383849024218e-02 1.034673567687042833e-03 9.289999585485338163e-02 -2.556656769640166544e+02
2.370000000000000000e+03 9.201684476427024473e-02 2.402402338828857429e-03 9.204820072858251045e-02 -2.567607123339741406e+02
2.380000000000000000e+03 9.124079346970710713e-02 3.706504165155675382e-03 9.131604769211194850e-02 -2.578562136946351302e+02
2.390000000000000000e+03 9.057519204441497052e-02 4.976979183711789136e-03 9.071182798112797929e-02 -2.589519213048005781e+02
2.400000000000000000e+03 9.002285608355611868e-02 6.245458041626044364e-03 9.023923960002304401e-02 -2.600475493174662915e+02
2.410000000000000000e+03 8.958005533979811197e-02 7.543850507175814749e-03 8.989714119567934758e-02 -2.611427994225398379e+02
2.420000000000000000e+03 8.923651184301202577e-02 8.902986571526399009e-03 8.967953063994484053e-02 -2.622373753240717633e+02
2.430000000000000000e+03 8.897561932797770634e-02 1.035132737924522595e-02 8.957572669707743185e-02 -2.633309964245853507e+02
2.440000000000000000e+03 8.877495994950068692e-02 1.191380006470042774e-02 8.957082195680191039e-02 -2.644234095111204965e+02
2.450000000000000000e+03 8.860715217334587390e-02 1.361073045519723378e-02 8.964641320094465793e-02 -2.655143984278284961e+02
2.460000000000000000e+03 8.844094074488287327e-02 1.545692866871428185e-02 8.978149388214480553e-02 -2.666037910436018024e+02
2.470000000000000000e+03 8.824236942785346205e-02 1.746105047980526723e-02 8.995334371828585251e-02 -2.676914622354293556e+02
2.480000000000000000e+03 8.797594864756694277e-02 1.962521034785821850e-02 9.013831827606401392e-02 -2.687773335109599770e+02
2.490000000000000000e+03 8.760586345157704569e-02 2.194479886701805604e-02 9.031257669012793254e-02 -2.698613705442426749e+02
2.500000000000000000e+03 8.709724514057162748e-02 2.440854187396487157e-02 9.045278894257448299e-02 -2.709435790881811386e+02
2.510000000000000000e+03 8.641739770407994015e-02 2.699881053753343252e-02 9.053674611110533454e-02 -2.720239996813648986e+02
2.520000000000000000e+03 8.553686850013607346e-02 2.969214475988452354e-02 9.054379787291623460e-02 -2.731027017511997315e+02
2.530000000000000000e+03 8.443037456252122652e-02 3.245994055326282407e-02 9.045515955150920662e-02 -2.741797778908006649e+02
2.540000000000000000e+03 8.307762910624613695e-02 3.526925439760628805e-02 9.025415648975988747e-02 -2.752553390604813899e+02
2.550000000000000000e+03 8.146405493147394761e-02 3.808370415081976240e-02 8.992641863059692986e-02 -2.763295109149656810e+02
2.560000000000000000e+03 7.958136060302860304e-02 4.086448996294476249e-02 8.946004412787245119e-02 -2.774024308605153237e+02
2.570000000000000000e+03 7.742797508083469615e-02 4.357156494730618501e-02 8.884577984955549512e-02 -2.784742454256910378e+02
2.580000000000000000e+03 7.500929900854644283e-02 4.616490332592806944e-02 8.807720043714951930e-02 -2.795451081266118649e+02
2.590000000000000000e+03 7.233766546780467932e-02 4.860579567656998778e-02 8.715079585800976358e-02 -2.806151775835406852e+02
2.600000000000000000e+03 6.943196367036037764e-02 5.085813357348787506e-02 8.606594756174464067e-02 -2.816846152901909477e+02
2.610000000000000000e+03 6.631704686820595607e-02 5.288959366270994805e-02 8.482487738350344419e-02 -2.827535838825806991e+02
2.620000000000000000e+03 6.302301810688516748e-02 5.467266920459040724e-02 8.343261693879285013e-02 -2.838222464823381301e+02
2.630000000000000000e+03 5.958429821118492453e-02 5.618557271148195281e-02 8.189693018811290692e-02 -2.848907656991069643e+02
2.640000000000000000e+03 5.603840232519933379e-02 5.741296582100737650e-02 8.022811963099388266e-02 -2.859593012392799096e+02
2.650000000000000000e+03 5.242455857896043125e-02 5.834640280159433118e-02 7.843874719859279809e-02 -2.870280071136227207e+02
2.660000000000000000e+03 4.878235862627437747e-02 5.898443918667488350e-02 7.654333791590875458e-02 -2.880970297014748098e+02
2.670000000000000000e+03 4.515049235616861584e-02 5.933244606342581023e-02 7.455807210405707153e-02 -2.891665063840901553e+02
2.680000000000000000e+03 4.156556361160097801e-02 5.940217505200281328e-02 7.250044468317992652e-02 -2.902365639996493201e+02
2.690000000000000000e+03 3.806102224898542247e-02 5.921112839780774684e-02 7.038891347917965169e-02 -2.913073167132096728e+02
2.700000000000000000e+03 3.466623866763154926e-02 5.878176201436281084e-02 6.824253548099146194e-02 -2.923788631539284779e+02
2.710000000000000000e+03 3.140571649880441463e-02 5.814053318887191235e-02 6.608056165234668655e-02 -2.934512825033484660e+02
2.720000000000000000e+03 2.829844288948696329e-02 5.731683864430896225e-02 6.392199826466084256e-02 -2.945246289912067823e+02
2.730000000000000000e+03 2.535742522176102562e-02 5.634188391575336435e-02 6.178516729000116392e-02 -2.955989250938672512e+02
2.740000000000000000e+03 2.258951287897521115e-02 5.524750291166572597e-02 5.968729069143530880e-02 -2.966741550628827895e+02
2.750000000000000000e+03 1.999556597352972198e-02 5.406495833678544305e-02 5.764410098665886245e-02 -2.977502605019745943e+02
2.760000000000000000e+03 1.757092721804700761e-02 5.282380746500778268e-02 5.566949001384974977e-02 -2.988271382437901593e+02
2.770000000000000000e+03 1.530606559016511707e-02 5.155091362474496092e-02 5.377520190009844880e-02 -2.999046393870892757e+02
2.780000000000000000e+03 1.318728306075751637e-02 5.026959531195281800e-02 5.197053633889158614e-02 -3.009825687677407586e+02
2.790000000000000000e+03 1.119750776323605312e-02 4.899891749615800651e-02 5.026209402624438188e-02 -3.020606859952771401e+02
2.800000000000000000e+03 9.317239400845538783e-03 4.775317096570905195e-02 4.865363591072004168e-02 -3.031387099965008360e+02
2.810000000000000000e+03 7.525638659775708318e-03 4.654156455323022606e-02 4.714607585260948558e-02 -3.042163279827239535e+02
2.820000000000000000e+03 5.801667336441321786e-03 4.536815018010935396e-02 4.573760372655837764e-02 -3.052932077865726228e+02
2.830000000000000000e+03 4.125175376223585294e-03 4.423199183553450792e-02 4.442393694421277461e-02 -3.063690116314472220e+02
2.840000000000000000e+03 2.477916102084649907e-03 4.312759175137805684e-02 4.319871801897022523e-02 -3.074434107393867635e+02
2.850000000000000000e+03 8.444559276934162587e-04 4.204558983066099959e-02 4.205406912561494848e-02 -3.085160999587290576e+02
2.860000000000000000e+03 -7.871107849824390129e-04 4.097365776868342607e-02 4.098121733590923133e-02 -3.095868105621181599e+02
2.870000000000000000e+03 -2.424666438833870084e-03 3.989743868975514918e-02 3.997104728853596856e-02 -3.106553205339581041e+02
2.880000000000000000e+03 -4.071770106114313247e-03 3.880149339646413870e-02 3.901455115201116902e-02 -3.117214625485553938e+02
2.890000000000000000e+03 -5.727575260806162631e-03 3.767026770170322364e-02 3.810320442018208520e-02 -3.127851290362579562e+02
2.900000000000000000e+03 -7.386983402127322504e-03 3.648902734798788877e-02 3.722924442673410800e-02 -3.138462739473928877e+02
2.910000000000000000e+03 -9.040990840504088688e-03 3.524471044818644483e-02 3.638583694179071265e-02 -3.149049122369965517e+02
2.920000000000000000e+03 -1.067716033604421480e-02 3.392667635744636007e-02 3.556713541325060707e-02 -3.159611188104112216e+02
2.930000000000000000e+03 -1.228020223368022669e-02 3.252736352449698415e-02 3.476827209906845073e-02 -3.170150275136728055e+02
2.940000000000000000e+03 -1.383269550115329150e-02 3.104282427486131091e-02 3.398529687655450077e-02 -3.180668291524333995e+02
2.950000000000000000e+03 -1.531593293480257127e-02 2.947305716318467106e-02 3.321504027105373624e-02 -3.191167677039408090e+02
2.960000000000000000e+03 -1.671081013355337624e-02 2.782213922703176759e-02 3.245493192856842291e-02 -3.201651357948787791e+02
2.970000000000000000e+03 -1.799869256270428611e-02 2.609821606896081669e-02 3.170283608683789611e-02 -3.212122710356872517e+02
2.980000000000000000e+03 -1.916227669052107674e-02 2.431337868507654071e-02 3.095695771628765441e-02 -3.222585528498088365e+02
2.990000000000000000e+03 -2.018645077717155095e-02 2.248342031796643492e-02 3.021583995479052917e-02 -3.233043994762741136e+02
3.000000000000000000e+03 -2.105906318846019129e-02 2.062743512400589882e-02 2.947838567782556582e-02 -3.243502664272280640e+02
3.010000000000000000e+03 -2.177154836981323380e-02 1.876725592090668776e-02 2.874387262043728852e-02 -3.253966463757103611e+02
3.020000000000000000e+03 -2.231950537783332009e-02 1.692679018972267219e-02 2.801207858117676572e-02 -3.264440683293045709e+02
3.030000000000000000e+03 -2.270325230059812988e-02 1.513125483902232928e-02 2.728355801628612465e-02 -3.274930951338779437e+02
3.040000000000000000e+03 -2.292823001697901278e-02 1.340623152639165531e-02 2.655994682695571665e-02 -3.285443186721460620e+02
3.050000000000000000e+03 -2.300513118141904109e-02 1.177654057365962355e-02 2.584420570567704661e-02 -3.295983516322876312e+02
3.060000000000000000e+03 -2.294973395032785107e-02 1.026507259123153777e-02 2.514084333697029494e-02 -3.306558159072267244e+02
3.070000000000000000e+03 -2.278251496414871596e-02 8.891728049327274688e-03 2.445620199039199791e-02 -3.317173275279788527e+02
3.080000000000000000e+03 -2.252811300955488705e-02 7.672470859662037547e-03 2.379879587003592978e-02 -3.327834742334880502e+02
3.090000000000000000e+03 -2.221461072052391059e-02 6.618435010003148253e-03 2.317957315064389165e-02 -3.338547801608654026e+02
3.100000000000000000e+03 -2.187256617231253183e-02 5.735141095052651537e-03 2.261196573370728019e-02 -3.349316562866004006e+02
3.110000000000000000e+03 -2.153383354860673865e-02 5.021966979724199441e-03 2.211167428406409299e-02 -3.360143397196953856e+02
3.120000000000000000e+03 -2.123027529455790915e-02 4.471905468195936859e-03 2.169614084576325375e-02 -3.371028253311643539e+02
3.130000000000000000e+03 -2.099244456668161729e-02 4.071560842109515042e-03 2.138364647519688452e-02 -3.381967970802665491e+02
3.140000000000000000e+03 -2.084826483578400280e-02 3.801419037799146951e-03 2.119200163655924132e-02 -3.392955781256472392e+02
3.150000000000000000e+03 -2.082172562593298873e-02 3.636450107062122027e-03 2.113688783673667304e-02 -3.403981250902751299e+02
3.160000000000000000e+03 -2.093171025249276548e-02 3.547005968186623965e-03 2.123011411727836889e-02 -3.415030835253027703e+02
3.170000000000000000e+03 -2.119108257387873270e-02 3.499903142031529722e-03 2.147815873524891103e-02 -3.426089036759440773e+02
3.180000000000000000e+03 -2.160601250524972483e-02 3.459610308439264263e-03 2.188124036391142849e-02 -3.437139968123082099e+02
3.190000000000000000e+03 -2.217549192755386561e-02 3.389575060681378899e-03 2.243304841792572238e-02 -3.448169003534361536e+02
3.200000000000000000e+03 -2.289111411237298999e-02 3.253738790512706886e-03 2.312120069162864472e-02 -3.459164160448479493e+02
3.210000000000000000e+03 -2.373720028931020076e-02 3.018106080747559681e-03 2.392830211046060793e-02 -3.470116901211632126e+02
3.220000000000000000e+03 -2.469125680816819379e-02 2.652203840476661037e-03 2.483329112257075255e-02 -3.481022264576720318e+02
3.230000000000000000e+03 -2.572469020884323235e-02 2.130440107403455425e-03 2.581275772543856206e-02 -3.491878504165463255e+02
3.240000000000000000e+03 -2.680377090959058448e-02 1.433395463375228447e-03 2.684207066394541860e-02 -3.502686485285666436e+02
3.250000000000000000e+03 -2.789088881557142893e-02 5.489369284863560277e-04 2.789629026723846467e-02 -3.513449010845620251e+02
3.260000000000000000e+03 -2.894605623258757546e-02 -5.269593077968171349e-04 2.895085244914552894e-02 -3.524170191759239970e+02
3.270000000000000000e+03 -2.992857988964488583e-02 -1.789726692863728144e-03 2.998204489100110212e-02 -3.534854932484627170e+02
3.280000000000000000e+03 -3.079889245988485028e-02 -3.226156290508825318e-03 3.096739997426877292e-02 -3.545508535512699382e+02
3.290000000000000000e+03 -3.152043788092177834e-02 -4.814795766313266501e-03 3.188605122112734419e-02 -3.556136421807266288e+02
3.300000000000000000e+03 -3.206142209332450699e-02 -6.526700742986066631e-03 3.271899462445036072e-02 -3.566743974419738947e+02
3.310000000000000000e+03 -3.239635901546521202e-02 -8.326513196950649162e-03 3.344928847491239476e-02 -3.577336472792169388e+02
3.320000000000000000e+03 -3.250738924390752377e-02 -1.017392520682502445e-02 3.406228280032012196e-02 -3.587919065888865475e+02
3.330000000000000000e+03 -3.238527622623194047e-02 -1.202550234894292185e-02 3.454589444483635585e-02 -3.598496760969912316e+02
3.340000000000000000e+03 -3.202998490981860680e-02 -1.383674272393679502e-02 3.489090687459449336e-02 -3.609074428457045656e+02
3.350000000000000000e+03 -3.145078792816416446e-02 -1.556425339223695310e-02 3.509128160897113935e-02 -3.619656816872935678e+02
3.360000000000000000e+03 -3.066588355979708164e-02 -1.716791052086550154e-02 3.514446707741458037e-02 -3.630248574582101924e+02
3.370000000000000000e+03 -2.970152034272052766e-02 -1.861284655241625396e-02 3.505165284908594997e-02 -3.640854276869173987e+02
3.380000000000000000e+03 -2.859063627319079551e-02 -1.987114664351582669e-02 3.481791135944262150e-02 -3.651478442335802583e+02
3.390000000000000000e+03 -2.737107066868123273e-02 -2.092319543095585987e-02 3.445222223009589829e-02 -3.662125511773593871e+02
3.400000000000000000e+03 -2.608346920705251898e-02 -2.175860317426500309e-02 3.396739875189726948e-02 -3.672799776336667037e+02
3.410000000000000000e+03 -2.476903806981670120e-02 -2.237659456620646331e-02 3.337989261942599095e-02 -3.683505261978380076e+02
3.420000000000000000e+03 -2.346732434948233664e-02 -2.278578420807567118e-02 3.270943708015772167e-02 -3.694245578222341351e+02
3.430000000000000000e+03 -2.221416922813228279e-02 -2.300337970993136111e-02 3.197850516480376520e-02 -3.705023720153033651e+02
3.440000000000000000e+03 -2.103993631325979871e-02 -2.305393690886891125e-02 3.121158321944172975e-02 -3.715841803058475534e+02
3.450000000000000000e+03 -1.996812755049655677e-02 -2.296778741518265901e-02 3.043427963040890721e-02 -3.726700735576371812e+02
3.460000000000000000e+03 -1.901446128273886690e-02 -2.277923885878055388e-02 2.967226753819386317e-02 -3.737599863196718957e+02
3.470000000000000000e+03 -1.818641857275102303e-02 -2.252464515807243300e-02 2.895005112258662930e-02 -3.748536631296003065e+02
3.480000000000000000e+03 -1.748325701152518216e-02 -2.224046437169318463e-02 2.828961878851672315e-02 -3.759506341681944832e+02
3.490000000000000000e+03 -1.689649817314939351e-02 -2.196144621897952107e-02 2.770914597284388978e-02 -3.770502093854316286e+02
3.500000000000000000e+03 -1.641084473153357412e-02 -2.171904727886145650e-02 2.722191836560976935e-02 -3.781514992228301821e+02
3.510000000000000000e+03 -1.600538177375669321e-02 -2.154010614490940029e-02 2.683558120215894655e-02 -3.792534641392193748e+02
3.520000000000000000e+03 -1.565491431749833212e-02 -2.144581879496827714e-02 2.655182641693088624e-02 -3.803549872439297701e+02
3.530000000000000000e+03 -1.533141488074421348e-02 -2.145108992764563002e-02 2.636667482504088597e-02 -3.814549593710234490e+02
3.540000000000000000e+03 -1.500557410545333252e-02 -2.156425695719279764e-02 2.627136144835454795e-02 -3.825523636922260380e+02
3.550000000000000000e+03 -1.464837860268318817e-02 -2.178710561129079334e-02 2.625362768466646401e-02 -3.836463468690566287e+02
3.560000000000000000e+03 -1.423260522216478891e-02 -2.211520945865907278e-02 2.629923080263672081e-02 -3.847362648709614632e+02
3.570000000000000000e+03 -1.373410466109750531e-02 -2.253863719832373616e-02 2.639348021007541581e-02 -3.858216978835300779e+02
3.580000000000000000e+03 -1.313279175185906068e-02 -2.304286774207021590e-02 2.652251822463767492e-02 -3.869024404269827642e+02
3.590000000000000000e+03 -1.241335439254840148e-02 -2.360973240211852037e-02 2.667416036869100365e-02 -3.879784783180978707e+02
3.600000000000000000e+03 -1.156569152155144387e-02 -2.421835386612053442e-02 2.683829138295361696e-02 -3.890499598467039846e+02
3.610000000000000000e+03 -1.058508851930406273e-02 -2.484610271065676793e-02 2.700690502204960639e-02 -3.901171651642633265e+02
3.620000000000000000e+03 -9.472189729186853910e-03 -2.546955215317938184e-02 2.717389308047776786e-02 -3.911804779912122285e+02
3.630000000000000000e+03 -8.232814294437437730e-03 -2.606538648573700559e-02 2.733465938799191711e-02 -3.922403617825846140e+02
3.640000000000000000e+03 -6.877625318949732135e-03 -2.661123590963044433e-02 2.748562545524229489e-02 -3.932973396571148328e+02
3.650000000000000000e+03 -5.421674210012235491e-03 -2.708643992249187837e-02 2.762371768814388812e-02 -3.943519769735580667e+02
3.660000000000000000e+03 -3.883829948721421836e-03 -2.747272987075750558e-02 2.774590098775307767e-02 -3.954048654259720479e+02
3.670000000000000000e+03 -2.286103527762661097e-03 -2.775479707505955351e-02 2.784878866337606521e-02 -3.964566080634099876e+02
3.680000000000000000e+03 -6.529089357607266138e-04 -2.792071623045378967e-02 2.792834912593155500e-02 -3.975078058420642151e+02
3.690000000000000000e+03 9.897122258927869114e-04 -2.796223552503292534e-02 2.797974527845982842e-02 -3.985590458788438468e+02
3.700000000000000000e+03 2.614885368372488281e-03 -2.787495665072293669e-02 2.799733619059876361e-02 -3.996108917415003248e+02
3.710000000000000000e+03 4.195656834126522926e-03 -2.765843211644364308e-02 2.797485305429992311e-02 -4.006638780888740712e+02
3.720000000000000000e+03 5.705692428719727309e-03 -2.731620520817979597e-02 2.790573405353348815e-02 -4.017185105407889978e+02
3.730000000000000000e+03 7.120042947980902148e-03 -2.685578532708245494e-02 2.778359618759655703e-02 -4.027752665671315526e+02
3.740000000000000000e+03 8.415998638863180295e-03 -2.628851995045361489e-02 2.760281352099355420e-02 -4.038345960581984286e+02
3.750000000000000000e+03 9.573852324352493531e-03 -2.562932507030710530e-02 2.735911094842049043e-02 -4.048969262662439519e+02
3.760000000000000000e+03 1.057748545221159388e-02 -2.489627353675871735e-02 2.705009490757583762e-02 -4.059626717918375221e+02
3.770000000000000000e+03 1.141484840215934923e-02 -2.411006035849827533e-02 2.667571507072884207e-02 -4.070322448182624271e+02
3.780000000000000000e+03 1.207839211018439142e-02 -2.329332134382118211e-02 2.623864278490562266e-02 -4.081060606395226387e+02
3.790000000000000000e+03 1.256537844822501644e-02 -2.246981463794648498e-02 2.574453933188146706e-02 -4.091845378612961781e+02
3.800000000000000000e+03 1.287799570302206216e-02 -2.166360660269690125e-02 2.520227419030805424e-02 -4.102680948796386815e+02
3.810000000000000000e+03 1.302330796583969254e-02 -2.089829471458383089e-02 2.462407911680569023e-02 -4.113571393797288920e+02
3.820000000000000000e+03 1.301304256643079013e-02 -2.019616986620570431e-02 2.402549799900878177e-02 -4.124520452098943792e+02
3.830000000000000000e+03 1.286318404545480111e-02 -1.957735057996028843e-02 2.342507544316376963e-02 -4.135531144558252663e+02
3.840000000000000000e+03 1.259339739483279416e-02 -1.905902805838505243e-02 2.284382210739897487e-02 -4.146605251745198757e+02
3.850000000000000000e+03 1.222632563613946545e-02 -1.865485086165219811e-02 2.230440537722104197e-02 -4.157742661058101703e+02
3.860000000000000000e+03 1.178674729657307706e-02 -1.837437400950854213e-02 2.182991140784991402e-02 -4.168940650626811362e+02
3.870000000000000000e+03 1.130061664091213010e-02 -1.822262890377613492e-02 2.144220465879377938e-02 -4.180193274554918617e+02
3.880000000000000000e+03 1.079408821215463443e-02 -1.819993933053840052e-02 2.116010708779740915e-02 -4.191491072128739575e+02
3.890000000000000000e+03 1.029255534276172189e-02 -1.830198414973331633e-02 2.099760270366363493e-02 -4.202821321671569876e+02
3.900000000000000000e+03 9.819745231289093296e-03 -1.852001378713088661e-02 2.096230681683061009e-02 -4.214168927171252221e+02
3.910000000000000000e+03 9.396927650766755818e-03 -1.884116210674550637e-02 2.105449212891176772e-02 -4.225517829365071520e+02
3.920000000000000000e+03 9.042231136663733682e-03 -1.924889982078203943e-02 2.126692474805311206e-02 -4.236852670392838718e+02
3.930000000000000000e+03 8.770077067989432915e-03 -1.972371561256127878e-02 2.158562506261210018e-02 -4.248160328399829382e+02
3.940000000000000000e+03 8.590733459165979247e-03 -2.024396514577409337e-02 2.199133525254321972e-02 -4.259430970910240717e+02
3.950000000000000000e+03 8.509993674732568847e-03 -2.078676897144276017e-02 2.246129463357185441e-02 -4.270658467575249801e+02
3.960000000000000000e+03 8.529029904267407952e-03 -2.132892917534853078e-02 2.297101588687190318e-02 -4.281840220721975925e+02
3.970000000000000000e+03 8.644463176950651848e-03 -2.184786782529029789e-02 2.349587351278966188e-02 -4.292976609305693501e+02
3.980000000000000000e+03 8.848637245834806847e-03 -2.232255806530383108e-02 2.401239221084055381e-02 -4.304070275899485409e+02
3.990000000000000000e+03 9.130036849042420799e-03 -2.273440888564227588e-02 2.449920244098658176e-02 -4.315125446408042649e+02
4.000000000000000000e+03 9.473796218305415018e-03 -2.306801746952622315e-02 2.493764713761795551e-02 -4.326147382137837667e+02
4.010000000000000000e+03 9.862360001940575008e-03 -2.331167006901632699e-02 2.531205456328168221e-02 -4.337141948662230675e+02
4.020000000000000000e+03 1.027636532242343081e-02 -2.345765923896307378e-02 2.560987038645874334e-02 -4.348115273401465402e+02
4.030000000000000000e+03 1.069563625701415444e-02 -2.350255368076050941e-02 2.582182535103560647e-02 -4.359073519769518725e+02
4.040000000000000000e+03 1.110010737085396181e-02 -2.344735212155409088e-02 2.594206439658635829e-02 -4.370022790818612179e+02
4.050000000000000000e+03 1.147067805891640625e-02 -2.329734781767920510e-02 2.596811257040504070e-02 -4.380969089042375231e+02
4.060000000000000000e+03 1.179009468200446775e-02 -2.306169449629932866e-02 2.590073523379737494e-02 -4.391918254212235979e+02
4.070000000000000000e+03 1.204376428192866638e-02 -2.275278713842019546e-02 2.574376780203162587e-02 -4.402875892673807243e+02
4.080000000000000000e+03 1.222038131404557318e-02 -2.238556758224290871e-02 2.550394784028227335e-02 -4.413847323023954914e+02
4.090000000000000000e+03 1.231239139889732728e-02 -2.197681365259144398e-02 2.519077847706121392e-02 -4.424837511963029328e+02
4.100000000000000000e+03 1.231628996708162421e-02 -2.154437891769673402e-02 2.481635068865950186e-02 -4.435850970968765523e+02
4.110000000000000000e+03 1.223271499898427941e-02 -2.110631914781850929e-02 2.439499998393001093e-02 -4.446891592839843952e+02
4.120000000000000000e+03 1.206634865082429134e-02 -2.067991870279803357e-02 2.394276106295147380e-02 -4.457962407700303515e+02
4.130000000000000000e+03 1.182564977359475480e-02 -2.028077791515870906e-02 2.347671070256033415e-02 -4.469065280180174682e+02
4.140000000000000000e+03 1.152243616343752962e-02 -1.992213596017287924e-02 2.301430069231099468e-02 -4.480200598289030154e+02
4.150000000000000000e+03 1.117134667368020577e-02 -1.961438933712907409e-02 2.257262181431365228e-02 -4.491366980056530451e+02
4.160000000000000000e+03 1.078913558750709684e-02 -1.936467136161092173e-02 2.216745234953277841e-02 -4.502561053435805434e+02
4.170000000000000000e+03 1.039382910714807019e-02 -1.917647621124349971e-02 2.181212789686018394e-02 -4.513777380620085182e+02
4.180000000000000000e+03 1.000392656175416901e-02 -1.904942618290191014e-02 2.151648634305330585e-02 -4.525008561745135012e+02
4.190000000000000000e+03 9.637647109776823970e-03 -1.897924368790387256e-02 2.128605019202549353e-02 -4.536245581295449369e+02
4.200000000000000000e+03 9.312105841952932062e-03 -1.895799840489966262e-02 2.112157708912646564e-02 -4.673142161447041190e+02
