0.000000000000000000e+00 1.147526727883853503e+01 -7.730188918680143890e-15 1.147526727883853503e+01 -6.736391171415531397e-16
1.000000000000000000e+01 1.142014901743016253e+01 1.182226404758300875e+00 1.148117863515845016e+01 -1.006846337542627978e+00
2.000000000000000000e+01 1.120101107191041123e+01 2.341973292440354015e+00 1.144322891213679938e+01 -2.013883473519843204e+00
3.000000000000000000e+01 1.082469880020024355e+01 3.451526843714446624e+00 1.136165224199095114e+01 -3.021334575240226528e+00
4.000000000000000000e+01 1.030363529042340431e+01 4.486051063307766817e+00 1.123786253433735993e+01 -4.029365919993986189e+00
5.000000000000000000e+01 9.654640575304862082e+00 5.423964361473188944e+00 1.107390960920551493e+01 -5.038143450417988056e+00
6.000000000000000000e+01 8.898041107013545670e+00 6.247757790497437291e+00 1.087242442837954393e+01 -6.047832673041920515e+00
7.000000000000000000e+01 8.056616413320339731e+00 6.944546687485899206e+00 1.063653123560750302e+01 -7.058598716065929146e+00
8.000000000000000000e+01 7.154472263672804644e+00 7.506330435735536710e+00 1.036973818291055593e+01 -8.070606517501420996e+00
9.000000000000000000e+01 6.215924020959011642e+00 7.929969086357898433e+00 1.007581863398340261e+01 -9.084020571475088346e+00
1.000000000000000000e+02 5.264466854665639239e+00 8.216902322912917001e+00 9.758693306389170985e+00 -1.009900446045604028e+01
1.100000000000000000e+02 4.321894923231639929e+00 8.372655366605158633e+00 9.422321031221425613e+00 -1.111572055000816306e+01
1.200000000000000000e+02 3.407609471655986155e+00 8.406191079209833106e+00 9.070603660810373725e+00 -1.213432993298850349e+01
1.300000000000000000e+02 2.538132203318375524e+00 8.329171415020235614e+00 8.707307938870197717e+00 -1.315499246826464663e+01
1.400000000000000000e+02 1.726822690890688738e+00 8.155186986469228572e+00 8.336005721570254323e+00 -1.417786688311900356e+01
1.500000000000000000e+02 9.837840703072838755e-01 7.899004532551674451e+00 7.960031639526457425e+00 -1.520311096068671652e+01
1.600000000000000000e+02 3.159304849068529930e-01 7.575871531537392123e+00 7.582456167605071684e+00 -1.623088172072385049e+01
1.700000000000000000e+02 -2.728151612164853579e-01 7.200906176050857255e+00 7.206072291371836691e+00 -1.726133555814189435e+01
1.800000000000000000e+02 -7.812259969678770899e-01 6.788589722465929732e+00 6.833393335547756742e+00 -1.829462840491633457e+01
1.900000000000000000e+02 -1.210410690193549854e+00 6.352368071349090428e+00 6.466658654423487640e+00 -1.933091596334445228e+01
2.000000000000000000e+02 -1.563416729630614288e+00 5.904362118286517358e+00 6.107844455644374726e+00 -2.037035406502961621e+01
2.100000000000000000e+02 -1.844823364270337773e+00 5.455182257311869343e+00 5.758679250127406668e+00 -2.141309915269546593e+01
2.200000000000000000e+02 -2.060349679308691506e+00 5.013832627455236057e+00 5.420660330362169432e+00 -2.245930790321120796e+01
2.300000000000000000e+02 -2.216487475230985549e+00 4.587690979349077658e+00 5.095068718855195300e+00 -2.350913649701533359e+01
2.400000000000000000e+02 -2.320169707808243054e+00 4.182555928319266592e+00 4.782986678483395870e+00 -2.456273981183771937e+01
2.500000000000000000e+02 -2.378485630829533015e+00 3.802745042200113001e+00 4.485316460634645175e+00 -2.562026972381359968e+01
2.600000000000000000e+02 -2.398444710630243559e+00 3.451228217065382964e+00 4.202798262612481572e+00 -2.668187234835185606e+01
2.700000000000000000e+02 -2.386788272670182121e+00 3.129781786432187296e+00 3.936024935037704342e+00 -2.774768384373950880e+01
2.800000000000000000e+02 -2.349847011815158204e+00 2.839152888692570098e+00 3.685453853232732335e+00 -2.881782425947093884e+01
2.900000000000000000e+02 -2.293440573988452247e+00 2.579227110285088109e+00 3.451417412143313435e+00 -2.989238933575364143e+01
3.000000000000000000e+02 -2.222813501718259754e+00 2.349191748744205110e+00 3.234130754281411058e+00 -3.097144022755620796e+01
3.100000000000000000e+02 -2.142602853582511013e+00 2.147687865458486112e+00 3.033695791541654696e+00 -3.205499074638668588e+01
3.200000000000000000e+02 -2.056832850641803656e+00 1.972948577620232014e+00 2.850103062244063068e+00 -3.314299243055864252e+01
3.300000000000000000e+02 -1.968929909188894101e+00 1.822921046539888845e+00 2.683230539707065709e+00 -3.423531856356458292e+01
3.400000000000000000e+02 -1.881752555862361342e+00 1.695371126447648757e+00 2.532839501012035921e+00 -3.533174886945385396e+01
3.500000000000000000e+02 -1.797631850170097412e+00 1.587971048569201349e+00 2.398568806567769940e+00 -3.643195732256078401e+01
3.600000000000000000e+02 -1.718418272870342767e+00 1.498370660594009696e+00 2.279928945617301750e+00 -3.753550592641242645e+01
3.700000000000000000e+02 -1.645531810991065491e+00 1.424253219292235251e+00 2.176297813638526701e+00 -3.864184720298236897e+01
3.800000000000000000e+02 -1.580012606280774667e+00 1.363377490678663984e+00 2.086920702397534022e+00 -3.975033743345038317e+01
3.900000000000000000e+02 -1.522570205842161295e+00 1.313608074680651328e+00 2.010916757497547280e+00 -4.086026103181654179e+01
4.000000000000000000e+02 -1.473630314628886495e+00 1.272936137741910834e+00 1.947293689961153262e+00 -4.197086421113257160e+01
4.100000000000000000e+02 -1.433378026891866330e+00 1.239492703196360512e+00 1.894970904592849115e+00 -4.308139410230467092e+01
4.200000000000000000e+02 -1.401796790609418419e+00 1.211555351239035572e+00 1.852808843696188923e+00 -4.419113774523473381e+01
4.300000000000000000e+02 -1.378702835184731912e+00 1.187549581194986326e+00 1.819641589858509878e+00 -4.529945549809573180e+01
4.400000000000000000e+02 -1.363774650734944860e+00 1.166046477777197055e+00 1.794309250470450090e+00 -4.640580512814640457e+01
4.500000000000000000e+02 -1.356577886703153046e+00 1.145758122179953986e+00 1.775687257721169532e+00 -4.750975481356751828e+01
4.600000000000000000e+02 -1.356586614488325848e+00 1.125531687450862073e+00 1.762710646154065364e+00 -4.861098520155374558e+01
4.700000000000000000e+02 -1.363201012661127365e+00 1.104342688218381330e+00 1.754391568020584158e+00 -4.970928255559295650e+01
4.800000000000000000e+02 -1.375761604574307517e+00 1.081287726861816179e+00 1.749829460514043200e+00 -5.080452585522147757e+01
4.900000000000000000e+02 -1.393560817227740056e+00 1.055577448440317534e+00 1.748214947015445775e+00 -5.189667074138534986e+01
5.000000000000000000e+02 -1.415852371760615291e+00 1.026530477000587416e+00 1.748828967861412398e+00 -5.298573290255821178e+01
5.100000000000000000e+02 -1.441858503182553708e+00 9.935683981377917418e-01 1.751038007862174339e+00 -5.407177268994131225e+01
5.200000000000000000e+02 -1.470775447286599480e+00 9.562115624616761567e-01 1.754286455664096245e+00 -5.515488174992879067e+01
5.300000000000000000e+02 -1.501777871444516688e+00 9.140763122366203364e-01 1.758087676924140919e+00 -5.623517221037280223e+01
5.400000000000000000e+02 -1.534022915740745896e+00 8.668738878932699121e-01 1.762014938509016471e+00 -5.731276847014954967e+01
5.500000000000000000e+02 -1.566654418759451550e+00 8.144107431873625069e-01 1.765692761053719417e+00 -5.838780124342434874e+01
5.600000000000000000e+02 -1.598807457532336107e+00 7.565900073404345783e-01 1.768788773559017091e+00 -5.946040355800415256e+01
5.700000000000000000e+02 -1.629613562449864439e+00 6.934137637804425047e-01 1.771006214195957273e+00 -6.053070827680389243e+01
5.800000000000000000e+02 -1.658207396821002710e+00 6.249859641077191164e-01 1.772077658062293226e+00 -6.159884673987978942e+01
5.900000000000000000e+02 -1.683735255301445299e+00 5.515158515200837552e-01 1.771760182536831429e+00 -6.266494839037743247e+01
6.000000000000000000e+02 -1.705365392345139286e+00 4.733212483999933995e-01 1.769831665892386274e+00 -6.372914113527917834e+01
6.100000000000000000e+02 -1.722300207674200667e+00 3.908308655831141953e-01 1.766087985024257234e+00 -6.479155210980296431e+01
6.200000000000000000e+02 -1.733790448449836763e+00 3.045850097818821323e-01 1.760341258767661454e+00 -6.585230864815962093e+01
6.300000000000000000e+02 -1.739151410819301802e+00 2.152341670747984215e-01 1.752419292415816177e+00 -6.691153941337699962e+01
6.400000000000000000e+02 -1.737780474386455332e+00 1.235347672876435099e-01 1.742165840523693054e+00 -6.796937563339648136e+01
6.500000000000000000e+02 -1.729175092059328955e+00 3.034149150512043328e-02 1.729441269631653011e+00 -6.902595234706974736e+01
6.600000000000000000e+02 -1.712950751441256525e+00 -6.340427891419653239e-02 1.714123793501447945e+00 -7.008140958320380776e+01
6.700000000000000000e+02 -1.688858348929989317e+00 -1.566901371325267744e-01 1.696111529889806402e+00 -7.113589345712507850e+01
6.800000000000000000e+02 -1.656799781140353200e+00 -2.484523973500284977e-01 1.675325075481083781e+00 -7.218955728494184143e+01
6.900000000000000000e+02 -1.616840506635806474e+00 -3.375996276219806469e-01 1.651710244706628750e+00 -7.324256277091129164e+01
7.000000000000000000e+02 -1.569218108407175460e+00 -4.230394972500131634e-01 1.625240870759327771e+00 -7.429508126520387634e+01
7.100000000000000000e+02 -1.514345998040511398e+00 -5.037082172581730521e-01 1.595921605190780967e+00 -7.534729509354362165e+01
7.200000000000000000e+02 -1.452811464852251877e+00 -5.786015645809373664e-01 1.563790562364939740e+00 -7.639939897514072698e+01
7.300000000000000000e+02 -1.385367458176321342e+00 -6.468062078950537197e-01 1.528921601896415350e+00 -7.745160155203856789e+01
7.400000000000000000e+02 -1.312917956796097352e+00 -7.075299486139348115e-01 1.491426226624460449e+00 -7.850412703942710380e+01
7.500000000000000000e+02 -1.236497132808985544e+00 -7.601295094001498942e-01 1.451455142436635759e+00 -7.955721696364632578e+01
7.600000000000000000e+02 -1.157242645599557695e+00 -8.041344705528601366e-01 1.409199342721104253e+00 -8.061113189705994841e+01
7.700000000000000000e+02 -1.076363746950910194e+00 -8.392660307475204862e-01 1.364890613242285111e+00 -8.166615303026388517e+01
7.800000000000000000e+02 -9.951053800077678257e-01 -8.654494703818926826e-01 1.318801540454325627e+00 -8.272258339587406795e+01
7.900000000000000000e+02 -9.147097737673474116e-01 -8.828193485637287896e-01 1.271245048141387279e+00 -8.378074857848562829e+01
8.000000000000000000e+02 -8.363772654021942587e-01 -8.917167324154041674e-01 1.222573376510080134e+00 -8.484099671039324164e+01
8.100000000000000000e+02 -7.612281958440488827e-01 -8.926783398229942712e-01 1.173176450725602837e+00 -8.590369732221940069e+01
8.200000000000000000e+02 -6.902677134127030989e-01 -8.864179748978598949e-01 1.123479569196531802e+00 -8.696923840457591837e+01
8.300000000000000000e+02 -6.243551349690346086e-01 -8.738009424546541171e-01 1.073940138739978067e+00 -8.803802084021664598e+01
8.400000000000000000e+02 -5.641792211937955992e-01 -8.558125746152951407e-01 1.025043099823855108e+00 -8.911044902125226486e+01
8.500000000000000000e+02 -5.102405054267743489e-01 -8.335225659876066562e-01 9.772948589799980157e-01 -9.018691618602309745e+01
8.600000000000000000e+02 -4.628416031694528310e-01 -8.080469987018362721e-01 9.312154969369413893e-01 -9.126778317770904891e+01
8.700000000000000000e+02 -4.220858941709721979e-01 -7.805098533160105267e-01 8.873286500398200882e-01 -9.235334974853985557e+01
8.800000000000000000e+02 -3.878842972364249242e-01 -7.520058342463366019e-01 8.461483337944499805e-01 -9.344381825724477153e+01
8.900000000000000000e+02 -3.599694164792212603e-01 -7.235662058042026112e-01 8.081621340933270448e-01 -9.453925134384800799e+01
9.000000000000000000e+02 -3.379158968434984867e-01 -6.961290765650668400e-01 7.738105999395967771e-01 -9.563952781354593924e+01
9.100000000000000000e+02 -3.211654460226099905e-01 -6.705152643384248989e-01 7.434634916589581977e-01 -9.674430414665616240e+01
9.200000000000000000e+02 -3.090550199056444902e-01 -6.474105347490554108e-01 7.173948744122279342e-01 -9.785299210777870371e+01
9.300000000000000000e+02 -3.008466804769706071e-01 -6.273545339655377528e-01 6.957603297408738730e-01 -9.896476365846557144e+01
9.400000000000000000e+02 -2.957576259002122621e-01 -6.107361073345957125e-01 6.785802576558978005e-01 -1.000785909187674889e+02
9.500000000000000000e+02 -2.929890580526751109e-01 -5.977944499363302411e-01 6.657332743023091082e-01 -1.011933207939950279e+02
9.600000000000000000e+02 -2.917527431649035163e-01 -5.886254533007851952e-01 6.569623942188784760e-01 -1.023077733096788506e+02
9.700000000000000000e+02 -2.912944821027403930e-01 -5.831923727323619078e-01 6.518940242989699207e-01 -1.034208446771232275e+02
9.800000000000000000e+02 -2.909140440983725151e-01 -5.813398485007578165e-01 6.500669200232802591e-01 -1.045315945131647482e+02
9.900000000000000000e+02 -2.899812158525501005e-01 -5.828104012872992179e-01 6.509662582622742777e-01 -1.056393020732445081e+02
1.000000000000000000e+03 -2.879477250624027374e-01 -5.872625284844164018e-01 6.540574666881520116e-01 -1.067434862792052428e+02
1.010000000000000000e+03 -2.843550457031152612e-01 -5.942895856818015687e-01 6.588155308329245452e-01 -1.078438940220123072e+02
1.020000000000000000e+03 -2.788384032114601951e-01 -6.034386979984563970e-01 6.647474086806123283e-01 -1.089404671218253071e+02
1.030000000000000000e+03 -2.711274197991231372e-01 -6.142289397718551092e-01 6.714069319125228752e-01 -1.100332994297863394e+02
1.040000000000000000e+03 -2.610436765536387482e-01 -6.261681368132030467e-01 6.784027834765707921e-01 -1.111225930214450557e+02
1.050000000000000000e+03 -2.484954976000668947e-01 -6.387678383852960495e-01 6.854008780873632745e-01 -1.122086189552753837e+02
1.060000000000000000e+03 -2.334705596798687943e-01 -6.515562001726912245e-01 6.921228100710936637e-01 -1.132916852743577181e+02
1.070000000000000000e+03 -2.160270477724603455e-01 -6.640887029326596469e-01 6.983419583070081815e-01 -1.143721128628521058e+02
1.080000000000000000e+03 -1.962839564200226095e-01 -6.759566645027023091e-01 7.038784013119853133e-01 -1.154502184634961992e+02
1.090000000000000000e+03 -1.744109770296739248e-01 -6.867934983109154068e-01 7.085933235859556145e-01 -1.165263035435514354e+02
1.100000000000000000e+03 -1.506183681827581999e-01 -6.962788112384681316e-01 7.123833769914140746e-01 -1.176006476043344691e+02
1.110000000000000000e+03 -1.251471529313328557e-01 -7.041405500905952852e-01 7.151753100944583386e-01 -1.186735046789118826e+02
1.120000000000000000e+03 -9.825989319822882317e-02 -7.101554664824342167e-01 7.169210508739516374e-01 -1.197451019713335114e+02
1.130000000000000000e+03 -7.023230712548425569e-02 -7.141482166440109580e-01 7.175933753177976548e-01 -1.208156399601025441e+02
1.140000000000000000e+03 -4.134600410232667361e-02 -7.159893981338866231e-01 7.171822016024622659e-01 -1.218852936297335532e+02
1.150000000000000000e+03 -1.188248214447212847e-02 -7.155928189246169024e-01 7.156914669593268385e-01 -1.229542145822784107e+02
1.160000000000000000e+03 1.788169269212208645e-02 -7.129122769703816198e-01 7.131365013716726153e-01 -1.240225336788618051e+02
1.170000000000000000e+03 4.767873760384314097e-02 -7.079380939021798769e-01 7.095418288003518814e-01 -1.250903638328059486e+02
1.180000000000000000e+03 7.725268595946835348e-02 -7.006935814839755361e-01 7.049393396745516904e-01 -1.261578027701434621e+02
1.190000000000000000e+03 1.063616830440558408e-01 -6.912315904506867170e-01 6.993667987951316389e-01 -1.272249357421415965e+02
1.200000000000000000e+03 1.347796785579756518e-01 -6.796312370011149406e-01 6.928666394479221502e-01 -1.282918381439580742e+02
1.210000000000000000e+03 1.622976933029834923e-01 -6.659947732312851976e-01 6.854849226809152096e-01 -1.293585779178345092e+02
1.220000000000000000e+03 1.887247586410006062e-01 -6.504445979587956117e-01 6.772704109422492680e-01 -1.304252177090068585e+02
1.230000000000000000e+03 2.138885355073973649e-01 -6.331205104447609200e-01 6.682738109243350211e-01 -1.314918169070805902e+02
1.240000000000000000e+03 2.376356640574918411e-01 -6.141772136154308726e-01 6.585471574279702089e-01 -1.325584336343172822e+02
1.250000000000000000e+03 2.598319997249111113e-01 -5.937819579376801826e-01 6.481432570453473652e-01 -1.336251265197795988e+02
1.260000000000000000e+03 2.803628532908546966e-01 -5.721122520526353838e-01 6.371151846048934697e-01 -1.346919561131615239e+02
1.270000000000000000e+03 2.991332511592485477e-01 -5.493535884334003194e-01 6.255158407856317160e-01 -1.357589859094818507e+02
1.280000000000000000e+03 3.160681735226492650e-01 -5.256971376263424034e-01 6.133975634304990043e-01 -1.368262830107374555e+02
1.290000000000000000e+03 3.311127095038777779e-01 -5.013374520981757065e-01 6.008118401557096533e-01 -1.378939185236536105e+02
1.300000000000000000e+03 3.442321076031914506e-01 -4.764702712273747309e-01 5.878092065189377546e-01 -1.389619678049373590e+02
1.310000000000000000e+03 3.554116980575774409e-01 -4.512904728235281326e-01 5.744393492593052875e-01 -1.400305106691566834e+02
1.320000000000000000e+03 3.646566351776908688e-01 -4.259900562763875853e-01 5.607512725134695675e-01 -1.410996315511433750e+02
1.330000000000000000e+03 3.719914032478379151e-01 -4.007560488140878840e-01 5.467933931124032698e-01 -1.421694195411955093e+02
1.340000000000000000e+03 3.774591113549996546e-01 -3.757684007626680422e-01 5.326136233299324507e-01 -1.432399682385881476e+02
1.350000000000000000e+03 3.811206309113146506e-01 -3.511979289874658794e-01 5.182595108932624983e-01 -1.443113753468876439e+02
1.360000000000000000e+03 3.830535534163240774e-01 -3.272043467603293343e-01 5.037784327695326025e-01 -1.453837420276958028e+02
1.370000000000000000e+03 3.833509415745298687e-01 -3.039344831923378454e-01 4.892178599350928137e-01 -1.464571721411423937e+02
1.380000000000000000e+03 3.821198836193436810e-01 -2.815208172368071082e-01 4.746257220115029929e-01 -1.475317715412909649e+02
1.390000000000000000e+03 3.794798551752201488e-01 -2.600803467016429282e-01 4.600508093941938492e-01 -1.486076474897151343e+02
1.400000000000000000e+03 3.755609393794626105e-01 -2.397137077612118139e-01 4.455431302087509704e-01 -1.496849079967566638e+02
1.410000000000000000e+03 3.705019788538862491e-01 -2.205044572740075537e-01 4.311541858921819625e-01 -1.507636607926078796e+02
1.420000000000000000e+03 3.644486411296492534e-01 -2.025185022213722430e-01 4.169371124800907435e-01 -1.518440118114224617e+02
1.430000000000000000e+03 3.575513879869243183e-01 -1.858037452361265274e-01 4.029466798413252615e-01 -1.529260632124282324e+02
1.440000000000000000e+03 3.499634276120159870e-01 -1.703899991009520942e-01 3.892391969722129308e-01 -1.540099108704010575e+02
1.450000000000000000e+03 3.418386886244486056e-01 -1.562891754803696909e-01 3.758723126446220641e-01 -1.550956412598272891e+02
1.460000000000000000e+03 3.333298275338303918e-01 -1.434957522597959945e-01 3.629046773470105958e-01 -1.561833277200404382e+02
1.470000000000000000e+03 3.245863116102454815e-01 -1.319874442675008086e-01 3.503954325173346263e-01 -1.572730259003752167e+02
1.480000000000000000e+03 3.157525975291902154e-01 -1.217259683731992670e-01 3.384034784437415788e-01 -1.583647681315630962e+02
1.490000000000000000e+03 3.069663998817834805e-01 -1.126579082198827381e-01 3.269865057473511638e-01 -1.594585568432285072e+02
1.500000000000000000e+03 2.983570358850553550e-01 -1.047157449089082537e-01 3.161997914198296233e-01 -1.605543574994482015e+02
1.510000000000000000e+03 2.900438751049254082e-01 -9.781906858457810328e-02 3.060947886923852113e-01 -1.616520915802441891e+02
1.520000000000000000e+03 2.821349475860113754e-01 -9.187592736132156601e-02 2.967175671878297116e-01 -1.627516301576498279e+02
1.530000000000000000e+03 2.747256854849123853e-01 -8.678425643899861930e-02 2.881071145092131691e-01 -1.638527888102914574e+02
1.540000000000000000e+03 2.678977763496870335e-01 -8.243334478144473398e-02 2.802935513082016605e-01 -1.649553247399008455e+02
1.550000000000000000e+03 2.617181469590704745e-01 -7.870535175395919347e-02 2.732963974193660106e-01 -1.660589370598035828e+02
1.560000000000000000e+03 2.562380671935629572e-01 -7.547692097295904956e-02 2.671230291057871131e-01 -1.671632711938202931e+02
1.570000000000000000e+03 2.514923701613471230e-01 -7.262094473585603560e-02 2.617674805312919517e-01 -1.682679279589465295e+02
1.580000000000000000e+03 2.474988498754341626e-01 -7.000851347236085320e-02 2.572097833447873350e-01 -1.693724771981135859e+02
1.590000000000000000e+03 2.442579317790372906e-01 -6.751102487259653950e-02 2.534160131410822525e-01 -1.704764749032759141e+02
1.600000000000000000e+03 2.417526553234558839e-01 -6.500240671520726710e-02 2.503390885073900618e-01 -1.715794821513788406e+02
1.610000000000000000e+03 2.399489494946358548e-01 -6.236139939806608495e-02 2.479202341449047997e-01 -1.726810838788627223e+02
1.620000000000000000e+03 2.387962047899551132e-01 -5.947386994075704730e-02 2.460909763234244707e-01 -1.737809056438525488e+02
1.630000000000000000e+03 2.382282051275565748e-01 -5.623508051342850783e-02 2.447755339053496182e-01 -1.748786266881239158e+02
1.640000000000000000e+03 2.381644778851744193e-01 -5.255178778584215088e-02 2.438934376439963192e-01 -1.759739880915521439e+02
1.650000000000000000e+03 2.385120567796596702e-01 -4.834414779718231026e-02 2.433621947951230269e-01 -1.770667960078445731e+02
1.660000000000000000e+03 2.391675944272313170e-01 -4.354739855635902240e-02 2.430998028488196572e-01 -1.781569206616412941e+02
1.670000000000000000e+03 2.400197418370806357e-01 -3.811321569329742531e-02 2.430269402391896372e-01 -1.792442918898684070e+02
1.680000000000000000e+03 2.409516990906928890e-01 -3.201069006014104629e-02 2.430687260278833750e-01 -1.803288923516881255e+02
1.690000000000000000e+03 2.418438516604376753e-01 -2.522695086693448746e-02 2.431560150109359497e-01 -1.814107497205138486e+02
1.700000000000000000e+03 2.425764405240615484e-01 -1.776741277687326689e-02 2.432262536284012511e-01 -1.824899287261661414e+02
1.710000000000000000e+03 2.430322404179863782e-01 -9.655568449708745726e-03 2.432239706210573005e-01 -1.835665233874190676e+02
1.720000000000000000e+03 2.430992150792067596e-01 -9.323429001928274645e-04 2.431010029502345959e-01 -1.846406499101765917e+02
1.730000000000000000e+03 2.426730771563495037e-01 8.344934729098437906e-03 2.428165157318679657e-01 -1.857124406788101112e+02
1.740000000000000000e+03 2.416596561398113574e-01 1.810397178465590964e-02 2.423368383056762609e-01 -1.867820392111724459e+02
1.750000000000000000e+03 2.399769827751320750e-01 2.825933437673486606e-02 2.416351428109581589e-01 -1.878495960099438662e+02
1.760000000000000000e+03 2.375570471125453831e-01 3.871455303285007560e-02 2.406910202923355224e-01 -1.889152654017338762e+02
1.770000000000000000e+03 2.343471847077202574e-01 4.936441939356716463e-02 2.394899765804371916e-01 -1.899792033645771312e+02
1.780000000000000000e+03 2.303110632213756781e-01 6.009742103132076352e-02 2.380228683483508190e-01 -1.910415661442533235e+02
1.790000000000000000e+03 2.254292938364640397e-01 7.079830893629725230e-02 2.362853509378992911e-01 -1.921025093072687753e+02
1.800000000000000000e+03 2.196996285143915650e-01 8.135076667518685578e-02 2.342773442055427202e-01 -1.931621869583676698e+02
1.810000000000000000e+03 2.131366893918743843e-01 9.164009387460657352e-02 2.320024895777522411e-01 -1.942207510151852716e+02
1.820000000000000000e+03 2.057712779653812496e-01 1.015557815095939759e-01 2.294676351765768951e-01 -1.952783506732609453e+02
1.830000000000000000e+03 1.976493558781118876e-01 1.109938781246335854e-01 2.266823964496990640e-01 -1.963351322538630086e+02
1.840000000000000000e+03 1.888307239159734419e-01 1.198591255911766879e-01 2.236587853899597023e-01 -1.973912392850427011e+02
1.850000000000000000e+03 1.793873959182208377e-01 1.280668328443821946e-01 2.204108697163355557e-01 -1.984468126426523042e+02
1.860000000000000000e+03 1.694017030117292433e-01 1.355444565021180769e-01 2.169544575981989243e-01 -1.995019906296648458e+02
1.870000000000000000e+03 1.589641758535164373e-01 1.422328743316401412e-01 2.133068206725416416e-01 -2.005569088520516630e+02
1.880000000000000000e+03 1.481712759189139639e-01 1.480873074937792411e-01 2.094864617300985776e-01 -2.016116999589253851e+02
1.890000000000000000e+03 1.371230763009047005e-01 1.530778489076821680e-01 2.055129336086342351e-01 -2.026664934563468705e+02
1.900000000000000000e+03 1.259209462318730266e-01 1.571895876883162013e-01 2.014066810648373340e-01 -2.037214156043600042e+02
1.910000000000000000e+03 1.146652451449644700e-01 1.604223451309713111e-01 1.971888619102896423e-01 -2.047765891371101077e+02
1.920000000000000000e+03 1.034530848187425467e-01 1.627900272980470353e-01 1.928811389073925020e-01 -2.058321327355174049e+02
1.930000000000000000e+03 9.237628036368546181e-02 1.643196103378986028e-01 1.885054681313755864e-01 -2.068881604611770797e+02
1.940000000000000000e+03 8.151954178704640119e-02 1.650497708543592623e-01 1.840838465271912583e-01 -2.079447811886584532e+02
1.950000000000000000e+03 7.095892939493669838e-02 1.650292387259899296e-01 1.796380229666185713e-01 -2.090020977927187573e+02
1.960000000000000000e+03 6.076067120074226530e-02 1.643150194692655219e-01 1.751892827428373767e-01 -2.100602061722955227e+02
1.970000000000000000e+03 5.098036901894698047e-02 1.629705600977318647e-01 1.707583130739948329e-01 -2.111191942820614713e+02
1.980000000000000000e+03 4.166253076420081691e-02 1.610638813337021691e-01 1.663650814923458565e-01 -2.121791410314436348e+02
1.990000000000000000e+03 3.284040733005651885e-02 1.586656983693781886e-01 1.620286894122350552e-01 -2.132401150440323079e+02
2.000000000000000000e+03 2.453615429132015996e-02 1.558475895071458339e-01 1.577672146632350947e-01 -2.143021734669708849e+02
2.010000000000000000e+03 1.676126281071035201e-02 1.526803150576994117e-01 1.535975863649167439e-01 -2.153653606331286028e+02
2.020000000000000000e+03 9.517210490996162037e-03 1.492323354100725530e-01 1.495355049059397257e-01 -2.164297065681954848e+02
2.030000000000000000e+03 2.796345268095180164e-03 1.455685077758587798e-01 1.455953639473065719e-01 -2.174952258266250738e+02
2.040000000000000000e+03 -3.417040935072088864e-03 1.417489605865964730e-01 1.417901406873286196e-01 -2.185619167482360581e+02
2.050000000000000000e+03 -9.145557178067302562e-03 1.378281727502418674e-01 1.381312651783361267e-01 -2.196297607218245105e+02
2.060000000000000000e+03 -1.441753772687290498e-02 1.338542815809342923e-01 1.346285040088236740e-01 -2.206987213336947775e+02
2.070000000000000000e+03 -1.926585314761903450e-02 1.298686045217027629e-01 1.312898607582476396e-01 -2.217687436624299551e+02
2.080000000000000000e+03 -2.372669908501029434e-02 1.259053586950695802e-01 1.281214876498269484e-01 -2.228397541097324392e+02
2.090000000000000000e+03 -2.783836499971702877e-02 1.219915888867564857e-01 1.251276241481986962e-01 -2.239116611134693642e+02
2.100000000000000000e+03 -3.164003393929376573e-02 1.181472984202696780e-01 1.223105713815773182e-01 -2.249843567016611701e+02
2.110000000000000000e+03 -3.517067736566985986e-02 1.143857628828666151e-01 1.196707119417922821e-01 -2.260577186396038201e+02
2.120000000000000000e+03 -3.846808101535133945e-02 1.107139924174865703e-01 1.172065756432757039e-01 -2.271316130005975538e+02
2.130000000000000000e+03 -4.156799354495576554e-02 1.071333155745511356e-01 1.149149485199808390e-01 -2.282058972599830042e+02
2.140000000000000000e+03 -4.450336553536787115e-02 1.036400778598504935e-01 1.127910248325213194e-01 -2.292804242146160902e+02
2.150000000000000000e+03 -4.730368247206577503e-02 1.002264140691036393e-01 1.108285723654754973e-01 -2.303550465930106270e+02
2.160000000000000000e+03 -4.999448620042037245e-02 9.688103738832028189e-02 1.090201084932552050e-01 -2.314296212884522390e+02
2.170000000000000000e+03 -5.259714073633874054e-02 9.359002794277386517e-02 1.073571261908934371e-01 -2.325040125032499532e+02
2.180000000000000000e+03 -5.512876959242321573e-02 9.033763028228970760e-02 1.058303769330628114e-01 -2.335780943092099733e+02
2.190000000000000000e+03 -5.760229131039928258e-02 8.710702432563187381e-02 1.044301568086265231e-01 -2.346517530062694732e+02
2.200000000000000000e+03 -6.002653698433781798e-02 8.388098616256092765e-02 1.031465219090581531e-01 -2.357248888752658615e+02
2.210000000000000000e+03 -6.240643527541671343e-02 8.064238227184658547e-02 1.019693923795930712e-01 -2.367974168693831132e+02
2.220000000000000000e+03 -6.474324876987182231e-02 7.737450911474580417e-02 1.008885668548492737e-01 -2.378692661065597918e+02
2.230000000000000000e+03 -6.703485092261761424e-02 7.406135372869381006e-02 9.989372029484273885e-02 -2.389403784716588461e+02
2.240000000000000000e+03 -6.927601188684855138e-02 7.068784820024613669e-02 9.897442955697104139e-02 -2.400107070095394590e+02
2.250000000000000000e+03 -7.145863976111931082e-02 6.724012630246102573e-02 9.812019048942136057e-02 -2.410802146446273753e+02
2.260000000000000000e+03 -7.357196697912768424e-02 6.370575511784061506e-02 9.732038614962504330e-02 -2.421488731146997111e+02
2.270000000000000000e+03 -7.560272968712698771e-02 6.007394430079884828e-02 9.656423520123935678e-02 -2.432166617381854508e+02
2.280000000000000000e+03 -7.753535402460974557e-02 5.633578659463765737e-02 9.584076363926846698e-02 -2.442835663535453250e+02
2.290000000000000000e+03 -7.935212677583294849e-02 5.248457515875826207e-02 9.513879678366343740e-02 -2.453495790758341570e+02
2.300000000000000000e+03 -8.103338599883973259e-02 4.851616813264149342e-02 9.444695980661152457e-02 -2.464146985530749134e+02
2.310000000000000000e+03 -8.255778645818458161e-02 4.442934733556697796e-02 9.375369331146191088e-02 -2.474789300772590082e+02
2.320000000000000000e+03 -8.390266219383235580e-02 4.022616450070642252e-02 9.304730535405224268e-02 -2.485422855393210568e+02
2.330000000000000000e+03 -8.504449756150996020e-02 3.591226928110081984e-02 9.231607471295544265e-02 -2.496047833634815731e+02
2.340000000000000000e+03 -8.595951151140279745e-02 3.149718561575998860e-02 9.154840425148123850e-02 -2.506664483708176192e+02
2.350000000000000000e+03 -8.662433913956799070e-02 2.699451123180585457e-02 9.073301366102078103e-02 -2.517273116768582497e+02
2.360000000000000000e+03 -8.701676705010449875e-02 2.242200314846451437e-02 8.985913405459627912e-02 -2.527874106296229684e+02
2.370000000000000000e+03 -8.711647675614583863e-02 1.780150279543642189e-02 8.891666898945342623e-02 -2.538467885154080932e+02
2.380000000000000000e+03 -8.690576097171819059e-02 1.315868132033116630e-02 8.789631496350372442e-02 -2.549054938241491755e+02
2.390000000000000000e+03 -8.637021274179867980e-02 8.522624658487892163e-03 8.678968129987013613e-02 -2.559635791427222387e+02
2.400000000000000000e+03 -8.549935982126821710e-02 3.925271609100417815e-03 8.558941691033947197e-02 -2.570210997780058051e+02
2.410000000000000000e+03 -8.428721132821738460e-02 -5.992925505137342837e-04 8.428934182355844740e-02 -2.580781120347290312e+02
2.420000000000000000e+03 -8.273270978339000714e-02 -5.015648711995682185e-03 8.288460653284650259e-02 -2.591346714121463037e+02
2.430000000000000000e+03 -8.084003785058485603e-02 -9.287922413634049426e-03 8.137184539166895936e-02 -2.601908310084997993e+02
2.440000000000000000e+03 -7.861874111449800029e-02 -1.338066362397633859e-02 7.974928597452432544e-02 -2.612466405485008636e+02
2.450000000000000000e+03 -7.608366625959918361e-02 -1.725967516375827987e-02 7.801679728276805781e-02 -2.623021462460057478e+02
2.460000000000000000e+03 -7.325472581638854674e-02 -2.089281170196570503e-02 7.617587830309577313e-02 -2.633573907977508384e+02
2.470000000000000000e+03 -7.015654119579989301e-02 -2.425074099443685210e-02 7.422963499396469100e-02 -2.644124133221188799e+02
2.480000000000000000e+03 -6.681797827668754797e-02 -2.730761146439512552e-02 7.218273938327814110e-02 -2.654672497278139645e+02
2.490000000000000000e+03 -6.327157858829668413e-02 -3.004159735551053048e-02 7.004134656562237271e-02 -2.665219336494180880e+02
2.500000000000000000e+03 -5.955295827296602784e-02 -3.243533379571073710e-02 6.781302026529130444e-02 -2.675764979858028596e+02
2.510000000000000000e+03 -5.570015733292526389e-02 -3.447627602230252802e-02 6.550664955009238843e-02 -2.686309765055582943e+02
2.520000000000000000e+03 -5.175286886612956438e-02 -3.615697579569189524e-02 6.313229232781787659e-02 -2.696854048458050102e+02
2.530000000000000000e+03 -4.775157996098441243e-02 -3.747524307979499536e-02 6.070096566497118484e-02 -2.707398209040999859e+02
2.540000000000000000e+03 -4.373669363248920000e-02 -3.843418559378879162e-02 5.822443638336075034e-02 -2.717942647856739882e+02
2.550000000000000000e+03 -3.974764580084799714e-02 -3.904211715907212471e-02 5.571500927911959833e-02 -2.728487782089688949e+02
2.560000000000000000e+03 -3.582203488818476445e-02 -3.931229135836178390e-02 5.318528401141666556e-02 -2.739034036933343828e+02
2.570000000000000000e+03 -3.199481760602656405e-02 -3.926244834616676033e-02 5.064788449459977498e-02 -2.749581838977157418e+02
2.580000000000000000e+03 -2.829762453368451711e-02 -3.891426109609799622e-02 4.811522909541915416e-02 -2.760131605432109154e+02
2.590000000000000000e+03 -2.475823959322146633e-02 -3.829272635485205661e-02 4.559937849842846808e-02 -2.770683732256646294e+02
2.600000000000000000e+03 -2.140023300249834642e-02 -3.742548315671489351e-02 4.311190974747893673e-02 -2.781238586630498162e+02
2.610000000000000000e+03 -1.824269256045461807e-02 -3.634210872525486802e-02 4.066380083629064779e-02 -2.791796490516252334e+02
2.620000000000000000e+03 -1.530005781519022147e-02 -3.507343408688471526e-02 3.826535701904805464e-02 -2.802357690590184802e+02
2.630000000000000000e+03 -1.258211097167049632e-02 -3.365085781141532312e-02 3.592617079438779892e-02 -2.812922330906674802e+02
2.640000000000000000e+03 -1.009413564482255707e-02 -3.210566440403349320e-02 3.365509264941192458e-02 -2.823490438569193657e+02
2.650000000000000000e+03 -7.837195925534185675e-03 -3.046838847098846600e-02 3.146020241502385517e-02 -2.834061916442611277e+02
2.660000000000000000e+03 -5.808456508457274584e-03 -2.876825620501952119e-02 2.934877735252839834e-02 -2.844636523883003179e+02
2.670000000000000000e+03 -4.001510338265001736e-03 -2.703270621210936142e-02 2.732726276335516527e-02 -2.855213833451674645e+02
2.680000000000000000e+03 -2.406769061409308637e-03 -2.528698766202788079e-02 2.540126536876671781e-02 -2.865793180260160398e+02
2.690000000000000000e+03 -1.011921446486659971e-03 -2.355384545234837784e-02 2.357557254038535402e-02 -2.876373613577685546e+02
2.700000000000000000e+03 1.975637930863459641e-04 -2.185329315263208338e-02 2.185418616803689110e-02 -2.886953855000667204e+02
2.710000000000000000e+03 1.237894873948269239e-03 -2.020244609189019228e-02 2.024033625745078058e-02 -2.897532277220122978e+02
2.720000000000000000e+03 2.126412568478342358e-03 -1.861539449278181574e-02 1.873644957117741316e-02 -2.908106899713116036e+02
2.730000000000000000e+03 2.881064452764666058e-03 -1.710310831184874356e-02 1.734407236804014554e-02 -2.918675397960007558e+02
2.740000000000000000e+03 3.519877220913045484e-03 -1.567340779285288088e-02 1.606378683534377683e-02 -2.929235145120447896e+02
2.750000000000000000e+03 4.060446744349172250e-03 -1.433106605093189927e-02 1.489518989203791888e-02 -2.939783301121562999e+02
2.760000000000000000e+03 4.519465436797437917e-03 -1.307803375231454679e-02 1.383692648896730874e-02 -2.950316967785449265e+02
2.770000000000000000e+03 4.912272163181356961e-03 -1.191373291354556538e-02 1.288671601846123373e-02 -2.960833438389538514e+02
2.780000000000000000e+03 5.252460018384100260e-03 -1.083540948710526829e-02 1.204136350244333110e-02 -2.971330527172515872e+02
2.790000000000000000e+03 5.551611975664456043e-03 -9.838570139394552799e-03 1.129680742139685910e-02 -2.981806925449299115e+02
2.800000000000000000e+03 5.819187340672398248e-03 -8.917494138502103651e-03 1.064822252848151608e-02 -2.992262539416600475e+02
2.810000000000000000e+03 6.062552822695346441e-03 -8.065757067213689263e-03 1.009014290261931249e-02 -3.002698752607468009e+02
2.820000000000000000e+03 6.287129379953394076e-03 -7.276716085917567245e-03 9.616579060940778564e-03 -3.013118561945984197e+02
2.830000000000000000e+03 6.496620747555559815e-03 -6.543933354433678629e-03 9.221124925129199623e-03 -3.023526556463502857e+02
2.840000000000000000e+03 6.693286917702622775e-03 -5.861491776616972911e-03 8.897031842701108237e-03 -3.033928709641319870e+02
2.850000000000000000e+03 6.878244130242016328e-03 -5.224183468808371762e-03 8.637264337218088922e-03 -3.044331973017355040e+02
2.860000000000000000e+03 7.051794178993217067e-03 -4.627628407640198456e-03 8.434615926174776970e-03 -3.054743746849996455e+02
2.870000000000000000e+03 7.213763742912895904e-03 -4.068348826540597526e-03 8.281898907435355367e-03 -3.065171350827842502e+02
2.880000000000000000e+03 7.363824122237002355e-03 -3.543766122344134233e-03 8.172159080262298564e-03 -3.075621566095504136e+02
2.890000000000000000e+03 7.501774067479353818e-03 -3.052109826350798017e-03 8.098888105882981470e-03 -3.086100284436472521e+02
2.900000000000000000e+03 7.627786438287561741e-03 -2.592254639816993222e-03 8.056234236029658283e-03 -3.096612277199282062e+02
2.910000000000000000e+03 7.742604322195429344e-03 -2.163497775159546263e-03 8.039194257710137459e-03 -3.107161072752433029e+02
2.920000000000000000e+03 7.847661099859369604e-03 -1.765304755401506630e-03 8.043760663874152325e-03 -3.117748930093770809e+02
2.930000000000000000e+03 7.945108780387689570e-03 -1.397050628083573156e-03 8.067000929070373971e-03 -3.128376878629791804e+02
2.940000000000000000e+03 8.037756952194202026e-03 -1.057770862127498275e-03 8.107059640789142027e-03 -3.139044777263727610e+02
2.950000000000000000e+03 8.128952840965555926e-03 -7.459501889321926973e-04 8.163107004995706281e-03 -3.149751377140473778e+02
2.960000000000000000e+03 8.222444787736295224e-03 -4.593711695587453844e-04 8.235266854133723585e-03 -3.160494393229963066e+02
2.970000000000000000e+03 8.322231959490259193e-03 -1.950332088566875610e-04 8.324516967375225618e-03 -3.171270603013992968e+02
2.980000000000000000e+03 8.432369296131919656e-03 5.087703943165373716e-05 8.432522779067344945e-03 -3.182075959186176419e+02
2.990000000000000000e+03 8.556706269790808478e-03 2.829911279982454272e-04 8.561384593977953636e-03 -3.192905689989118514e+02
3.000000000000000000e+03 8.698592916607897005e-03 5.067105907467660177e-04 8.713338875060238839e-03 -3.203754431226744259e+02
3.010000000000000000e+03 8.860616943483628008e-03 7.280833237058027515e-04 8.890480186435805246e-03 -3.214616428540666675e+02
3.020000000000000000e+03 9.044390364496180876e-03 9.536471361955467692e-04 9.094528021055590591e-03 -3.225485768225451011e+02
3.030000000000000000e+03 9.250370710895376367e-03 1.190255228150999701e-03 9.326632071499970505e-03 -3.236356614333178072e+02
3.040000000000000000e+03 9.477708252181518342e-03 1.444836452020474343e-03 9.587205332449950934e-03 -3.247223483576766512e+02
3.050000000000000000e+03 9.724136235445072704e-03 1.724104417894614270e-03 9.875796756176162539e-03 -3.258081514366934925e+02
3.060000000000000000e+03 9.985935364912703824e-03 2.034276448864145732e-03 1.019103457861946123e-02 -3.268926650809121384e+02
3.070000000000000000e+03 1.025797935201880340e-02 2.380830077067532489e-03 1.053064538584001092e-02 -3.279755717645741129e+02
3.080000000000000000e+03 1.053384832939615288e-02 2.768312617212647080e-03 1.089153411477652468e-02 -3.290566388810511853e+02
3.090000000000000000e+03 1.080599358129302918e-02 3.200197816758253155e-03 1.126990520569407656e-02 -3.301357081935054794e+02
3.100000000000000000e+03 1.106593133702835595e-02 3.678764384253439997e-03 1.166139544611526253e-02 -3.312126825444749443e+02
3.110000000000000000e+03 1.130443343792413360e-02 4.204999349635265248e-03 1.206118712577208298e-02 -3.322875108613302473e+02
3.120000000000000000e+03 1.151173217192642644e-02 4.778535967492378300e-03 1.246412385973375350e-02 -3.333601727379290764e+02
3.130000000000000000e+03 1.167778556054457732e-02 5.397591404000652571e-03 1.286486177782743094e-02 -3.344306679907887769e+02
3.140000000000000000e+03 1.179259131677694306e-02 6.058886787898357107e-03 1.325802847610051821e-02 -3.354990126612951258e+02
3.150000000000000000e+03 1.184649297207648021e-02 6.757601109663922273e-03 1.363834918510259224e-02 -3.365652359744208297e+02
3.160000000000000000e+03 1.183042880660225074e-02 7.487410312650571130e-03 1.400072708605058433e-02 -3.376293734396738273e+02
3.170000000000000000e+03 1.173614721432392205e-02 8.240583115915616624e-03 1.434030548930519469e-02 -3.386914592229991285e+02
3.180000000000000000e+03 1.155647276212099644e-02 9.008082614433662524e-03 1.465256343068019329e-02 -3.397515241492982341e+02
3.190000000000000000e+03 1.128561722565281020e-02 9.779699939042922618e-03 1.493344190271176514e-02 -3.408095978086354876e+02
3.200000000000000000e+03 1.091944441826081351e-02 1.054426671940046634e-02 1.517945410920114313e-02 -3.418657090709332920e+02
3.210000000000000000e+03 1.045565746909070046e-02 1.128990930748614840e-02 1.538774919480475831e-02 -3.429198858013021436e+02
3.220000000000000000e+03 9.893938676152742862e-03 1.200430275280439142e-02 1.555613406693507998e-02 -3.439721565235989260e+02
3.230000000000000000e+03 9.236065029060172571e-03 1.267495835012358296e-02 1.568309492410206035e-02 -3.450225530977062931e+02
3.240000000000000000e+03 8.486006871388647801e-03 1.328955633995855014e-02 1.576783499197615887e-02 -3.460711148097910268e+02
3.250000000000000000e+03 7.649969361182095903e-03 1.383629232095462402e-02 1.581028198413718042e-02 -3.471178935728630677e+02
3.260000000000000000e+03 6.736313884325275184e-03 1.430420728247353696e-02 1.581101738434698145e-02 -3.481629573261642463e+02
3.270000000000000000e+03 5.755368503360105623e-03 1.468348704632790880e-02 1.577114638982052633e-02 -3.492063909515766795e+02
3.280000000000000000e+03 4.719169277258523053e-03 1.496575188798870276e-02 1.569217283362180429e-02 -3.502482952051822735e+02
3.290000000000000000e+03 3.641162280842720478e-03 1.514433801025828405e-02 1.557591206075540149e-02 -3.512887851484252906e+02
3.300000000000000000e+03 2.535882751660506126e-03 1.521452869626265317e-02 1.542441521677788072e-02 -3.523279899198962539e+02
3.310000000000000000e+03 1.418608545093136665e-03 1.517367470950006271e-02 1.523984430346757291e-02 -3.533660535165176952e+02
3.320000000000000000e+03 3.050138705846168496e-04 1.502120406787809358e-02 1.502430048654799719e-02 -3.544031358227870214e+02
3.330000000000000000e+03 -7.891608969462403844e-04 1.475859203759281695e-02 1.477967570190114564e-02 -3.554394126468378659e+02
3.340000000000000000e+03 -1.848462978149900638e-03 1.438933797988966798e-02 1.450757949766555768e-02 -3.564750721689580928e+02
3.350000000000000000e+03 -2.858091519188685203e-03 1.391894140576475751e-02 1.420934963287098785e-02 -3.575103098442809255e+02
3.360000000000000000e+03 -3.804201450776637048e-03 1.335481866962947260e-02 1.388607685333676130e-02 -3.585453270042898453e+02
3.370000000000000000e+03 -4.674128702338549782e-03 1.270613705264843005e-02 1.353858921478565298e-02 -3.595803333554101187e+02
3.380000000000000000e+03 -5.456580171394974539e-03 1.198363254710072164e-02 1.316744911479792064e-02 -3.606155505232159157e+02
3.390000000000000000e+03 -6.141842762766341196e-03 1.119945362500621502e-02 1.277301820327561219e-02 -3.616512148016003039e+02
3.400000000000000000e+03 -6.722028242064513083e-03 1.036700444949026356e-02 1.235558355331158910e-02 -3.626875791928419517e+02
3.410000000000000000e+03 -7.191287300330371883e-03 9.500752650333772406e-03 1.191549050432742785e-02 -3.637249193393697624e+02
3.420000000000000000e+03 -7.545918464047322687e-03 8.615984855420911331e-03 1.145321267133780213e-02 -3.647635475845980864e+02
3.430000000000000000e+03 -7.784389324681191720e-03 7.728512578770939910e-03 1.096934928965392908e-02 -3.658038329578735670e+02
3.440000000000000000e+03 -7.907333550308946746e-03 6.854361948238817982e-03 1.046461664817711912e-02 -3.668462241637071770e+02
3.450000000000000000e+03 -7.917545751311603000e-03 6.009481693868928137e-03 9.939889383341154322e-03 -3.678912781680717785e+02
3.460000000000000000e+03 -7.819980551850501740e-03 5.209454535945513311e-03 9.396303123750497643e-03 -3.689396970130238174e+02
3.470000000000000000e+03 -7.621731521883614961e-03 4.469161736299234397e-03 8.835394615798183166e-03 -3.699923745713344374e+02
3.480000000000000000e+03 -7.331960930172547707e-03 3.802394749516680231e-03 8.259289128776683281e-03 -3.710504576564877652e+02
3.490000000000000000e+03 -6.961782177341808465e-03 3.221472382320507248e-03 7.671003545482678147e-03 -3.721154319053590598e+02
3.500000000000000000e+03 -6.524088390783804557e-03 2.736882930863056285e-03 7.074903356796441792e-03 -3.731892432523168850e+02
3.510000000000000000e+03 -6.033317207267985607e-03 2.356911754246812738e-03 6.477341240109459400e-03 -3.742744563493428700e+02
3.520000000000000000e+03 -5.505122694218390553e-03 2.087299595259808817e-03 5.887545794197282696e-03 -3.753744459190525617e+02
3.530000000000000000e+03 -4.955950403958808009e-03 1.931016099038170702e-03 5.318859612853498418e-03 -3.764935767183728785e+02
3.540000000000000000e+03 -4.402550490238683716e-03 1.888114472362757614e-03 4.790347281758032191e-03 -3.776371793210953456e+02
3.550000000000000000e+03 -3.861469905817532279e-03 1.955645914282212218e-03 4.328452468906545531e-03 -3.788108319405152429e+02
3.560000000000000000e+03 -3.348578151168850499e-03 2.127671577500265306e-03 3.967362092901007518e-03 -3.800180765809892591e+02
3.570000000000000000e+03 -2.878623615079282504e-03 2.395378589884699771e-03 3.744904872779831768e-03 -3.812560622730101727e+02
3.580000000000000000e+03 -2.464765454620168172e-03 2.747290044524080925e-03 3.690890317393635302e-03 -3.825115878805506782e+02
3.590000000000000000e+03 -2.118087147203043859e-03 3.169585072546935844e-03 3.812159846498975810e-03 -3.837637325020176604e+02
3.600000000000000000e+03 -1.847183689976235939e-03 3.646524961272026334e-03 4.087692732788776248e-03 -3.849939512311376006e+02
3.610000000000000000e+03 -1.657870060979056964e-03 4.160947576847279922e-03 4.479064397434127758e-03 -3.861936759430973325e+02
3.620000000000000000e+03 -1.552978483875919581e-03 4.694809559822951325e-03 4.944995346245183339e-03 -3.873633766216827325e+02
3.630000000000000000e+03 -1.532241718707258362e-03 5.229770078113945772e-03 5.449610972765204890e-03 -3.885078248391725424e+02
3.640000000000000000e+03 -1.592270286214966021e-03 5.747813476252728281e-03 5.964284066185611063e-03 -3.896325880647007693e+02
3.650000000000000000e+03 -1.726633512882598141e-03 6.231893733273938599e-03 6.466665507866345246e-03 -3.907425489619399741e+02
3.660000000000000000e+03 -1.926102651413927423e-03 6.666565902537999362e-03 6.939234277401653585e-03 -3.918415723597309466e+02
3.670000000000000000e+03 -2.179082235537281240e-03 7.038565286372232450e-03 7.368161282148917753e-03 -3.929325998250259886e+02
3.680000000000000000e+03 -2.472155587135046930e-03 7.337291682981765886e-03 7.742570793228592020e-03 -3.940178487720781391e+02
3.690000000000000000e+03 -2.790664875747098095e-03 7.555172859820954642e-03 8.054095069621645953e-03 -3.950990061482661986e+02
3.700000000000000000e+03 -3.119320843608296145e-03 7.687928131775269638e-03 8.296650015802207664e-03 -3.961773858884300239e+02
3.710000000000000000e+03 -3.442877397058747863e-03 7.734730926497721849e-03 8.466372734323615590e-03 -3.972540453980156485e+02
3.720000000000000000e+03 -3.746876235794403646e-03 7.698210836653847366e-03 8.561631363936172967e-03 -3.983298654587074452e+02
3.730000000000000000e+03 -4.018390141490157420e-03 7.584238265596518827e-03 8.583014004332265370e-03 -3.994056037917973754e+02
3.740000000000000000e+03 -4.246660538542716690e-03 7.401503271091751726e-03 8.533251221052725113e-03 -4.004819338118682026e+02
3.750000000000000000e+03 -4.423557950624615320e-03 7.160960058375219657e-03 8.417078703456412625e-03 -4.015594768693302967e+02
3.760000000000000000e+03 -4.543891412883810030e-03 6.875216264073632719e-03 8.241088996598800592e-03 -4.026388272221029752e+02
3.770000000000000000e+03 -4.605629509928083239e-03 6.557890875200903316e-03 8.013598187690949837e-03 -4.037205628146120375e+02
3.780000000000000000e+03 -4.609993934353103298e-03 6.222925363551668615e-03 7.744471844813374806e-03 -4.048052407244456958e+02
3.790000000000000000e+03 -4.561373767597877264e-03 5.883853256289424231e-03 7.444854584830903205e-03 -4.058933756812388651e+02
3.800000000000000000e+03 -4.467065496777333777e-03 5.553083961648866765e-03 7.126809639496511743e-03 -4.069853969288872122e+02
3.810000000000000000e+03 -4.336859507038005532e-03 5.241262319850825517e-03 6.802880352414996355e-03 -4.080815795800498336e+02
3.820000000000000000e+03 -4.182513160608494936e-03 4.956737491855049867e-03 6.485573444332023985e-03 -4.091819473157949574e+02
3.830000000000000000e+03 -4.017147229260015044e-03 4.705152421044390965e-03 6.186754493820755159e-03 -4.102861507878111524e+02
3.840000000000000000e+03 -3.854569678622677981e-03 4.489156992979341336e-03 5.916944981573907594e-03 -4.113933443765895390e+02
3.850000000000000000e+03 -3.708534136636457233e-03 4.308241985205254164e-03 5.684555782616899228e-03 -4.125021024325889130e+02
3.860000000000000000e+03 -3.591976825773881329e-03 4.158729226928343202e-03 5.495209395446603445e-03 -4.136104276651188343e+02
3.870000000000000000e+03 -3.516283446626901517e-03 4.033962307744972178e-03 5.351364422026359119e-03 -4.147158922596075286e+02
3.880000000000000000e+03 -3.490632290726595598e-03 3.924673247209188934e-03 5.252387446335497062e-03 -4.158159013035780163e+02
3.890000000000000000e+03 -3.521428378369265665e-03 3.819488205352374651e-03 5.195088832234758154e-03 -4.169080151411146176e+02
3.900000000000000000e+03 -3.611837860918014082e-03 3.705557386831488664e-03 5.174604166567934108e-03 -4.179902419666386777e+02
3.910000000000000000e+03 -3.761493441276536880e-03 3.569281412216079082e-03 5.185422134055974082e-03 -4.190612210226149728e+02
3.920000000000000000e+03 -3.966422129732816333e-03 3.397107910397675987e-03 5.222341109705557274e-03 -4.201202730075073077e+02
3.930000000000000000e+03 -4.219169171287174593e-03 3.176348508342541083e-03 5.281153126201700368e-03 -4.211673513290963342e+02
3.940000000000000000e+03 -4.509071029213973167e-03 2.895950668389022514e-03 5.358941296584577088e-03 -4.222029444589239233e+02
3.950000000000000000e+03 -4.822653542034625179e-03 2.547180678110313144e-03 5.454000054403889894e-03 -4.232279655075248002e+02
3.960000000000000000e+03 -5.144162084611829562e-03 2.124210179166744882e-03 5.565489415858549706e-03 -4.242436449308735291e+02
3.970000000000000000e+03 -5.456242011738858186e-03 1.624606425245616725e-03 5.692971361917557351e-03 -4.252514297753584174e+02
3.980000000000000000e+03 -5.740736385536346527e-03 1.049681682355212923e-03 5.835913457419753848e-03 -4.262528868332394154e+02
3.990000000000000000e+03 -5.979528741884164791e-03 4.046550224395159242e-04 5.993205291178031052e-03 -4.272496071043025267e+02
4.000000000000000000e+03 -6.155418249533087076e-03 -3.013887154625694335e-04 6.162792304182670641e-03 -4.282431126459434267e+02
4.010000000000000000e+03 -6.253006329347445338e-03 -1.055757553862228916e-03 6.341507089596003059e-03 -4.292347742135881390e+02
4.020000000000000000e+03 -6.259503331076187761e-03 -1.842598758560481985e-03 6.525071044578941576e-03 -4.302257546970940325e+02
4.030000000000000000e+03 -6.165400200768357368e-03 -2.643471098182312642e-03 6.708211317673266547e-03 -4.312169864535392776e+02
4.040000000000000000e+03 -5.965006118197011334e-03 -3.438015069836119954e-03 6.884856251988710242e-03 -4.322091779385678478e+02
4.050000000000000000e+03 -5.656842497821277724e-03 -4.204747590593081383e-03 7.048387712502427425e-03 -4.332028355455731798e+02
4.060000000000000000e+03 -5.243872920207468501e-03 -4.921993288984342040e-03 7.191955307153410221e-03 -4.341982907785479142e+02
4.070000000000000000e+03 -4.733528835400954878e-03 -5.568888360605809239e-03 7.308817469910106925e-03 -4.351957317307522999e+02
4.080000000000000000e+03 -4.137508456294779549e-03 -6.126336203998539003e-03 7.392629539638384713e-03 -4.361952402659254631e+02
4.090000000000000000e+03 -3.471383523645031610e-03 -6.577840719427210242e-03 7.437640223779910104e-03 -4.371968322209023086e+02
4.100000000000000000e+03 -2.754034924059995879e-03 -6.910222619387607762e-03 7.438809381375374209e-03 -4.382004918742952668e+02
4.110000000000000000e+03 -2.006907945757621138e-03 -7.114234978522886513e-03 7.391888718885289943e-03 -4.392061930640555261e+02
4.120000000000000000e+03 -1.253118597988011652e-03 -7.185042409729817774e-03 7.293499890329711161e-03 -4.402139102169664966e+02
4.130000000000000000e+03 -5.164919398817943534e-04 -7.122483923420132659e-03 7.141186257432381723e-03 -4.412236294007458355e+02
4.140000000000000000e+03 1.794018067390710396e-04 -6.931109633630242427e-03 6.933431023790688486e-03 -4.422353626211237838e+02
4.150000000000000000e+03 8.122026339846185336e-04 -6.620053204057316058e-03 6.669690963095747938e-03 -4.432491622553525872e+02
4.160000000000000000e+03 1.361679650162854515e-03 -6.202742726175923885e-03 6.350447920957699374e-03 -4.442651397479264119e+02
4.170000000000000000e+03 1.810554678345074366e-03 -5.696432885186509566e-03 5.977244838444509614e-03 -4.452834979771093913e+02
4.180000000000000000e+03 2.145206014242966377e-03 -5.121573215537159225e-03 5.552694935403152884e-03 -4.463045845476255522e+02
4.190000000000000000e+03 2.356232403023200087e-03 -4.501023885515084699e-03 5.080457376559102504e-03 -4.473289793707941158e+02
4.200000000000000000e+03 2.438865524344103423e-03 -3.859155676471871972e-03 4.565210573574817084e-03 -4.672072015123418964e+02
