0.000000000000000000e+00 8.846401218627520935e-01 9.028584691340442447e-03
1.000000000000000000e+01 8.838513902240151543e-01 9.817313000353131841e-03
2.000000000000000000e+01 8.815005483076306936e-01 1.216817015632898867e-02
3.000000000000000000e+01 8.776394243652824168e-01 1.602929399981284711e-02
4.000000000000000000e+01 8.723549914248882597e-01 2.131372684195019865e-02
5.000000000000000000e+01 8.657628607762392070e-01 2.790585739114545549e-02
6.000000000000000000e+01 8.580016385420423664e-01 3.566707920509715191e-02
7.000000000000000000e+01 8.492265893120255482e-01 4.444212775520695741e-02
8.000000000000000000e+01 8.396030656417120541e-01 5.406565016346386032e-02
9.000000000000000000e+01 8.293001559527524158e-01 6.436855791197744481e-02
1.000000000000000000e+02 8.184849059432680596e-01 7.518380297681509505e-02
1.100000000000000000e+02 8.073173871049185157e-01 8.635131251012920228e-02
1.200000000000000000e+02 7.959467238959087032e-01 9.772195400348289429e-02
1.300000000000000000e+02 7.845081534318349981e-01 1.091604939492339110e-01
1.400000000000000000e+02 7.731210161150594562e-01 1.205476047121673139e-01
1.500000000000000000e+02 7.618875765889119300e-01 1.317810165483869478e-01
1.600000000000000000e+02 7.508926026563201850e-01 1.427759530361741580e-01
1.700000000000000000e+02 7.402035318950357379e-01 1.534649673629963629e-01
1.800000000000000000e+02 7.298711008143569101e-01 1.637973212073437768e-01
1.900000000000000000e+02 7.199303575536871724e-01 1.737379872709136353e-01
2.000000000000000000e+02 7.104019224475610628e-01 1.832663516853393626e-01
2.100000000000000000e+02 7.012935287142290086e-01 1.923746771749831053e-01
2.200000000000000000e+02 6.926017648757680778e-01 2.010663783961196827e-01
2.300000000000000000e+02 6.843139188644181692e-01 2.093541706318109152e-01
2.400000000000000000e+02 6.764099025261315346e-01 2.172581328035817216e-01
2.500000000000000000e+02 6.688642368612527367e-01 2.248037310428985802e-01
2.600000000000000000e+02 6.616480166623274206e-01 2.320198786248114375e-01
2.700000000000000000e+02 6.547307322537782026e-01 2.389371019389055772e-01
2.800000000000000000e+02 6.480819070326765408e-01 2.455858706541561298e-01
2.900000000000000000e+02 6.416725414579543818e-01 2.519951641884245475e-01
3.000000000000000000e+02 6.354762997016292214e-01 2.581913145262504372e-01
3.100000000000000000e+02 6.294703897525601999e-01 2.641971376879519995e-01
3.200000000000000000e+02 6.236360892799338584e-01 2.700313648933185262e-01
3.300000000000000000e+02 6.179590122928183549e-01 2.757083734028596966e-01
3.400000000000000000e+02 6.124291266900373509e-01 2.812381916398580817e-01
3.500000000000000000e+02 6.070405086483424695e-01 2.866267388845766262e-01
3.600000000000000000e+02 6.017908911522793503e-01 2.918762729347543217e-01
3.700000000000000000e+02 5.966810732912882775e-01 2.969859913835955489e-01
3.800000000000000000e+02 5.917142149867424816e-01 3.019527419713223249e-01
3.900000000000000000e+02 5.868950470552695142e-01 3.067717988640122906e-01
4.000000000000000000e+02 5.822290507637488677e-01 3.114376804242510177e-01
4.100000000000000000e+02 5.777216525807001846e-01 3.159449590881914793e-01
4.200000000000000000e+02 5.733774509239282224e-01 3.202890358939091131e-01
4.300000000000000000e+02 5.691995073077898981e-01 3.244668508848397859e-01
4.400000000000000000e+02 5.651887382295353035e-01 3.284774900212100168e-01
4.500000000000000000e+02 5.613434380758924869e-01 3.323226626277293594e-01
4.600000000000000000e+02 5.576589480519290598e-01 3.360070243983128147e-01
4.700000000000000000e+02 5.541274937622415742e-01 3.395383409891808424e-01
4.800000000000000000e+02 5.507382205244080176e-01 3.429274684920490812e-01
4.900000000000000000e+02 5.474773947592889156e-01 3.461881561993132572e-01
5.000000000000000000e+02 5.443287431028582812e-01 3.493366832860790860e-01
5.100000000000000000e+02 5.412739442021530234e-01 3.523913691641672452e-01
5.200000000000000000e+02 5.382932385927119423e-01 3.553719770616883822e-01
5.300000000000000000e+02 5.353660691204518152e-01 3.582990631723192987e-01
5.400000000000000000e+02 5.324717616476091209e-01 3.611932910740148217e-01
5.500000000000000000e+02 5.295902123982078047e-01 3.640747563128229336e-01
5.600000000000000000e+02 5.267025323870663245e-01 3.669623491971338303e-01
5.700000000000000000e+02 5.237916089510636919e-01 3.698731864443386419e-01
5.800000000000000000e+02 5.208425773220336508e-01 3.728221309548815920e-01
5.900000000000000000e+02 5.178431921867427956e-01 3.758214283582843596e-01
6.000000000000000000e+02 5.147840810824944047e-01 3.788804548812297335e-01
6.100000000000000000e+02 5.116588864630562394e-01 3.820055748511214100e-01
6.200000000000000000e+02 5.084643107662217831e-01 3.852000909547838026e-01
6.300000000000000000e+02 5.052000524345902077e-01 3.884643072503453642e-01
6.400000000000000000e+02 5.018686504141687266e-01 3.917956768954888869e-01
6.500000000000000000e+02 4.984752319618243610e-01 3.951890587928068577e-01
6.600000000000000000e+02 4.950271861665739848e-01 3.986370597720981235e-01
6.700000000000000000e+02 4.915337864617500552e-01 4.021304104567212656e-01
6.800000000000000000e+02 4.880057823000931716e-01 4.056583641152954334e-01
6.900000000000000000e+02 4.844549477035448026e-01 4.092091455376813403e-01
7.000000000000000000e+02 4.808936190104977082e-01 4.127704161575751485e-01
7.100000000000000000e+02 4.773342495352795867e-01 4.163297247321244843e-01
7.200000000000000000e+02 4.737889746993735329e-01 4.198749364021463482e-01
7.300000000000000000e+02 4.702692367326085088e-01 4.233946133701944614e-01
7.400000000000000000e+02 4.667854402813173542e-01 4.268783583196968379e-01
7.500000000000000000e+02 4.633466707358227521e-01 4.303170814476119932e-01
7.600000000000000000e+02 4.599604813292852423e-01 4.337032242127965009e-01
7.700000000000000000e+02 4.566327824137705327e-01 4.370308754731137002e-01
7.800000000000000000e+02 4.533677747989146023e-01 4.402958341602269399e-01
7.900000000000000000e+02 4.501679445756586184e-01 4.434956105531990267e-01
8.000000000000000000e+02 4.470341529752607235e-01 4.466293403496318093e-01
8.100000000000000000e+02 4.439657710700253834e-01 4.496976606586421954e-01
8.200000000000000000e+02 4.409608567737415830e-01 4.527025187190233946e-01
8.300000000000000000e+02 4.380163885218136821e-01 4.556469331778387200e-01
8.400000000000000000e+02 4.351285080552140805e-01 4.585347524167657784e-01
8.500000000000000000e+02 4.322927840363164909e-01 4.613704046808137504e-01
8.600000000000000000e+02 4.295044890809933125e-01 4.641586199907624111e-01
8.700000000000000000e+02 4.267588565841587966e-01 4.669041776764658591e-01
8.800000000000000000e+02 4.240513141441856204e-01 4.696116436764697366e-01
8.900000000000000000e+02 4.213777205774817403e-01 4.722851551744421394e-01
9.000000000000000000e+02 4.187345693198571417e-01 4.749282146530798832e-01
9.100000000000000000e+02 4.161191198869839125e-01 4.775435705255376417e-01
9.200000000000000000e+02 4.135294934961999958e-01 4.801331025617525117e-01
9.300000000000000000e+02 4.109647309936453885e-01 4.826977734211201909e-01
9.400000000000000000e+02 4.084248085746913781e-01 4.852376136013157315e-01
9.500000000000000000e+02 4.059106069426027807e-01 4.877517367821693206e-01
9.600000000000000000e+02 4.034238249253430664e-01 4.902384413367583127e-01
9.700000000000000000e+02 4.009668723659057799e-01 4.926953153861989843e-01
9.800000000000000000e+02 3.985427356979462377e-01 4.951193844325040838e-01
9.900000000000000000e+02 3.961548499067953921e-01 4.975072086134334493e-01
1.000000000000000000e+03 3.938069042970808176e-01 4.998551033698565016e-01
1.010000000000000000e+03 3.915027038605919940e-01 5.021592571402171412e-01
1.020000000000000000e+03 3.892459845045438960e-01 5.044159240219195928e-01
1.030000000000000000e+03 3.870402963015459052e-01 5.066215566965232009e-01
1.040000000000000000e+03 3.848888647150722764e-01 5.087729285914843746e-01
1.050000000000000000e+03 3.827944495314232198e-01 5.108672819691415512e-01
1.060000000000000000e+03 3.807592045204969411e-01 5.129024666425706647e-01
1.070000000000000000e+03 3.787846358117757939e-01 5.148769800905068639e-01
1.080000000000000000e+03 3.768715340092795296e-01 5.167900221061623167e-01
1.090000000000000000e+03 3.750199230325819144e-01 5.186415658854927058e-01
1.100000000000000000e+03 3.732289992374526189e-01 5.204324200405149314e-01
1.110000000000000000e+03 3.714971405207393995e-01 5.221642059019246940e-01
1.120000000000000000e+03 3.698218625253272274e-01 5.238394119467967291e-01
1.130000000000000000e+03 3.681998932853438600e-01 5.254613101432280553e-01
1.140000000000000000e+03 3.666271845781097771e-01 5.270339476202047235e-01
1.150000000000000000e+03 3.650989614230199520e-01 5.285621050354282202e-01
1.160000000000000000e+03 3.636098073792980445e-01 5.300511958854295935e-01
1.170000000000000000e+03 3.621537134911036460e-01 5.315072299809638912e-01
1.180000000000000000e+03 3.607241683406690602e-01 5.329367106955521516e-01
1.190000000000000000e+03 3.593142344097301488e-01 5.343465713184251120e-01
1.200000000000000000e+03 3.579166675125856067e-01 5.357440619285860350e-01
1.210000000000000000e+03 3.565240007880831619e-01 5.371366501326596543e-01
1.220000000000000000e+03 3.551286570240043128e-01 5.385319089092630573e-01
1.230000000000000000e+03 3.537230517173802768e-01 5.399374263382751282e-01
1.240000000000000000e+03 3.522996987692043058e-01 5.413606937155971410e-01
1.250000000000000000e+03 3.508513006336196338e-01 5.428090082511703995e-01
1.260000000000000000e+03 3.493708281399055537e-01 5.442894086910626816e-01
1.270000000000000000e+03 3.478516323438812785e-01 5.458085519582875911e-01
1.280000000000000000e+03 3.462875347721650621e-01 5.473726096358063620e-01
1.290000000000000000e+03 3.446728725904785740e-01 5.489872336583843104e-01
1.300000000000000000e+03 3.430025245602860706e-01 5.506575467014976910e-01
1.310000000000000000e+03 3.412720177191900239e-01 5.523880168976667004e-01
1.320000000000000000e+03 3.394775521972069332e-01 5.541824512350681520e-01
1.330000000000000000e+03 3.376160572633381540e-01 5.560439198929528759e-01
1.340000000000000000e+03 3.356851803709434701e-01 5.579747726922639206e-01
1.350000000000000000e+03 3.336833076736847037e-01 5.599766279285975923e-01
1.360000000000000000e+03 3.316095516601271220e-01 5.620503788983219895e-01
1.370000000000000000e+03 3.294637738908878233e-01 5.641961575338909629e-01
1.380000000000000000e+03 3.272465734690053196e-01 5.664133503464759967e-01
1.390000000000000000e+03 3.249592379092623440e-01 5.687006750778270669e-01
1.400000000000000000e+03 3.226037388676879503e-01 5.710561506159381739e-01
1.410000000000000000e+03 3.201826791917312676e-01 5.734771636399723649e-01
1.420000000000000000e+03 3.176992126957990381e-01 5.759605695571261563e-01
1.430000000000000000e+03 3.151570258849785144e-01 5.785026971675585328e-01
1.440000000000000000e+03 3.125602795838309245e-01 5.810993913610590367e-01
1.450000000000000000e+03 3.099135293352057174e-01 5.837461026413948151e-01
1.460000000000000000e+03 3.072216491051972254e-01 5.864379583853305267e-01
1.470000000000000000e+03 3.044897595370817389e-01 5.891698423135899310e-01
1.480000000000000000e+03 3.017232186834793439e-01 5.919363908487355053e-01
1.490000000000000000e+03 2.989275496976789293e-01 5.947320620827517557e-01
1.500000000000000000e+03 2.961083297536185044e-01 5.975512738642089205e-01
1.510000000000000000e+03 2.932711529555484531e-01 6.003884344302713449e-01
1.520000000000000000e+03 2.904215720920548804e-01 6.032379970364799560e-01
1.530000000000000000e+03 2.875650459346522081e-01 6.060945003919352425e-01
1.540000000000000000e+03 2.847068025531930280e-01 6.089527281770751310e-01
1.550000000000000000e+03 2.818518683930228974e-01 6.118076579004082527e-01
1.560000000000000000e+03 2.790050183711337839e-01 6.146545076434165589e-01
1.570000000000000000e+03 2.761707258272514398e-01 6.174888027123900391e-01
1.580000000000000000e+03 2.733531415339063853e-01 6.203063955279406461e-01
1.590000000000000000e+03 2.705560636926092055e-01 6.231034883288238957e-01
1.600000000000000000e+03 2.677829055061694552e-01 6.258766666016785107e-01
1.610000000000000000e+03 2.650367135786637629e-01 6.286228747404229988e-01
1.620000000000000000e+03 2.623201492325903383e-01 6.313394541987579212e-01
1.630000000000000000e+03 2.596355038903339629e-01 6.340241260698110670e-01
1.640000000000000000e+03 2.569847412189746327e-01 6.366749257110076998e-01
1.650000000000000000e+03 2.543694838654650958e-01 6.392902270847032886e-01
1.660000000000000000e+03 2.517910451248837056e-01 6.418687059159710051e-01
1.670000000000000000e+03 2.492504486832374799e-01 6.444093290037079536e-01
1.680000000000000000e+03 2.467484185770414395e-01 6.469113779247354090e-01
1.690000000000000000e+03 2.442854045407123753e-01 6.493744156568772574e-01
1.700000000000000000e+03 2.418615797123069011e-01 6.517982802309861823e-01
1.710000000000000000e+03 2.394769105980797952e-01 6.541830049113477319e-01
1.720000000000000000e+03 2.371311821034204070e-01 6.565287964541343113e-01
1.730000000000000000e+03 2.348240161158874906e-01 6.588360231486291019e-01
1.740000000000000000e+03 2.325548772365463313e-01 6.611052103221779497e-01
1.750000000000000000e+03 2.303230637459926511e-01 6.633370633399019445e-01
1.760000000000000000e+03 2.281277568940131006e-01 6.655324129417788948e-01
1.770000000000000000e+03 2.259680954657652396e-01 6.676921137004747653e-01
1.780000000000000000e+03 2.238431753695808435e-01 6.698170670682920269e-01
1.790000000000000000e+03 2.217520753560646152e-01 6.719081918730144265e-01
1.800000000000000000e+03 2.196938781770704785e-01 6.739664117593424653e-01
1.810000000000000000e+03 2.176677132255471769e-01 6.759926036700503182e-01
1.820000000000000000e+03 2.156727686094495611e-01 6.779875812465553375e-01
1.830000000000000000e+03 2.137082812509740193e-01 6.799521012417416577e-01
1.840000000000000000e+03 2.117735288457795462e-01 6.818868845311535365e-01
1.850000000000000000e+03 2.098678435895729166e-01 6.837926008272364742e-01
1.860000000000000000e+03 2.079905992980633778e-01 6.856698807513380567e-01
1.870000000000000000e+03 2.061412138604977740e-01 6.875193048817274111e-01
1.880000000000000000e+03 2.043191554823697575e-01 6.893414048668614624e-01
1.890000000000000000e+03 2.025239310231416734e-01 6.911366808974042097e-01
1.900000000000000000e+03 2.007550751338992856e-01 6.929056007074245738e-01
1.910000000000000000e+03 1.990121339769618802e-01 6.946486150057551434e-01
1.920000000000000000e+03 1.972946524384789624e-01 6.963661695124504503e-01
1.930000000000000000e+03 1.956021631224193758e-01 6.980587225798760009e-01
1.940000000000000000e+03 1.939341742404735169e-01 6.997267638278814594e-01
1.950000000000000000e+03 1.922901651362797781e-01 7.013708180472248976e-01
1.960000000000000000e+03 1.906695494676233504e-01 7.029914805168114844e-01
1.970000000000000000e+03 1.890716578808606663e-01 7.045894135225674315e-01
1.980000000000000000e+03 1.874957343062488013e-01 7.061653861421135492e-01
1.990000000000000000e+03 1.859409519084014029e-01 7.077202276333236508e-01
2.000000000000000000e+03 1.844064305971997719e-01 7.092548148586294010e-01
2.010000000000000000e+03 1.828912508539635717e-01 7.107700674145921438e-01
2.020000000000000000e+03 1.813944789895818865e-01 7.122669218184639606e-01
2.030000000000000000e+03 1.799152147077401898e-01 7.137462732321830927e-01
2.040000000000000000e+03 1.784526231115364514e-01 7.152089450673662085e-01
2.050000000000000000e+03 1.770059672649682281e-01 7.166556681467624035e-01
2.060000000000000000e+03 1.755746362411700068e-01 7.180870521137948659e-01
2.070000000000000000e+03 1.741581772292986052e-01 7.195035574673815937e-01
2.080000000000000000e+03 1.727563263766218049e-01 7.209054634141840445e-01
2.090000000000000000e+03 1.713690106338506824e-01 7.222928515367643687e-01
2.100000000000000000e+03 1.699963626588348042e-01 7.236655871317962951e-01
2.110000000000000000e+03 1.686387196936676158e-01 7.250233278560446193e-01
2.120000000000000000e+03 1.672966154739343458e-01 7.263655375707429585e-01
2.130000000000000000e+03 1.659707886642066144e-01 7.276914757918906407e-01
2.140000000000000000e+03 1.646621702619440186e-01 7.290002078487221038e-01
2.150000000000000000e+03 1.633718542710227706e-01 7.302906346494832945e-01
2.160000000000000000e+03 1.621010777532804759e-01 7.315615149390708449e-01
2.170000000000000000e+03 1.608512184197445904e-01 7.328114742130578119e-01
2.180000000000000000e+03 1.596237825832489687e-01 7.340390131528063966e-01
2.190000000000000000e+03 1.584203772811901556e-01 7.352425262147226359e-01
2.200000000000000000e+03 1.572426782128299450e-01 7.364203347605173811e-01
2.210000000000000000e+03 1.560924089856302877e-01 7.375707186632525225e-01
2.220000000000000000e+03 1.549713167900165500e-01 7.386919349599900819e-01
2.230000000000000000e+03 1.538811454958834979e-01 7.397822351579445010e-01
2.240000000000000000e+03 1.528235978159521724e-01 7.408399067676718630e-01
2.250000000000000000e+03 1.518003021208357006e-01 7.418633233115434766e-01
2.260000000000000000e+03 1.508127785423794831e-01 7.428509722328782150e-01
2.270000000000000000e+03 1.498623979521467864e-01 7.438014799577974401e-01
2.280000000000000000e+03 1.489503466543642130e-01 7.447136577656678913e-01
2.290000000000000000e+03 1.480775977710041547e-01 7.455865307562175026e-01
2.300000000000000000e+03 1.472448885995557011e-01 7.464193604033665386e-01
2.310000000000000000e+03 1.464527080082486943e-01 7.472116587347645833e-01
2.320000000000000000e+03 1.457012844291721565e-01 7.479631997234689189e-01
2.330000000000000000e+03 1.449905689682704779e-01 7.486740325852241362e-01
2.340000000000000000e+03 1.443202233625042186e-01 7.493445000104278497e-01
2.350000000000000000e+03 1.436896376502076744e-01 7.499752154447958397e-01
2.360000000000000000e+03 1.430979388160834864e-01 7.505670487737011731e-01
2.370000000000000000e+03 1.425439831657331069e-01 7.511211331170432048e-01
2.380000000000000000e+03 1.420263589542789251e-01 7.516388738408495973e-01
2.390000000000000000e+03 1.415434094578509605e-01 7.521219311511451178e-01
2.400000000000000000e+03 1.410932628501811448e-01 7.525721876904106766e-01
2.410000000000000000e+03 1.406738582019242678e-01 7.529917182054017832e-01
2.420000000000000000e+03 1.402829719875876846e-01 7.533827530768444358e-01
2.430000000000000000e+03 1.399182433429816963e-01 7.537476497145166876e-01
2.440000000000000000e+03 1.395771948448437383e-01 7.540888792829142373e-01
2.450000000000000000e+03 1.392572628676656266e-01 7.544089933273275816e-01
2.460000000000000000e+03 1.389558331486089315e-01 7.547105915205085669e-01
2.470000000000000000e+03 1.386702690783411240e-01 7.549963070934654352e-01
2.480000000000000000e+03 1.383979327706357787e-01 7.552687880814970001e-01
2.490000000000000000e+03 1.381362085979174481e-01 7.555306610981176174e-01
2.500000000000000000e+03 1.378825319142489014e-01 7.557844924577817869e-01
2.510000000000000000e+03 1.376344101293425770e-01 7.560327726501433476e-01
2.520000000000000000e+03 1.373894417860342942e-01 7.562779029626172100e-01
2.530000000000000000e+03 1.371453354237794631e-01 7.565221771444057275e-01
2.540000000000000000e+03 1.368999285938063692e-01 7.567677578434316432e-01
2.550000000000000000e+03 1.366512070051014993e-01 7.570166586021507271e-01
2.560000000000000000e+03 1.363973212984961603e-01 7.572707293007930884e-01
2.570000000000000000e+03 1.361366050237185210e-01 7.575316394245568130e-01
2.580000000000000000e+03 1.358675864192953331e-01 7.578008629646927341e-01
2.590000000000000000e+03 1.355889965250759166e-01 7.580796663248229317e-01
2.600000000000000000e+03 1.352997729375213232e-01 7.583691046101154187e-01
2.610000000000000000e+03 1.349990567373507144e-01 7.586700296536211807e-01
2.620000000000000000e+03 1.346861888878590485e-01 7.589831006765023202e-01
2.630000000000000000e+03 1.343607011280926189e-01 7.593087910883126179e-01
2.640000000000000000e+03 1.340222908593437512e-01 7.596474063113767272e-01
2.650000000000000000e+03 1.336707875558000025e-01 7.599991170002753371e-01
2.660000000000000000e+03 1.333061210421886134e-01 7.603639912174149362e-01
2.670000000000000000e+03 1.329282955433302993e-01 7.607420239654503202e-01
2.680000000000000000e+03 1.325373556815310216e-01 7.611331736458155639e-01
2.690000000000000000e+03 1.321333493756184085e-01 7.615373912845863069e-01
2.700000000000000000e+03 1.317163030910229182e-01 7.619546454214908282e-01
2.710000000000000000e+03 1.312862058737807869e-01 7.623849493288548107e-01
2.720000000000000000e+03 1.308429928634233241e-01 7.628283770778103712e-01
2.730000000000000000e+03 1.303865304790026713e-01 7.632850671560048594e-01
2.740000000000000000e+03 1.299166079230885396e-01 7.637552257624448115e-01
2.750000000000000000e+03 1.294329314791663188e-01 7.642391367423659876e-01
2.760000000000000000e+03 1.289351293783247976e-01 7.647371660899603407e-01
2.770000000000000000e+03 1.284227597915519048e-01 7.652497576806061019e-01
2.780000000000000000e+03 1.278953138550269764e-01 7.657774217860584542e-01
2.790000000000000000e+03 1.273522240139302042e-01 7.663207252237748124e-01
2.800000000000000000e+03 1.267928869443821216e-01 7.668802707617786707e-01
2.810000000000000000e+03 1.262166906357328200e-01 7.674566721139479686e-01
2.820000000000000000e+03 1.256230331143551315e-01 7.680505333817506664e-01
2.830000000000000000e+03 1.250113374253293830e-01 7.686624304484265258e-01
2.840000000000000000e+03 1.243810727452076825e-01 7.692928973957121608e-01
2.850000000000000000e+03 1.237317870014401633e-01 7.699423928003320539e-01
2.860000000000000000e+03 1.230631445080833247e-01 7.706112548494450376e-01
2.870000000000000000e+03 1.223749551960762877e-01 7.712996730348181673e-01
2.880000000000000000e+03 1.216671964520122939e-01 7.720076688357973005e-01
2.890000000000000000e+03 1.209400403476650343e-01 7.727350632473466430e-01
2.900000000000000000e+03 1.201938818572637346e-01 7.734814533198532960e-01
2.910000000000000000e+03 1.194293514854348759e-01 7.742462084340686612e-01
2.920000000000000000e+03 1.186473187918207217e-01 7.750284656218310309e-01
2.930000000000000000e+03 1.178489051931689985e-01 7.758271075154652419e-01
2.940000000000000000e+03 1.170354819198538704e-01 7.766407616884798415e-01
2.950000000000000000e+03 1.162086558484755894e-01 7.774678200918138105e-01
2.960000000000000000e+03 1.153702505643058318e-01 7.783064645855868324e-01
2.970000000000000000e+03 1.145222797803466253e-01 7.791546863319654959e-01
2.980000000000000000e+03 1.136669092647205476e-01 7.800103179261304032e-01
2.990000000000000000e+03 1.128064266338951044e-01 7.808710681786611429e-01
3.000000000000000000e+03 1.119432201837690377e-01 7.817345487105926694e-01
3.010000000000000000e+03 1.110797437538777188e-01 7.825983049298006478e-01
3.020000000000000000e+03 1.102184723461743926e-01 7.834598602434551529e-01
3.030000000000000000e+03 1.093618604307525222e-01 7.843167609201882051e-01
3.040000000000000000e+03 1.085122984934708684e-01 7.851666181321219629e-01
3.050000000000000000e+03 1.076720758268348566e-01 7.860071431529012109e-01
3.060000000000000000e+03 1.068433566327516571e-01 7.868361717090496255e-01
3.070000000000000000e+03 1.060281551391505511e-01 7.876516918373822618e-01
3.080000000000000000e+03 1.052283095899807230e-01 7.884518689328490204e-01
3.090000000000000000e+03 1.044454651059158745e-01 7.892350597610099383e-01
3.100000000000000000e+03 1.036810612856354230e-01 7.899998246235869770e-01
3.110000000000000000e+03 1.029363253736702843e-01 7.907449349744432032e-01
3.120000000000000000e+03 1.022122707695268806e-01 7.914693755710061618e-01
3.130000000000000000e+03 1.015097009972349279e-01 7.921723419475953376e-01
3.140000000000000000e+03 1.008292128169200053e-01 7.928532344292242851e-01
3.150000000000000000e+03 1.001712030297886302e-01 7.935116506636537004e-01
3.160000000000000000e+03 9.953588840140464855e-02 7.941473723718778244e-01
3.170000000000000000e+03 9.892332351846017113e-02 7.947603498007766998e-01
3.180000000000000000e+03 9.833340835065342012e-02 7.953506914742620726e-01
3.190000000000000000e+03 9.776588951889488011e-02 7.959186553776185225e-01
3.200000000000000000e+03 9.722036154323053514e-02 7.964646438661738825e-01
3.210000000000000000e+03 9.669626927860831833e-02 7.969892075591568092e-01
3.220000000000000000e+03 9.619291420491066225e-02 7.974930428924229542e-01
3.230000000000000000e+03 9.570946277624164944e-02 7.979769814364036096e-01
3.240000000000000000e+03 9.524494945405569124e-02 7.984419837547915844e-01
3.250000000000000000e+03 9.479828129375618417e-02 7.988891381478917531e-01
3.260000000000000000e+03 9.436825325315348345e-02 7.993196505718661582e-01
3.270000000000000000e+03 9.395356779400802771e-02 7.997348240816732901e-01
3.280000000000000000e+03 9.355286176702284906e-02 8.001360270741084690e-01
3.290000000000000000e+03 9.316474530729339232e-02 8.005246492290883920e-01
3.300000000000000000e+03 9.278784213991655982e-02 8.009020637285918509e-01
3.310000000000000000e+03 9.242082683926666764e-02 8.012695939729347350e-01
3.320000000000000000e+03 9.206245495084641739e-02 8.016284825436578165e-01
3.330000000000000000e+03 9.171158391321869441e-02 8.019798735186707273e-01
3.340000000000000000e+03 9.136719094991113677e-02 8.023247951931354871e-01
3.350000000000000000e+03 9.102839799224132777e-02 8.026641272923309423e-01
3.360000000000000000e+03 9.069448426442473787e-02 8.029985868326628973e-01
3.370000000000000000e+03 9.036487378724396280e-02 8.033287458828617389e-01
3.380000000000000000e+03 9.003912103347684603e-02 8.036550488494390576e-01
3.390000000000000000e+03 8.971689933568365027e-02 8.039778235609854606e-01
3.400000000000000000e+03 8.939797957337050627e-02 8.042973004037375917e-01
3.410000000000000000e+03 8.908220187761239917e-02 8.046136394827613225e-01
3.420000000000000000e+03 8.876945243492473381e-02 8.049269543257187021e-01
3.430000000000000000e+03 8.845964525888420915e-02 8.052373277965996223e-01
3.440000000000000000e+03 8.815269951023267658e-02 8.055448359932069202e-01
3.450000000000000000e+03 8.784851536134372085e-02 8.058495784279651186e-01
3.460000000000000000e+03 8.754695949089849605e-02 8.061516923909122223e-01
3.470000000000000000e+03 8.724785984047034315e-02 8.064513538833129047e-01
3.480000000000000000e+03 8.695100544935389919e-02 8.067487754043919379e-01
3.490000000000000000e+03 8.665614216404061987e-02 8.070442105197802585e-01
3.500000000000000000e+03 8.636296347301301857e-02 8.073379657157222500e-01
3.510000000000000000e+03 8.607110205860023233e-02 8.076304092635437915e-01
3.520000000000000000e+03 8.578012102260390570e-02 8.079219771087611246e-01
3.530000000000000000e+03 8.548950823419722289e-02 8.082131798622413932e-01
3.540000000000000000e+03 8.519867146020893012e-02 8.085046093477110674e-01
3.550000000000000000e+03 8.490693554321336600e-02 8.087969409167676815e-01
3.560000000000000000e+03 8.461354414201453789e-02 8.090909302462913066e-01
3.570000000000000000e+03 8.431766766718350181e-02 8.093874059964962786e-01
3.580000000000000000e+03 8.401841825199157787e-02 8.096872535082715316e-01
3.590000000000000000e+03 8.371486813170099517e-02 8.099913989300792094e-01
3.600000000000000000e+03 8.340607118880102866e-02 8.103007909863164659e-01
3.610000000000000000e+03 8.309109101000880515e-02 8.106163708391638245e-01
3.620000000000000000e+03 8.276903377538964712e-02 8.109390359244563751e-01
3.630000000000000000e+03 8.243908025248342097e-02 8.112696051261092389e-01
3.640000000000000000e+03 8.210051515373863185e-02 8.116087903900398581e-01
3.650000000000000000e+03 8.175275737828183176e-02 8.119571703022263609e-01
3.660000000000000000e+03 8.139539031503456590e-02 8.123151609367080805e-01
3.670000000000000000e+03 8.102818667256277141e-02 8.126829889436261167e-01
3.680000000000000000e+03 8.065112731395897294e-02 8.130606738337716743e-01
3.690000000000000000e+03 8.026441087690774912e-02 8.134480192141004817e-01
3.700000000000000000e+03 7.986845666181914549e-02 8.138446072754031979e-01
3.710000000000000000e+03 7.946391162023225263e-02 8.142497895946937403e-01
3.720000000000000000e+03 7.905165163858841881e-02 8.146626876420557384e-01
3.730000000000000000e+03 7.863277059103261635e-02 8.150822063125322536e-01
3.740000000000000000e+03 7.820856903653586323e-02 8.155070468582753529e-01
3.750000000000000000e+03 7.778054285324174921e-02 8.159357156137512224e-01
3.760000000000000000e+03 7.735036731370370511e-02 8.163665367608853307e-01
3.770000000000000000e+03 7.691987824957019493e-02 8.167976720847631711e-01
3.780000000000000000e+03 7.649104596527778188e-02 8.172271510969397745e-01
3.790000000000000000e+03 7.606594022036013147e-02 8.176529052929756292e-01
3.800000000000000000e+03 7.564669444318659897e-02 8.180728020188090532e-01
3.810000000000000000e+03 7.523547365317959090e-02 8.184846761996154019e-01
3.820000000000000000e+03 7.483444068724574849e-02 8.188863653852478386e-01
3.830000000000000000e+03 7.444571407646781436e-02 8.192757507468397815e-01
3.840000000000000000e+03 7.407132292752949265e-02 8.196508024196981212e-01
3.850000000000000000e+03 7.371317191561833904e-02 8.200096168204602520e-01
3.860000000000000000e+03 7.337301685061016487e-02 8.203504392406083534e-01
3.870000000000000000e+03 7.305244392015748656e-02 8.206716827769834355e-01
3.880000000000000000e+03 7.275285346154984623e-02 8.209719455833802693e-01
3.890000000000000000e+03 7.247544996880765644e-02 8.212500221078228302e-01
3.900000000000000000e+03 7.222124190914398778e-02 8.215049046049345272e-01
3.910000000000000000e+03 7.199105230921414023e-02 8.217357704012063779e-01
3.920000000000000000e+03 7.178553287540004324e-02 8.219419674743969617e-01
3.930000000000000000e+03 7.160517817256971396e-02 8.221229998883062828e-01
3.940000000000000000e+03 7.145033467391009863e-02 8.222785202563944740e-01
3.950000000000000000e+03 7.132120688485850402e-02 8.224083218482790558e-01
3.960000000000000000e+03 7.121786689679136806e-02 8.225123297028078539e-01
3.970000000000000000e+03 7.114026168980183695e-02 8.225905944793407976e-01
3.980000000000000000e+03 7.108820650585537249e-02 8.226433015062261100e-01
3.990000000000000000e+03 7.106137036781805250e-02 8.226707854820252130e-01
4.000000000000000000e+03 7.105926891334696238e-02 8.226735333869382716e-01
4.010000000000000000e+03 7.108126581986355663e-02 8.226521826703501183e-01
4.020000000000000000e+03 7.112657193477973927e-02 8.226075238968723058e-01
4.030000000000000000e+03 7.119424190097871363e-02 8.225405041219805424e-01
4.040000000000000000e+03 7.128318129522920321e-02 8.224522189309398934e-01
4.050000000000000000e+03 7.139216401926283539e-02 8.223438941930275581e-01
4.060000000000000000e+03 7.151985169235622330e-02 8.222168686841340168e-01
4.070000000000000000e+03 7.166481490992043790e-02 8.220725749011001948e-01
4.080000000000000000e+03 7.182555997819221882e-02 8.219125097419562875e-01
4.090000000000000000e+03 7.200055844191752263e-02 8.217382004192455014e-01
4.100000000000000000e+03 7.218827499612137655e-02 8.215511788195231091e-01
4.110000000000000000e+03 7.238719087401178365e-02 8.213529624012376740e-01
4.120000000000000000e+03 7.259582567952521659e-02 8.211450322020530379e-01
4.130000000000000000e+03 7.281275746863324905e-02 8.209288102630352135e-01
4.140000000000000000e+03 7.303663499932450121e-02 8.207056459842465568e-01
4.150000000000000000e+03 7.326618763164637060e-02 8.204768089896425920e-01
4.160000000000000000e+03 7.350023911955572142e-02 8.202434759880883330e-01
4.170000000000000000e+03 7.373771711864117451e-02 8.200067201588709942e-01
4.180000000000000000e+03 7.397766012781500922e-02 8.197675026841908519e-01
4.190000000000000000e+03 7.421922737414381188e-02 8.195266637176360502e-01
4.200000000000000000e+03 7.446170613251625048e-02 8.192849155457486710e-01
