0.000000000000000000e+00 9.458977287269263456e+00 -2.273683545643619437e-15 9.458977287269263456e+00 -2.403730843823619318e-16
1.000000000000000000e+01 9.361525621848993950e+00 1.121589178638135342e+00 9.428474121201869451e+00 -9.907599823628706615e-01
2.000000000000000000e+01 9.092822141864667529e+00 2.209333803008395769e+00 9.357380528582766033e+00 -1.981643396850724992e+00
3.000000000000000000e+01 8.663349715335412426e+00 3.232075484408643451e+00 9.246617772305587124e+00 -2.972918444104704072e+00
4.000000000000000000e+01 8.089974449309616844e+00 4.162152827422811896e+00 9.097868033188113657e+00 -3.964833382574115994e+00
5.000000000000000000e+01 7.394746946494188400e+00 4.976629990635266232e+00 8.913424059606695593e+00 -4.957628818243104973e+00
6.000000000000000000e+01 6.603525310878832322e+00 5.658256241289432609e+00 8.696114662509240034e+00 -5.951540342240628334e+00
7.000000000000000000e+01 5.744420220473028138e+00 6.196015815263843152e+00 8.449199704846551029e+00 -6.946799158667122498e+00
8.000000000000000000e+01 4.846207624000088643e+00 6.585239851096618580e+00 8.176252945658395888e+00 -7.943632309613592568e+00
9.000000000000000000e+01 3.936837650311555414e+00 6.827305860794028014e+00 7.881040286773256298e+00 -8.942262987678516239e+00
1.000000000000000000e+02 3.042146966614028170e+00 6.928993936513927920e+00 7.567404782270187980e+00 -9.942910991312221114e+00
1.100000000000000000e+02 2.184848889720658605e+00 6.901592840913028049e+00 7.239167660211742295e+00 -1.094579366703751866e+01
1.200000000000000000e+02 1.383835348400260790e+00 6.759855847991099509e+00 6.900047199628531303e+00 -1.195112753610280620e+01
1.300000000000000000e+02 6.537906901664045645e-01 6.520902005008284874e+00 6.553594832263383907e+00 -1.295913051231306490e+01
1.400000000000000000e+02 5.092144382183833029e-03 6.203143809790724994e+00 6.203145899854314749e+00 -1.397002457038152201e+01
1.500000000000000000e+02 -5.560455946745189726e-01 5.825307060301641471e+00 5.851785116539831577e+00 -1.498403856268357792e+01
1.600000000000000000e+02 -1.027232781034008058e+00 5.405589393584055991e+00 5.502327132991940317e+00 -1.600141123151897560e+01
1.700000000000000000e+02 -1.409427829512531094e+00 4.960984903082493958e+00 5.157311122592549424e+00 -1.702239486091728438e+01
1.800000000000000000e+02 -1.706375797702433195e+00 4.506784531171565966e+00 4.819006658367668727e+00 -1.804725978095099137e+01
1.900000000000000000e+02 -1.924012220819733443e+00 4.056244144525659401e+00 4.489425306858593423e+00 -1.907629933396669131e+01
2.000000000000000000e+02 -2.069871652017751806e+00 3.620404088863239167e+00 4.170335049187817056e+00 -2.010983493275046641e+01
2.100000000000000000e+02 -2.152530994927281949e+00 3.208041793446732459e+00 3.863278637714805175e+00 -2.114822104836052574e+01
2.200000000000000000e+02 -2.181110509671460473e+00 2.825734389757821319e+00 3.569596321274901118e+00 -2.219184963791779808e+01
2.300000000000000000e+02 -2.164846015921682021e+00 2.478006975395622202e+00 3.290452376613486329e+00 -2.324115361274779801e+01
2.400000000000000000e+02 -2.112738270187460188e+00 2.167541911869449223e+00 3.026863217594308431e+00 -2.429660856121589063e+01
2.500000000000000000e+02 -2.033279984123480322e+00 1.895420603578557461e+00 2.779720625945579560e+00 -2.535872957675288220e+01
2.600000000000000000e+02 -1.934256191326858998e+00 1.661379365655530016e+00 2.549809485101241169e+00 -2.642805958126659505e+01
2.700000000000000000e+02 -1.822612396371076304e+00 1.464069871205119444e+00 2.337823033331670519e+00 -2.750514568650494596e+01
2.800000000000000000e+02 -1.704383904813785655e+00 1.301309704814183066e+00 2.144372039276734920e+00 -2.859049728543618940e+01
2.900000000000000000e+02 -1.584676560070575446e+00 1.170313382841465355e+00 1.969983049189750313e+00 -2.968451988289736576e+01
3.000000000000000000e+02 -1.467684198226016701e+00 1.067898372980009114e+00 1.815076814004216166e+00 -3.078742271009899412e+01
3.100000000000000000e+02 -1.356733622425790653e+00 9.906625347832563877e-01 1.679922135113349313e+00 -3.189910385373818968e+01
3.200000000000000000e+02 -1.254352974363870610e+00 9.351316785946314214e-01 1.564567876637732224e+00 -3.301902814042713885e+01
3.300000000000000000e+02 -1.162355183306145845e+00 8.978773473267503968e-01 1.468759103121129783e+00 -3.414613098637371991e+01
3.400000000000000000e+02 -1.081927881699385363e+00 8.756066562520680163e-01 1.391853066121365501e+00 -3.527879470322342570e+01
3.500000000000000000e+02 -1.013724218879873407e+00 8.652274300011286723e-01 1.332762280967602742e+00 -3.641493771590056383e+01
3.600000000000000000e+02 -9.579503713141971355e-01 8.638922317864287104e-01 1.289952984430806637e+00 -3.755222328005069699e+01
3.700000000000000000e+02 -9.144469390630537431e-01 8.690243346742106967e-01 1.261513574488099865e+00 -3.868834236514014435e+01
3.800000000000000000e+02 -8.827635331962402354e-01 8.783285825542995751e-01 1.245284126002156544e+00 -3.982128721946548211e+01
3.900000000000000000e+02 -8.622243972539914703e-01 8.897914988264755687e-01 1.239015666811309924e+00 -4.094953871576795734e+01
4.000000000000000000e+02 -8.519847867471176395e-01 9.016747613486381097e-01 1.240522249740670713e+00 -4.207213294816798310e+01
4.100000000000000000e+02 -8.510798892760462753e-01 9.125024481594787851e-01 1.247797137289218705e+00 -4.318861972871316368e+01
4.200000000000000000e+02 -8.584659724909941003e-01 9.210432377890644950e-01 1.259080804317924462e+00 -4.429895648823787013e+01
4.300000000000000000e+02 -8.730534856753910944e-01 9.262912130730419635e-01 1.272885619475009333e+00 -4.540338416735264104e+01
4.400000000000000000e+02 -8.937330793375418692e-01 9.274467128952902373e-01 1.287989216710467621e+00 -4.650231536992632186e+01
4.500000000000000000e+02 -9.193960608997285844e-01 9.238969686036002660e-01 1.303408886494510366e+00 -4.759624728042506092e+01
4.600000000000000000e+02 -9.489503609290466102e-01 9.151972884697822108e-01 1.318367499724492520e+00 -4.868570105084742750e+01
4.700000000000000000e+02 -9.813325747141616873e-01 9.010533841634431607e-01 1.332257791610737430e+00 -4.977118376573413627e+01
4.800000000000000000e+02 -1.015517283596609754e+00 8.813043322178147898e-01 1.344608745795343063e+00 -5.085316647829231584e+01
4.900000000000000000e+02 -1.050524339066558621e+00 8.559082041447568789e-01 1.355057283251720257e+00 -5.193207398436400979e+01
5.000000000000000000e+02 -1.085424360044097591e+00 8.249312697894986002e-01 1.363325948280033728e+00 -5.300828290928777164e+01
5.100000000000000000e+02 -1.119342486580731544e+00 7.885382870556253421e-01 1.369204233274698534e+00 -5.408212408077551459e+01
5.200000000000000000e+02 -1.151461003376256675e+00 7.469834372069462658e-01 1.372532949607316199e+00 -5.515388689541753564e+01
5.300000000000000000e+02 -1.181021935409441337e+00 7.006023887594495791e-01 1.373192091097858558e+00 -5.622382448071195427e+01
5.400000000000000000e+02 -1.207330280720147808e+00 6.498053901145236511e-01 1.371092065386449121e+00 -5.729215893531947046e+01
5.500000000000000000e+02 -1.229757561356829454e+00 5.950712693875570558e-01 1.366167440456994120e+00 -5.835908665244134141e+01
5.600000000000000000e+02 -1.247745464933920356e+00 5.369423612178471084e-01 1.358372498445607590e+00 -5.942478391327706078e+01
5.700000000000000000e+02 -1.260809638143203903e+00 4.760199672920601977e-01 1.347677985609147866e+00 -6.048941265113125354e+01
5.800000000000000000e+02 -1.268544270276540598e+00 4.129600580328717241e-01 1.334069179308911890e+00 -6.155312626533132203e+01
5.900000000000000000e+02 -1.270628264523408824e+00 3.484684351239843991e-01 1.317545610930994870e+00 -6.261607515450797479e+01
6.000000000000000000e+02 -1.266832480041441222e+00 2.832943482788113920e-01 1.298121804860647543e+00 -6.367841185852069685e+01
6.100000000000000000e+02 -1.257026952375947637e+00 2.182220335489913898e-01 1.275828207450290019e+00 -6.474029595558562278e+01
6.200000000000000000e+02 -1.241188283134506021e+00 1.540590290285378250e-01 1.250712812205743152e+00 -6.580189795931404717e+01
6.300000000000000000e+02 -1.219406637899986157e+00 9.162204568111088909e-02 1.222843877119781597e+00 -6.686340300981531470e+01
6.400000000000000000e+02 -1.191890768786633803e+00 3.172142802782995652e-02 1.192312817055540153e+00 -6.792501544032847960e+01
6.500000000000000000e+02 -1.158970696703560677e+00 -2.485583208532583452e-02 1.159237201010298257e+00 -6.898696416205312687e+01
6.600000000000000000e+02 -1.121097799529994221e+00 -7.736408146113495088e-02 1.123763977537685754e+00 -7.004950913973425486e+01
6.700000000000000000e+02 -1.078841393031936269e+00 -1.251183503218431525e-01 1.086072443673233190e+00 -7.111294840879541823e+01
6.800000000000000000e+02 -1.032880651283705653e+00 -1.675150026968607597e-01 1.046376469500715167e+00 -7.217762494338855106e+01
6.900000000000000000e+02 -9.839924170414517945e-01 -2.040529808109247389e-01 1.004927209191243787e+00 -7.324393298591681400e+01
7.000000000000000000e+02 -9.330355974948385533e-01 -2.343539152522301772e-01 9.620172471357256727e-01 -7.431232441861330074e+01
7.100000000000000000e+02 -8.809312935886622897e-01 -2.581790914506829626e-01 9.179849602722769397e-01 -7.538331564957937303e+01
7.200000000000000000e+02 -8.286392049451821729e-01 -2.754424919370029312e-01 8.732190437322411292e-01 -7.645749396228644912e+01
7.300000000000000000e+02 -7.771310398617475856e-01 -2.862193977219230079e-01 8.281631462151050060e-01 -7.753552124146514757e+01
7.400000000000000000e+02 -7.273613994722021303e-01 -2.907493276011297034e-01 7.833197156606422906e-01 -7.861813237996405235e+01
7.500000000000000000e+02 -6.802369725714164650e-01 -2.894324217533514321e-01 7.392519635517621479e-01 -7.970612373893742131e+01
7.600000000000000000e+02 -6.365858892718563311e-01 -2.828199496380131572e-01 6.965836046974465123e-01 -8.080032353179628046e+01
7.700000000000000000e+02 -5.971293306857550220e-01 -2.715996006590037370e-01 6.559952596195708363e-01 -8.190153397259274470e+01
7.800000000000000000e+02 -5.624567362497835399e-01 -2.565753390308561643e-01 6.182139473932607432e-01 -8.301043511761510274e+01
7.900000000000000000e+02 -5.330056724176062133e-01 -2.386410979845791647e-01 5.839902571761194094e-01 -8.412744515074824392e+01
8.000000000000000000e+02 -5.090470551581552927e-01 -2.187495711959373534e-01 5.540580107385836284e-01 -8.525254251696671304e+01
8.100000000000000000e+02 -4.906765080159412595e-01 -1.978786809747595798e-01 5.290741043587643411e-01 -8.638507893606178811e+01
8.200000000000000000e+02 -4.778131254104370784e-01 -1.769968998974585095e-01 5.095422312113109253e-01 -8.752364818426185877e+01
8.300000000000000000e+02 -4.702060488279177219e-01 -1.570294070093513628e-01 4.957337622354066609e-01 -8.866609405576264180e+01
8.400000000000000000e+02 -4.674477821429006696e-01 -1.388270705685604178e-01 4.876273008691831001e-01 -8.980971478649178152e+01
8.500000000000000000e+02 -4.689936641393877559e-01 -1.231392288263593177e-01 4.848900150331406089e-01 -9.095164238125380507e+01
8.600000000000000000e+02 -4.741870320079897283e-01 -1.105909824296951727e-01 4.869124220219807064e-01 -9.208928073164766204e+01
8.700000000000000000e+02 -4.822880756421903392e-01 -1.016661103506653063e-01 4.928871938897183003e-01 -9.322064949427343095e+01
8.800000000000000000e+02 -4.925043471013607621e-01 -9.669681785568240429e-02 5.019071692027845533e-01 -9.434453638607480741e+01
8.900000000000000000e+02 -5.040216622124222834e-01 -9.586068076972047158e-02 5.130566304970703984e-01 -9.546046049288571567e+01
9.000000000000000000e+02 -5.160343112789650410e-01 -9.918427256221878929e-02 5.254797144903429196e-01 -9.656851828139683391e+01
9.100000000000000000e+02 -5.277730656746794091e-01 -1.065526914839997757e-01 5.384216608886885913e-01 -9.766919407202178149e+01
9.200000000000000000e+02 -5.385294166240788272e-01 -1.177243017445031570e-01 5.512467177142205133e-01 -9.876318966215941941e+01
9.300000000000000000e+02 -5.476752190758232830e-01 -1.323494559839929197e-01 5.634399028192891290e-01 -9.985129636387479479e+01
9.400000000000000000e+02 -5.546774031256700432e-01 -1.499915335193762467e-01 5.745994097331907913e-01 -1.009343113650681403e+02
9.500000000000000000e+02 -5.591075149997642990e-01 -1.701490217197028920e-01 5.844244201959596374e-01 -1.020129896475943099e+02
9.600000000000000000e+02 -5.606458177251263386e-01 -1.922776306189975803e-01 5.927009534066326468e-01 -1.030880202850249958e+02
9.700000000000000000e+02 -5.590807125704562175e-01 -2.158120838977365674e-01 5.992879931423394924e-01 -1.041600171007804647e+02
9.800000000000000000e+02 -5.543048390272461434e-01 -2.401860426059820586e-01 6.041052802548111389e-01 -1.052295188389256708e+02
9.900000000000000000e+02 -5.463080807477673773e-01 -2.648494189193972836e-01 6.071225031179880993e-01 -1.062969946068478748e+02
1.000000000000000000e+03 -5.351675785313084743e-01 -2.892831742059907008e-01 6.083494817863805970e-01 -1.073628507534080256e+02
1.010000000000000000e+03 -5.210358047329480824e-01 -3.130112941210527189e-01 6.078275907369186104e-01 -1.084274379197492948e+02
1.020000000000000000e+03 -5.041281153360507306e-01 -3.356095715922010614e-01 6.056227713821361602e-01 -1.094910584859525358e+02
1.030000000000000000e+03 -4.847101520443402589e-01 -3.567113976075736437e-01 6.018197011381365424e-01 -1.105539738170108279e+02
1.040000000000000000e+03 -4.630846652082879489e-01 -3.760108221032850140e-01 5.965161737034968548e-01 -1.116164101650189195e+02
1.050000000000000000e+03 -4.395791044821992233e-01 -3.932636127355867983e-01 5.898186655229027409e-01 -1.126785632915893274e+02
1.060000000000000000e+03 -4.145346429054573290e-01 -4.082862972640250443e-01 5.818390419199478414e-01 -1.137406028467553369e+02
1.070000000000000000e+03 -3.882965705662986267e-01 -4.209535162741814274e-01 5.726919674459788334e-01 -1.148026764893887588e+02
1.080000000000000000e+03 -3.612059429818343936e-01 -4.311941566464447262e-01 5.624927857061234882e-01 -1.158649134548933688e+02
1.090000000000000000e+03 -3.335923731994610564e-01 -4.389863823913920382e-01 5.513555253934887546e-01 -1.169274276401100678e+02
1.100000000000000000e+03 -3.057681331222012466e-01 -4.443517562080136485e-01 5.393909847950577596e-01 -1.179903204777204877e+02
1.110000000000000000e+03 -2.780237262578770241e-01 -4.473491413309880760e-01 5.267052749041795101e-01 -1.190536834497031720e+02
1.120000000000000000e+03 -2.506248436350371200e-01 -4.480689297058473297e-01 5.133990436442498195e-01 -1.201176001104490751e+02
1.130000000000000000e+03 -2.238104239294235187e-01 -4.466276050770837114e-01 4.995671361052083093e-01 -1.211821477818491246e+02
1.140000000000000000e+03 -1.977916058182118131e-01 -4.431624379665900504e-01 4.852983265545417479e-01 -1.222473992143809625e+02
1.150000000000000000e+03 -1.727515541365927110e-01 -4.378265015226615597e-01 4.706752010592668567e-01 -1.233134243572397395e+02
1.160000000000000000e+03 -1.488462247193244326e-01 -4.307841089336196250e-01 4.557742282346911034e-01 -1.243802927102525189e+02
1.170000000000000000e+03 -1.262056765236509726e-01 -4.222067620881286842e-01 4.406658856091927312e-01 -1.254480758922646118e+02
1.180000000000000000e+03 -1.049354605886487352e-01 -4.122698494378800871e-01 4.254149499541408641e-01 -1.265168495940441886e+02
1.190000000000000000e+03 -8.511813453864301715e-02 -4.011500633274195371e-01 4.100810531284410088e-01 -1.275866952613970966e+02
1.200000000000000000e+03 -6.681491849776635683e-02 -3.890234138592308932e-01 3.947194571649003669e-01 -1.286577018965009813e+02
1.210000000000000000e+03 -5.006745134082234844e-02 -3.760635309716410246e-01 3.793817721117133668e-01 -1.297299682870195738e+02
1.220000000000000000e+03 -3.489974596100322429e-02 -3.624401452244923605e-01 3.641165351072286338e-01 -1.308036061223174045e+02
1.230000000000000000e+03 -2.132009919106704968e-02 -3.483181274402096794e-01 3.489700052052770451e-01 -1.318787434497721449e+02
1.240000000000000000e+03 -9.322668157279140333e-03 -3.338569812411062987e-01 3.339871196094171824e-01 -1.329555279022149534e+02
1.250000000000000000e+03 1.111291922149393882e-03 -3.192102988880555214e-01 3.192122332961849218e-01 -1.340341296550213883e+02
1.260000000000000000e+03 1.001259556598424298e-02 -3.045251437497114577e-01 3.046897032158297214e-01 -1.351147434877852618e+02
1.270000000000000000e+03 1.742341665632889461e-02 -2.899417432867129607e-01 2.904647826296988256e-01 -1.361975903791069982e+02
1.280000000000000000e+03 2.339651395301568446e-02 -2.755932900576623101e-01 2.765846315144072642e-01 -1.372829190150398517e+02
1.290000000000000000e+03 2.799452716958811954e-02 -2.616055003864945494e-01 2.630990904277645259e-01 -1.383710062348827421e+02
1.300000000000000000e+03 3.128948686335085438e-02 -2.480959600160763945e-01 2.500612672215958843e-01 -1.394621548985579409e+02
1.310000000000000000e+03 3.336228500623570487e-02 -2.351734805111801441e-01 2.375281204333072882e-01 -1.405566889041126615e+02
1.320000000000000000e+03 3.430197729773869914e-02 -2.229375764178653518e-01 2.255610529892209393e-01 -1.416549446519307480e+02
1.330000000000000000e+03 3.420504109558190203e-02 -2.114780410493193596e-01 2.142263911902733964e-01 -1.427572569663101376e+02
1.340000000000000000e+03 3.317491684179801892e-02 -2.008745913896383128e-01 2.035956202215911393e-01 -1.438639360630583894e+02
1.350000000000000000e+03 3.132169451765190460e-02 -1.911962046495362944e-01 1.937447734000699862e-01 -1.449752336889707465e+02
1.360000000000000000e+03 2.876142024696172125e-02 -1.825002494204076564e-01 1.847527004758884317e-01 -1.460913000331560170e+02
1.370000000000000000e+03 2.561503314521880806e-02 -1.748317886977791558e-01 1.766982859630946145e-01 -1.472121336146451540e+02
1.380000000000000000e+03 2.200717677054792043e-02 -1.682231112048870603e-01 1.696565087842548392e-01 -1.483375283874535739e+02
1.390000000000000000e+03 1.806523660189843922e-02 -1.626933877204385093e-01 1.636932838617256858e-01 -1.494670254829133000e+02
1.400000000000000000e+03 1.391842428713231487e-02 -1.582483984808497612e-01 1.588593030212283319e-01 -1.505998837481513704e+02
1.410000000000000000e+03 9.696491386305154322e-03 -1.548802648120351788e-01 1.551834990372714662e-01 -1.517350862527860613e+02
1.420000000000000000e+03 5.528189535456821437e-03 -1.525671224791263214e-01 1.526672451480692305e-01 -1.528713923903241323e+02
1.430000000000000000e+03 1.539638289633332583e-03 -1.512728039629953614e-01 1.512806388963562343e-01 -1.540074334788468491e+02
1.440000000000000000e+03 -2.147453477320993617e-03 -1.509467106526873881e-01 1.509619853251254196e-01 -1.551418366268347881e+02
1.450000000000000000e+03 -5.417656210486900339e-03 -1.515240252352124950e-01 1.516208469251386914e-01 -1.562733502323498840e+02
1.460000000000000000e+03 -8.163709334026485187e-03 -1.529263997722927204e-01 1.531441474474475595e-01 -1.574009436533216615e+02
1.470000000000000000e+03 -1.028833178990527959e-02 -1.550630058586746907e-01 1.554039431833908191e-01 -1.585238632778915928e+02
1.480000000000000000e+03 -1.170584185751334313e-02 -1.578317035995290829e-01 1.582651995693390434e-01 -1.596416420841412958e+02
1.490000000000000000e+03 -1.234369670204271685e-02 -1.611204019560348033e-01 1.615925455420089696e-01 -1.607540732891440882e+02
1.500000000000000000e+03 -1.214409270867428808e-02 -1.648087210065363184e-01 1.652555400206819070e-01 -1.618611640735751678e+02
1.510000000000000000e+03 -1.106539101370350442e-02 -1.687698157911264873e-01 1.691321778978113755e-01 -1.629630823000372004e+02
1.520000000000000000e+03 -9.083146443889709987e-03 -1.728723834785244884e-01 1.731108446021426273e-01 -1.640601052435250153e+02
1.530000000000000000e+03 -6.190731705283752939e-03 -1.769829966295845547e-01 1.770912370927323620e-01 -1.651525760094170607e+02
1.540000000000000000e+03 -2.399571393051769166e-03 -1.809687376861966179e-01 1.809846456542813786e-01 -1.662408698333213977e+02
1.550000000000000000e+03 2.261031465044660051e-03 -1.846999709476243035e-01 1.847138098013767493e-01 -1.673253699861211317e+02
1.560000000000000000e+03 7.744472773140799286e-03 -1.880530329941270395e-01 1.882124333746953704e-01 -1.684064518906210992e+02
1.570000000000000000e+03 1.398781300925276520e-02 -1.909126581850324744e-01 1.914244027496412592e-01 -1.694844735777365372e+02
1.580000000000000000e+03 2.091311531834469731e-02 -1.931740968361205790e-01 1.943028308614397903e-01 -1.705597705658389600e+02
1.590000000000000000e+03 2.842912945842619374e-02 -1.947450150426110471e-01 1.968091366926616181e-01 -1.716326536441587791e+02
1.600000000000000000e+03 3.643328938652845572e-02 -1.955472507237052404e-01 1.989123219941946463e-01 -1.727034085471845799e+02
1.610000000000000000e+03 4.481396986692313261e-02 -1.955183336260395421e-01 2.005884111287010441e-01 -1.737722968958034926e+02
1.620000000000000000e+03 5.345296789060551002e-02 -1.946126130035527868e-01 2.018199418203877882e-01 -1.748395577416858373e+02
1.630000000000000000e+03 6.222810974109044269e-02 -1.928019658861855612e-01 2.025954977079378605e-01 -1.759054095223193031e+02
1.640000000000000000e+03 7.101582800987564503e-02 -1.900760431193415367e-01 2.029092161431658992e-01 -1.769700525301101379e+02
1.650000000000000000e+03 7.969366392090945772e-02 -1.864420272387933286e-01 2.027602268445412304e-01 -1.780336714788023187e+02
1.660000000000000000e+03 8.814271567457285239e-02 -1.819240253341067592e-01 2.021521439912357387e-01 -1.790964377838272412e+02
1.670000000000000000e+03 9.624998292369928155e-02 -1.765622196532304067e-01 2.010927065352893228e-01 -1.801585117518493746e+02
1.680000000000000000e+03 1.039105263146298669e-01 -1.704117358518270897e-01 1.995934798409413902e-01 -1.812200447999485391e+02
1.690000000000000000e+03 1.110294132046038273e-01 -1.635411333438930859e-01 1.976695042032626526e-01 -1.822811813352037120e+02
1.700000000000000000e+03 1.175234348737701912e-01 -1.560305617687419433e-01 1.953389207259999538e-01 -1.833420600831855722e+02
1.710000000000000000e+03 1.233225267699774308e-01 -1.479697150976579667e-01 1.926226419583478289e-01 -1.844028151900074874e+02
1.720000000000000000e+03 1.283708152981900830e-01 -1.394556504678583497e-01 1.895440441368061446e-01 -1.854635773729016250e+02
1.730000000000000000e+03 1.326273046312432535e-01 -1.305905038984889188e-01 1.861286695869549535e-01 -1.865244749296221016e+02
1.740000000000000000e+03 1.360662321343377723e-01 -1.214791330402692771e-01 1.824039453834563618e-01 -1.875856343551438670e+02
1.750000000000000000e+03 1.386770241081335675e-01 -1.122267364121351807e-01 1.783988715805308323e-01 -1.886471807444583533e+02
1.760000000000000000e+03 1.404638078550174973e-01 -1.029365462116541702e-01 1.741436586933767516e-01 -1.897092382394920946e+02
1.770000000000000000e+03 1.414445644455747386e-01 -9.370771144068283653e-02 1.696693843763471266e-01 -1.907719305089307511e+02
1.780000000000000000e+03 1.416500264089232131e-01 -8.463343959571262287e-02 1.650077243023785889e-01 -1.918353811781014429e+02
1.790000000000000000e+03 1.411223650810054797e-01 -7.579940597008548442e-02 1.601907359102717476e-01 -1.928997141663238324e+02
1.800000000000000000e+03 1.399137120298151460e-01 -6.728242300133591147e-02 1.552506723299217628e-01 -1.939650538000082349e+02
1.810000000000000000e+03 1.380845549356776725e-01 -5.914937153486633098e-02 1.502198138221248203e-01 -1.950315246112854766e+02
1.820000000000000000e+03 1.357020170862479891e-01 -5.145638676820850355e-02 1.451302765811317841e-01 -1.960992507473045237e+02
1.830000000000000000e+03 1.328380325814071394e-01 -4.424833628603379310e-02 1.400137784797657603e-01 -1.971683551487199964e+02
1.840000000000000000e+03 1.295674777418309165e-01 -3.755864980762268351e-02 1.349013842173292510e-01 -1.982389587814993774e+02
1.850000000000000000e+03 1.259663538318398779e-01 -3.140945254876372633e-02 1.298232491008498857e-01 -1.993111795711140246e+02
1.860000000000000000e+03 1.221100906188711949e-01 -2.581189236169674148e-02 1.248083651773419928e-01 -2.003851302811830237e+02
1.870000000000000000e+03 1.180720005153997887e-01 -2.076665847257003900e-02 1.198843251214475186e-01 -2.014609153558654100e+02
1.880000000000000000e+03 1.139219049595411731e-01 -1.626475930623135988e-02 1.150771168603922368e-01 -2.025386274555595492e+02
1.890000000000000000e+03 1.097249271377051943e-01 -1.228852986746928160e-02 1.104109034546787854e-01 -2.036183439186174837e+02
1.900000000000000000e+03 1.055404001000931902e-01 -8.812757384255643853e-03 1.059076991818890534e-01 -2.047001227003037513e+02
1.910000000000000000e+03 1.014209108929827741e-01 -5.805851961161750778e-03 1.015869533127028990e-01 -2.057839974021665341e+02
1.920000000000000000e+03 9.741157644854107900e-02 -3.231073802870154579e-03 9.746514794586605412e-02 -2.068699718365306524e+02
1.930000000000000000e+03 9.354959321408629069e-02 -1.047858862162282575e-03 9.355546161884954748e-02 -2.079580153298979042e+02
1.940000000000000000e+03 8.986406354888244741e-02 7.867883028997041958e-04 8.986750777311655614e-02 -2.090480596001965807e+02
1.950000000000000000e+03 8.637609781954579125e-02 2.316952403679796348e-03 8.640716719678212532e-02 -2.101399971240866194e+02
1.960000000000000000e+03 8.309913704109792021e-02 3.586597956734659774e-03 8.317650065901080469e-02 -2.112336809913097966e+02
1.970000000000000000e+03 8.003941851728109402e-02 4.638438685298037871e-03 8.017370909482578190e-02 -2.123289275093334822e+02
1.980000000000000000e+03 7.719658697957912374e-02 5.512828121548964469e-03 7.739318003024210635e-02 -2.134255228718026842e+02
1.990000000000000000e+03 7.456451154126329806e-02 6.246788518656468114e-03 7.482572250358833499e-02 -2.145232329043977018e+02
2.000000000000000000e+03 7.213227834952382067e-02 6.873351905425121797e-03 7.245901287147786529e-02 -2.156218133743763303e+02
2.010000000000000000e+03 6.988524279556763974e-02 7.421192606486853860e-03 7.027817058161099639e-02 -2.167210200446534714e+02
2.020000000000000000e+03 6.780606850915527062e-02 7.914434455909518176e-03 6.826639875828478810e-02 -2.178206188466087951e+02
2.030000000000000000e+03 6.587571496677921412e-02 8.372606928284388045e-03 6.640565012978860704e-02 -2.189203954778247123e+02
2.040000000000000000e+03 6.407433720475107231e-02 8.810753713226121553e-03 6.467727629719170757e-02 -2.200201633762216318e+02
2.050000000000000000e+03 6.238208399882876759e-02 9.239677435865392349e-03 6.306263587224822387e-02 -2.211197694786951331e+02
2.060000000000000000e+03 6.077979126301496365e-02 9.666304699229100530e-03 6.154364688994314742e-02 -2.222190974261815484e+02
2.070000000000000000e+03 5.924954531218735304e-02 1.009414660915323135e-02 6.010324796105466494e-02 -2.233180682048421488e+02
2.080000000000000000e+03 5.777507820589697363e-02 1.052381584442509468e-02 5.872572146534160709e-02 -2.244166385819689538e+02
2.090000000000000000e+03 5.634201421378302876e-02 1.095354087407490913e-02 5.739688687852467774e-02 -2.255147983280413655e+02
2.100000000000000000e+03 5.493803107282192039e-02 1.137964141208327139e-02 5.610421995559645297e-02 -2.266125671502269654e+02
2.110000000000000000e+03 5.355294833247432190e-02 1.179696528800144167e-02 5.483690969690920708e-02 -2.277099915984679228e+02
2.120000000000000000e+03 5.217871219035268016e-02 1.219927467167237524e-02 5.358582189682795788e-02 -2.288071422010092704e+02
2.130000000000000000e+03 5.080930414654080685e-02 1.257956398682546356e-02 5.234339325984058849e-02 -2.299041113270571373e+02
2.140000000000000000e+03 4.944063324584393321e-02 1.293030671351005738e-02 5.110351306373654701e-02 -2.310010121946287427e+02
2.150000000000000000e+03 4.807043902493274984e-02 1.324365303595472464e-02 4.986142250063198972e-02 -2.320979789179059480e+02
2.160000000000000000e+03 4.669821603449801628e-02 1.351162433132914800e-02 4.861365418147059470e-02 -2.331951669191108749e+02
2.170000000000000000e+03 4.532518198550928440e-02 1.372630481604866434e-02 4.735803591707130750e-02 -2.342927538949816721e+02
2.180000000000000000e+03 4.395427808086296850e-02 1.388000098576338756e-02 4.609374132107984384e-02 -2.353909419730773891e+02
2.190000000000000000e+03 4.259015185556070532e-02 1.396536613006904917e-02 4.482133962998652299e-02 -2.364899609098229405e+02
2.200000000000000000e+03 4.123910683724436865e-02 1.397551327959984518e-02 4.354283987249713689e-02 -2.375900716687995384e+02
2.210000000000000000e+03 3.990906937180748598e-02 1.390417294865006412e-02 4.226180123361656521e-02 -2.386915692543485079e+02
2.220000000000000000e+03 3.860959566731481801e-02 1.374594106378034669e-02 4.098355491318997346e-02 -2.397947834307799724e+02
2.230000000000000000e+03 3.735186721045827968e-02 1.349659188252002977e-02 3.971548786746820214e-02 -2.409000764800127570e+02
2.240000000000000000e+03 3.614860794829558716e-02 1.315338739375529128e-02 3.846730373355766730e-02 -2.420078375151103955e+02
2.250000000000000000e+03 3.501391517669791981e-02 1.271536273889938701e-02 3.725123763826898582e-02 -2.431184718184841245e+02
2.260000000000000000e+03 3.396304546567534971e-02 1.218361179344449631e-02 3.608225122739559115e-02 -2.442323825937471611e+02
2.270000000000000000e+03 3.301214838671957807e-02 1.156157492343909410e-02 3.497816398579387670e-02 -2.453499422683350417e+02
2.280000000000000000e+03 3.217790725129188178e-02 1.085532098145390589e-02 3.395961879472642053e-02 -2.464714506039871651e+02
2.290000000000000000e+03 3.147709062775478489e-02 1.007381980821267162e-02 3.304979697239041059e-02 -2.475970785844829720e+02
2.300000000000000000e+03 3.092602854842889729e-02 9.229173898386351660e-03 3.227378026548633622e-02 -2.487268012860522219e+02
2.310000000000000000e+03 3.054001283347835757e-02 8.336756643470515440e-03 3.165744612569802025e-02 -2.498603291363133394e+02
2.320000000000000000e+03 3.033263101637797415e-02 7.415220265447752465e-03 3.122585460737371463e-02 -2.509970536301843538e+02
2.330000000000000000e+03 3.031506026869429729e-02 6.486365465615552203e-03 3.100122281536806662e-02 -2.521360279004802294e+02
2.340000000000000000e+03 3.049535268085041759e-02 5.574876423920828439e-03 3.100073841493842727e-02 -2.532760006145144587e+02
2.350000000000000000e+03 3.087772779112348334e-02 4.707912920876639561e-03 3.123457247367533024e-02 -2.544155104275209851e+02
2.360000000000000000e+03 3.146190498757577003e-02 3.914522247404740932e-03 3.170449415891494344e-02 -2.555530298134027305e+02
2.370000000000000000e+03 3.224253437113327320e-02 3.224848444013520606e-03 3.240340522476869295e-02 -2.566871277689781436e+02
2.380000000000000000e+03 3.320878906402110337e-02 2.669169773494024789e-03 3.331588417524562751e-02 -2.578166117034744502e+02
2.390000000000000000e+03 3.434419000556233892e-02 2.276824867544065007e-03 3.441957754847718709e-02 -2.589406172330955656e+02
2.400000000000000000e+03 3.562670392168246214e-02 2.075087650046786563e-03 3.568708479378220749e-02 -2.600586351365010955e+02
2.410000000000000000e+03 3.702909604676558192e-02 2.088035363556282973e-03 3.708792048255134949e-02 -2.611704853012529952e+02
2.420000000000000000e+03 3.851951836782388505e-02 2.335457966555191337e-03 3.859025342236906825e-02 -2.622762583151493345e+02
2.430000000000000000e+03 4.006233823141250316e-02 2.831899010349600218e-03 4.016230317814100531e-02 -2.633762447632368549e+02
2.440000000000000000e+03 4.161919951064826928e-02 3.585916057315075619e-03 4.177339538363209620e-02 -2.644708668134306890e+02
2.450000000000000000e+03 4.315027327174188881e-02 4.599589302136302370e-03 4.339472669777203612e-02 -2.655606210134701541e+02
2.460000000000000000e+03 4.461561572843848744e-02 5.868287676156935806e-03 4.499988852294884573e-02 -2.666460355052862496e+02
2.470000000000000000e+03 4.597651730349069238e-02 7.380721330618702364e-03 4.656517143443615614e-02 -2.677276403489441918e+02
2.480000000000000000e+03 4.719675440578006975e-02 9.119292111730499181e-03 4.806969019099863877e-02 -2.688059481052371780e+02
2.490000000000000000e+03 4.824370515225136907e-02 1.106071239826715916e-02 4.949539822624469260e-02 -2.698814421387118045e+02
2.500000000000000000e+03 4.908931091372630701e-02 1.317683890069164428e-02 5.082705509272861244e-02 -2.709545706515133929e+02
2.510000000000000000e+03 4.971085599658542353e-02 1.543567140461705491e-02 5.205217724192298667e-02 -2.720257446568845694e+02
2.520000000000000000e+03 5.009151804523240964e-02 1.780247310433596269e-02 5.316096527252350129e-02 -2.730953382352101357e+02
2.530000000000000000e+03 5.022064454224254432e-02 2.024096123380243403e-02 5.414618776891470808e-02 -2.741636898169534788e+02
2.540000000000000000e+03 5.009373362583646044e-02 2.271449491348485894e-02 5.500300380661939798e-02 -2.752311038723705110e+02
2.550000000000000000e+03 4.971214307570943902e-02 2.518718904975373804e-02 5.572873281717287408e-02 -2.762978527354550806e+02
2.560000000000000000e+03 4.908260561261484911e-02 2.762492247108569443e-02 5.632262880279103462e-02 -2.773641783056676786e+02
2.570000000000000000e+03 4.821662843703434370e-02 2.999621736516312059e-02 5.678570519112307452e-02 -2.784302937279084631e+02
2.580000000000000000e+03 4.712980106731470831e-02 3.227294078606403327e-02 5.712058171644835564e-02 -2.794963854257618436e+02
2.590000000000000000e+03 4.584099709864671024e-02 3.443078305894284319e-02 5.733128148794619516e-02 -2.805626153929143811e+02
2.600000000000000000e+03 4.437150230568901593e-02 3.644950386653604546e-02 5.742296186178828116e-02 -2.816291234654161713e+02
2.610000000000000000e+03 4.274417479438540057e-02 3.831297874602069414e-02 5.740164474338697170e-02 -2.826960297187960123e+02
2.620000000000000000e+03 4.098270704408350090e-02 4.000910529136065402e-02 5.727399744104085672e-02 -2.837634369402793482e+02
2.630000000000000000e+03 3.911098527206673808e-02 4.152961341449483423e-02 5.704715557597250103e-02 -2.848314328321499715e+02
2.640000000000000000e+03 3.715254099581948022e-02 4.286978707464901561e-02 5.672856375999476425e-02 -2.859000920872606457e+02
2.650000000000000000e+03 3.513010102250416211e-02 4.402811322603713412e-02 5.632582668808416154e-02 -2.869694784722918826e+02
2.660000000000000000e+03 3.306522568373076315e-02 4.500589765932314773e-02 5.584657530804836706e-02 -2.880396465864126299e+02
2.670000000000000000e+03 3.097801565985484201e-02 4.580687717094732159e-02 5.529834943627582461e-02 -2.891106429749781341e+02
2.680000000000000000e+03 2.888690910231778153e-02 4.643681423720204954e-02 5.468849270171907695e-02 -2.901825073200098473e+02
2.690000000000000000e+03 2.680859066794931758e-02 4.690307792216274335e-02 5.402406178893002370e-02 -2.912552742778569836e+02
2.700000000000000000e+03 2.475796875516677459e-02 4.721424507669111370e-02 5.331174312516581693e-02 -2.923289752689385068e+02
2.710000000000000000e+03 2.274816121114999617e-02 4.737973741962219626e-02 5.255776209505896857e-02 -2.934036393251511186e+02
2.720000000000000000e+03 2.079049028327963067e-02 4.740952023184734354e-02 5.176781910446959234e-02 -2.944792928879496117e+02
2.730000000000000000e+03 1.889452575580453236e-02 4.731386295458066271e-02 5.094707774957854540e-02 -2.955559594346484573e+02
2.740000000000000000e+03 1.706820672808351258e-02 4.710314989831329568e-02 5.010020370473125539e-02 -2.966336599070257307e+02
2.750000000000000000e+03 1.531803161288754385e-02 4.678774990075177526e-02 4.923144963606820163e-02 -2.977124140885059660e+02
2.760000000000000000e+03 1.364928215666365297e-02 4.637793326499339147e-02 4.834475770261340011e-02 -2.987922427216025199e+02
2.770000000000000000e+03 1.206624208049220104e-02 4.588382205403991609e-02 4.744385444113748129e-02 -2.998731698820524798e+02
2.780000000000000000e+03 1.057236400730116044e-02 4.531537757681295547e-02 4.653233634400919666e-02 -3.009552246811360305e+02
2.790000000000000000e+03 9.170372791236214988e-03 4.468243993723469698e-02 4.561377177865070381e-02 -3.020384418785375829e+02
2.800000000000000000e+03 7.862311649026844720e-03 4.399481226000553913e-02 4.469182755560077713e-02 -3.031228614805883126e+02
2.810000000000000000e+03 6.649529251451799863e-03 4.326234424358691572e-02 4.377038575014539218e-02 -3.042085273315936433e+02
2.820000000000000000e+03 5.532628813964194162e-03 4.249497375468379301e-02 4.285362033719404551e-02 -3.052954850251958874e+02
2.830000000000000000e+03 4.511402336480550314e-03 4.170272116738693580e-02 4.194603323088400004e-02 -3.063837793441538793e+02
2.840000000000000000e+03 3.584744708332354528e-03 4.089565306650005255e-02 4.105246441274204572e-02 -3.074734507785729534e+02
2.850000000000000000e+03 2.750556557131622441e-03 4.008382083685899100e-02 4.017808176425786970e-02 -3.085645310840030220e+02
2.860000000000000000e+03 2.005675108703974373e-03 3.927718167103538827e-02 3.932835786886090118e-02 -3.096570386891463045e+02
2.870000000000000000e+03 1.345836386259097184e-03 3.848549639776394776e-02 3.850902113220849854e-02 -3.107509740846037971e+02
2.880000000000000000e+03 7.656512387662095000e-04 3.771819160662311099e-02 3.772596188161884967e-02 -3.118463148348499772e+02
2.890000000000000000e+03 2.585958097480793800e-04 3.698419675024360725e-02 3.698510079820722940e-02 -3.129430103144368900e+02
2.900000000000000000e+03 -1.829486522883481156e-04 3.629176312520852876e-02 3.629222424908150335e-02 -3.140409773570788730e+02
2.910000000000000000e+03 -5.675840628346585839e-04 3.564828816732974054e-02 3.565280635418992261e-02 -3.151400979351186606e+02
2.920000000000000000e+03 -9.047462908899514501e-04 3.506016571587092234e-02 3.507183750354705976e-02 -3.162402185581411231e+02
2.930000000000000000e+03 -1.204542584656617676e-03 3.453265354443657564e-02 3.455365514179851993e-02 -3.173411512390006806e+02
2.940000000000000000e+03 -1.477586543614948546e-03 3.406976849113046296e-02 3.410179448406048391e-02 -3.184426760936303253e+02
2.950000000000000000e+03 -1.734851206238344906e-03 3.367421526805294135e-02 3.371887427876198162e-02 -3.195445451908953487e+02
2.960000000000000000e+03 -1.987536765791348987e-03 3.334733593329942264e-02 3.340651308118965102e-02 -3.206464877234756727e+02
2.970000000000000000e+03 -2.246926119344882285e-03 3.308905370973742877e-02 3.316525519865153038e-02 -3.217482170312439962e+02
2.980000000000000000e+03 -2.524209144563472219e-03 3.289780524098237513e-02 3.299450289789354618e-02 -3.228494396109610420e+02
2.990000000000000000e+03 -2.830287089129799802e-03 3.277047558084800888e-02 3.289247018394712146e-02 -3.239498651720411431e+02
3.000000000000000000e+03 -3.175575663727939722e-03 3.270234788821145544e-02 3.285616895192848552e-02 -3.250492164348191295e+02
3.010000000000000000e+03 -3.569802016315097234e-03 3.268707625419643020e-02 3.288143002491435846e-02 -3.261472380580468098e+02
3.020000000000000000e+03 -4.021770746737301366e-03 3.271667324912333474e-02 3.296293901382603420e-02 -3.272437047486934034e+02
3.030000000000000000e+03 -4.539090161300419167e-03 3.278153393218943834e-02 3.309429416741958146e-02 -3.283384283808318855e+02
3.040000000000000000e+03 -5.127859139535942933e-03 3.287053619574706320e-02 3.326810919109831483e-02 -3.294312640272273711e+02
3.050000000000000000e+03 -5.792314146887814208e-03 3.297122872245389358e-02 3.347615310403220801e-02 -3.305221150802199759e+02
3.060000000000000000e+03 -6.534481915152167558e-03 3.307013410788946922e-02 3.370954202912351816e-02 -3.316109366990083345e+02
3.070000000000000000e+03 -7.353920712566056408e-03 3.315317033808964919e-02 3.395898781343600903e-02 -3.326977360682682274e+02
3.080000000000000000e+03 -8.247579208448263532e-03 3.320613533051549465e-02 3.421505496690217807e-02 -3.337825695468362142e+02
3.090000000000000000e+03 -9.209777016323359919e-03 3.321520824894080848e-02 3.446839206738405020e-02 -3.348655374954702779e+02
3.100000000000000000e+03 -1.023231633442155987e-02 3.316747424580465675e-02 3.470996464149431193e-02 -3.359467776201420293e+02
3.110000000000000000e+03 -1.130472548646881646e-02 3.305147771664988104e-02 3.493131829145045691e-02 -3.370264578553236561e+02
3.120000000000000000e+03 -1.241462455616893987e-02 3.285774831220969472e-02 3.512484202126967686e-02 -3.381047694036295752e+02
3.130000000000000000e+03 -1.354819398682574269e-02 3.257920547172918346e-02 3.528396504750862250e-02 -3.391819198676421365e+02
3.140000000000000000e+03 -1.469072695544350673e-02 3.221139169090627558e-02 3.540326557175736688e-02 -3.402581261127339758e+02
3.150000000000000000e+03 -1.582724588648872985e-02 3.175254951022488809e-02 3.547853030708370686e-02 -3.413336067936932636e+02
3.160000000000000000e+03 -1.694312206585625591e-02 3.120358013340152406e-02 3.550679932745438860e-02 -3.424085757590758590e+02
3.170000000000000000e+03 -1.802462614034989336e-02 3.056790306753112349e-02 3.548638958030759377e-02 -3.434832375581081010e+02
3.180000000000000000e+03 -1.905938449026046630e-02 2.985120625757121254e-02 3.541686959881745062e-02 -3.445577845648692232e+02
3.190000000000000000e+03 -2.003674247294486011e-02 2.906110230688319432e-02 3.529899030026559248e-02 -3.456323948979787133e+02
3.200000000000000000e+03 -2.094802307095466540e-02 2.820673548503174755e-02 3.513459260193289857e-02 -3.467072312281478048e+02
3.210000000000000000e+03 -2.178667312490083566e-02 2.729836783397262406e-02 3.492649441684847478e-02 -3.477824404863214909e+02
3.220000000000000000e+03 -2.254833302959641933e-02 2.634695854267848220e-02 3.467837289815090679e-02 -3.488581534506648723e+02
3.230000000000000000e+03 -2.323085392624323758e-02 2.536374310603113982e-02 3.439465130643416108e-02 -3.499344835382063366e+02
3.240000000000000000e+03 -2.383424271241035147e-02 2.435983403346575482e-02 3.408038497159446983e-02 -3.510115254947509129e+02
3.250000000000000000e+03 -2.436053315139732889e-02 2.334587614259828539e-02 3.374115451916054331e-02 -3.520893546312242961e+02
3.260000000000000000e+03 -2.481361194573132589e-02 2.233176203595816853e-02 3.338297370552843757e-02 -3.531680262594476858e+02
3.270000000000000000e+03 -2.519900964314428921e-02 2.132639121362561382e-02 3.301219546155460816e-02 -3.542475749897180322e+02
3.280000000000000000e+03 -2.552364829609909957e-02 2.033745306518490795e-02 3.263538906649592064e-02 -3.553280137488547439e+02
3.290000000000000000e+03 -2.579553838745394720e-02 1.937121708291774519e-02 3.225916694479469271e-02 -3.564093322968934672e+02
3.300000000000000000e+03 -2.602343496458714781e-02 1.843234436149892436e-02 3.188997469451768096e-02 -3.574914953819663310e+02
3.310000000000000000e+03 -2.621648180858033098e-02 1.752374952651377174e-02 3.153388203008971463e-02 -3.585744409014457119e+02
3.320000000000000000e+03 -2.638384063723916290e-02 1.664652848581382044e-02 3.119637731212141288e-02 -3.596580789243726031e+02
3.330000000000000000e+03 -2.653429914275001397e-02 1.579997404051061358e-02 3.088216654766555436e-02 -3.607422927294639408e+02
3.340000000000000000e+03 -2.667588034623316617e-02 1.498168767208640263e-02 3.059499236395548868e-02 -3.618269421845015472e+02
3.350000000000000000e+03 -2.681548639294769124e-02 1.418776644560218979e-02 3.033748551223911308e-02 -3.629118687696991401e+02
3.360000000000000000e+03 -2.695859985847937762e-02 1.341305181096002185e-02 3.011106217344552971e-02 -3.639969017948145051e+02
3.370000000000000000e+03 -2.710906986906324451e-02 1.265144107532843731e-02 2.991589260657719768e-02 -3.650818656108169762e+02
3.380000000000000000e+03 -2.726900390456270598e-02 1.189624891008344947e-02 2.975095480951355648e-02 -3.661665873157578517e+02
3.390000000000000000e+03 -2.743875222557564525e-02 1.114059833874467102e-02 2.961415295161711966e-02 -3.672509046514170450e+02
3.400000000000000000e+03 -2.761697469983763475e-02 1.037781565678473628e-02 2.950248039364958969e-02 -3.683346734792974075e+02
3.410000000000000000e+03 -2.780080093436664707e-02 9.601793810622347852e-03 2.941222495789781385e-02 -3.694177736270021910e+02
3.420000000000000000e+03 -2.798609224330828385e-02 8.807298726894181862e-03 2.933922067669337413e-02 -3.705001123754299783e+02
3.430000000000000000e+03 -2.816778644102088669e-02 7.990189350725580494e-03 2.927912769956455760e-02 -3.715816252043101713e+02
3.440000000000000000e+03 -2.834027864289908466e-02 7.147506002444448808e-03 2.922769637881407478e-02 -3.726622731267877384e+02
3.450000000000000000e+03 -2.849778607235254821e-02 6.277430077028343415e-03 2.918098592230137373e-02 -3.737420373192205147e+02
3.460000000000000000e+03 -2.863466076343779490e-02 5.379164669843526647e-03 2.913553173673781929e-02 -3.748209129264845956e+02
3.470000000000000000e+03 -2.874561721456032198e-02 4.452758074866516001e-03 2.908844381398420151e-02 -3.758989027892415606e+02
3.480000000000000000e+03 -2.882584607825178225e-02 3.498887473693014505e-03 2.903741751052647466e-02 -3.769760113670397459e+02
3.490000000000000000e+03 -2.887103025558834454e-02 2.518646050966211972e-03 2.898068263428495162e-02 -3.780522395689932864e+02
3.500000000000000000e+03 -2.887730326850280679e-02 1.513370402303859490e-03 2.891693161515675528e-02 -3.791275810557201567e+02
3.510000000000000000e+03 -2.884116761561106301e-02 4.845215699343988474e-04 2.884523722529429984e-02 -3.802020201107307003e+02
3.520000000000000000e+03 -2.875937556389992350e-02 -5.663741626753984564e-04 2.876495198184050861e-02 -3.812755310359131045e+02
3.530000000000000000e+03 -2.862879008623819138e-02 -1.637727510216885297e-03 2.867559542885921367e-02 -3.823480787046094065e+02
3.540000000000000000e+03 -2.844625209766732388e-02 -2.727854385383260503e-03 2.857674662994192857e-02 -3.834196193370956394e+02
3.550000000000000000e+03 -2.820846067086153069e-02 -3.834912900164090619e-03 2.846794355712029337e-02 -3.844901013841121085e+02
3.560000000000000000e+03 -2.791188232055470328e-02 -4.956788810253682023e-03 2.834859661404688300e-02 -3.855594673054438886e+02
3.570000000000000000e+03 -2.755273148904713310e-02 -6.090920454492142373e-03 2.821794330723768549e-02 -3.866276569629681035e+02
3.580000000000000000e+03 -2.712702563728130664e-02 -7.234083572051209880e-03 2.807503312648336816e-02 -3.876946124177218849e+02
3.590000000000000000e+03 -2.663069012538322317e-02 -8.382185025171923903e-03 2.791871562859581102e-02 -3.887602826743138849e+02
3.600000000000000000e+03 -2.605971763805216626e-02 -9.530116847192616342e-03 2.774764873815710811e-02 -3.898246269734420366e+02
3.610000000000000000e+03 -2.541037636341629199e-02 -1.067167338029624546e-02 2.756033090632601518e-02 -3.908876169528791706e+02
3.620000000000000000e+03 -2.467944321148401662e-02 -1.179950710072451281e-02 2.735513270026143987e-02 -3.919492386717456611e+02
3.630000000000000000e+03 -2.386444390259397086e-02 -1.290512528875541708e-02 2.713031406929394818e-02 -3.930094944303057787e+02
3.640000000000000000e+03 -2.296390050716778930e-02 -1.397892995989743689e-02 2.688403260909380879e-02 -3.940684044889854931e+02
3.650000000000000000e+03 -2.197757872538020837e-02 -1.501030612607872489e-02 2.661434306213251652e-02 -3.951260086142098658e+02
3.660000000000000000e+03 -2.090672468897502786e-02 -1.598777670953604665e-02 2.631919720155957362e-02 -3.961823669162355941e+02
3.670000000000000000e+03 -1.975429769148210127e-02 -1.689924237748808081e-02 2.599647418818144470e-02 -3.972375599432416493e+02
3.680000000000000000e+03 -1.852517279473346254e-02 -1.773230686476151910e-02 2.564403895295749511e-02 -3.982916880426857347e+02
3.690000000000000000e+03 -1.722625479304299920e-02 -1.847464428535619888e-02 2.525977703118698070e-02 -3.993448701052056435e+02
3.700000000000000000e+03 -1.586648200034555811e-02 -1.911437764495306502e-02 2.484159181335147612e-02 -4.003972415151308724e+02
3.710000000000000000e+03 -1.445674588956415152e-02 -1.964049106835513009e-02 2.438742280606066154e-02 -4.014489508474044897e+02
3.720000000000000000e+03 -1.300974738454491360e-02 -2.004327438343186593e-02 2.389532119514632680e-02 -4.025001559781654805e+02
3.730000000000000000e+03 -1.153979459974976279e-02 -2.031474472760511074e-02 2.336355522501173954e-02 -4.035510213405333957e+02
3.740000000000000000e+03 -1.006253583012667145e-02 -2.044899274940319145e-02 2.279069836134310634e-02 -4.046017170927642610e+02
3.750000000000000000e+03 -8.594621361186854935e-03 -2.044244516066330911e-02 2.217568669712160351e-02 -4.056524193419613198e+02
3.760000000000000000e+03 -7.153308500798182153e-03 -2.029406064545948019e-02 2.151786978279167026e-02 -4.067033107175730606e+02
3.770000000000000000e+03 -5.756037280604814864e-03 -2.000546755182029679e-02 2.081707705569269679e-02 -4.077545816887785008e+02
3.780000000000000000e+03 -4.420014140023304471e-03 -1.958103198965618214e-02 2.007369768572658114e-02 -4.088064342771933752e+02
3.790000000000000000e+03 -3.161809384580105842e-03 -1.902782931336595429e-02 1.928873575336153418e-02 -4.098590888056752419e+02
3.800000000000000000e+03 -1.996971006690946571e-03 -1.835554211405463973e-02 1.846385169736796186e-02 -4.109127934025276545e+02
3.810000000000000000e+03 -9.396749158922453353e-04 -1.757632319062881268e-02 1.760142397219592245e-02 -4.119678374052409708e+02
3.820000000000000000e+03 -2.400163127490642228e-06 -1.670461703438728962e-02 1.670461720681815088e-02 -4.130245693950538453e+02
3.830000000000000000e+03 8.043934014481852763e-04 -1.575692594619055795e-02 1.577744478735471773e-02 -4.140834198427910451e+02
3.840000000000000000e+03 1.472578749654025482e-03 -1.475151396332108691e-02 1.482483228856197252e-02 -4.151449297350268353e+02
3.850000000000000000e+03 1.996650787182052602e-03 -1.370805387401925583e-02 1.385270209666580009e-02 -4.162097875382407892e+02
3.860000000000000000e+03 2.373976831518798125e-03 -1.264723793025572182e-02 1.286811537332048679e-02 -4.172788776671291657e+02
3.870000000000000000e+03 2.604987892101190677e-03 -1.159035895189059785e-02 1.187949420437016401e-02 -4.183533447424654810e+02
3.880000000000000000e+03 2.693298266478399896e-03 -1.055882945504374275e-02 1.089691401328444359e-02 -4.194346758811104223e+02
3.890000000000000000e+03 2.645754066017949949e-03 -9.573641487168894557e-03 9.932503506301518584e-03 -4.205247972582931766e+02
3.900000000000000000e+03 2.472414122966766145e-03 -8.654804260558167373e-03 9.001025962856753701e-03 -4.216261674043249741e+02
3.910000000000000000e+03 2.186457022853440652e-03 -7.820764022018346362e-03 8.120649247497500542e-03 -4.227418150781601867e+02
3.920000000000000000e+03 1.803986703736499024e-03 -7.087822828863940723e-03 7.313795217301541883e-03 -4.238751982668891287e+02
3.930000000000000000e+03 1.343715001781060209e-03 -6.469613212230034688e-03 6.607682280639172630e-03 -4.250296408945055191e+02
3.940000000000000000e+03 8.265235759933133898e-04 -5.976660139396513388e-03 6.033540224737374107e-03 -4.262070054453140528e+02
3.950000000000000000e+03 2.749153686178036323e-04 -5.616016708885992158e-03 5.622741514100476276e-03 -4.274055127364283635e+02
3.960000000000000000e+03 -2.876204612611564277e-04 -5.390977778563602399e-03 5.398644916893741673e-03 -4.286177273654076316e+02
3.970000000000000000e+03 -8.373046416648939399e-04 -5.300886349999325842e-03 5.366607416102164678e-03 -4.298310869637815586e+02
3.980000000000000000e+03 -1.350798010800010685e-03 -5.341047155672688090e-03 5.509214098680552570e-03 -4.310321402227581871e+02
3.990000000000000000e+03 -1.805932800891084248e-03 -5.502782759709551677e-03 5.791546544912764931e-03 -4.322115359674565411e+02
4.000000000000000000e+03 -2.182425763132579254e-03 -5.773669687977951888e-03 6.172377489870514537e-03 -4.333658206821891667e+02
4.010000000000000000e+03 -2.462553777785742200e-03 -6.137946511787241953e-03 6.613513324251188083e-03 -4.344959674964756005e+02
4.020000000000000000e+03 -2.631757476714762477e-03 -6.577045634527110655e-03 7.084043809498652075e-03 -4.356050551896586853e+02
4.030000000000000000e+03 -2.679145638434677918e-03 -7.070207953622091243e-03 7.560797699939116392e-03 -4.366966413279824337e+02
4.040000000000000000e+03 -2.597867836033245469e-03 -7.595164222907710254e-03 8.027168670610661944e-03 -4.377739937992145656e+02
4.050000000000000000e+03 -2.385315742268935817e-03 -8.128874878063295159e-03 8.471619560244933456e-03 -4.388398509327615216e+02
4.060000000000000000e+03 -2.043143111079449327e-03 -8.648304086410986760e-03 8.886371438522271127e-03 -4.398964198729221948e+02
4.070000000000000000e+03 -1.577121063024575914e-03 -9.131193261111570855e-03 9.266390948972805935e-03 -4.409454562939569087e+02
4.080000000000000000e+03 -9.968590655224747119e-04 -9.556801428082064773e-03 9.608651389883272539e-03 -4.419883587181723215e+02
4.090000000000000000e+03 -3.154243007589111240e-04 -9.906578043243286641e-03 9.911598307860303853e-03 -4.430262548439554848e+02
4.100000000000000000e+03 4.511345268802493982e-04 -1.016474638015336940e-02 1.017475264240779928e-02 -4.440600725483927818e+02
4.110000000000000000e+03 1.284361556809178982e-03 -1.031877852678749971e-02 1.039840251642049594e-02 -4.450905942019117560e+02
4.120000000000000000e+03 2.164060265438246238e-03 -1.035972711071751241e-02 1.058334080718295947e-02 -4.461184953115044323e+02
4.130000000000000000e+03 3.069033715808477253e-03 -1.028241122730998158e-02 1.073065462105083148e-02 -4.471443693885631774e+02
4.140000000000000000e+03 3.977856737362024837e-03 -1.008549014037801901e-02 1.084160761117274052e-02 -4.481687442606585705e+02
4.150000000000000000e+03 4.869630778289453510e-03 -9.771426472613080338e-03 1.091760409735339533e-02 -4.491920956628355270e+02
4.160000000000000000e+03 5.724684250716723273e-03 -9.346306510120305777e-03 1.096017587228969963e-02 -4.502148601348330317e+02
4.170000000000000000e+03 6.525213076323550972e-03 -8.819510418228926341e-03 1.097096940605853804e-02 -4.512374451119173386e+02
4.180000000000000000e+03 7.255866960852458067e-03 -8.203260963913674986e-03 1.095176222329813896e-02 -4.522602347936879141e+02
4.190000000000000000e+03 7.904252269918881149e-03 -7.512055263302612473e-03 1.090450265832560925e-02 -4.532835926368953210e+02
4.200000000000000000e+03 8.461300027629934523e-03 -6.761994867682295275e-03 1.083135138143583726e-02 -4.668742330331558605e+02
