0.000000000000000000e+00 2.076382721973622503e-01 6.841425023335339084e-01
1.000000000000000000e+01 2.081287471285907242e-01 6.836415432226676803e-01
2.000000000000000000e+01 2.084169300462369312e-01 6.833436171041920026e-01
3.000000000000000000e+01 2.085177218579538638e-01 6.832333661987365359e-01
4.000000000000000000e+01 2.084549553450570081e-01 6.832875509425653249e-01
5.000000000000000000e+01 2.082662708760795733e-01 6.834686507426824820e-01
6.000000000000000000e+01 2.080001848056652336e-01 6.837278284049750354e-01
7.000000000000000000e+01 2.077144032849119748e-01 6.840072254324719436e-01
8.000000000000000000e+01 2.074721865172859114e-01 6.842435915761687637e-01
9.000000000000000000e+01 2.073371797107416148e-01 6.843733888683907196e-01
1.000000000000000000e+02 2.073677202232806771e-01 6.843383913154104103e-01
1.100000000000000000e+02 2.076117040661137614e-01 6.840907701740545077e-01
1.200000000000000000e+02 2.081029243599935019e-01 6.835967631894034335e-01
1.300000000000000000e+02 2.088592419287619850e-01 6.828384894328810573e-01
1.400000000000000000e+02 2.098824218409282294e-01 6.818141199658243057e-01
1.500000000000000000e+02 2.111592534646839492e-01 6.805367675017276463e-01
1.600000000000000000e+02 2.126635921223916093e-01 6.790324560466867165e-01
1.700000000000000000e+02 2.143590270209472237e-01 6.773374772163548441e-01
1.800000000000000000e+02 2.162018942294568480e-01 6.754954004346723773e-01
1.900000000000000000e+02 2.181443721289315907e-01 6.735539460141697354e-01
2.000000000000000000e+02 2.201374489024973957e-01 6.715620140236515656e-01
2.100000000000000000e+02 2.221335881173051863e-01 6.695670507569002616e-01
2.200000000000000000e+02 2.240889597325699811e-01 6.676128093768235461e-01
2.300000000000000000e+02 2.259651598680217921e-01 6.657375995567380578e-01
2.400000000000000000e+02 2.277304180481004026e-01 6.639731143891501874e-01
2.500000000000000000e+02 2.293602953297453617e-01 6.623437567064108800e-01
2.600000000000000000e+02 2.308379016302506692e-01 6.608664080546210462e-01
2.700000000000000000e+02 2.321537044279945450e-01 6.595506311075638450e-01
2.800000000000000000e+02 2.333050033028659653e-01 6.583991910173934148e-01
2.900000000000000000e+02 2.342951497953643658e-01 6.574088319106314859e-01
3.000000000000000000e+02 2.351326043196654836e-01 6.565712229625461083e-01
3.100000000000000000e+02 2.358299068618052996e-01 6.558739187003204130e-01
3.200000000000000000e+02 2.364026407579415123e-01 6.553013655980332031e-01
3.300000000000000000e+02 2.368684482440554517e-01 6.548359219747886817e-01
3.400000000000000000e+02 2.372461172974176524e-01 6.544588216448830043e-01
3.500000000000000000e+02 2.375547491577789938e-01 6.541510032961885823e-01
3.600000000000000000e+02 2.378130359426911256e-01 6.538937957060890760e-01
3.700000000000000000e+02 2.380386676514518740e-01 6.536694965361964371e-01
3.800000000000000000e+02 2.382478745623633209e-01 6.534618381706244206e-01
3.900000000000000000e+02 2.384551054977783469e-01 6.532563287108978933e-01
4.000000000000000000e+02 2.386728217373556005e-01 6.530404664233482315e-01
4.100000000000000000e+02 2.389113799609922928e-01 6.528038336582668855e-01
4.200000000000000000e+02 2.391789965611698932e-01 6.525381392754547871e-01
4.300000000000000000e+02 2.394818068931613697e-01 6.522371874036110295e-01
4.400000000000000000e+02 2.398239746230616531e-01 6.518967638656010255e-01
4.500000000000000000e+02 2.402078395429627367e-01 6.515144830657743080e-01
4.600000000000000000e+02 2.406340941012446721e-01 6.510896266719707892e-01
4.700000000000000000e+02 2.411019855883120289e-01 6.506229161128886940e-01
4.800000000000000000e+02 2.416095362829497328e-01 6.501163005333445710e-01
4.900000000000000000e+02 2.421537676903776359e-01 6.495727507863244821e-01
5.000000000000000000e+02 2.427309261345100000e-01 6.489960116188600026e-01
5.100000000000000000e+02 2.433367113820475158e-01 6.483903727079537438e-01
5.200000000000000000e+02 2.439664950909580521e-01 6.477604442147651964e-01
5.300000000000000000e+02 2.446155286758182335e-01 6.471109480313744777e-01
5.400000000000000000e+02 2.452791373261656305e-01 6.464465171926941922e-01
5.500000000000000000e+02 2.459529042386309483e-01 6.457715283846916510e-01
5.600000000000000000e+02 2.466328236226234816e-01 6.450899403034899837e-01
5.700000000000000000e+02 2.473154213063470108e-01 6.444051834582801286e-01
5.800000000000000000e+02 2.479978513363377546e-01 6.437200817452835011e-01
5.900000000000000000e+02 2.486779463085892206e-01 6.430367843499374958e-01
6.000000000000000000e+02 2.493542280262740773e-01 6.423567505097502739e-01
6.100000000000000000e+02 2.500258941471896756e-01 6.416807711603846887e-01
6.200000000000000000e+02 2.506927670243661033e-01 6.410089997763452896e-01
6.300000000000000000e+02 2.513552079464517197e-01 6.403410728314143929e-01
6.400000000000000000e+02 2.520139989363023303e-01 6.396762240289454171e-01
6.500000000000000000e+02 2.526701983734613854e-01 6.390134052117656394e-01
6.600000000000000000e+02 2.533249861978997264e-01 6.383514449546665581e-01
6.700000000000000000e+02 2.539795022637774125e-01 6.376892077944733561e-01
6.800000000000000000e+02 2.546346874834235496e-01 6.370257533866784394e-01
6.900000000000000000e+02 2.552911437809735617e-01 6.363604929756212503e-01
7.000000000000000000e+02 2.559490161438610634e-01 6.356933025609873278e-01
7.100000000000000000e+02 2.566079043767857670e-01 6.350246069040706987e-01
7.200000000000000000e+02 2.572668154046849898e-01 6.343554207396526756e-01
7.300000000000000000e+02 2.579241632091809899e-01 6.336873525427370035e-01
7.400000000000000000e+02 2.585778050146791962e-01 6.330225752000714357e-01
7.500000000000000000e+02 2.592250951195465003e-01 6.323637465462439433e-01
7.600000000000000000e+02 2.598629795790624586e-01 6.317139432449787595e-01
7.700000000000000000e+02 2.604881054793338757e-01 6.310765587904809681e-01
7.800000000000000000e+02 2.610969257588204862e-01 6.304551672340527047e-01
7.900000000000000000e+02 2.616858181431372943e-01 6.298534007657785594e-01
8.000000000000000000e+02 2.622511984430142551e-01 6.292748384703350517e-01
8.100000000000000000e+02 2.627896284542047822e-01 6.287229152378893682e-01
8.200000000000000000e+02 2.632979210337816900e-01 6.282008551934390450e-01
8.300000000000000000e+02 2.637732177572922332e-01 6.277115590016671964e-01
8.400000000000000000e+02 2.642130572716568926e-01 6.272575272526242918e-01
8.500000000000000000e+02 2.646154397637390243e-01 6.268407972014817808e-01
8.600000000000000000e+02 2.649788825074397280e-01 6.264628816548246659e-01
8.700000000000000000e+02 2.653024648092892623e-01 6.261247315246826206e-01
8.800000000000000000e+02 2.655858551263364231e-01 6.258267095147164172e-01
8.900000000000000000e+02 2.658293186537859509e-01 6.255685792118426125e-01
9.000000000000000000e+02 2.660336987885353888e-01 6.253495232547818805e-01
9.100000000000000000e+02 2.662003661324913728e-01 6.251681971754168288e-01
9.200000000000000000e+02 2.663311380068656975e-01 6.250228105619212160e-01
9.300000000000000000e+02 2.664281738105706565e-01 6.249112237197972375e-01
9.400000000000000000e+02 2.664938531502450969e-01 6.248310673696997330e-01
9.500000000000000000e+02 2.665306463827558092e-01 6.247798780078485104e-01
9.600000000000000000e+02 2.665409878841454305e-01 6.247552294295509734e-01
9.700000000000000000e+02 2.665271585848552616e-01 6.247548534584402846e-01
9.800000000000000000e+02 2.664911819669556481e-01 6.247767451379651060e-01
9.900000000000000000e+02 2.664347407732954864e-01 6.248192435223187680e-01
1.000000000000000000e+03 2.663591241999573311e-01 6.248810821569573681e-01
1.010000000000000000e+03 2.662652063699808558e-01 6.249614101475702288e-01
1.020000000000000000e+03 2.661534490759136506e-01 6.250597893322071830e-01
1.030000000000000000e+03 2.660239223415364895e-01 6.251761741845983655e-01
1.040000000000000000e+03 2.658763371255455921e-01 6.253108798348566699e-01
1.050000000000000000e+03 2.657100862778705164e-01 6.254645422330900040e-01
1.060000000000000000e+03 2.655242841293288247e-01 6.256380764121456384e-01
1.070000000000000000e+03 2.653177994054610744e-01 6.258326362077811789e-01
1.080000000000000000e+03 2.650892876186384806e-01 6.260495755562011100e-01
1.090000000000000000e+03 2.648372214461135465e-01 6.262904169356738882e-01
1.100000000000000000e+03 2.645599168899123166e-01 6.265568315276096589e-01
1.110000000000000000e+03 2.642555570487468697e-01 6.268506237434575690e-01
1.120000000000000000e+03 2.639222155699885719e-01 6.271737118873003114e-01
1.130000000000000000e+03 2.635578812504101864e-01 6.275281035602300328e-01
1.140000000000000000e+03 2.631604870589793754e-01 6.279158641502109450e-01
1.150000000000000000e+03 2.627279488957596221e-01 6.283390748564934292e-01
1.160000000000000000e+03 2.622582176846434687e-01 6.287997768057048686e-01
1.170000000000000000e+03 2.617493434708139111e-01 6.292999037218122149e-01
1.180000000000000000e+03 2.611995450185963796e-01 6.298412134385370509e-01
1.190000000000000000e+03 2.606072788045560862e-01 6.304252238208221115e-01
1.200000000000000000e+03 2.599713060621701710e-01 6.310531508438330661e-01
1.210000000000000000e+03 2.592907577844900113e-01 6.317258485633054921e-01
1.220000000000000000e+03 2.585651935359933873e-01 6.324437531944402391e-01
1.230000000000000000e+03 2.577946469693587761e-01 6.332068356543321119e-01
1.240000000000000000e+03 2.569796575958290807e-01 6.340145622885570154e-01
1.250000000000000000e+03 2.561212957007364954e-01 6.348658609133391861e-01
1.260000000000000000e+03 2.552211839378360492e-01 6.357590974982300080e-01
1.270000000000000000e+03 2.542815130827422165e-01 6.366920642739479774e-01
1.280000000000000000e+03 2.533050490127944365e-01 6.376619767268705274e-01
1.290000000000000000e+03 2.522951303676435608e-01 6.386654808280456397e-01
1.300000000000000000e+03 2.512556564530945558e-01 6.396986702620750531e-01
1.310000000000000000e+03 2.501910659197686404e-01 6.407571093056878553e-01
1.320000000000000000e+03 2.491063088236906420e-01 6.418358594078590329e-01
1.330000000000000000e+03 2.480068049134271924e-01 6.429295139188497821e-01
1.340000000000000000e+03 2.468983802243236159e-01 6.440322502894676449e-01
1.350000000000000000e+03 2.457871893781123640e-01 6.451379051370844664e-01
1.360000000000000000e+03 2.446796262225172935e-01 6.462400698235720720e-01
1.370000000000000000e+03 2.435822174689779573e-01 6.473322038336541961e-01
1.380000000000000000e+03 2.425014964477302526e-01 6.484077634273406332e-01
1.390000000000000000e+03 2.414438588616071302e-01 6.494603413529992375e-01
1.400000000000000000e+03 2.404154115996741947e-01 6.504838124178784486e-01
1.410000000000000000e+03 2.394218270629486778e-01 6.514724786191019579e-01
1.420000000000000000e+03 2.384682121603143301e-01 6.524212066937833399e-01
1.430000000000000000e+03 2.375589990852698397e-01 6.533255461559103194e-01
1.440000000000000000e+03 2.366978598332207251e-01 6.541818178609770662e-01
1.450000000000000000e+03 2.358876442317238142e-01 6.549871703721917848e-01
1.460000000000000000e+03 2.351303471200805739e-01 6.557396050234185481e-01
1.470000000000000000e+03 2.344271110466035202e-01 6.564379719109372235e-01
1.480000000000000000e+03 2.337782651735708650e-01 6.570819364582316524e-01
1.490000000000000000e+03 2.331833915969083737e-01 6.576719172605411945e-01
1.500000000000000000e+03 2.326414067959384768e-01 6.582090034733406592e-01
1.510000000000000000e+03 2.321506572318296213e-01 6.586948582110522254e-01
1.520000000000000000e+03 2.317090292916089422e-01 6.591316080984533921e-01
1.530000000000000000e+03 2.313140625315837640e-01 6.595217245497518865e-01
1.540000000000000000e+03 2.309630580013669054e-01 6.598679081028063775e-01
1.550000000000000000e+03 2.306531786838749154e-01 6.601729858623753833e-01
1.560000000000000000e+03 2.303815364101922392e-01 6.604398282694984301e-01
1.570000000000000000e+03 2.301452588814973388e-01 6.606712864291238718e-01
1.580000000000000000e+03 2.299415333603689049e-01 6.608701510797362344e-01
1.590000000000000000e+03 2.297676285560528997e-01 6.610391343211341475e-01
1.600000000000000000e+03 2.296208980045439663e-01 6.611808716879693515e-01
1.610000000000000000e+03 2.294987642964541052e-01 6.612979382156940478e-01
1.620000000000000000e+03 2.293986874162988743e-01 6.613928740562819986e-01
1.630000000000000000e+03 2.293181274850132068e-01 6.614682191123159027e-01
1.640000000000000000e+03 2.292545107371847524e-01 6.615265514312593798e-01
1.650000000000000000e+03 2.292052009316724870e-01 6.615705224711074806e-01
1.660000000000000000e+03 2.291674775296995703e-01 6.616028807958519442e-01
1.670000000000000000e+03 2.291385272346843915e-01 6.616264755091936234e-01
1.680000000000000000e+03 2.291154553805857252e-01 6.616442374569753149e-01
1.690000000000000000e+03 2.290953162825736245e-01 6.616591404311724656e-01
1.700000000000000000e+03 2.290751577559195507e-01 6.616741488588018250e-01
1.710000000000000000e+03 2.290520781916656479e-01 6.616921602872962715e-01
1.720000000000000000e+03 2.290232962671522876e-01 6.617159437189589211e-01
1.730000000000000000e+03 2.289862302147750717e-01 6.617480696718737176e-01
1.740000000000000000e+03 2.289385785852848521e-01 6.617908335966596889e-01
1.750000000000000000e+03 2.288783920227363267e-01 6.618461805540303278e-01
1.760000000000000000e+03 2.288041325858382879e-01 6.619156403159310864e-01
1.770000000000000000e+03 2.287147186868333792e-01 6.620002824230536431e-01
1.780000000000000000e+03 2.286095494609166612e-01 6.621006962683467778e-01
1.790000000000000000e+03 2.284885047048124118e-01 6.622169946271890817e-01
1.800000000000000000e+03 2.283519219494711538e-01 6.623488396083877516e-01
1.810000000000000000e+03 2.282005525657122280e-01 6.624954914053222677e-01
1.820000000000000000e+03 2.280355000960087308e-01 6.626558699898832394e-01
1.830000000000000000e+03 2.278581446846042746e-01 6.628286217639446365e-01
1.840000000000000000e+03 2.276700554421579314e-01 6.630121965333982681e-01
1.850000000000000000e+03 2.274728909040257263e-01 6.632049397086625664e-01
1.860000000000000000e+03 2.272682962738447887e-01 6.634051948418189237e-01
1.870000000000000000e+03 2.270578137348611136e-01 6.636114001052375588e-01
1.880000000000000000e+03 2.268428161982451174e-01 6.638221655661369347e-01
1.890000000000000000e+03 2.266244584275124152e-01 6.640363332784162687e-01
1.900000000000000000e+03 2.264036284493143869e-01 6.642530251475756709e-01
1.910000000000000000e+03 2.261809036908653536e-01 6.644716739976789244e-01
1.920000000000000000e+03 2.259565339640954018e-01 6.646920311176094387e-01
1.930000000000000000e+03 2.257304575802061841e-01 6.649141523321392411e-01
1.940000000000000000e+03 2.255023379164735886e-01 6.651383681848457297e-01
1.950000000000000000e+03 2.252716083462192043e-01 6.653652367565556780e-01
1.960000000000000000e+03 2.250375314767934232e-01 6.655954769031413587e-01
1.970000000000000000e+03 2.247992782743671036e-01 6.658298919863216980e-01
1.980000000000000000e+03 2.245560134529276941e-01 6.660692952032397640e-01
1.990000000000000000e+03 2.243069689964131141e-01 6.663144402213851958e-01
2.000000000000000000e+03 2.240515004684147105e-01 6.665659636722843784e-01
2.010000000000000000e+03 2.237891287678600294e-01 6.668243434007773418e-01
2.020000000000000000e+03 2.235195712736112728e-01 6.670898654034568276e-01
2.030000000000000000e+03 2.232427685511204907e-01 6.673625938824422343e-01
2.040000000000000000e+03 2.229589100374611554e-01 6.676423466701684184e-01
2.050000000000000000e+03 2.226684528269300134e-01 6.679286743010671712e-01
2.060000000000000000e+03 2.223721246405969687e-01 6.682208481619871243e-01
2.070000000000000000e+03 2.220709098378574331e-01 6.685178715685808903e-01
2.080000000000000000e+03 2.217660286591854601e-01 6.688185093132857917e-01
2.090000000000000000e+03 2.214589180196600282e-01 6.691213164018332549e-01
2.100000000000000000e+03 2.211512115426151892e-01 6.694246612118152084e-01
2.110000000000000000e+03 2.208447181211715404e-01 6.697267518293419375e-01
2.120000000000000000e+03 2.205413989997666857e-01 6.700256609295156540e-01
2.130000000000000000e+03 2.202433388355049537e-01 6.703193442827408699e-01
2.140000000000000000e+03 2.199527067986353501e-01 6.706056662519110922e-01
2.150000000000000000e+03 2.196717073566733236e-01 6.708824383880180875e-01
2.160000000000000000e+03 2.194025281708844588e-01 6.711474689786383063e-01
2.170000000000000000e+03 2.191472926128558152e-01 6.713986271119144478e-01
2.180000000000000000e+03 2.189080081758029150e-01 6.716339142489076153e-01
2.190000000000000000e+03 2.186865036572314402e-01 6.718515238463758088e-01
2.200000000000000000e+03 2.184843671720734237e-01 6.720498880028865640e-01
2.210000000000000000e+03 2.183028971116046935e-01 6.722277207127801413e-01
2.220000000000000000e+03 2.181430678011386237e-01 6.723840575163649858e-01
2.230000000000000000e+03 2.180055078341284203e-01 6.725182831403115902e-01
2.240000000000000000e+03 2.178904931974425252e-01 6.726301366053036856e-01
2.250000000000000000e+03 2.177979578813010741e-01 6.727197005813524422e-01
2.260000000000000000e+03 2.177275204166770339e-01 6.727873779939459453e-01
2.270000000000000000e+03 2.176785231080085592e-01 6.728338508057840617e-01
2.280000000000000000e+03 2.176500773071011197e-01 6.728600238315184390e-01
2.290000000000000000e+03 2.176411102215912996e-01 6.728669643363008879e-01
2.300000000000000000e+03 2.176504149741806671e-01 6.728558575710766876e-01
2.310000000000000000e+03 2.176767023374922005e-01 6.728279793474465365e-01
2.320000000000000000e+03 2.177186426768985827e-01 6.727846692787781135e-01
2.330000000000000000e+03 2.177748862214214376e-01 6.727272944281771361e-01
2.340000000000000000e+03 2.178440707853829539e-01 6.726572171929187105e-01
2.350000000000000000e+03 2.179248368639877809e-01 6.725757818300182045e-01
2.360000000000000000e+03 2.180158524184325763e-01 6.724843065690566668e-01
2.370000000000000000e+03 2.181158386180328812e-01 6.723840654858052046e-01
2.380000000000000000e+03 2.182235963902170728e-01 6.722762627184639683e-01
2.390000000000000000e+03 2.183380349805573994e-01 6.721620073395931927e-01
2.400000000000000000e+03 2.184582042738172081e-01 6.720422852769517563e-01
2.410000000000000000e+03 2.185833280112561283e-01 6.719179148094454046e-01
2.420000000000000000e+03 2.187128331452547203e-01 6.717894974354187143e-01
2.430000000000000000e+03 2.188463764324307670e-01 6.716573887174699387e-01
2.440000000000000000e+03 2.189838646438561076e-01 6.715216895877229586e-01
2.450000000000000000e+03 2.191254605003639389e-01 6.713822488871489247e-01
2.460000000000000000e+03 2.192715667050776918e-01 6.712386657849402916e-01
2.470000000000000000e+03 2.194227924583994627e-01 6.710903066762564650e-01
2.480000000000000000e+03 2.195799112775982942e-01 6.709363633380168723e-01
2.490000000000000000e+03 2.197438072763262806e-01 6.707759401237293195e-01
2.500000000000000000e+03 2.199154029837389335e-01 6.706081276794085833e-01
2.510000000000000000e+03 2.200955774171597379e-01 6.704320592909454035e-01
2.520000000000000000e+03 2.202850870796148330e-01 6.702469672130608735e-01
2.530000000000000000e+03 2.204845021940099736e-01 6.700522468584308999e-01
2.540000000000000000e+03 2.206941660858214860e-01 6.698475208415451965e-01
2.550000000000000000e+03 2.209141687777917140e-01 6.696326717503051640e-01
2.560000000000000000e+03 2.211443292552109918e-01 6.694078375029091088e-01
2.570000000000000000e+03 2.213841996287642666e-01 6.691734090932746071e-01
2.580000000000000000e+03 2.216330929105806147e-01 6.689300242116980044e-01
2.590000000000000000e+03 2.218901242803452967e-01 6.686785198133622377e-01
2.600000000000000000e+03 2.221542703658581364e-01 6.684198709863852228e-01
2.610000000000000000e+03 2.224244421464120491e-01 6.681551399210304831e-01
2.620000000000000000e+03 2.226995541676347889e-01 6.678853993990326865e-01
2.630000000000000000e+03 2.229785906768772530e-01 6.676116433563645813e-01
2.640000000000000000e+03 2.232606747636711464e-01 6.673347164594374270e-01
2.650000000000000000e+03 2.235451321079015008e-01 6.670552552485310427e-01
2.660000000000000000e+03 2.238315395401376529e-01 6.667736503565308004e-01
2.670000000000000000e+03 2.241197511436148759e-01 6.664900290639875768e-01
2.680000000000000000e+03 2.244099074185020581e-01 6.662042546235038554e-01
2.690000000000000000e+03 2.247024268833381633e-01 6.659159388847326611e-01
2.700000000000000000e+03 2.249979800129596474e-01 6.656244810342101248e-01
2.710000000000000000e+03 2.252974426591183299e-01 6.653291094773814418e-01
2.720000000000000000e+03 2.256018284515274586e-01 6.650289017322593699e-01
2.730000000000000000e+03 2.259122226672198308e-01 6.647228346304365765e-01
2.740000000000000000e+03 2.262297160146843344e-01 6.644098502855074750e-01
2.750000000000000000e+03 2.265553324833390059e-01 6.640889171787223155e-01
2.760000000000000000e+03 2.268899612321479686e-01 6.637591013017719588e-01
2.770000000000000000e+03 2.272343044579998861e-01 6.634196533412197727e-01
2.780000000000000000e+03 2.275888338742873829e-01 6.630700759184268156e-01
2.790000000000000000e+03 2.279537464997076213e-01 6.627101427454210603e-01
2.800000000000000000e+03 2.283289300724591631e-01 6.623399105479409466e-01
2.810000000000000000e+03 2.287139443323662757e-01 6.619597452064681642e-01
2.820000000000000000e+03 2.291080234469311250e-01 6.615703433251076682e-01
2.830000000000000000e+03 2.295101019318388225e-01 6.611727534767797287e-01
2.840000000000000000e+03 2.299188515852481351e-01 6.607683643934297857e-01
2.850000000000000000e+03 2.303327203399626322e-01 6.603588099651138688e-01
2.860000000000000000e+03 2.307499904573639127e-01 6.599458568406360026e-01
2.870000000000000000e+03 2.311688581981794222e-01 6.595313237210367330e-01
2.880000000000000000e+03 2.315875255908405594e-01 6.591170123070060338e-01
2.890000000000000000e+03 2.320042917680386341e-01 6.587046150115536403e-01
2.900000000000000000e+03 2.324176381625817911e-01 6.582956053084025871e-01
2.910000000000000000e+03 2.328263191728632830e-01 6.578911620270506688e-01
2.920000000000000000e+03 2.332294513787098178e-01 6.574921436310593448e-01
2.930000000000000000e+03 2.336265796746280488e-01 6.570990766492591506e-01
2.940000000000000000e+03 2.340177006822602712e-01 6.567120811579224560e-01
2.950000000000000000e+03 2.344032574350160270e-01 6.563307890218850194e-01
2.960000000000000000e+03 2.347841371164128554e-01 6.559543704260166752e-01
2.970000000000000000e+03 2.351616512835456585e-01 6.555815945427916347e-01
2.980000000000000000e+03 2.355374802778691656e-01 6.552108529605324971e-01
2.990000000000000000e+03 2.359136113341852026e-01 6.548402119562143353e-01
3.000000000000000000e+03 2.362922613394969062e-01 6.544674492899329454e-01
3.010000000000000000e+03 2.366757912823166943e-01 6.540901245801239439e-01
3.020000000000000000e+03 2.370666306380740662e-01 6.537056896194209932e-01
3.030000000000000000e+03 2.374672115692428032e-01 6.533115819462880225e-01
3.040000000000000000e+03 2.378799116403214065e-01 6.529052987415396858e-01
3.050000000000000000e+03 2.383070164221812171e-01 6.524844959931064281e-01
3.060000000000000000e+03 2.387506705641442573e-01 6.520470597504811616e-01
3.070000000000000000e+03 2.392128016410105529e-01 6.515910707850637307e-01
3.080000000000000000e+03 2.396950902761184055e-01 6.511148261997472542e-01
3.090000000000000000e+03 2.401989780508964889e-01 6.506169093724577523e-01
3.100000000000000000e+03 2.407256688157663471e-01 6.500962264798028079e-01
3.110000000000000000e+03 2.412761262682777130e-01 6.495519915849974346e-01
3.120000000000000000e+03 2.418510762222771671e-01 6.489836762681004956e-01
3.130000000000000000e+03 2.424509961095081545e-01 6.483909300674510767e-01
3.140000000000000000e+03 2.430760880286549075e-01 6.477734776440805531e-01
3.150000000000000000e+03 2.437262998703410011e-01 6.471311657030986986e-01
3.160000000000000000e+03 2.444013727055804885e-01 6.464640869002391543e-01
3.170000000000000000e+03 2.451008558783114855e-01 6.457725811222808643e-01
3.180000000000000000e+03 2.458241288179345840e-01 6.450572365606845882e-01
3.190000000000000000e+03 2.465703865713570475e-01 6.443188784890729881e-01
3.200000000000000000e+03 2.473385844918911114e-01 6.435585158200921585e-01
3.210000000000000000e+03 2.481274266259127503e-01 6.427773922432816756e-01
3.220000000000000000e+03 2.489353832192836569e-01 6.419771043704937119e-01
3.230000000000000000e+03 2.497606815849122142e-01 6.411595661381920275e-01
3.240000000000000000e+03 2.506012779782361699e-01 6.403268947588970361e-01
3.250000000000000000e+03 2.514548735796022227e-01 6.394813950750553033e-01
3.260000000000000000e+03 2.523189698877330023e-01 6.386255778954444962e-01
3.270000000000000000e+03 2.531909183518819551e-01 6.377620944144936077e-01
3.280000000000000000e+03 2.540679707048212888e-01 6.368936578872465004e-01
3.290000000000000000e+03 2.549473567742351898e-01 6.360230449385103624e-01
3.300000000000000000e+03 2.558263327910864082e-01 6.351530150137656427e-01
3.310000000000000000e+03 2.567022254137788506e-01 6.342861814067404236e-01
3.320000000000000000e+03 2.575724834376668659e-01 6.334249152796549431e-01
3.330000000000000000e+03 2.584347651197245743e-01 6.325713680423554752e-01
3.340000000000000000e+03 2.592870364730971988e-01 6.317275563968597352e-01
3.350000000000000000e+03 2.601276071227449638e-01 6.308953373185675062e-01
3.360000000000000000e+03 2.609551175121345157e-01 6.300762932529155869e-01
3.370000000000000000e+03 2.617684837169207412e-01 6.292715977456261323e-01
3.380000000000000000e+03 2.625668717523007012e-01 6.284820329065277100e-01
3.390000000000000000e+03 2.633496756473625022e-01 6.277080709816158510e-01
3.400000000000000000e+03 2.641164904843416594e-01 6.269499774982405516e-01
3.410000000000000000e+03 2.648670613355653125e-01 6.262078845591949605e-01
3.420000000000000000e+03 2.656012561824976914e-01 6.254819669692980311e-01
3.430000000000000000e+03 2.663189668143623456e-01 6.247725281421199206e-01
3.440000000000000000e+03 2.670199260516041284e-01 6.240798944727543596e-01
3.450000000000000000e+03 2.677036218764253239e-01 6.234045084532704450e-01
3.460000000000000000e+03 2.683692431312563187e-01 6.227470790379170396e-01
3.470000000000000000e+03 2.690156392614663772e-01 6.221086930528769710e-01
3.480000000000000000e+03 2.696413065982053436e-01 6.214908907088539936e-01
3.490000000000000000e+03 2.702443599014771602e-01 6.208956722969251052e-01
3.500000000000000000e+03 2.708224973655538048e-01 6.203254217466397380e-01
3.510000000000000000e+03 2.713730525028640872e-01 6.197829109729975361e-01
3.520000000000000000e+03 2.718930498195104017e-01 6.192712563623367084e-01
3.530000000000000000e+03 2.723791884346364878e-01 6.187937160476264520e-01
3.540000000000000000e+03 2.728279356956040402e-01 6.183536276707353174e-01
3.550000000000000000e+03 2.732356596207433097e-01 6.179543672277325594e-01
3.560000000000000000e+03 2.735988128433413102e-01 6.175993895508392617e-01
3.570000000000000000e+03 2.739140562486441222e-01 6.172921530059802819e-01
3.580000000000000000e+03 2.741783053751915555e-01 6.170358873249616183e-01
3.590000000000000000e+03 2.743887963030490207e-01 6.168334754075409654e-01
3.600000000000000000e+03 2.745430986472042756e-01 6.166873238260335288e-01
3.610000000000000000e+03 2.746391757953930979e-01 6.165993246505824255e-01
3.620000000000000000e+03 2.746755225290201663e-01 6.165710235414197937e-01
3.630000000000000000e+03 2.746511192672811963e-01 6.166035342634652583e-01
3.640000000000000000e+03 2.745653578639645209e-01 6.166974003653511449e-01
3.650000000000000000e+03 2.744181028757073926e-01 6.168527147828621882e-01
3.660000000000000000e+03 2.742096910375292351e-01 6.170691670415957564e-01
3.670000000000000000e+03 2.739408915898736696e-01 6.173460698209545239e-01
3.680000000000000000e+03 2.736128326846059000e-01 6.176823772460067197e-01
3.690000000000000000e+03 2.732268976670657046e-01 6.180766605819509873e-01
3.700000000000000000e+03 2.727846937133998617e-01 6.185271461606527410e-01
3.710000000000000000e+03 2.722881360403044404e-01 6.190319656123886016e-01
3.720000000000000000e+03 2.717393230407895155e-01 6.195890596596609345e-01
3.730000000000000000e+03 2.711404630514802072e-01 6.201962067082110730e-01
3.740000000000000000e+03 2.704938773916328310e-01 6.208511553750145628e-01
3.750000000000000000e+03 2.698019476145819273e-01 6.215516358378360140e-01
3.760000000000000000e+03 2.690670206473587678e-01 6.222952512861605889e-01
3.770000000000000000e+03 2.682913770669400622e-01 6.230794991581533049e-01
3.780000000000000000e+03 2.674772746718676042e-01 6.239019543884534169e-01
3.790000000000000000e+03 2.666269872446404565e-01 6.247603477044317843e-01
3.800000000000000000e+03 2.657428444047746363e-01 6.256525841638098662e-01
3.810000000000000000e+03 2.648271597653038545e-01 6.265765343020495148e-01
3.820000000000000000e+03 2.638821674930720285e-01 6.275299215295896404e-01
3.830000000000000000e+03 2.629100933378621940e-01 6.285104729966874970e-01
3.840000000000000000e+03 2.619131494973265806e-01 6.295158790487447309e-01
3.850000000000000000e+03 2.608935384213456055e-01 6.305437787059389176e-01
3.860000000000000000e+03 2.598535766652108614e-01 6.315920054858311650e-01
3.870000000000000000e+03 2.587955893486985071e-01 6.326584370597201357e-01
3.880000000000000000e+03 2.577218072251331038e-01 6.337408258149004325e-01
3.890000000000000000e+03 2.566343577286322453e-01 6.348368375381920892e-01
3.900000000000000000e+03 2.555353277512354415e-01 6.359442747418908581e-01
3.910000000000000000e+03 2.544267694928829537e-01 6.370611734253238678e-01
3.920000000000000000e+03 2.533106411231453858e-01 6.381857638477064221e-01
3.930000000000000000e+03 2.521887496844574250e-01 6.393164429680550098e-01
3.940000000000000000e+03 2.510626658829158697e-01 6.404516168914817786e-01
3.950000000000000000e+03 2.499337389992364600e-01 6.415896536887957247e-01
3.960000000000000000e+03 2.488032913154443193e-01 6.427292000862079302e-01
3.970000000000000000e+03 2.476725515819679369e-01 6.438689388817055992e-01
3.980000000000000000e+03 2.465426485560974768e-01 6.450073985797575293e-01
3.990000000000000000e+03 2.454147269402150167e-01 6.461430874984973594e-01
4.000000000000000000e+03 2.442901131780496615e-01 6.472747675886295626e-01
4.010000000000000000e+03 2.431703449103914116e-01 6.484013760973736940e-01
4.020000000000000000e+03 2.420570834384409564e-01 6.495215994324851083e-01
4.030000000000000000e+03 2.409520704838047644e-01 6.506336648873838335e-01
4.040000000000000000e+03 2.398571438452049009e-01 6.517354064086892107e-01
4.050000000000000000e+03 2.387743562630290084e-01 6.528246671251889399e-01
4.060000000000000000e+03 2.377060096860200145e-01 6.538995630221898780e-01
4.070000000000000000e+03 2.366543698024852482e-01 6.549580924857685282e-01
4.080000000000000000e+03 2.356215482615037493e-01 6.559981592986260379e-01
4.090000000000000000e+03 2.346094306275294805e-01 6.570176950541717353e-01
4.100000000000000000e+03 2.336196293273306024e-01 6.580148368869670472e-01
4.110000000000000000e+03 2.326534823175969435e-01 6.589882429560586230e-01
4.120000000000000000e+03 2.317119042147143815e-01 6.599370380815589021e-01
4.130000000000000000e+03 2.307953286109358515e-01 6.608608440511704041e-01
4.140000000000000000e+03 2.299036620846149903e-01 6.617597396477420402e-01
4.150000000000000000e+03 2.290363165257505440e-01 6.626342517106422747e-01
4.160000000000000000e+03 2.281923350360855474e-01 6.634854369665448282e-01
4.170000000000000000e+03 2.273703821999084884e-01 6.643145623384492104e-01
4.180000000000000000e+03 2.265688517886435549e-01 6.651230280213633606e-01
4.190000000000000000e+03 2.257860829008712655e-01 6.659125349132221094e-01
4.200000000000000000e+03 2.250204020923447512e-01 6.666848013372557169e-01
