0.000000000000000000e+00 1.094245138057238798e+01 6.926622181356672071e-15 1.094245138057238798e+01 6.330046111655053936e-16
1.000000000000000000e+01 1.085914826988667059e+01 1.301155671417038917e+00 1.093682345238522124e+01 -9.907473854075893316e-01
2.000000000000000000e+01 1.057440976007142730e+01 2.564107362951239200e+00 1.088084501969560414e+01 -1.982109223743999893e+00
3.000000000000000000e+01 1.010074366648736444e+01 3.752386786844544631e+00 1.077522293106597928e+01 -2.974304783219716697e+00
4.000000000000000000e+01 9.458068619463563920e+00 4.833423721393171668e+00 1.062153693591504755e+01 -3.967561767633767111e+00
5.000000000000000000e+01 8.672453021801720396e+00 5.780350458874274899e+00 1.042227867804185237e+01 -4.962099974046082274e+00
6.000000000000000000e+01 7.774447785130618627e+00 6.573022947927306348e+00 1.018070081269955374e+01 -5.958144677064897365e+00
7.000000000000000000e+01 6.797205740552924702e+00 7.198676804090488268e+00 9.900654201069547966e+00 -6.955924759397852597e+00
8.000000000000000000e+01 5.774592341137531726e+00 7.652072231431490401e+00 9.586455348113251063e+00 -7.955670484616828020e+00
9.000000000000000000e+01 4.739419374871610025e+00 7.935127461079474642e+00 9.242745470610232772e+00 -8.957613941032947835e+00
1.000000000000000000e+02 3.721917419185650111e+00 8.056141227081669243e+00 8.874349595656152445e+00 -9.961989841483068986e+00
1.100000000000000000e+02 2.748534509600032205e+00 8.028715063033615706e+00 8.486147978549817950e+00 -1.096903644604568484e+01
1.200000000000000000e+02 1.841108281587275686e+00 7.870494096180750354e+00 8.082967092754076432e+00 -1.197899700532056144e+01
1.300000000000000000e+02 1.016413981533649924e+00 7.601840570878634296e+00 7.669490038256356002e+00 -1.299212164027160021e+01
1.400000000000000000e+02 2.860596225674507109e-01 7.244538954973086753e+00 7.250184465086801033e+00 -1.400866941312929015e+01
1.500000000000000000e+02 -3.433173399537270409e-01 6.820612459861064458e+00 6.829247478567818774e+00 -1.502891085352758260e+01
1.600000000000000000e+02 -8.696141347174204395e-01 6.351310505580234356e+00 6.410567360350733601e+00 -1.605313092123044783e+01
1.700000000000000000e+02 -1.294659164795050499e+00 5.856302458536396749e+00 5.997701296234021484e+00 -1.708163195615746588e+01
1.800000000000000000e+02 -1.623509358912239797e+00 5.353088152319265269e+00 5.593865872987707100e+00 -1.811473618768201987e+01
1.900000000000000000e+02 -1.863707102576482644e+00 4.856618413298813053e+00 5.201936810130156630e+00 -1.915278755168565539e+01
2.000000000000000000e+02 -2.024543470811905888e+00 4.379110453113765011e+00 4.824456925476416913e+00 -2.019615308984734270e+01
2.100000000000000000e+02 -2.116371536704761525e+00 3.930033959995324455e+00 4.463652697969523686e+00 -2.124522297107056090e+01
2.200000000000000000e+02 -2.150002826121707233e+00 3.516229664408637490e+00 4.121454015902471291e+00 -2.230040669742529147e+01
2.300000000000000000e+02 -2.136201064738006750e+00 3.142123615443555007e+00 3.799512574491084926e+00 -2.336212342834353706e+01
2.400000000000000000e+02 -2.085278136226971224e+00 2.810012122997709749e+00 3.499221775883935681e+00 -2.443078507776064967e+01
2.500000000000000000e+02 -2.006790874822441673e+00 2.520387699245545843e+00 3.221733038254237069e+00 -2.550676997336285012e+01
2.600000000000000000e+02 -1.909333639829727813e+00 2.272275666299893970e+00 2.967960857532333296e+00 -2.659038335789339058e+01
2.700000000000000000e+02 -1.800416738750983292e+00 2.063561571858328669e+00 2.738573861341910831e+00 -2.768180256572759390e+01
2.800000000000000000e+02 -1.686416074033460610e+00 1.891297328575294756e+00 2.533970157644812815e+00 -2.878100901080507867e+01
2.900000000000000000e+02 -1.572582059831379553e+00 1.751977841089889409e+00 2.354238877126425766e+00 -2.988771398815991276e+01
3.000000000000000000e+02 -1.463096036784559573e+00 1.641779902993198759e+00 2.199111471191727230e+00 -3.100129154063582604e+01
3.100000000000000000e+02 -1.361157546842666877e+00 1.556758311069413869e+00 2.067908679417551188e+00 -3.212073977950638692e+01
3.200000000000000000e+02 -1.269089511980643792e+00 1.492998711207562890e+00 1.959498237071600979e+00 -3.324469381899412213e+01
3.300000000000000000e+02 -1.188451643417120174e+00 1.446733093508590473e+00 1.872285756126395917e+00 -3.437150610837647946e+01
3.400000000000000000e+02 -1.120153190257922482e+00 1.414424590432715068e+00 1.804256104788274140e+00 -3.549939073686530122e+01
3.500000000000000000e+02 -1.064563501714815175e+00 1.392824610929936480e+00 1.753070405316180747e+00 -3.662660067376383211e+01
3.600000000000000000e+02 -1.021616245033332593e+00 1.379005849907607217e+00 1.716204208768702610e+00 -3.775159380529694886e+01
3.700000000000000000e+02 -9.909016579259447566e-01 1.370374790932307851e+00 1.691098212199147355e+00 -3.887314983323845752e+01
3.800000000000000000e+02 -9.717473261755344982e-01 1.364668731122353762e+00 1.675295081957920651e+00 -3.999041916156746623e+01
3.900000000000000000e+02 -9.632885925466111443e-01 1.359943504747823217e+00 1.666544703461693366e+00 -4.110290904858337768e+01
4.000000000000000000e+02 -9.645277311524570463e-01 1.354554776216716494e+00 1.662868721797853055e+00 -4.221042782944714844e+01
4.100000000000000000e+02 -9.743808699013943864e-01 1.347135196539525737e+00 1.662585732341458788e+00 -4.331301166217383525e+01
4.200000000000000000e+02 -9.917128062118581999e-01 1.336571154855155097e+00 1.664306685078036363e+00 -4.441085334937586993e+01
4.300000000000000000e+02 -1.015365114866020102e+00 1.321979557783789616e+00 1.666912195553535980e+00 -4.550424138755233372e+01
4.400000000000000000e+02 -1.044180353982907539e+00 1.302683337518375284e+00 1.669519838004892787e+00 -4.659351153496557885e+01
4.500000000000000000e+02 -1.077019560878481386e+00 1.278188628937179105e+00 1.671447667639996082e+00 -4.767901325485630792e+01
4.600000000000000000e+02 -1.112773248766830925e+00 1.248165272153180405e+00 1.672178474260540781e+00 -4.876108946517495468e+01
4.700000000000000000e+02 -1.150369844032701927e+00 1.212428234068181565e+00 1.671326718755346219e+00 -4.984006426057152339e+01
4.800000000000000000e+02 -1.188784829222543138e+00 1.170920579227987757e+00 1.668611510522829189e+00 -5.091623511197025920e+01
4.900000000000000000e+02 -1.227046693193365012e+00 1.123700695247331405e+00 1.663834979730895114e+00 -5.198987076167548338e+01
5.000000000000000000e+02 -1.264237823430316210e+00 1.070932985910566515e+00 1.656862919647592580e+00 -5.306121407634594078e+01
5.100000000000000000e+02 -1.299496183146310546e+00 1.012878485765863257e+00 1.647608314175179611e+00 -5.413048498141418463e+01
5.200000000000000000e+02 -1.332020180978766843e+00 9.498848973164765175e-01 1.636019278824256462e+00 -5.519788186024409526e+01
5.300000000000000000e+02 -1.361072678586683349e+00 8.823782888359864574e-01 1.622069752200641979e+00 -5.626358390635835605e+01
5.400000000000000000e+02 -1.385982727186536367e+00 8.108573405606036566e-01 1.605751458601375248e+00 -5.732775529507254930e+01
5.500000000000000000e+02 -1.406148579040350288e+00 7.358896948968076668e-01 1.587068829443925910e+00 -5.839054984591577835e+01
5.600000000000000000e+02 -1.421044136612747977e+00 6.581076420715499253e-01 1.566037070683336418e+00 -5.945211448089080619e+01
5.700000000000000000e+02 -1.430226650097367491e+00 5.782018730127158612e-01 1.542681326977205059e+00 -6.051259182054339192e+01
5.800000000000000000e+02 -1.433343598393158613e+00 4.969142045188028045e-01 1.517035793152951006e+00 -6.157212307363187165e+01
5.900000000000000000e+02 -1.430138738745833304e+00 4.150298848935499718e-01 1.489142913697767412e+00 -6.263085157983226026e+01
6.000000000000000000e+02 -1.420458332820446090e+00 3.333688758207760672e-01 1.459053351541693688e+00 -6.368892651766552859e+01
6.100000000000000000e+02 -1.404258223751859047e+00 2.527749470535278209e-01 1.426827366163349042e+00 -6.474650612477464051e+01
6.200000000000000000e+02 -1.381610896734543292e+00 1.741015084294422754e-01 1.392537254515309630e+00 -6.580376004099046838e+01
6.300000000000000000e+02 -1.352710440385913815e+00 9.819524919400714202e-02 1.356269826580730919e+00 -6.686087171784087957e+01
6.400000000000000000e+02 -1.317875944925987364e+00 2.587848682040274489e-02 1.318130002046337568e+00 -6.791804133510616737e+01
6.500000000000000000e+02 -1.277551440567749053e+00 -4.206921098227470873e-02 1.278243913269060616e+00 -6.897548967786858043e+01
6.600000000000000000e+02 -1.232302011159774446e+00 -1.049297547331674990e-01 1.236761294727801497e+00 -7.003346286326407721e+01
6.700000000000000000e+02 -1.182807791185697566e+00 -1.620674811554580486e-01 1.193859346547013978e+00 -7.109223600686495104e+01
6.800000000000000000e+02 -1.129853422184727174e+00 -2.129502778379422090e-01 1.149746309606513250e+00 -7.215211668979961246e+01
6.900000000000000000e+02 -1.074312758166999338e+00 -2.571684784278420177e-01 1.104664441655146767e+00 -7.321344912975561670e+01
7.000000000000000000e+02 -1.017130062572621840e+00 -2.944518436243190873e-01 1.058893503806093817e+00 -7.427661782883924957e+01
7.100000000000000000e+02 -9.592962182746829214e-01 -3.246840130105569378e-01 1.012753149933757424e+00 -7.534204933486213918e+01
7.200000000000000000e+02 -9.018200462961042385e-01 -3.479128672230633046e-01 9.666037239121730851e-01 -7.641021094647693701e+01
7.300000000000000000e+02 -8.456984506193734319e-01 -3.643557795297316937e-01 9.208479806443229387e-01 -7.748160551140689734e+01
7.400000000000000000e+02 -7.918867764511552387e-01 -3.743998282354626395e-01 8.759337292860378543e-01 -7.855675991812270809e+01
7.500000000000000000e+02 -7.412686577587480619e-01 -3.785958347673812896e-01 8.323545092559216929e-01 -7.963620439934395279e+01
7.600000000000000000e+02 -6.946241075235423112e-01 -3.776448244300508739e-01 7.906442083337369420e-01 -8.072043863362699767e+01
7.700000000000000000e+02 -6.525991452749675403e-01 -3.723777593654057361e-01 7.513659827831029592e-01 -8.180988065239435514e+01
7.800000000000000000e+02 -6.156808228308924269e-01 -3.637283897262179599e-01 7.150952503649792291e-01 -8.290479908790352681e+01
7.900000000000000000e+02 -5.841777949851428842e-01 -3.527008190762105921e-01 6.823939946473250862e-01 -8.400523069453140579e+01
8.000000000000000000e+02 -5.582070232535336629e-01 -3.403348546503897065e-01 6.537758745162389751e-01 -8.511089118618778571e+01
8.100000000000000000e+02 -5.376886194603958113e-01 -3.276699431715099364e-01 6.296639128576823063e-01 -8.622110134689995675e+01
8.200000000000000000e+02 -5.223496020822121499e-01 -3.157066381759591756e-01 6.103439916832239520e-01 -8.733476088042695551e+01
8.300000000000000000e+02 -5.117356640890000641e-01 -3.053668723860618051e-01 5.959214014041241958e-01 -8.845039738478467939e+01
8.400000000000000000e+02 -5.052306708421252512e-01 -2.974570911363360048e-01 5.862923774251840303e-01 -8.956629725038492040e+01
8.500000000000000000e+02 -5.020843124260601087e-01 -2.926382218807909719e-01 5.811417948228302377e-01 -9.068069600342752778e+01
8.600000000000000000e+02 -5.014459152619941129e-01 -2.914031183462625352e-01 5.799687778793483073e-01 -9.179198161211138540e+01
8.700000000000000000e+02 -5.024019018955974136e-01 -2.940595856064672220e-01 5.821328979840949547e-01 -9.289886123329590362e+01
8.800000000000000000e+02 -5.040172199778938378e-01 -3.007212034835842762e-01 5.869127705706018716e-01 -9.400045570386043892e+01
8.900000000000000000e+02 -5.053780593962081680e-01 -3.113111607864406105e-01 5.935668637561217764e-01 -9.509630860720544376e+01
9.000000000000000000e+02 -5.056291947034438072e-01 -3.255767388066110324e-01 6.013826530491225286e-01 -9.618632937401292793e+01
9.100000000000000000e+02 -5.040055066461981426e-01 -3.431080631636785894e-01 6.097086958028578030e-01 -9.727070945040711081e+01
9.200000000000000000e+02 -4.998601716464479150e-01 -3.633626200697498421e-01 6.179745826992966151e-01 -9.834983622009868043e+01
9.300000000000000000e+02 -4.926865881200016006e-01 -3.856970447386608436e-01 6.257014339391149260e-01 -9.942421488866649781e+01
9.400000000000000000e+02 -4.821312789656158060e-01 -4.094007093831132371e-01 6.325025778606888638e-01 -1.004944082428635852e+02
9.500000000000000000e+02 -4.679996199851829131e-01 -4.337282857226869015e-01 6.380782633362590550e-01 -1.015609971912950158e+02
9.600000000000000000e+02 -4.502538602860163275e-01 -4.579344592484893006e-01 6.422090840759462349e-01 -1.026245523291917294e+02
9.700000000000000000e+02 -4.290015595324183084e-01 -4.813066029437694238e-01 6.447467596805107615e-01 -1.036856136792063836e+02
9.800000000000000000e+02 -4.044794065480368239e-01 -5.031906252060479590e-01 6.456038999392006428e-01 -1.047446825897295497e+02
9.900000000000000000e+02 -3.770342174571070792e-01 -5.230116474836714602e-01 6.447448988065569431e-01 -1.058022204100634696e+02
1.000000000000000000e+03 -3.471000653257873547e-01 -5.402892309255288295e-01 6.421766956245494873e-01 -1.068586488944052633e+02
1.010000000000000000e+03 -3.151728123457037678e-01 -5.546467317873298164e-01 6.379395729410948235e-01 -1.079143506218413506e+02
1.020000000000000000e+03 -2.817850401267541494e-01 -5.658156381468031348e-01 6.320997905479091017e-01 -1.089696698851030590e+02
1.030000000000000000e+03 -2.474837094393730619e-01 -5.736350082570327302e-01 6.247441949597595245e-01 -1.100249158301808876e+02
1.040000000000000000e+03 -2.128100689962182934e-01 -5.780466047887596881e-01 6.159756511210388030e-01 -1.110803660970098434e+02
1.050000000000000000e+03 -1.782819476478412213e-01 -5.790858214495407941e-01 6.059082780924824885e-01 -1.121362703679659347e+02
1.060000000000000000e+03 -1.443796791668589541e-01 -5.768695261229500604e-01 5.946628809045021447e-01 -1.131928544576951197e+02
1.070000000000000000e+03 -1.115355701616386475e-01 -5.715829423433307355e-01 5.823634976448481826e-01 -1.142503238979651172e+02
1.080000000000000000e+03 -8.012603640504910307e-02 -5.634655653035870460e-01 5.691341010630747155e-01 -1.153088661599598765e+02
1.090000000000000000e+03 -5.046736175818510028e-02 -5.527966527224458249e-01 5.550955718288265173e-01 -1.163686532650535099e+02
1.100000000000000000e+03 -2.281492285539472170e-02 -5.398828803000818022e-01 5.403647334403033353e-01 -1.174298449134242333e+02
1.110000000000000000e+03 2.636322074597320479e-03 -5.250476359538298610e-01 5.250542545440294306e-01 -1.184925899515461509e+02
1.120000000000000000e+03 2.575000918485503484e-02 -5.086212335214674862e-01 5.092726403037172167e-01 -1.195570271247678846e+02
1.130000000000000000e+03 4.644444643601305933e-02 -4.909315865789277145e-01 4.931236247693380204e-01 -1.206232870303734330e+02
1.140000000000000000e+03 6.468636134540631244e-02 -4.722959205633772140e-01 4.767051100260163987e-01 -1.216914963958559639e+02
1.150000000000000000e+03 8.048383627880763280e-02 -4.530153326148694815e-01 4.601092690723745382e-01 -1.227617831429720496e+02
1.160000000000000000e+03 9.387992264077928140e-02 -4.333713773038575523e-01 4.434232634191412892e-01 -1.238342803070473508e+02
1.170000000000000000e+03 1.049468360901797959e-01 -4.136233965038424998e-01 4.267296012004721528e-01 -1.249091290138564005e+02
1.180000000000000000e+03 1.137809743564742737e-01 -3.940067092047943587e-01 4.101065678868116571e-01 -1.259864799852552153e+02
1.190000000000000000e+03 1.204986687578818161e-01 -3.747319565555419785e-01 3.936292271114611996e-01 -1.270664939588199900e+02
1.200000000000000000e+03 1.252322109066269229e-01 -3.559854857172659592e-01 3.773708688941418976e-01 -1.281493422441207599e+02
1.210000000000000000e+03 1.281258579705445155e-01 -3.379297301597329883e-01 3.614038433754103163e-01 -1.292352074819522443e+02
1.220000000000000000e+03 1.293318461508836947e-01 -3.207038566015629755e-01 3.458000723943124299e-01 -1.303242845632199760e+02
1.230000000000000000e+03 1.290070248010389553e-01 -3.044249627861837504e-01 3.306317746608532504e-01 -1.314167802641233322e+02
1.240000000000000000e+03 1.273104067326914224e-01 -2.891888484889609812e-01 3.159717230272585109e-01 -1.325129091498440630e+02
1.250000000000000000e+03 1.244015698174956858e-01 -2.750707955055997078e-01 3.018935128702515125e-01 -1.336128851457264659e+02
1.260000000000000000e+03 1.204394587692723811e-01 -2.621272098081031121e-01 2.884724204329012776e-01 -1.347169102155119162e+02
1.270000000000000000e+03 1.155811772192050224e-01 -2.503977356275043920e-01 2.757862116472809544e-01 -1.358251604725258233e+02
1.280000000000000000e+03 1.099808299682979995e-01 -2.399068300546275123e-01 2.639148917120358595e-01 -1.369377676806927582e+02
1.290000000000000000e+03 1.037884908933745798e-01 -2.306645593222065305e-01 2.529391028869040770e-01 -1.380547951683470274e+02
1.300000000000000000e+03 9.714914525753748364e-02 -2.226671322639383888e-01 2.429374574142825483e-01 -1.391762102138544890e+02
1.310000000000000000e+03 9.020174673519877617e-02 -2.158974336995474474e-01 2.339830271454137467e-01 -1.403018554010353967e+02
1.320000000000000000e+03 8.307839136428249449e-02 -2.103259518422470609e-01 2.261393931406558699e-01 -1.414314238839892823e+02
1.330000000000000000e+03 7.590387430231911037e-02 -2.059120470627441857e-01 2.194565315949198181e-01 -1.425644430117624495e+02
1.340000000000000000e+03 6.879543485646248679e-02 -2.026050291622007726e-01 2.139663751595236030e-01 -1.437002719679702238e+02
1.350000000000000000e+03 6.186240484790091892e-02 -2.003451949568211543e-01 2.096786929467376048e-01 -1.448381196109465634e+02
1.360000000000000000e+03 5.520571019911856697e-02 -1.990650698380843076e-01 2.065782478099532360e-01 -1.459770846101950497e+02
1.370000000000000000e+03 4.891696654560313828e-02 -1.986903560285163683e-01 2.046233789056427499e-01 -1.471162148553992211e+02
1.380000000000000000e+03 4.307774706159230027e-02 -1.991405515644240343e-01 2.037465375639192500e-01 -1.482545751403997372e+02
1.390000000000000000e+03 3.775930342885510521e-02 -2.003298670878457532e-01 2.038573536639438910e-01 -1.493913110733749647e+02
1.400000000000000000e+03 3.302271605920809039e-02 -2.021684250225526669e-01 2.048476796354466445e-01 -1.505256983028308184e+02
1.410000000000000000e+03 2.891864565063602399e-02 -2.045635277535547969e-01 2.065974950313929359e-01 -1.516571740650937556e+02
1.420000000000000000e+03 2.548691510151345624e-02 -2.074206361026338097e-01 2.089806285822037313e-01 -1.527853483810367834e+02
1.430000000000000000e+03 2.275681101755233637e-02 -2.106438487599801290e-01 2.118695435122895931e-01 -1.539099938689249143e+02
1.440000000000000000e+03 2.074752670948488281e-02 -2.141370649230188716e-01 2.151398206711300221e-01 -1.550310235015511466e+02
1.450000000000000000e+03 1.946806810569031224e-02 -2.178061345990917053e-01 2.186744565438895893e-01 -1.561484653661793516e+02
1.460000000000000000e+03 1.891806132309588676e-02 -2.215597052138840450e-01 2.223659057020379026e-01 -1.572624317862522787e+02
1.470000000000000000e+03 1.908854947544620997e-02 -2.253096823343681832e-01 2.261168407586893192e-01 -1.583730914630373547e+02
1.480000000000000000e+03 1.996253601766541028e-02 -2.289721775598496933e-01 2.298407295079702151e-01 -1.594806476698003905e+02
1.490000000000000000e+03 2.151563831870187751e-02 -2.324683152646492279e-01 2.334618604702822509e-01 -1.605853209481588806e+02
1.500000000000000000e+03 2.371648611158972547e-02 -2.357245769048213757e-01 2.369146425834382230e-01 -1.616873374503379637e+02
1.510000000000000000e+03 2.652708803179031766e-02 -2.386727827570077343e-01 2.401424236331851370e-01 -1.627869211441084474e+02
1.520000000000000000e+03 2.990353020626788580e-02 -2.412504363312980571e-01 2.430966765483207337e-01 -1.638842878056285599e+02
1.530000000000000000e+03 3.379705115177722430e-02 -2.434014694087112407e-01 2.457366801616633623e-01 -1.649796400973125969e+02
1.540000000000000000e+03 3.815516839901912649e-02 -2.450766976474962888e-01 2.480290398428373899e-01 -1.660731642555871588e+02
1.550000000000000000e+03 4.292220162063423161e-02 -2.462340645506459202e-01 2.499470542676869300e-01 -1.671650304277522991e+02
1.560000000000000000e+03 4.804001983730422920e-02 -2.468386701030203800e-01 2.514700231920224405e-01 -1.682553927634883166e+02
1.570000000000000000e+03 5.344844357005237856e-02 -2.468628336004148327e-01 2.525826493116405391e-01 -1.693443913606460001e+02
1.580000000000000000e+03 5.908545062706350992e-02 -2.462862062588151713e-01 2.532745266882613366e-01 -1.704321552590277804e+02
1.590000000000000000e+03 6.488797422038737606e-02 -2.450954812415449269e-01 2.535394330739306201e-01 -1.715188029196827131e+02
1.600000000000000000e+03 7.079288516624254735e-02 -2.432843521750821525e-01 2.533750354778667169e-01 -1.726044422634906255e+02
1.610000000000000000e+03 7.673762797928490587e-02 -2.408537924928792762e-01 2.527829363428039655e-01 -1.736891724797682173e+02
1.620000000000000000e+03 8.266087212817624374e-02 -2.378120100642555912e-01 2.517684887188869625e-01 -1.747730855718473322e+02
1.630000000000000000e+03 8.850324190304310890e-02 -2.341742536919916295e-01 2.503405778525523706e-01 -1.758562674603161327e+02
1.640000000000000000e+03 9.420783481842011364e-02 -2.299625715919653424e-01 2.485113689036469731e-01 -1.769387998013156391e+02
1.650000000000000000e+03 9.972081289926511272e-02 -2.252053853778311909e-01 2.462959726192608667e-01 -1.780207612127381083e+02
1.660000000000000000e+03 1.049920873728953652e-01 -2.199367090677545045e-01 2.437119086267057755e-01 -1.791022274180829186e+02
1.670000000000000000e+03 1.099758444201801161e-01 -2.141955371106692152e-01 2.407787666594787823e-01 -1.801832719431320413e+02
1.680000000000000000e+03 1.146309766372769212e-01 -2.080255400399178001e-01 2.375181805961711357e-01 -1.812639675448936600e+02
1.690000000000000000e+03 1.189215641362865866e-01 -2.014745244574695504e-01 2.339536758035325736e-01 -1.823443869704057647e+02
1.700000000000000000e+03 1.228172053003082076e-01 -1.945938810593270119e-01 2.301105048960380706e-01 -1.834246041071951936e+02
1.710000000000000000e+03 1.262931929179231805e-01 -1.874376458766394693e-01 2.260151359293891826e-01 -1.845046946130289029e+02
1.720000000000000000e+03 1.293309732132317535e-01 -1.800613479156424057e-01 2.216948119498507452e-01 -1.855847344544914392e+02
1.730000000000000000e+03 1.319185787996938752e-01 -1.725210725477323292e-01 2.171774203400320402e-01 -1.866647984053685150e+02
1.740000000000000000e+03 1.340506174037555676e-01 -1.648725771084419423e-01 2.124912579583150551e-01 -1.877449597230274776e+02
1.750000000000000000e+03 1.357279165093718265e-01 -1.571705474510691480e-01 2.076647497916865870e-01 -1.888252908994094525e+02
1.760000000000000000e+03 1.369571142053246926e-01 -1.494677644323712251e-01 2.027260805517168141e-01 -1.899058637546388297e+02
1.770000000000000000e+03 1.377501059991517451e-01 -1.418143900028917270e-01 1.977028399256566538e-01 -1.909867497440135651e+02
1.780000000000000000e+03 1.381236575336297345e-01 -1.342574759212380731e-01 1.926219473767443180e-01 -1.920680197953592767e+02
1.790000000000000000e+03 1.380995696243784987e-01 -1.268401899927583953e-01 1.875097995514837523e-01 -1.931497405275140125e+02
1.800000000000000000e+03 1.377042050297517528e-01 -1.196007916272704835e-01 1.823918787686164555e-01 -1.942319708084965839e+02
1.810000000000000000e+03 1.369672759208545587e-01 -1.125721410734253913e-01 1.772921927751887616e-01 -1.953147618730169484e+02
1.820000000000000000e+03 1.359207925575030285e-01 -1.057818504196784831e-01 1.722331609408333519e-01 -1.963981588688363615e+02
1.830000000000000000e+03 1.345984954959276170e-01 -9.925227857596058412e-02 1.672356714109981268e-01 -1.974821997739382482e+02
1.840000000000000000e+03 1.330352950084420227e-01 -9.300030987366690594e-02 1.623189679445420364e-01 -1.985669128211660563e+02
1.850000000000000000e+03 1.312666301792090040e-01 -8.703745889489554466e-02 1.575006268225173089e-01 -1.996523151943417247e+02
1.860000000000000000e+03 1.293279730210984690e-01 -8.137020366690578266e-02 1.527967102084979434e-01 -2.007384121537250223e+02
1.870000000000000000e+03 1.272542111717586133e-01 -7.600020582633569555e-02 1.482216770468878508e-01 -2.018251959428527584e+02
1.880000000000000000e+03 1.250788358006776901e-01 -7.092447745761430722e-02 1.437880268585967070e-01 -2.029126448806446490e+02
1.890000000000000000e+03 1.228333148975526562e-01 -6.613575843775197638e-02 1.395061353233541801e-01 -2.040007228812648066e+02
1.900000000000000000e+03 1.205466653281603573e-01 -6.162300800178335813e-02 1.353842444190879735e-01 -2.050893791615614532e+02
1.910000000000000000e+03 1.182450151142535044e-01 -5.737170982704617450e-02 1.314282948525500316e-01 -2.061785470734296268e+02
1.920000000000000000e+03 1.159512867780738560e-01 -5.336430494844576766e-02 1.276418816381278409e-01 -2.072681435634012530e+02
1.930000000000000000e+03 1.136848872613608202e-01 -4.958092516538664674e-02 1.240262945180738291e-01 -2.083580712200113965e+02
1.940000000000000000e+03 1.114613353695842884e-01 -4.600014917736987285e-02 1.205804420572060415e-01 -2.094482216070789491e+02
1.950000000000000000e+03 1.092919796365968838e-01 -4.259964118085197288e-02 1.173007512406619018e-01 -2.105384783142999652e+02
1.960000000000000000e+03 1.071840368476636024e-01 -3.935660990072985949e-02 1.141812615880536536e-01 -2.116287182828656057e+02
1.970000000000000000e+03 1.051407432804171566e-01 -3.624822294892678098e-02 1.112138011422759004e-01 -2.127188129077242706e+02
1.980000000000000000e+03 1.031612626930893950e-01 -3.325242882902393338e-02 1.083880535089633418e-01 -2.138086338068790155e+02
1.990000000000000000e+03 1.012406352684204619e-01 -3.034902610594064631e-02 1.056916724020034032e-01 -2.148980615602311843e+02
2.000000000000000000e+03 9.937008331721400300e-02 -2.752044624491237212e-02 1.031105640562069853e-01 -2.159869919788145580e+02
2.010000000000000000e+03 9.753777696204006531e-02 -2.475219595659235508e-02 1.006294645686352657e-01 -2.170753387620391663e+02
2.020000000000000000e+03 9.572983539212141790e-02 -2.203314220886162800e-02 9.823268671780581440e-02 -2.181630346726187497e+02
2.030000000000000000e+03 9.393135138716630916e-02 -1.935577976072372711e-02 9.590487466007634187e-02 -2.192500332429181356e+02
2.040000000000000000e+03 9.212715087892850430e-02 -1.671677120263895602e-02 9.363152443760720811e-02 -2.203363149186949670e+02
2.050000000000000000e+03 9.030137762468973261e-02 -1.411669893967428674e-02 9.139813996942287855e-02 -2.214218882794935155e+02
2.060000000000000000e+03 8.843858821864958308e-02 -1.155889656822743985e-02 8.919076171881729076e-02 -2.225067777025793418e+02
2.070000000000000000e+03 8.652543549031924131e-02 -9.049901484678990471e-03 8.699742354617055751e-02 -2.235910281613396933e+02
2.080000000000000000e+03 8.455077151623484333e-02 -6.599513782035978937e-03 8.480793916933621057e-02 -2.246747106142955772e+02
2.090000000000000000e+03 8.250578417072899906e-02 -4.220078080661833486e-03 8.261363979775857014e-02 -2.257579190328281697e+02
2.100000000000000000e+03 8.038457863648722224e-02 -1.925604298036621455e-03 8.040763915498461145e-02 -2.268407650092833023e+02
2.110000000000000000e+03 7.818442500089430036e-02 2.689190181939448364e-04 7.818488747935121996e-02 -2.279233751592084900e+02
2.120000000000000000e+03 7.590595176271970612e-02 2.348188292712995087e-03 7.594226426215092141e-02 -2.290058890592949581e+02
2.130000000000000000e+03 7.355351296714326970e-02 4.297085306520860744e-03 7.367892651185432851e-02 -2.300884598105690486e+02
2.140000000000000000e+03 7.113529576914788544e-02 6.100962568145539000e-03 7.139644282751110571e-02 -2.311712584419536256e+02
2.150000000000000000e+03 6.866275931542815958e-02 7.746379136972129237e-03 6.909834228505147558e-02 -2.322544719466044683e+02
2.160000000000000000e+03 6.615004660983425655e-02 9.222131856246222961e-03 6.678979250197769613e-02 -2.333382951748967571e+02
2.170000000000000000e+03 6.361354589241929869e-02 1.051978180615390293e-02 6.447750794080074621e-02 -2.344229277529352089e+02
2.180000000000000000e+03 6.107139542988665459e-02 1.163370167216425458e-02 6.216959348709381883e-02 -2.355085765187215543e+02
2.190000000000000000e+03 5.854299671719580267e-02 1.256108311863641733e-02 5.987539790049742350e-02 -2.365954575343232023e+02
2.200000000000000000e+03 5.604856722242253925e-02 1.330208318727258733e-02 5.760544509686162107e-02 -2.376837945252972872e+02
2.210000000000000000e+03 5.360872727835715168e-02 1.385993326999925349e-02 5.537141311772805080e-02 -2.387738158461293949e+02
2.220000000000000000e+03 5.124411833939223476e-02 1.424073219676308052e-02 5.318607071293723898e-02 -2.398657545291823112e+02
2.230000000000000000e+03 4.897467106097494471e-02 1.445308340105222293e-02 5.106280471466944498e-02 -2.409598469929551356e+02
2.240000000000000000e+03 4.681860502183668449e-02 1.450811721076816427e-02 4.901496956228922064e-02 -2.420563191313721632e+02
2.250000000000000000e+03 4.479211491910385645e-02 1.441945725558473577e-02 4.705586367788653496e-02 -2.431553714778488313e+02
2.260000000000000000e+03 4.290944832027476091e-02 1.420281154881514359e-02 4.519890055124668043e-02 -2.442571701399153881e+02
2.270000000000000000e+03 4.118280456509168519e-02 1.387557979759752869e-02 4.345750920803024414e-02 -2.453618337470474273e+02
2.280000000000000000e+03 3.962212911369158291e-02 1.345652625446317266e-02 4.184484692694075136e-02 -2.464694155196035581e+02
2.290000000000000000e+03 3.823490920402727866e-02 1.296534147073210262e-02 4.037336202612925445e-02 -2.475798858746085500e+02
2.300000000000000000e+03 3.702583491563886386e-02 1.242212128474953076e-02 3.905408491327340414e-02 -2.486931165322470179e+02
2.310000000000000000e+03 3.599643093216002565e-02 1.184712049830363885e-02 3.789587449782751138e-02 -2.498088615422122416e+02
2.320000000000000000e+03 3.514513433552571287e-02 1.126069318213784691e-02 3.690506304566345402e-02 -2.509267439876297487e+02
2.330000000000000000e+03 3.446753062782451776e-02 1.068302853101107085e-02 3.608514606003996456e-02 -2.520462594727639214e+02
2.340000000000000000e+03 3.395646713834001018e-02 1.013380062291199639e-02 3.543635951367037074e-02 -2.531667942322631006e+02
2.350000000000000000e+03 3.360219709255845427e-02 9.631791636772397622e-03 3.495538670335864712e-02 -2.542876578029607515e+02
2.360000000000000000e+03 3.339250765290460721e-02 9.194459798898524036e-03 3.463520836291957006e-02 -2.554081277726064343e+02
2.370000000000000000e+03 3.331277944142038011e-02 8.837585129641925899e-03 3.446511547980636581e-02 -2.565274969486365535e+02
2.380000000000000000e+03 3.334613389887012419e-02 8.575082794044322845e-03 3.443104254776625794e-02 -2.576451145203073452e+02
2.390000000000000000e+03 3.347375501717764906e-02 8.418808982770743105e-03 3.451620807154816978e-02 -2.587604202798635242e+02
2.400000000000000000e+03 3.367529917243712589e-02 8.378275372263153595e-03 3.470189148398997170e-02 -2.598729696487345109e+02
2.410000000000000000e+03 3.392936288964501501e-02 8.460396759885935661e-03 3.496827103864171699e-02 -2.609824448322265198e+02
2.420000000000000000e+03 3.421394701401421490e-02 8.669321591270491567e-03 3.529520232454605444e-02 -2.620886521270218736e+02
2.430000000000000000e+03 3.450689539881339474e-02 9.006322812758331756e-03 3.566286136406135454e-02 -2.631915095550887713e+02
2.440000000000000000e+03 3.478635224297742246e-02 9.469754531244737802e-03 3.605227528540370235e-02 -2.642910291382769401e+02
2.450000000000000000e+03 3.503121827747476130e-02 1.005506945429814926e-02 3.644572232422951114e-02 -2.653872974892908587e+02
2.460000000000000000e+03 3.522159106124119615e-02 1.075488686477139334e-02 3.682700189208100439e-02 -2.664804575717096782e+02
2.470000000000000000e+03 3.533919531827969807e-02 1.155915029044755210e-02 3.718161751700261447e-02 -2.675706922710029403e+02
2.480000000000000000e+03 3.536775914560019718e-02 1.245541565428918106e-02 3.749687675130154718e-02 -2.686582092076521917e+02
2.490000000000000000e+03 3.529330414993580439e-02 1.342922066696876186e-02 3.776190256782643861e-02 -2.697432279138520244e+02
2.500000000000000000e+03 3.510442447872343802e-02 1.446442383868224921e-02 3.796762008563924623e-02 -2.708259723658231906e+02
2.510000000000000000e+03 3.479254637641110426e-02 1.554349920192007323e-02 3.810671398579005414e-02 -2.719066684524096900e+02
2.520000000000000000e+03 3.435207259793987555e-02 1.664790279923841418e-02 3.817351908570942864e-02 -2.729855418669265532e+02
2.530000000000000000e+03 3.378045734198568267e-02 1.775853762749018960e-02 3.816392218968982231e-02 -2.740628155918678885e+02
2.540000000000000000e+03 3.307823936484075023e-02 1.885622835568560168e-02 3.807528420484162374e-02 -2.751387089283178398e+02
2.550000000000000000e+03 3.224897138598076252e-02 1.992219128750317286e-02 3.790633009339829801e-02 -2.762134371208088623e+02
2.560000000000000000e+03 3.129906245760812750e-02 2.093851322173500423e-02 3.765703980216748153e-02 -2.772872107943137507e+02
2.570000000000000000e+03 3.023760299065844995e-02 2.188858640327699320e-02 3.732857952500200777e-02 -2.783602368860499041e+02
2.580000000000000000e+03 2.907612908897079171e-02 2.275743379681370235e-02 3.692319157135325047e-02 -2.794327215581463406e+02
2.590000000000000000e+03 2.782824462234576718e-02 2.353195897609909604e-02 3.644398842077972711e-02 -2.805048723250540093e+02
2.600000000000000000e+03 2.650918194621858237e-02 2.420120594116806356e-02 3.589477812251455624e-02 -2.815768980270198085e+02
2.610000000000000000e+03 2.513540390945742317e-02 2.475662692222663913e-02 3.528001000932233511e-02 -2.826490083172079153e+02
2.620000000000000000e+03 2.372424901430817204e-02 2.519228380948526635e-02 3.460478514353983875e-02 -2.837214145195794117e+02
2.630000000000000000e+03 2.229358611105725779e-02 2.550493255524173206e-02 3.387485153234703894e-02 -2.847943322818160823e+02
2.640000000000000000e+03 2.086141799588702231e-02 2.569400384023104791e-02 3.309653447327871867e-02 -2.858679841058576585e+02
2.650000000000000000e+03 1.944541792550037382e-02 2.576151849199716584e-02 3.227661867840067589e-02 -2.869425998285393575e+02
2.660000000000000000e+03 1.806249146089265040e-02 2.571195047804424386e-02 3.142225318401307282e-02 -2.880184162090587847e+02
2.670000000000000000e+03 1.672842778769365046e-02 2.555205968354020904e-02 3.054092418901697276e-02 -2.890956766833428446e+02
2.680000000000000000e+03 1.545760494607103727e-02 2.529070412823569008e-02 2.964046669623738445e-02 -2.901746303715890463e+02
2.690000000000000000e+03 1.426273528975250358e-02 2.493860197491874764e-02 2.872907040627964079e-02 -2.912555303325398199e+02
2.700000000000000000e+03 1.315466951915969865e-02 2.450804998916982641e-02 2.781528077208562932e-02 -2.923386311187313140e+02
2.710000000000000000e+03 1.214224264136452847e-02 2.401261789544656411e-02 2.690798904701894798e-02 -2.934241844548456015e+02
2.720000000000000000e+03 1.123214419161528387e-02 2.346678483712793389e-02 2.601636127004109886e-02 -2.945124325029231613e+02
2.730000000000000000e+03 1.042886924183061663e-02 2.288552068958116942e-02 2.514971910174045033e-02 -2.956036000294926112e+02
2.740000000000000000e+03 9.734786374540557036e-03 2.228389525710944979e-02 2.431744340155365600e-02 -2.966978856183549169e+02
2.750000000000000000e+03 9.150281574438940552e-03 2.167675599210659720e-02 2.352890569560866715e-02 -2.977954505987180482e+02
2.760000000000000000e+03 8.673947416887328038e-03 2.107844915575530706e-02 2.279338462367289445e-02 -2.988964057754950545e+02
2.770000000000000000e+03 8.302825703480265149e-03 2.050257953190840962e-02 2.211996116914770327e-02 -3.000007975147610182e+02
2.780000000000000000e+03 8.032701114743915488e-03 1.996185119043249537e-02 2.151742991501957511e-02 -3.011085942452556878e+02
2.790000000000000000e+03 7.858378410756162655e-03 1.946801331668828947e-02 2.099422905813383422e-02 -3.022196724014074789e+02
2.800000000000000000e+03 7.773900110658677788e-03 1.903188612898495946e-02 2.055836113500171883e-02 -3.033338026242947763e+02
2.810000000000000000e+03 7.772707546275171159e-03 1.866346675010205694e-02 2.021731865832084030e-02 -3.044506388658409719e+02
2.820000000000000000e+03 7.847707170306720756e-03 1.837209768968934079e-02 1.997799993368635368e-02 -3.055697116940796718e+02
2.830000000000000000e+03 7.991221057473393841e-03 1.816661818623729538e-02 1.984655210140879450e-02 -3.066904288070887787e+02
2.840000000000000000e+03 8.194845152691950310e-03 1.805543119504809599e-02 1.982811344318250249e-02 -3.078120871436327093e+02
2.850000000000000000e+03 8.449250043451232359e-03 1.804646637858894898e-02 1.992648426216481194e-02 -3.089338991142344071e+02
2.860000000000000000e+03 8.743995477419979484e-03 1.814705059546131011e-02 2.014380555464567041e-02 -3.100550336381238026e+02
2.870000000000000000e+03 9.067397868743429235e-03 1.836372246559753521e-02 2.048033219710033298e-02 -3.111746670535929979e+02
2.880000000000000000e+03 9.406416957410502350e-03 1.870201252908164358e-02 2.093432474704132185e-02 -3.122920334207055930e+02
2.890000000000000000e+03 9.746555789172694703e-03 1.916617375408618401e-02 2.150203632503856419e-02 -3.134064658968784443e+02
2.900000000000000000e+03 1.007183993042868111e-02 1.975881482535987027e-02 2.217775288181917173e-02 -3.145174268426413846e+02
2.910000000000000000e+03 1.036496841606461376e-02 2.048045188637914044e-02 2.295389900945605730e-02 -3.156245267395929091e+02
2.920000000000000000e+03 1.060764079360541727e-02 2.132908220710761152e-02 2.382124662992506428e-02 -3.167275295115614995e+02
2.930000000000000000e+03 1.078100126357845433e-02 2.229984872883920832e-02 2.476919945364387116e-02 -3.178263435979922633e+02
2.940000000000000000e+03 1.086615442360550424e-02 2.338481428639357582e-02 2.578609802135170895e-02 -3.189210023088249955e+02
2.950000000000000000e+03 1.084471572698815327e-02 2.457283890206535953e-02 2.685949126297891912e-02 -3.200116384502815663e+02
2.960000000000000000e+03 1.069938695880921428e-02 2.584956982518696669e-02 2.797636755266046452e-02 -3.210984580329067626e+02
2.970000000000000000e+03 1.041455938091614963e-02 2.719755859351764143e-02 2.912336245261617704e-02 -3.221817167067480341e+02
2.980000000000000000e+03 9.976941246942077485e-03 2.859649029085352054e-02 3.028693800303711506e-02 -3.232617012280430231e+02
2.990000000000000000e+03 9.376176799064403142e-03 3.002354131657423292e-02 3.145354867984459513e-02 -3.243387157021448957e+02
3.000000000000000000e+03 8.605384311768085950e-03 3.145389526224602605e-02 3.260981702373638713e-02 -3.254130706690125407e+02
3.010000000000000000e+03 7.661564735929680091e-03 3.286138634802717590e-02 3.374270716639594242e-02 -3.264850744770958499e+02
3.020000000000000000e+03 6.545876510823984626e-03 3.421922684473747978e-02 3.483968979693360252e-02 -3.275550273434729434e+02
3.030000000000000000e+03 5.263775684406005011e-03 3.550079391290732189e-02 3.588890779756973015e-02 -3.286232179654638799e+02
3.040000000000000000e+03 3.824987901802543843e-03 3.668043519877310643e-02 3.687932834014644862e-02 -3.296899215306551127e+02
3.050000000000000000e+03 2.243296163242164236e-03 3.773426141880240059e-02 3.780088441423740120e-02 -3.307553983261323651e+02
3.060000000000000000e+03 5.361712831104299562e-04 3.864091587704900077e-02 3.864463558454148129e-02 -3.318198932151105396e+02
3.070000000000000000e+03 -1.275719857759458325e-03 3.938227203134119642e-02 3.940292897115696413e-02 -3.328836364373368042e+02
3.080000000000000000e+03 -3.169117679215137633e-03 3.994399484921695026e-02 4.006951498806772538e-02 -3.339468451845669961e+02
3.090000000000000000e+03 -5.118865901484674456e-03 4.031595070104786876e-02 4.063961945007241866e-02 -3.350097253810802727e+02
3.100000000000000000e+03 -7.098658677636513620e-03 4.049246750750449403e-02 4.110998516015167831e-02 -3.360724737432214511e+02
3.110000000000000000e+03 -9.081818276356590572e-03 4.047241722106759837e-02 4.147886183251577041e-02 -3.371352796056717125e+02
3.120000000000000000e+03 -1.104208549728518708e-02 4.025912493918581969e-02 4.174595540885762956e-02 -3.381983259831815190e+02
3.130000000000000000e+03 -1.295439000824295112e-02 3.986017530779013135e-02 4.191240623077404498e-02 -3.392617902555832075e+02
3.140000000000000000e+03 -1.479556308365259122e-02 3.928716532473953277e-02 4.198082950842872002e-02 -3.403258453238938159e+02
3.150000000000000000e+03 -1.654497162644194552e-02 3.855535863950840247e-02 4.195535443707851947e-02 -3.413906611180262303e+02
3.160000000000000000e+03 -1.818506316165439257e-02 3.768317139715068181e-02 4.184158133651732364e-02 -3.424564053816124556e+02
3.170000000000000000e+03 -1.970181507796798029e-02 3.669151609577205042e-02 4.164647489011220199e-02 -3.435232430623458981e+02
3.180000000000000000e+03 -2.108508911755578932e-02 3.560309173465985022e-02 4.137826874292681312e-02 -3.445913343914222651e+02
3.190000000000000000e+03 -2.232888516005809496e-02 3.444165366006957107e-02 4.104639593595577063e-02 -3.456608317713489100e+02
3.200000000000000000e+03 -2.343145984530925832e-02 3.323124370442873121e-02 4.066139285151794402e-02 -3.467318755683854192e+02
3.210000000000000000e+03 -2.439527465142151894e-02 3.199537514217904582e-02 4.023472947351650758e-02 -3.478045888336533267e+02
3.220000000000000000e+03 -2.522677745045464118e-02 3.075621404510647111e-02 3.977857467184026108e-02 -3.488790708241331231e+02
3.230000000000000000e+03 -2.593603486131566827e-02 2.953381154954997506e-02 3.930552033711948168e-02 -3.499553895240541124e+02
3.240000000000000000e+03 -2.653621691322963910e-02 2.834542868383220504e-02 3.882826464492319246e-02 -3.510335739670177304e+02
3.250000000000000000e+03 -2.704296469861944621e-02 2.720499582386135332e-02 3.835927185788452071e-02 -3.521136070548864723e+02
3.260000000000000000e+03 -2.747370612985978316e-02 2.612273260852397000e-02 3.791044298668028861e-02 -3.531954191343724574e+02
3.270000000000000000e+03 -2.784693855425158376e-02 2.510492351870208250e-02 3.749278826286655403e-02 -3.542788832482883663e+02
3.280000000000000000e+03 -2.818144377383209609e-02 2.415382947769892721e-02 3.711605113175992648e-02 -3.553638136633783233e+02
3.290000000000000000e+03 -2.849546086329819705e-02 2.326776397157266293e-02 3.678831512924415209e-02 -3.564499689850700292e+02
3.300000000000000000e+03 -2.880592650333168789e-02 2.244135318078601185e-02 3.651569161744196157e-02 -3.575370594887212974e+02
3.310000000000000000e+03 -2.912785183169067094e-02 2.166593070044554523e-02 3.630212535713900346e-02 -3.586247573494758853e+02
3.320000000000000000e+03 -2.947381958335248964e-02 2.093003677353353145e-02 3.614930815622172805e-02 -3.597127096934541441e+02
3.330000000000000000e+03 -2.985358099886682715e-02 2.022002711194890653e-02 3.605670249570600006e-02 -3.608005546153023602e+02
3.340000000000000000e+03 -3.027375596504112629e-02 1.952076474647451362e-02 3.602166787529507280e-02 -3.618879387941128130e+02
3.350000000000000000e+03 -3.073765500469570477e-02 1.881633759821481344e-02 3.603967252622708450e-02 -3.629745341722046987e+02
3.360000000000000000e+03 -3.124526648526042283e-02 1.809074964735773658e-02 3.610459666771410198e-02 -3.640600510054635492e+02
3.370000000000000000e+03 -3.179341446497817997e-02 1.732856037067503560e-02 3.620911774487212131e-02 -3.651442462503194974e+02
3.380000000000000000e+03 -3.237602767227246853e-02 1.651546005275305457e-02 3.634511780954678001e-02 -3.662269279511652940e+02
3.390000000000000000e+03 -3.298446648123534025e-02 1.563876446581941720e-02 3.650405433741728267e-02 -3.673079563184451786e+02
3.400000000000000000e+03 -3.360788854183900665e-02 1.468781918902988849e-02 3.667727095587004077e-02 -3.683872420096874407e+02
3.410000000000000000e+03 -3.423365034345630248e-02 1.365430265123065111e-02 3.685624501667838365e-02 -3.694647419669896635e+02
3.420000000000000000e+03 -3.484774621788710308e-02 1.253243785707985891e-02 3.703278837878445917e-02 -3.705404536623030936e+02
3.430000000000000000e+03 -3.543525768478412996e-02 1.131913141159852747e-02 3.719919653836745166e-02 -3.716144090493739895e+02
3.440000000000000000e+03 -3.598079716152829260e-02 1.001403935276057137e-02 3.734834331717646477e-02 -3.726866686892610687e+02
3.450000000000000000e+03 -3.646893737504356553e-02 8.619563547161842101e-03 3.747372771700743094e-02 -3.737573163436650816e+02
3.460000000000000000e+03 -3.688461844671300782e-02 7.140790912165494338e-03 3.756948193428898825e-02 -3.748264543864894449e+02
3.470000000000000000e+03 -3.721355535173904300e-02 5.585375303205596977e-03 3.763037495421225204e-02 -3.758941998155088413e+02
3.480000000000000000e+03 -3.744265031791342568e-02 3.963355159533282421e-03 3.765182926432846661e-02 -3.769606806904398582e+02
3.490000000000000000e+03 -3.756037528511176060e-02 2.286902240620725547e-03 3.762993108439863232e-02 -3.780260330018570585e+02
3.500000000000000000e+03 -3.755710776776838983e-02 5.700242369156067372e-04 3.756143329946875359e-02 -3.790903984068226578e+02
3.510000000000000000e+03 -3.742543848700762010e-02 -1.171766382797254048e-03 3.744377761926065418e-02 -3.801539229076651054e+02
3.520000000000000000e+03 -3.716044786764136770e-02 -2.921846122919572603e-03 3.727514011361610091e-02 -3.812167556254345868e+02
3.530000000000000000e+03 -3.675991506953237009e-02 -4.662960765817586277e-03 3.705448095740631470e-02 -3.822790468455005453e+02
3.540000000000000000e+03 -3.622441398897928433e-02 -6.377771965711306890e-03 3.678157343142855751e-02 -3.833409453346516216e+02
3.550000000000000000e+03 -3.555726979281444849e-02 -8.049415076386616519e-03 3.645699546302403476e-02 -3.844025955428379575e+02
3.560000000000000000e+03 -3.476438949717255977e-02 -9.662015625928135204e-03 3.608209144529736512e-02 -3.854641352421393776e+02
3.570000000000000000e+03 -3.385399736732678383e-02 -1.120113848460830945e-02 3.565892091887164911e-02 -3.865256936783800938e+02
3.580000000000000000e+03 -3.283630576662194961e-02 -1.265414807628477585e-02 3.519020374956120800e-02 -3.875873904457395724e+02
3.590000000000000000e+03 -3.172313476071997318e-02 -1.401046029097108292e-02 3.467924850125327085e-02 -3.886493352732400126e+02
3.600000000000000000e+03 -3.052747021257807766e-02 -1.526170694659228361e-02 3.412984231583124362e-02 -3.897116275814036612e+02
3.610000000000000000e+03 -2.926297975472011426e-02 -1.640183513369177642e-02 3.354612019113335786e-02 -3.907743548557986060e+02
3.620000000000000000e+03 -2.794354692605592258e-02 -1.742711422734695079e-02 3.293244790630796281e-02 -3.918375909770614953e+02
3.630000000000000000e+03 -2.658286321816154957e-02 -1.833603840259753412e-02 3.229332626375018556e-02 -3.929013954840734186e+02
3.640000000000000000e+03 -2.519405836277129399e-02 -1.912914127245500875e-02 3.163328346233232335e-02 -3.939658132576674916e+02
3.650000000000000000e+03 -2.378937190600281110e-02 -1.980875045690383418e-02 3.095675710319160251e-02 -3.950308740219062429e+02
3.660000000000000000e+03 -2.237989885959592098e-02 -2.037870023988900062e-02 3.026799128506870232e-02 -3.960965919974195231e+02
3.670000000000000000e+03 -2.097540666299215623e-02 -2.084400913466230576e-02 2.957093846133026366e-02 -3.971629658875860400e+02
3.680000000000000000e+03 -1.958423950064432442e-02 -2.121054625151145429e-02 2.886918268857128697e-02 -3.982299794202548924e+02
3.690000000000000000e+03 -1.821333489723217167e-02 -2.148472039288406438e-02 2.816591518909235953e-02 -3.992976029629549544e+02
3.700000000000000000e+03 -1.686833158122637982e-02 -2.167320571799321097e-02 2.746394830370631202e-02 -4.003657963550276691e+02
3.710000000000000000e+03 -1.555371606208468330e-02 -2.178270810599200816e-02 2.676573286444443658e-02 -4.014345122082058879e+02
3.720000000000000000e+03 -1.427297814646631170e-02 -2.181978888073301398e-02 2.607337899025105252e-02 -4.025036987839663425e+02
3.730000000000000000e+03 -1.302877074767820435e-02 -2.179075828864955600e-02 2.538869854856496203e-02 -4.035733022460331085e+02
3.740000000000000000e+03 -1.182306110432085507e-02 -2.170163364724234795e-02 2.471326924620912552e-02 -4.046432682308938524e+02
3.750000000000000000e+03 -1.065725538412093561e-02 -2.155813327523677797e-02 2.404849688931193566e-02 -4.057135428233138441e+02
3.760000000000000000e+03 -9.532305255233193553e-03 -2.136568756077332487e-02 2.339567157453554050e-02 -4.067840735132855912e+02
3.770000000000000000e+03 -8.448807635778205274e-03 -2.112947311307580497e-02 2.275603182680533895e-02 -4.078548104358737874e+02
3.780000000000000000e+03 -7.407071238290028649e-03 -2.085446099293699479e-02 2.213082121465522953e-02 -4.089257070666423601e+02
3.790000000000000000e+03 -6.407138456825534588e-03 -2.054545439380165567e-02 2.152131779080259863e-02 -4.099967200084484489e+02
3.800000000000000000e+03 -5.448770671890769933e-03 -2.020710735034804070e-02 2.092883869934848359e-02 -4.110678078014592529e+02
3.810000000000000000e+03 -4.531409730788246888e-03 -1.984393657830414368e-02 2.035474129219135009e-02 -4.121389286784355477e+02
3.820000000000000000e+03 -3.654123259276768898e-03 -1.946032586214593504e-02 1.980042674931258712e-02 -4.132100373524298789e+02
3.830000000000000000e+03 -2.815540770649795771e-03 -1.906051121231747483e-02 1.926733913922914695e-02 -4.142810810867728719e+02
3.840000000000000000e+03 -2.013803210300669014e-03 -1.864852670085458131e-02 1.875694408698558649e-02 -4.153519961248655932e+02
3.850000000000000000e+03 -1.246552360714768548e-03 -1.822810907851201909e-02 1.827068289271465210e-02 -4.164227056720895916e+02
3.860000000000000000e+03 -5.109579786111835510e-04 -1.780260132445002016e-02 1.780993239664923830e-02 -4.174931191452365624e+02
3.870000000000000000e+03 1.962509269997907851e-04 -1.737486572840926322e-02 1.737597403044211994e-02 -4.185631310880715432e+02
3.880000000000000000e+03 8.787556730459308895e-04 -1.694717083856360149e-02 1.696993844904485724e-02 -4.196326194622812409e+02
3.890000000000000000e+03 1.540560072806321582e-03 -1.652104919500631611e-02 1.659272104995873978e-02 -4.207014462640981947e+02
3.900000000000000000e+03 2.185818660802816941e-03 -1.609717280166116093e-02 1.624489998197753415e-02 -4.217694622083793092e+02
3.910000000000000000e+03 2.818624614688697554e-03 -1.567528782185322392e-02 1.592668493492820428e-02 -4.228365136589777649e+02
3.920000000000000000e+03 3.442796358629114390e-03 -1.525420119190093460e-02 1.563788671048559065e-02 -4.239024498937641852e+02
3.930000000000000000e+03 4.061668573440569384e-03 -1.483180810422092717e-02 1.537789593022752602e-02 -4.249671303459865044e+02
3.940000000000000000e+03 4.677886037006385826e-03 -1.440517223354205456e-02 1.514567941207096459e-02 -4.260304321068022091e+02
3.950000000000000000e+03 5.293208442959248042e-03 -1.397066011586792916e-02 1.493979249165522903e-02 -4.270922574484811207e+02
3.960000000000000000e+03 5.908351901340562137e-03 -1.352412141206701425e-02 1.475840378084310699e-02 -4.281525398969699836e+02
3.970000000000000000e+03 6.522893644636568178e-03 -1.306111789606679251e-02 1.459934732082898180e-02 -4.292112477173078560e+02
3.980000000000000000e+03 7.135256312068589263e-03 -1.257719416531766395e-02 1.446021077685298931e-02 -4.302683845648643910e+02
3.990000000000000000e+03 7.742776635778644834e-03 -1.206815177885445928e-02 1.433844054941218853e-02 -4.313239870502638951e+02
4.000000000000000000e+03 8.341826322800635282e-03 -1.153027953242879815e-02 1.423142341776521130e-02 -4.323781202638396621e+02
4.010000000000000000e+03 8.927947616716769980e-03 -1.096053547687250024e-02 1.413653375430552056e-02 -4.334308731895656592e+02
4.020000000000000000e+03 9.496018037120157809e-03 -1.035670020186567689e-02 1.405117780232802843e-02 -4.344823537847790931e+02
4.030000000000000000e+03 1.004046115134568651e-02 -9.717493508833862856e-03 1.397285011105143908e-02 -4.355326827963963865e+02
4.040000000000000000e+03 1.055548714201505998e-02 -9.042638347890730524e-03 1.389919483624822358e-02 -4.365819867856287715e+02
4.050000000000000000e+03 1.103534786438363502e-02 -8.332871211173030826e-03 1.382807452648244714e-02 -4.376303911313446520e+02
4.060000000000000000e+03 1.147458317445440926e-02 -7.589911333591852459e-03 1.375764562268044083e-02 -4.386780146778217500e+02
4.070000000000000000e+03 1.186820906799495971e-02 -6.816401548638072183e-03 1.368640626877316163e-02 -4.397249684258348452e+02
4.080000000000000000e+03 1.221182890398355043e-02 -6.015820746986133387e-03 1.361318715217112174e-02 -4.407713575336662757e+02
4.090000000000000000e+03 1.250171960697980117e-02 -5.192365481729291007e-03 1.353712127549269728e-02 -4.418172828228425715e+02
4.100000000000000000e+03 1.273491939023440635e-02 -4.350809188196407863e-03 1.345762655403479925e-02 -4.428628408271244439e+02
4.110000000000000000e+03 1.290928426607276976e-02 -3.496355684246937358e-03 1.337438310102712080e-02 -4.439081243497511764e+02
4.120000000000000000e+03 1.302349307996584007e-02 -2.634497845181870638e-03 1.328728530965546904e-02 -4.449532240833254377e+02
4.130000000000000000e+03 1.307702600663359846e-02 -1.770892234557253000e-03 1.319638846368909567e-02 -4.459982306761912696e+02
4.140000000000000000e+03 1.307014075218770541e-02 -9.112467763167125161e-04 1.310186818622998545e-02 -4.470432364854698903e+02
4.150000000000000000e+03 1.300384051641017766e-02 -6.121837288320370707e-05 1.300398461493281616e-02 -4.480883370656958391e+02
4.160000000000000000e+03 1.287984358236787114e-02 7.736693560913962195e-04 1.290305913257851038e-02 -4.491336332494567500e+02
4.170000000000000000e+03 1.270055704100852591e-02 1.588100654386773560e-03 1.279946142774667471e-02 -4.501792332234535934e+02
4.180000000000000000e+03 1.246903504420748300e-02 2.377045045307146862e-03 1.269358806961583784e-02 -4.512252538189587767e+02
4.190000000000000000e+03 1.218892768081458397e-02 3.135828665886054856e-03 1.258584043399250778e-02 -4.522718214498142402e+02
4.200000000000000000e+03 1.186443328104538203e-02 3.860205326055128443e-03 1.247661661828565124e-02 -4.658854430373009450e+02
