0.000000000000000000e+00 8.404569130993571946e+00 0.000000000000000000e+00 8.404569130993571946e+00 0.000000000000000000e+00
1.000000000000000000e+01 8.396801888959457116e+00 9.019811565939531324e-04 8.396801937404687166e+00 -1.109892580393696093e+00
2.000000000000000000e+01 8.373132582866743334e+00 2.865450476447408291e-03 8.373133073173454122e+00 -2.219657780366401045e+00
3.000000000000000000e+01 8.333434422506083905e+00 6.907065297587691895e-03 8.333437284923929766e+00 -3.329171162408468554e+00
4.000000000000000000e+01 8.278207588312287868e+00 1.396369213032803806e-02 8.278219365291612064e+00 -4.438313200202125941e+00
5.000000000000000000e+01 8.208125820644967874e+00 2.486996750937543049e-02 8.208163497568902400e+00 -5.546970088915830210e+00
6.000000000000000000e+01 8.124011530153744332e+00 4.033048026367488936e-02 8.124111636955101190e+00 -6.655035685411530011e+00
7.000000000000000000e+01 8.026802668730358192e+00 6.090209474250181387e-02 8.027033707907349935e+00 -7.762412803873390388e+00
8.000000000000000000e+01 7.917523374224002985e+00 8.698580877016029445e-02 7.918001194260508413e+00 -8.869013949805259145e+00
9.000000000000000000e+01 7.797249868833027620e+00 1.188246268046359716e-01 7.798155218316183301e+00 -9.974761879941917542e+00
1.000000000000000000e+02 7.667079659271595737e+00 1.565074733096731008e-01 7.668676880063341805e+00 -1.107958991591656428e+01
1.100000000000000000e+02 7.528106027775602449e+00 1.999800012861361609e-01 7.530761738784846671e+00 -1.218344179525499804e+01
1.200000000000000000e+02 7.381393742812480063e+00 2.490588845484476566e-01 7.385594350788821316e+00 -1.328627135184379249e+01
1.300000000000000000e+02 7.227961848293589675e+00 3.034489447744906920e-01 7.234328838425333252e+00 -1.438804199594567024e+01
1.400000000000000000e+02 7.068769813313281247e+00 3.627623273779541635e-01 7.078071995944499761e+00 -1.548872596261525914e+01
1.500000000000000000e+02 6.904707748136101664e+00 4.265365319502664176e-01 6.917869794977271170e+00 -1.658830365960580266e+01
1.600000000000000000e+02 6.736592038422874573e+00 4.942536442151947429e-01 6.754699027859232707e+00 -1.768676272373487990e+01
1.700000000000000000e+02 6.565163694861195331e+00 5.653565590805620378e-01 6.589461463520286166e+00 -1.878409730805643107e+01
1.800000000000000000e+02 6.391088521028567726e+00 6.392652495947862556e-01 6.422980036008411275e+00 -1.988030711867423861e+01
1.900000000000000000e+02 6.214960130370448255e+00 7.153891799829337206e-01 6.255998009984571340e+00 -2.097539677336373032e+01
2.000000000000000000e+02 6.037304354849615251e+00 7.931398389861921139e-01 6.089180131780728367e+00 -2.206937488017824123e+01
