0.000000000000000000e+00 8.846401218627520935e-01 9.028584691340442447e-03
1.000000000000000000e+01 8.835923009272150797e-01 1.007914298311493768e-02
2.000000000000000000e+01 8.804406898419769867e-01 1.323084840201774713e-02
3.000000000000000000e+01 8.752557615193778950e-01 1.841582503799159970e-02
4.000000000000000000e+01 8.681552213814871521e-01 2.551636245254528673e-02
5.000000000000000000e+01 8.592966940384167973e-01 3.437489833919534638e-02
6.000000000000000000e+01 8.488705096115929383e-01 4.480110069381720156e-02
7.000000000000000000e+01 8.370915970843533227e-01 5.658001160652705724e-02
8.000000000000000000e+01 8.241906426060889856e-01 6.948095860816300151e-02
9.000000000000000000e+01 8.104049542997558975e-01 8.326663683452920073e-02
1.000000000000000000e+02 7.959695791034481216e-01 9.770200147387532452e-02
1.100000000000000000e+02 7.811091988729378377e-01 1.125623666752063184e-01
1.200000000000000000e+02 7.660310332890167828e-01 1.276405064872839779e-01
1.300000000000000000e+02 7.509191063680454858e-01 1.427524103342631967e-01
1.400000000000000000e+02 7.359299597151915950e-01 1.577415319947312322e-01
1.500000000000000000e+02 7.211899374501412607e-01 1.724815142069964502e-01
1.600000000000000000e+02 7.067940250468298657e-01 1.868773855977567400e-01
1.700000000000000000e+02 6.928061583126740031e-01 2.008652146513023595e-01
1.800000000000000000e+02 6.792608031547728853e-01 2.144105300763589628e-01
1.900000000000000000e+02 6.661657018394909757e-01 2.275055627087300969e-01
2.000000000000000000e+02 6.535055502446809328e-01 2.401656033009395563e-01
2.100000000000000000e+02 6.412464012053039619e-01 2.524246049229453281e-01
2.200000000000000000e+02 6.293405378745150491e-01 2.643303081829880830e-01
2.300000000000000000e+02 6.177315271824309617e-01 2.759391601643327308e-01
2.400000000000000000e+02 6.063593252118985033e-01 2.873111971488183092e-01
2.500000000000000000e+02 5.951652554668103168e-01 2.985051219887933094e-01
2.600000000000000000e+02 5.840964646720817610e-01 3.095738108173108349e-01
2.700000000000000000e+02 5.731098174714047699e-01 3.205603901029401848e-01
2.800000000000000000e+02 5.621750549517293694e-01 3.314950998932174042e-01
2.900000000000000000e+02 5.512770428536067913e-01 3.423930594058995358e-01
3.000000000000000000e+02 5.404170318168058929e-01 3.532530114882987959e-01
3.100000000000000000e+02 5.296128400915723899e-01 3.640571373712856995e-01
3.200000000000000000e+02 5.188980310084176928e-01 3.747718743573809075e-01
3.300000000000000000e+02 5.083201165323585347e-01 3.853497168193247835e-01
3.400000000000000000e+02 4.979379053117512499e-01 3.957318481628519513e-01
3.500000000000000000e+02 4.878182008098677636e-01 4.058514653188146637e-01
3.600000000000000000e+02 4.780320683139487881e-01 4.156375026755173008e-01
3.700000000000000000e+02 4.686509298932089451e-01 4.250185464237271060e-01
3.800000000000000000e+02 4.597426919686418700e-01 4.339267003232535336e-01
3.900000000000000000e+02 4.513682451909037385e-01 4.423010813249010353e-01
4.000000000000000000e+02 4.435784986281335329e-01 4.500907724335919680e-01
4.100000000000000000e+02 4.364121505674271595e-01 4.572570624634020309e-01
4.200000000000000000e+02 4.298943494850932523e-01 4.637748016531643147e-01
4.300000000000000000e+02 4.240362523952033724e-01 4.696328291964574908e-01
4.400000000000000000e+02 4.188355080813436215e-01 4.748334976285591980e-01
4.500000000000000000e+02 4.142775780832012034e-01 4.793913523561446066e-01
4.600000000000000000e+02 4.103377373194195821e-01 4.833311375143645172e-01
4.700000000000000000e+02 4.069836321670461388e-01 4.866852114109921912e-01
4.800000000000000000e+02 4.041782068868391420e-01 4.894906216365196294e-01
4.900000000000000000e+02 4.018827765831444188e-01 4.917860519817897069e-01
5.000000000000000000e+02 4.000600797119447383e-01 4.936087620967616330e-01
5.100000000000000000e+02 3.986771085896145816e-01 4.949917531277528426e-01
5.200000000000000000e+02 3.977075788387706146e-01 4.959613063849294678e-01
5.300000000000000000e+02 3.971339478286071145e-01 4.965349628015668371e-01
5.400000000000000000e+02 3.969488680166196604e-01 4.967200662173053560e-01
5.500000000000000000e+02 3.971560548720778350e-01 4.965129009817870753e-01
5.600000000000000000e+02 3.977705399430265243e-01 4.958984374957742802e-01
5.700000000000000000e+02 3.988182983601785692e-01 4.948506990014295837e-01
5.800000000000000000e+02 4.003353236133339044e-01 4.933336934013318742e-01
5.900000000000000000e+02 4.023661809440507997e-01 4.913028587124543267e-01
6.000000000000000000e+02 4.049620604620746689e-01 4.887070074809642395e-01
6.100000000000000000e+02 4.081784404401559985e-01 4.854906582788063307e-01
6.200000000000000000e+02 4.120724263188246250e-01 4.815966979588122143e-01
6.300000000000000000e+02 4.166998493402324089e-01 4.769693023992164771e-01
6.400000000000000000e+02 4.221122080115654596e-01 4.715569782424009482e-01
6.500000000000000000e+02 4.283535343767906900e-01 4.653156834588622615e-01
6.600000000000000000e+02 4.354573230072905643e-01 4.582119265768689331e-01
6.700000000000000000e+02 4.434436148480199180e-01 4.502256707019094417e-01
6.800000000000000000e+02 4.523163295842379528e-01 4.413529934590547099e-01
6.900000000000000000e+02 4.620609840492559961e-01 4.316083815588830919e-01
7.000000000000000000e+02 4.726429120213571644e-01 4.210264956796995750e-01
7.100000000000000000e+02 4.840060864949708441e-01 4.096633590576562733e-01
7.200000000000000000e+02 4.960726547662008268e-01 3.975968268825361696e-01
7.300000000000000000e+02 5.087432718858514447e-01 3.849262451612516234e-01
7.400000000000000000e+02 5.218982941182649382e-01 3.717712575832294308e-01
7.500000000000000000e+02 5.353998709459172334e-01 3.582697165912053228e-01
7.600000000000000000e+02 5.490948988790567142e-01 3.445747230064837852e-01
7.700000000000000000e+02 5.628188066285961799e-01 3.308508529217322192e-01
7.800000000000000000e+02 5.764000661274346626e-01 3.172696380910974834e-01
7.900000000000000000e+02 5.896652434524777275e-01 3.040045115234103479e-01
8.000000000000000000e+02 6.024444040907356301e-01 2.912254086008490561e-01
8.100000000000000000e+02 6.145766574839753860e-01 2.790932145774130957e-01
8.200000000000000000e+02 6.259155264825562170e-01 2.677544025131569638e-01
8.300000000000000000e+02 6.363339031660465439e-01 2.573360795832620451e-01
8.400000000000000000e+02 6.457283119701762164e-01 2.479417231175203296e-01
8.500000000000000000e+02 6.540222192887084063e-01 2.396478739055908913e-01
8.600000000000000000e+02 6.611682570805160752e-01 2.325019029267456627e-01
8.700000000000000000e+02 6.671492061758593772e-01 2.265210261828013993e-01
8.800000000000000000e+02 6.719777051117169497e-01 2.216926038958187128e-01
8.900000000000000000e+02 6.756947101048272897e-01 2.179756837470551711e-01
9.000000000000000000e+02 6.783667970840236983e-01 2.153036895332984257e-01
9.100000000000000000e+02 6.800825022731652458e-01 2.135880840741342379e-01
9.200000000000000000e+02 6.809478935420489876e-01 2.127227972698251812e-01
9.300000000000000000e+02 6.810816304180092873e-01 2.125891654167743061e-01
9.400000000000000000e+02 6.806097840499296669e-01 2.130611176763470282e-01
9.500000000000000000e+02 6.796606725275966543e-01 2.140103317967022023e-01
9.600000000000000000e+02 6.783599612343289564e-01 2.153111389276856080e-01
9.700000000000000000e+02 6.768262314809562197e-01 2.168449603740794651e-01
9.800000000000000000e+02 6.751671964317356167e-01 2.185040830791472599e-01
9.900000000000000000e+02 6.734766700759278191e-01 2.201946958450634595e-01
1.000000000000000000e+03 6.718323623663682298e-01 2.218390910921523573e-01
1.010000000000000000e+03 6.702945443464769504e-01 2.233769978502087028e-01
1.020000000000000000e+03 6.689055530194716326e-01 2.247660756516409730e-01
1.030000000000000000e+03 6.676901078093872011e-01 2.259816031691582183e-01
1.040000000000000000e+03 6.666563623740772160e-01 2.270154260565888926e-01
1.050000000000000000e+03 6.657975692058397676e-01 2.278742906495020426e-01
1.060000000000000000e+03 6.650942517058727743e-01 2.285776768043025209e-01
1.070000000000000000e+03 6.645167510665186406e-01 2.291552490515754714e-01
1.080000000000000000e+03 6.640279909246215029e-01 2.296440817811651602e-01
1.090000000000000000e+03 6.635863223962240598e-01 2.300858170804027658e-01
1.100000000000000000e+03 6.631482844036071800e-01 2.305239114370630782e-01
1.110000000000000000e+03 6.626711314390982821e-01 2.310011130481155195e-01
1.120000000000000000e+03 6.621149776666546138e-01 2.315573120985955913e-01
1.130000000000000000e+03 6.614444479527927800e-01 2.322278827432289194e-01
1.140000000000000000e+03 6.606297678464896350e-01 2.330425975403154215e-01
1.150000000000000000e+03 6.596472109295606900e-01 2.340251878284677622e-01
1.160000000000000000e+03 6.584788979486189131e-01 2.351935353234239912e-01
1.170000000000000000e+03 6.571120177133983331e-01 2.365604539152810493e-01
1.180000000000000000e+03 6.555375372760490205e-01 2.381349716336879641e-01
1.190000000000000000e+03 6.537485432739922331e-01 2.399239928290051449e-01
1.200000000000000000e+03 6.517383753825363168e-01 2.419341750004061486e-01
1.210000000000000000e+03 6.494987340256046515e-01 2.441738188826514944e-01
1.220000000000000000e+03 6.470179655522806383e-01 2.466545783780881573e-01
1.230000000000000000e+03 6.442796972972991698e-01 2.493928308172548569e-01
1.240000000000000000e+03 6.412619795832407155e-01 2.524105312524170253e-01
1.250000000000000000e+03 6.379370490240651170e-01 2.557354467426556921e-01
1.260000000000000000e+03 6.342717359482803463e-01 2.594007463320598394e-01
1.270000000000000000e+03 6.302285162690888232e-01 2.634439505775060808e-01
1.280000000000000000e+03 6.257671434417944045e-01 2.679053064032101417e-01
1.290000000000000000e+03 6.208467294507709067e-01 2.728257027159560200e-01
1.300000000000000000e+03 6.154281322335598547e-01 2.782442818768549597e-01
1.310000000000000000e+03 6.094764714825742224e-01 2.841959324769830486e-01
1.320000000000000000e+03 6.029636050989453100e-01 2.907087997326930351e-01
1.330000000000000000e+03 5.958703804283003169e-01 2.978020329583164205e-01
1.340000000000000000e+03 5.881885233842301108e-01 3.054839036215333814e-01
1.350000000000000000e+03 5.799220624554257686e-01 3.137503788225269319e-01
1.360000000000000000e+03 5.710882039402535026e-01 3.225842505895475942e-01
1.370000000000000000e+03 5.617176611118327445e-01 3.319548084378508013e-01
1.380000000000000000e+03 5.518544403125910103e-01 3.418180473454632828e-01
1.390000000000000000e+03 5.415551101999860339e-01 3.521174015959611103e-01
1.400000000000000000e+03 5.308876458819378197e-01 3.627848972312466280e-01
1.410000000000000000e+03 5.199298982207447573e-01 3.737426814238364314e-01
1.420000000000000000e+03 5.087677755948795122e-01 3.849048433274875891e-01
1.430000000000000000e+03 4.974932422203256488e-01 3.961794133672744134e-01
1.440000000000000000e+03 4.862022105888401113e-01 4.074704759536336152e-01
1.450000000000000000e+03 4.749923923438804652e-01 4.186803155579124081e-01
1.460000000000000000e+03 4.639611671022746964e-01 4.297115504823876275e-01
1.470000000000000000e+03 4.532035156358945049e-01 4.404692043010819957e-01
1.480000000000000000e+03 4.428100738264304503e-01 4.508626457891333761e-01
1.490000000000000000e+03 4.328653403097342256e-01 4.608073822405849840e-01
1.500000000000000000e+03 4.234460830292042233e-01 4.702266429265374303e-01
1.510000000000000000e+03 4.146199492534340947e-01 4.790527769145710435e-01
1.520000000000000000e+03 4.064443106622790403e-01 4.872284189498053975e-01
1.530000000000000000e+03 3.989653670925907836e-01 4.947073727953462119e-01
1.540000000000000000e+03 3.922174756120198058e-01 5.014552826935025909e-01
1.550000000000000000e+03 3.862227544456512396e-01 5.074500273793346450e-01
1.560000000000000000e+03 3.809909778784206225e-01 5.126818226244634902e-01
1.570000000000000000e+03 3.765197580945458533e-01 5.171530584596145674e-01
1.580000000000000000e+03 3.727950148475429604e-01 5.208778203193069611e-01
1.590000000000000000e+03 3.697916962005661223e-01 5.238811556521240087e-01
1.600000000000000000e+03 3.674747840178411162e-01 5.261980838992214027e-01
1.610000000000000000e+03 3.658005419306625816e-01 5.278723444287206634e-01
1.620000000000000000e+03 3.647179954303161331e-01 5.289549140002939298e-01
1.630000000000000000e+03 3.641706164910692434e-01 5.295023232641863364e-01
1.640000000000000000e+03 3.640981757312939382e-01 5.295747902283035602e-01
1.650000000000000000e+03 3.644387268657713896e-01 5.292342589272455156e-01
1.660000000000000000e+03 3.651305948567552528e-01 5.285424080184736306e-01
1.670000000000000000e+03 3.661142746203093767e-01 5.275587376383731320e-01
1.680000000000000000e+03 3.673342508876530910e-01 5.263387678691062721e-01
1.690000000000000000e+03 3.687405924158414505e-01 5.249324298763401453e-01
1.700000000000000000e+03 3.702902294786459270e-01 5.233827938717943162e-01
1.710000000000000000e+03 3.719479375277922606e-01 5.217250891518148137e-01
1.720000000000000000e+03 3.736869139178907728e-01 5.199861194586596902e-01
1.730000000000000000e+03 3.754890055455912812e-01 5.181840366744207005e-01
1.740000000000000000e+03 3.773445339271906396e-01 5.163285163574526937e-01
1.750000000000000000e+03 3.792517330099302586e-01 5.144213221948298331e-01
1.760000000000000000e+03 3.812159541119167216e-01 5.124571060235935116e-01
1.770000000000000000e+03 3.832485950593036983e-01 5.104244684663767906e-01
1.780000000000000000e+03 3.853658353162808248e-01 5.083072307643248244e-01
1.790000000000000000e+03 3.875873202607121870e-01 5.060857514593795070e-01
1.800000000000000000e+03 3.899348222733006186e-01 5.037382574287011527e-01
1.810000000000000000e+03 3.924309393632848808e-01 5.012421481676283541e-01
1.820000000000000000e+03 3.950978999688095072e-01 4.985751885693135432e-01
1.830000000000000000e+03 3.979565015385094773e-01 4.957165879255552299e-01
1.840000000000000000e+03 4.010251809371259135e-01 4.926479117735171331e-01
1.850000000000000000e+03 4.043192975874567718e-01 4.893537932009107139e-01
1.860000000000000000e+03 4.078506263135491250e-01 4.858224593877111808e-01
1.870000000000000000e+03 4.116270508807889361e-01 4.820460257267767390e-01
1.880000000000000000e+03 4.156525051568845108e-01 4.780205588244982873e-01
1.890000000000000000e+03 4.199271032959052685e-01 4.737459485193158959e-01
1.900000000000000000e+03 4.244474457393576650e-01 4.692255894454396836e-01
1.910000000000000000e+03 4.292071795672911527e-01 4.644658371576564360e-01
1.920000000000000000e+03 4.341977019178405728e-01 4.594752949960222432e-01
1.930000000000000000e+03 4.394089062412386837e-01 4.542640701603746778e-01
1.940000000000000000e+03 4.448299909754797610e-01 4.488429741641030146e-01
1.950000000000000000e+03 4.504502969157667680e-01 4.432226695385992898e-01
1.960000000000000000e+03 4.562600744207247483e-01 4.374128986847790612e-01
1.970000000000000000e+03 4.622510423040998573e-01 4.314219419569662040e-01
1.980000000000000000e+03 4.684166719596316586e-01 4.252563246951077125e-01
1.990000000000000000e+03 4.747521851968911077e-01 4.189208282759633306e-01
2.000000000000000000e+03 4.812542036513782762e-01 4.124188337718992514e-01
2.010000000000000000e+03 4.879200255619295379e-01 4.057530361614885006e-01
2.020000000000000000e+03 4.947465447922116955e-01 3.989265395530782188e-01
2.030000000000000000e+03 5.017288739355598715e-01 3.919442347412090966e-01
2.040000000000000000e+03 5.088587904782667648e-01 3.848143455989720407e-01
2.050000000000000000e+03 5.161231089251635540e-01 3.775500619756561593e-01
2.060000000000000000e+03 5.235021088302805881e-01 3.701711051182616230e-01
2.070000000000000000e+03 5.309681836490461881e-01 3.627050759973288740e-01
2.080000000000000000e+03 5.384848582610757273e-01 3.551884467660276212e-01
2.090000000000000000e+03 5.460062859215855102e-01 3.476670606065220825e-01
2.100000000000000000e+03 5.534773145854182674e-01 3.401960653219771591e-01
2.110000000000000000e+03 5.608342022623874490e-01 3.328392044802184757e-01
2.120000000000000000e+03 5.680059770069462166e-01 3.256674550815177871e-01
2.130000000000000000e+03 5.749163334174239859e-01 3.187571239435649240e-01
2.140000000000000000e+03 5.814859540904131485e-01 3.121875277671634086e-01
2.150000000000000000e+03 5.876350928523044193e-01 3.060384112480756813e-01
2.160000000000000000e+03 5.932863307081310822e-01 3.003871918349018122e-01
2.170000000000000000e+03 5.983673377331149013e-01 2.953062011760113070e-01
2.180000000000000000e+03 6.028134044160299299e-01 2.908601502136277106e-01
2.190000000000000000e+03 6.065696668638667077e-01 2.871039057880296896e-01
2.200000000000000000e+03 6.095928635077496605e-01 2.840807319198850878e-01
2.210000000000000000e+03 6.118525909316285816e-01 2.818210298353852616e-01
2.220000000000000000e+03 6.133319755441957177e-01 2.803416711400158468e-01
2.230000000000000000e+03 6.140277788456635077e-01 2.796458969379088111e-01
2.240000000000000000e+03 6.139500255482548408e-01 2.797236807191031405e-01
2.250000000000000000e+03 6.131211253948194440e-01 2.805526094022262051e-01
2.260000000000000000e+03 6.115746164188177181e-01 2.820991439404139101e-01
2.270000000000000000e+03 6.093536403872212848e-01 2.843201422493983332e-01
2.280000000000000000e+03 6.065092027978763456e-01 2.871646030330681221e-01
2.290000000000000000e+03 6.030982907717964414e-01 2.905755436165873840e-01
2.300000000000000000e+03 5.991820021010798580e-01 2.944918636962659542e-01
2.310000000000000000e+03 5.948237000482423653e-01 2.988501998079132194e-01
2.320000000000000000e+03 5.900872579061718914e-01 3.035866786993652311e-01
2.330000000000000000e+03 5.850354801672360550e-01 3.086384924224299664e-01
2.340000000000000000e+03 5.797288745278228461e-01 3.139451316856187169e-01
2.350000000000000000e+03 5.742245672426617986e-01 3.194494695604876422e-01
2.360000000000000000e+03 5.685755205896669828e-01 3.250985435689305314e-01
2.370000000000000000e+03 5.628301061218726753e-01 3.308439816265646982e-01
2.380000000000000000e+03 5.570319545752328017e-01 3.366421531954724711e-01
2.390000000000000000e+03 5.512200451285390601e-01 3.424540795960950290e-01
2.400000000000000000e+03 5.454290307263752746e-01 3.482451067475210160e-01
2.410000000000000000e+03 5.396897224443509833e-01 3.539844198207371395e-01
2.420000000000000000e+03 5.340298149996866028e-01 3.596443227290092026e-01
2.430000000000000000e+03 5.284747146689023900e-01 3.651994122622858607e-01
2.440000000000000000e+03 5.230481863498016581e-01 3.706259286253256180e-01
2.450000000000000000e+03 5.177728966046506454e-01 3.759012077200032387e-01
2.460000000000000000e+03 5.126710697902018277e-01 3.810030212968030794e-01
2.470000000000000000e+03 5.077648847805429355e-01 3.859091868306905315e-01
2.480000000000000000e+03 5.030765263131429244e-01 3.905975218573079499e-01
2.490000000000000000e+03 4.986280903345381432e-01 3.950459342503690463e-01
2.500000000000000000e+03 4.944412529419914271e-01 3.992327494001216004e-01
2.510000000000000000e+03 4.905366632970795671e-01 4.031373192737239819e-01
2.520000000000000000e+03 4.869332585137903235e-01 4.067407065494348939e-01
2.530000000000000000e+03 4.836473945620732295e-01 4.100265530687927651e-01
2.540000000000000000e+03 4.806918380735399343e-01 4.129820915123325054e-01
2.550000000000000000e+03 4.780748312798915878e-01 4.155990799147809556e-01
2.560000000000000000e+03 4.757992911095680899e-01 4.178746002747903421e-01
2.570000000000000000e+03 4.738621236186231211e-01 4.198117450369001080e-01
2.580000000000000000e+03 4.722537437470221144e-01 4.214200993092268033e-01
2.590000000000000000e+03 4.709579159710410301e-01 4.227158998666385448e-01
2.600000000000000000e+03 4.699518828298572259e-01 4.237219043219986880e-01
2.610000000000000000e+03 4.692067979034106329e-01 4.244669577835027408e-01
2.620000000000000000e+03 4.686884895278844998e-01 4.249852324374155943e-01
2.630000000000000000e+03 4.683584969391645925e-01 4.253151917164376683e-01
2.640000000000000000e+03 4.681753170184598245e-01 4.254983411597508813e-01
2.650000000000000000e+03 4.680958319203952778e-01 4.255777995714321582e-01
2.660000000000000000e+03 4.680767981635949315e-01 4.255968100288288203e-01
2.670000000000000000e+03 4.680762924916849199e-01 4.255972956484254666e-01
2.680000000000000000e+03 4.680551440943512276e-01 4.256184286017644647e-01
2.690000000000000000e+03 4.679782448535321770e-01 4.256953170195253988e-01
2.700000000000000000e+03 4.678156279454050437e-01 4.258579245084214149e-01
2.710000000000000000e+03 4.675433339042016634e-01 4.261302065951644291e-01
2.720000000000000000e+03 4.671440876869041303e-01 4.265294358534930108e-01
2.730000000000000000e+03 4.666077274378210293e-01 4.270657743854223698e-01
2.740000000000000000e+03 4.659313615354097604e-01 4.277421175100707407e-01
2.750000000000000000e+03 4.651193125024817854e-01 4.285541466935492427e-01
2.760000000000000000e+03 4.641828831663190047e-01 4.294905607504814760e-01
2.770000000000000000e+03 4.631399400775629838e-01 4.305334916025491121e-01
2.780000000000000000e+03 4.620143403180640429e-01 4.316590791156011964e-01
2.790000000000000000e+03 4.608352020570891105e-01 4.328382043476835528e-01
2.800000000000000000e+03 4.596360173384934633e-01 4.340373753110020050e-01
2.810000000000000000e+03 4.584536470563418953e-01 4.352197310033970590e-01
2.820000000000000000e+03 4.573272438620036850e-01 4.363461181349893026e-01
2.830000000000000000e+03 4.562971118162366668e-01 4.373762314953699160e-01
2.840000000000000000e+03 4.554034867498427119e-01 4.382698359138390010e-01
2.850000000000000000e+03 4.546852271906046128e-01 4.389880747227771773e-01
2.860000000000000000e+03 4.541784446380945361e-01 4.394948372072208231e-01
2.870000000000000000e+03 4.539151836709464649e-01 4.397580798183006734e-01
2.880000000000000000e+03 4.539222160048723143e-01 4.397510316003210851e-01
2.890000000000000000e+03 4.542199638040652077e-01 4.394532689951841098e-01
2.900000000000000000e+03 4.548216229104301012e-01 4.388515943357987337e-01
2.910000000000000000e+03 4.557325412880217086e-01 4.379406594291866406e-01
2.920000000000000000e+03 4.569498659025293952e-01 4.367233184825296544e-01
2.930000000000000000e+03 4.584625462733762924e-01 4.352106232032103561e-01
2.940000000000000000e+03 4.602517164562554552e-01 4.334214398666758061e-01
2.950000000000000000e+03 4.622913926580822785e-01 4.313817523881741667e-01
2.960000000000000000e+03 4.645494864743798247e-01 4.291236480816030263e-01
2.970000000000000000e+03 4.669891231935796583e-01 4.266839991235823470e-01
2.980000000000000000e+03 4.695701717143890286e-01 4.241029345803247197e-01
2.990000000000000000e+03 4.722508776982830558e-01 4.214222072789383100e-01
3.000000000000000000e+03 4.749895073090368847e-01 4.186835509048265624e-01
3.010000000000000000e+03 4.777459189369210324e-01 4.159271075602198331e-01
3.020000000000000000e+03 4.804829781858472870e-01 4.131900121341309795e-01
3.030000000000000000e+03 4.831677491843932026e-01 4.105052018121380097e-01
3.040000000000000000e+03 4.857723923321880521e-01 4.079005186191055343e-01
3.050000000000000000e+03 4.882747328868029535e-01 4.053981374923186776e-01
3.060000000000000000e+03 4.906585320169500331e-01 4.030142948282252058e-01
3.070000000000000000e+03 4.929134855948319460e-01 4.007592953031816618e-01
3.080000000000000000e+03 4.950349252878387674e-01 3.986378097396450770e-01
3.090000000000000000e+03 4.970232572378658897e-01 3.966494327779762075e-01
3.100000000000000000e+03 4.988832393675546872e-01 3.947894063814950671e-01
3.110000000000000000e+03 5.006231430558040207e-01 3.930494592274039745e-01
3.120000000000000000e+03 5.022538317889994053e-01 3.914187280200422392e-01
3.130000000000000000e+03 5.037878122388084190e-01 3.898847054968881398e-01
3.140000000000000000e+03 5.052383113056190256e-01 3.884341637761111743e-01
3.150000000000000000e+03 5.066184210521080811e-01 3.870540104165851591e-01
3.160000000000000000e+03 5.079403548808509861e-01 3.857320324507564901e-01
3.170000000000000000e+03 5.092148402524404593e-01 3.844575040985411807e-01
3.180000000000000000e+03 5.104506399631629776e-01 3.832216636787572073e-01
3.190000000000000000e+03 5.116542178273553176e-01 3.820180475705582390e-01
3.200000000000000000e+03 5.128295966947672424e-01 3.808426335784353967e-01
3.210000000000000000e+03 5.139784452111944013e-01 3.796937524370335715e-01
3.220000000000000000e+03 5.151003750482729959e-01 3.785717897870681803e-01
3.230000000000000000e+03 5.161933819006268021e-01 3.774787481930280686e-01
3.240000000000000000e+03 5.172544221906353323e-01 3.764176720741940207e-01
3.250000000000000000e+03 5.182801140643327198e-01 3.753919442338060630e-01
3.260000000000000000e+03 5.192675357181161244e-01 3.744044872337528029e-01
3.270000000000000000e+03 5.202150844705514254e-01 3.734569047306102729e-01
3.280000000000000000e+03 5.211233178329999216e-01 3.725486392955202342e-01
3.290000000000000000e+03 5.219956731550543516e-01 3.716762537336867900e-01
3.300000000000000000e+03 5.228390002677989479e-01 3.708328988014728544e-01
3.310000000000000000e+03 5.236638672996600796e-01 3.700080063288258003e-01
3.320000000000000000e+03 5.244845923434016122e-01 3.691872571939134318e-01
3.330000000000000000e+03 5.253189455052486023e-01 3.683528812141096398e-01
3.340000000000000000e+03 5.261874824310466270e-01 3.674843244638658635e-01
3.350000000000000000e+03 5.271125702824122072e-01 3.665592200981926951e-01
3.360000000000000000e+03 5.281171743388727302e-01 3.655546010970034398e-01
3.370000000000000000e+03 5.292234073910980774e-01 3.644483534676020153e-01
3.380000000000000000e+03 5.304508854963252418e-01 3.632208628271821893e-01
3.390000000000000000e+03 5.318150584200479480e-01 3.618566818886448933e-01
3.400000000000000000e+03 5.333256474174692396e-01 3.603460899560243513e-01
3.410000000000000000e+03 5.349852611463926655e-01 3.586864790146166437e-01
3.420000000000000000e+03 5.367882644279957649e-01 3.568834852924573364e-01
3.430000000000000000e+03 5.387200034746788546e-01 3.549517614119004350e-01
3.440000000000000000e+03 5.407564991797003673e-01 3.529152829600335495e-01
3.450000000000000000e+03 5.428646313158684844e-01 3.508071675069999729e-01
3.460000000000000000e+03 5.450027835693544986e-01 3.486690299379251456e-01
3.470000000000000000e+03 5.471219313040714960e-01 3.465498936020052767e-01
3.480000000000000000e+03 5.491671229006800381e-01 3.445047103604814143e-01
3.490000000000000000e+03 5.510792675928751772e-01 3.425925720801233365e-01
3.500000000000000000e+03 5.527971359002649132e-01 3.408747085887521844e-01
3.510000000000000000e+03 5.542594745438292891e-01 3.394123727689960512e-01
3.520000000000000000e+03 5.554071258423706192e-01 3.382647214593507701e-01
3.530000000000000000e+03 5.561850423518123199e-01 3.374868016618720601e-01
3.540000000000000000e+03 5.565440972902644390e-01 3.371277402229156950e-01
3.550000000000000000e+03 5.564426092944797508e-01 3.372292199721919626e-01
3.560000000000000000e+03 5.558475312641971700e-01 3.378242895334840901e-01
3.570000000000000000e+03 5.547352958664515388e-01 3.389365159963494967e-01
3.580000000000000000e+03 5.530922989738115136e-01 3.405795025694330902e-01
3.590000000000000000e+03 5.509150071350964462e-01 3.427567817700036268e-01
3.600000000000000000e+03 5.482097301165715919e-01 3.454620426917168752e-01
3.610000000000000000e+03 5.449920649336131850e-01 3.486796875565678633e-01
3.620000000000000000e+03 5.412860350743318172e-01 3.523856936823423491e-01
3.630000000000000000e+03 5.371230101926969258e-01 3.565486925378654748e-01
3.640000000000000000e+03 5.325404679947800535e-01 3.611312052751989299e-01
3.650000000000000000e+03 5.275806256917107140e-01 3.660910126855557722e-01
3.660000000000000000e+03 5.222889957373140213e-01 3.713826016996754076e-01
3.670000000000000000e+03 5.167129610562449793e-01 3.769585892659351734e-01
3.680000000000000000e+03 5.109004330664296267e-01 3.827710640765626393e-01
3.690000000000000000e+03 5.048986186198816117e-01 3.887728206731821401e-01
3.700000000000000000e+03 4.987529336442659278e-01 3.949184445055524129e-01
3.710000000000000000e+03 4.925061121925066177e-01 4.011652008399919644e-01
3.720000000000000000e+03 4.861975562506787307e-01 4.074736855891986642e-01
3.730000000000000000e+03 4.798629451683920077e-01 4.138082184587463797e-01
3.740000000000000000e+03 4.735341019592169687e-01 4.201369778849033954e-01
3.750000000000000000e+03 4.672391180839469138e-01 4.264318743501005482e-01
3.760000000000000000e+03 4.610027122357881479e-01 4.326681908886458872e-01
3.770000000000000000e+03 4.548467748263309018e-01 4.388240384558089735e-01
3.780000000000000000e+03 4.487910751205327897e-01 4.448796472004384883e-01
3.790000000000000000e+03 4.428540723144354652e-01 4.508165565102173478e-01
3.800000000000000000e+03 4.370537224228841500e-01 4.566168104006444461e-01
3.810000000000000000e+03 4.314082342894128841e-01 4.622622008627013113e-01
3.820000000000000000e+03 4.259367155468548050e-01 4.677336211148680478e-01
3.830000000000000000e+03 4.206596450968933532e-01 4.730105925506272735e-01
3.840000000000000000e+03 4.155991416748052170e-01 4.780709966921356524e-01
3.850000000000000000e+03 4.107789979787363488e-01 4.828910410436148548e-01
3.860000000000000000e+03 4.062244621260159283e-01 4.874454778428912172e-01
3.870000000000000000e+03 4.019617844556130914e-01 4.917080582072535511e-01
3.880000000000000000e+03 3.980175631652521084e-01 4.956521856647398971e-01
3.890000000000000000e+03 3.944179419659661345e-01 4.992517176410730673e-01
3.900000000000000000e+03 3.911877256763565680e-01 5.024818502798713560e-01
3.910000000000000000e+03 3.883494744869843140e-01 5.053200238373103392e-01
3.920000000000000000e+03 3.859226293207672631e-01 5.077467963025762421e-01
3.930000000000000000e+03 3.839227292383309842e-01 5.097466253168484451e-01
3.940000000000000000e+03 3.823607768411599328e-01 5.113085054377193295e-01
3.950000000000000000e+03 3.812427884773465503e-01 5.124264197298268320e-01
3.960000000000000000e+03 3.805695324410861002e-01 5.130996000396773615e-01
3.970000000000000000e+03 3.803364511754532273e-01 5.133326037274051901e-01
3.980000000000000000e+03 3.805337679048594324e-01 5.131352069414324424e-01
3.990000000000000000e+03 3.811467659763627114e-01 5.125221262906906050e-01
4.000000000000000000e+03 3.821562171694511401e-01 5.115125908905432395e-01
4.010000000000000000e+03 3.835389244385303820e-01 5.101297983812577153e-01
4.020000000000000000e+03 3.852683522633738589e-01 5.084002825567848216e-01
4.030000000000000000e+03 3.873153315125322238e-01 5.063532097750818028e-01
4.040000000000000000e+03 3.896488170847451915e-01 5.040196229404216854e-01
4.050000000000000000e+03 3.922366832451816832e-01 5.014316473959079534e-01
4.060000000000000000e+03 3.950465494029554714e-01 4.986216657786518014e-01
4.070000000000000000e+03 3.980466139454607033e-01 4.956214820910850305e-01
4.080000000000000000e+03 4.012064784447618715e-01 4.924614947573253132e-01
4.090000000000000000e+03 4.044979674138892145e-01 4.891698772384547866e-01
4.100000000000000000e+03 4.078959254279889701e-01 4.857717832044444184e-01
4.110000000000000000e+03 4.113789303568725075e-01 4.822886348337896423e-01
4.120000000000000000e+03 4.149298803999184604e-01 4.787375353479422779e-01
4.130000000000000000e+03 4.185364443426903280e-01 4.751308173856979566e-01
4.140000000000000000e+03 4.221913513595610401e-01 4.714757523988686305e-01
4.150000000000000000e+03 4.258924743094878451e-01 4.677744680546688794e-01
4.160000000000000000e+03 4.296426603644605269e-01 4.640241175742514934e-01
4.170000000000000000e+03 4.334493058869250959e-01 4.602173041684927690e-01
4.180000000000000000e+03 4.373236866196389960e-01 4.563427515078483099e-01
4.190000000000000000e+03 4.412800370525025162e-01 4.523862257907327877e-01
4.200000000000000000e+03 4.453344142217275925e-01 4.483316719468877221e-01
