0.000000000000000000e+00 1.034475100467993691e+01 -3.180898152351999454e-15 1.034475100467993691e+01 -3.074890976992070585e-16
1.000000000000000000e+01 1.022372657195018775e+01 1.179301632961666124e+00 1.029151773838564488e+01 -9.951580598609803818e-01
2.000000000000000000e+01 9.923296264411726852e+00 2.320716815896205265e+00 1.019105172643487123e+01 -1.990263420479816192e+00
3.000000000000000000e+01 9.454906517200962313e+00 3.391561373496179144e+00 1.004479695161631980e+01 -2.985587648866208088e+00
4.000000000000000000e+01 8.836750483383305266e+00 4.362897439311940850e+00 9.855101885395693984e+00 -3.981387454582151708e+00
5.000000000000000000e+01 8.092503383459563437e+00 5.210880305398478463e+00 9.625065431907163571e+00 -4.977914710808541976e+00
6.000000000000000000e+01 7.249828599688260766e+00 5.917769671564782286e+00 9.358419343593757489e+00 -5.975420727384745945e+00
7.000000000000000000e+01 6.338691306493056565e+00 6.472508715841532201e+00 9.059380583442514734e+00 -6.974156871048437623e+00
8.000000000000000000e+01 5.389640242125950387e+00 6.870826687384599119e+00 8.732495708995218209e+00 -7.974374531061438454e+00
9.000000000000000000e+01 4.432202563579846100e+00 7.114894024867444600e+00 8.382489877697331337e+00 -8.976325379964601225e+00
1.000000000000000000e+02 3.493507205146049621e+00 7.212607740121618427e+00 8.014131456700074096e+00 -9.980262136437820786e+00
1.100000000000000000e+02 2.597210176019861816e+00 7.176604577307735156e+00 7.632113334945666239e+00 -1.098643987351037765e+01
1.200000000000000000e+02 1.762757324189100805e+00 7.023107688436650342e+00 7.240949867756322433e+00 -1.199511757077451080e+01
1.300000000000000000e+02 1.004990567786877120e+00 6.770716345950777537e+00 6.844896338051120743e+00 -1.300655971493128149e+01
1.400000000000000000e+02 3.340745447934206358e-01 6.439233182568409930e+00 6.447893437470025191e+00 -1.402103830650815830e+01
1.500000000000000000e+02 -2.443049473473094813e-01 6.048600625025781774e+00 6.053532392608521384e+00 -1.503883529031765676e+01
1.600000000000000000e+02 -7.285309464285989467e-01 5.617996712069057708e+00 5.665037016359460331e+00 -1.606024526625889948e+01
1.700000000000000000e+02 -1.120495858144175960e+00 5.165119453415492501e+00 5.285259684837577687e+00 -1.708557862008796846e+01
1.800000000000000000e+02 -1.424955175554072806e+00 4.705670221281208043e+00 4.916688874007696164e+00 -1.811516482633757619e+01
1.900000000000000000e+02 -1.648852883609141617e+00 4.253029563139397062e+00 4.561466463400106086e+00 -1.914935504785016818e+01
2.000000000000000000e+02 -1.800663398005277749e+00 3.818106153349826393e+00 4.221412473469481341e+00 -2.018852354257087711e+01
2.100000000000000000e+02 -1.889781376316729045e+00 3.409334821753760902e+00 3.898055614931154267e+00 -2.123306801202751259e+01
2.200000000000000000e+02 -1.925984560168721105e+00 3.032793431254312999e+00 3.592666491989983335e+00 -2.228340787581348792e+01
2.300000000000000000e+02 -1.918984916108622318e+00 2.692403785200465638e+00 3.306288137899389135e+00 -2.333997819249479022e+01
2.400000000000000000e+02 -1.878071003181296161e+00 2.390188186311235974e+00 3.039761546400012726e+00 -2.440321736319211254e+01
2.500000000000000000e+02 -1.811840559126274508e+00 2.126559412741366728e+00 2.793746793754566138e+00 -2.547354639819931421e+01
2.600000000000000000e+02 -1.728018756150397017e+00 1.900623642998280571e+00 2.568738806093687099e+00 -2.655133702785373373e+01
2.700000000000000000e+02 -1.633353879253712115e+00 1.710476714793022435e+00 2.365074097512016582e+00 -2.763686563871097590e+01
2.800000000000000000e+02 -1.533577314447526430e+00 1.553480013814505956e+00 2.182924536650134861e+00 -2.873025256326385346e+01
2.900000000000000000e+02 -1.433413508831757222e+00 1.426506038193829928e+00 2.022274403809934729e+00 -2.983139024703791975e+01
3.000000000000000000e+02 -1.336631804342516272e+00 1.326147454224551492e+00 1.882883865437852799e+00 -3.093986815904698062e+01
3.100000000000000000e+02 -1.246127231897404819e+00 1.248889695418840429e+00 1.764244469850947850e+00 -3.205491270165168061e+01
3.200000000000000000e+02 -1.164014557559443164e+00 1.191249505317508062e+00 1.665534531052873080e+00 -3.317536843151785320e+01
3.300000000000000000e+02 -1.091729995701633316e+00 1.149880076252148386e+00 1.585590922424928273e+00 -3.429974090445045931e+01
3.400000000000000000e+02 -1.030135600226070203e+00 1.121644699751260132e+00 1.522913716312654486e+00 -3.542630705737426666e+01
3.500000000000000000e+02 -9.796195617443144155e-01 1.103663514854372529e+00 1.475712587116078778e+00 -3.655327782731536246e+01
3.600000000000000000e+02 -9.401882086394067750e-01 1.093337763303792176e+00 1.441992140176469706e+00 -3.767897592131446771e+01
3.700000000000000000e+02 -9.115483111670524830e-01 1.088357580108323841e+00 1.419662828199270699e+00 -3.880198504074473220e+01
3.800000000000000000e+02 -8.931800776213612014e-01 1.086700134585935285e+00 1.406658392634398957e+00 -3.992123932595627878e+01
3.900000000000000000e+02 -8.843990203084503010e-01 1.086618490076368015e+00 1.401035820419446853e+00 -4.103604427381513631e+01
4.000000000000000000e+02 -8.844048045560861659e-01 1.086623426459313091e+00 1.401043300277356574e+00 -4.214604329591172416e+01
4.100000000000000000e+02 -8.923200800690437307e-01 1.085461955999243111e+00 1.405155786102070481e+00 -4.325115263202274463e+01
4.200000000000000000e+02 -9.072220168470854773e-01 1.082094073433889969e+00 1.412083344428664455e+00 -4.435148574278191091e+01
4.300000000000000000e+02 -9.281656966700303490e-01 1.075670126068494659e+00 1.420759578743417739e+00 -4.544728401978719035e+01
4.400000000000000000e+02 -9.542007532962620830e-01 1.065510061270374287e+00 1.430318414990015885e+00 -4.653886132257404284e+01
4.500000000000000000e+02 -9.843843511536515267e-01 1.051084950198927004e+00 1.440066707944765989e+00 -4.762656293809278907e+01
4.600000000000000000e+02 -1.017791068512877262e+00 1.032000005851399838e+00 1.449455991474688954e+00 -4.871073729419164522e+01
4.700000000000000000e+02 -1.053518280878380731e+00 1.007978921365071834e+00 1.458054276788498971e+00 -4.979171867209962699e+01
4.800000000000000000e+02 -1.090689464175605528e+00 9.788507520820824981e-01 1.465521170817852159e+00 -5.086981765696506841e+01
4.900000000000000000e+02 -1.128458208873647672e+00 9.445385954180223198e-01 1.471587947561603160e+00 -5.194531559818894095e+01
5.000000000000000000e+02 -1.166009830670212244e+00 9.050507605982865966e-01 1.476040583615204849e+00 -5.301846343784414017e+01
5.100000000000000000e+02 -1.202559082552434377e+00 8.604771475536022729e-01 1.478705267621420516e+00 -5.408948579226543529e+01
5.200000000000000000e+02 -1.237350185318439211e+00 8.109883119184027045e-01 1.479438245813537112e+00 -5.515858573350496386e+01
5.300000000000000000e+02 -1.269661042098311432e+00 7.568318159356698382e-01 1.478118249476222834e+00 -5.622594663411327787e+01
5.400000000000000000e+02 -1.298806595233486849e+00 6.983287626524654623e-01 1.474639492408136299e+00 -5.729173454267361620e+01
5.500000000000000000e+02 -1.324142325195446057e+00 6.358740661264082883e-01 1.468907323606950310e+00 -5.835610269699116515e+01
5.600000000000000000e+02 -1.345070303395256683e+00 5.699377545597816841e-01 1.460836460781443469e+00 -5.941919620063742258e+01
5.700000000000000000e+02 -1.361046390189261990e+00 5.010645875663727322e-01 1.450349267300907741e+00 -6.048115605184470667e+01
5.800000000000000000e+02 -1.371589772550126929e+00 4.298729683271991786e-01 1.437375828745754980e+00 -6.154212304238612319e+01
5.900000000000000000e+02 -1.376294599242354755e+00 3.570522680906106916e-01 1.421855529247723293e+00 -6.260224153212392650e+01
6.000000000000000000e+02 -1.374841591854873757e+00 2.833566936601282782e-01 1.403738016346370410e+00 -6.366166263627071231e+01
6.100000000000000000e+02 -1.367011389805655508e+00 2.095965636522653108e-01 1.382986210832641616e+00 -6.472054720380486970e+01
6.200000000000000000e+02 -1.352699570861437772e+00 1.366259621470440333e-01 1.359581841060450325e+00 -6.577906841851631725e+01
6.300000000000000000e+02 -1.331929218676347615e+00 6.532838988566463945e-02 1.333530367891500035e+00 -6.683741601564216239e+01
6.400000000000000000e+02 -1.304860127668053815e+00 -3.400164156237826720e-03 1.304864557681822745e+00 -6.789580158324186243e+01
6.500000000000000000e+02 -1.271795309721816203e+00 -6.867307660723089013e-02 1.273648028805883570e+00 -6.895446277695593551e+01
6.600000000000000000e+02 -1.233184485611519721e+00 -1.296388464253608597e-01 1.239979921633994397e+00 -7.001366679091033518e+01
6.700000000000000000e+02 -1.189622547821857834e+00 -1.855084819890145120e-01 1.203999669092993052e+00 -7.107371426326861297e+01
6.800000000000000000e+02 -1.141842201490506303e+00 -2.355836050282644201e-01 1.165891610769542952e+00 -7.213494338837921305e+01
6.900000000000000000e+02 -1.090700479296043524e+00 -2.792841891595488346e-01 1.125889512275128013e+00 -7.319773383166965175e+01
7.000000000000000000e+02 -1.037159003180649020e+00 -3.161740544321871571e-01 1.084280789544278978e+00 -7.426251038353150591e+01
7.100000000000000000e+02 -9.822585908466711091e-01 -3.459819467156495243e-01 1.041410316227584953e+00 -7.532974636440533800e+01
7.200000000000000000e+02 -9.270888562389075771e-01 -3.686182636997922257e-01 9.976839036966644869e-01 -7.639996444163853084e+01
7.300000000000000000e+02 -8.727533272811939247e-01 -3.841867285781681574e-01 9.535710842386055930e-01 -7.747373223864066460e+01
7.400000000000000000e+02 -8.203314688414244937e-01 -3.929886473712343453e-01 9.096063960495228695e-01 -7.855165098222501285e+01
7.500000000000000000e+02 -7.708396241835034912e-01 -3.955184036158880256e-01 8.663882119524858316e-01 -7.963433413563510044e+01
7.600000000000000000e+02 -7.251914637727182589e-01 -3.924494876141231825e-01 8.245721675253206984e-01 -8.072237120796818033e+01
7.700000000000000000e+02 -6.841608828808644072e-01 -3.846130718473060317e-01 7.848587953894284874e-01 -8.181627043837015378e+01
7.800000000000000000e+02 -6.483518858302664833e-01 -3.729708961734022332e-01 7.479755726305864494e-01 -8.291637770285484521e+01
7.900000000000000000e+02 -6.181747673724473646e-01 -3.585795453601960392e-01 7.146462994843703065e-01 -8.402277733819735772e+01
8.000000000000000000e+02 -5.938302328395181906e-01 -3.425485510064942840e-01 6.855463917422986997e-01 -8.513518691023269014e+01
8.100000000000000000e+02 -5.753027946775609580e-01 -3.259955470470998762e-01 6.612460981044423480e-01 -8.625287066727038621e+01
8.200000000000000000e+02 -5.623636446946543854e-01 -3.100006229996327689e-01 6.421473780483852867e-01 -8.737460813516545954e+01
8.300000000000000000e+02 -5.545834880853105497e-01 -2.955628708982624420e-01 6.284268103052993437e-01 -8.849875187956388345e+01
8.400000000000000000e+02 -5.513553816551005626e-01 -2.835618727638028469e-01 6.200000746494767068e-01 -8.962338557949543372e+01
8.500000000000000000e+02 -5.519263546020296562e-01 -2.747256137668540044e-01 6.165199621779168249e-01 -9.074655515546257334e+01
8.600000000000000000e+02 -5.554353543769338097e-01 -2.696056278951149965e-01 6.174104206154519270e-01 -9.186651173289746453e+01
8.700000000000000000e+02 -5.609542297393601551e-01 -2.685610258374572235e-01 6.219281891515661131e-01 -9.298189772210925241e+01
8.800000000000000000e+02 -5.675291916226419264e-01 -2.717535557801004087e-01 6.292371400537142279e-01 -9.409183362274170292e+01
8.900000000000000000e+02 -5.742217874996271565e-01 -2.791527731460127781e-01 6.384801735327231276e-01 -9.519590825415644986e+01
9.000000000000000000e+02 -5.801478278754086393e-01 -2.905492194049385524e-01 6.488376924049448213e-01 -9.629410452552927779e+01
9.100000000000000000e+02 -5.845113618819872681e-01 -3.055754989604395067e-01 6.595679780993443098e-01 -9.738669601125205588e+01
9.200000000000000000e+02 -5.866314586843707213e-01 -3.237334755871866809e-01 6.700297243659508739e-01 -9.847414371692492807e+01
9.300000000000000000e+02 -5.859612147360331313e-01 -3.444247446252197142e-01 6.796903338175962483e-01 -9.955701086556855728e+01
9.400000000000000000e+02 -5.820991538039604896e-01 -3.669826341279420756e-01 6.881247551213151015e-01 -1.006359007109644779e+02
9.500000000000000000e+02 -5.747934318176648461e-01 -3.907045142949536198e-01 6.950089976044799833e-01 -1.017114151314004573e+02
9.600000000000000000e+02 -5.639386668163224314e-01 -4.148832980267179726e-01 7.001106847578442149e-01 -1.027841285696469527e+02
9.700000000000000000e+02 -5.495659348419618118e-01 -4.388364352227618337e-01 7.032781338970668372e-01 -1.038545727784137540e+02
9.800000000000000000e+02 -5.318281723723572441e-01 -4.619303274298808271e-01 7.044294374374190371e-01 -1.049232303866617286e+02
9.900000000000000000e+02 -5.109824912229727900e-01 -4.835994031158237227e-01 7.035421018179484065e-01 -1.059905344902628173e+02
1.000000000000000000e+03 -4.873699559186259189e-01 -5.033600009693206534e-01 7.006431078002250956e-01 -1.070568709237947473e+02
1.010000000000000000e+03 -4.613939761030017017e-01 -5.208192103625810532e-01 6.957995767940935439e-01 -1.081225814806499415e+02
1.020000000000000000e+03 -4.334988829714861436e-01 -5.356787695005057470e-01 6.891103145586360279e-01 -1.091879677573261489e+02
1.030000000000000000e+03 -4.041495740972642081e-01 -5.477346653224732798e-01 6.806982751843300150e-01 -1.102532948702996265e+02
1.040000000000000000e+03 -3.738131052277869348e-01 -5.568729591516244914e-01 6.707039065596139826e-01 -1.113187950093106338e+02
1.050000000000000000e+03 -3.429430740520340581e-01 -5.630624629993326025e-01 6.592793711918595312e-01 -1.123846711718410347e+02
1.060000000000000000e+03 -3.119669910913936972e-01 -5.663453452854635417e-01 6.465836787741618963e-01 -1.134511007050519567e+02
1.070000000000000000e+03 -2.812762030834125015e-01 -5.668265385328474792e-01 6.327784977432077129e-01 -1.145182378985868752e+02
1.080000000000000000e+03 -2.512183493440598991e-01 -5.646622894404040860e-01 6.180244009448435660e-01 -1.155862158403040780e+02
1.090000000000000000e+03 -2.220927326460127582e-01 -5.600483057392967590e-01 6.024776233650758206e-01 -1.166551483300911229e+02
1.100000000000000000e+03 -1.941486174752506400e-01 -5.532083374544033427e-01 5.862876003265088398e-01 -1.177251321570867049e+02
1.110000000000000000e+03 -1.675856984511705505e-01 -5.443838672021594771e-01 5.695952608610302947e-01 -1.187962491747304483e+02
1.120000000000000000e+03 -1.425561154587919044e-01 -5.338249206018189641e-01 5.525317112259157115e-01 -1.198685680618430212e+02
1.130000000000000000e+03 -1.191678391665941250e-01 -5.217821237818186519e-01 5.352173003462241674e-01 -1.209421461540375446e+02
1.140000000000000000e+03 -9.748904550202415475e-02 -5.085001929519374908e-01 5.177611034300021453e-01 -1.220170313526790977e+02
1.150000000000000000e+03 -7.755292843306488271e-02 -4.942129150534911863e-01 5.002607941006504966e-01 -1.230932637764719288e+02
1.160000000000000000e+03 -5.936284695490402774e-02 -4.791395214306775618e-01 4.828028879319282707e-01 -1.241708775704997265e+02
1.170000000000000000e+03 -4.289762517749736576e-02 -4.634824067723116725e-01 4.654633687341289128e-01 -1.252499031047536704e+02
1.180000000000000000e+03 -2.811654466375150541e-02 -4.474259850671231109e-01 4.483085457551687081e-01 -1.263303691579025951e+02
1.190000000000000000e+03 -1.496380340074842698e-02 -4.311362728074221162e-01 4.313958752033822397e-01 -1.274123049204801532e+02
1.200000000000000000e+03 -3.372565201501413323e-03 -4.147610048148925310e-01 4.147747163353833200e-01 -1.284957421863241507e+02
1.210000000000000000e+03 6.731625947647896548e-03 -3.984303340728884146e-01 3.984871966542118393e-01 -1.295807172618866332e+02
1.220000000000000000e+03 1.542795872779097535e-02 -3.822582108744784213e-01 3.825694207480044295e-01 -1.306672728674746224e+02
1.230000000000000000e+03 2.279777533409948348e-02 -3.663440074580852079e-01 3.670526806340387860e-01 -1.317554606530308092e+02
1.240000000000000000e+03 2.892254312144089748e-02 -3.507742554429722492e-01 3.519646172304584653e-01 -1.328453436788010436e+02
1.250000000000000000e+03 3.388291541452073674e-02 -3.356245259594974328e-01 3.373305120835127235e-01 -1.339369970850976870e+02
1.260000000000000000e+03 3.775849440515621075e-02 -3.209611077255535849e-01 3.231744676984223408e-01 -1.350305073023963018e+02
1.270000000000000000e+03 4.062758361286602365e-02 -3.068424002238596682e-01 3.095203694837541653e-01 -1.361259713456252030e+02
1.280000000000000000e+03 4.256702572058135986e-02 -2.933202383828511506e-01 2.963928371666043615e-01 -1.372234957596717493e+02
1.290000000000000000e+03 4.365232595352771389e-02 -2.804409693649070889e-01 2.838180101041542502e-01 -1.383231941514538335e+02
1.300000000000000000e+03 4.395800364316222036e-02 -2.682462557819794147e-01 2.718241340009076579e-01 -1.394251828733137302e+02
1.310000000000000000e+03 4.355813281901493167e-02 -2.567737376305683772e-01 2.604420535770882728e-01 -1.405295744208829660e+02
1.320000000000000000e+03 4.252697559267496624e-02 -2.460574814880550909e-01 2.497054822171602684e-01 -1.416364682466862064e+02
1.330000000000000000e+03 4.093969725278057137e-02 -2.361280928193586204e-01 2.396508606904155791e-01 -1.427459384333534445e+02
1.340000000000000000e+03 3.887292006467840677e-02 -2.270123373284755330e-01 2.303165326538510749e-01 -1.438580188176873946e+02
1.350000000000000000e+03 3.640523332794955158e-02 -2.187324237759036560e-01 2.217413227717015822e-01 -1.449726855212140322e+02
1.360000000000000000e+03 3.361729866254607735e-02 -2.113054560262937753e-01 2.139628905110575463e-01 -1.460898398746404609e+02
1.370000000000000000e+03 3.059171669590622991e-02 -2.047428682814574630e-01 2.070156883970894479e-01 -1.472092929566066744e+02
1.380000000000000000e+03 2.741292124104880573e-02 -1.990500248617333434e-01 2.009287949708169763e-01 -1.483307531693624526e+02
1.390000000000000000e+03 2.416685509341644222e-02 -1.942257044982428904e-01 1.957234303116133223e-01 -1.494538205872908350e+02
1.400000000000000000e+03 2.094043658719943121e-02 -1.902613453287132217e-01 1.914102437456114414e-01 -1.505779907932668493e+02
1.410000000000000000e+03 1.782093424980998875e-02 -1.871404243779652143e-01 1.879870318237430171e-01 -1.517026697100865817e+02
1.420000000000000000e+03 1.489519089199089347e-02 -1.848379876343368977e-01 1.854371817743683537e-01 -1.528271996647695232e+02
1.430000000000000000e+03 1.224856912642404219e-02 -1.833199893612843523e-01 1.837287292316207021e-01 -1.539508949411502670e+02
1.440000000000000000e+03 9.964001420596606262e-03 -1.825429449071409027e-01 1.828146822869572696e-01 -1.550730807100508457e+02
1.450000000000000000e+03 8.121147286842114732e-03 -1.824540152556139716e-01 1.826346646071068391e-01 -1.561931297269398726e+02
1.460000000000000000e+03 6.795071540005771620e-03 -1.829909149523375744e-01 1.831170334849476500e-01 -1.573104946911416278e+02
1.470000000000000000e+03 6.054975863496751300e-03 -1.840817442244390423e-01 1.841813000535595102e-01 -1.584247300101618805e+02
1.480000000000000000e+03 5.963027000050871718e-03 -1.856452053725093088e-01 1.857409485514825709e-01 -1.595355015045220455e+02
1.490000000000000000e+03 6.572900334688303557e-03 -1.875912343907214230e-01 1.877063510887267139e-01 -1.606425869285066028e+02
1.500000000000000000e+03 7.928292764448544375e-03 -1.898219311499600714e-01 1.899874295095835830e-01 -1.617458682806160937e+02
1.510000000000000000e+03 1.006148555064207729e-02 -1.922326290232572177e-01 1.924957587914056245e-01 -1.628453185816019015e+02
1.520000000000000000e+03 1.299197206152484865e-02 -1.947131838965653616e-01 1.951461383711835806e-01 -1.639409861364719347e+02
1.530000000000000000e+03 1.672534284180934860e-02 -1.971496540932708430e-01 1.978578358374325497e-01 -1.650329778986375686e+02
1.540000000000000000e+03 2.125242823841895154e-02 -1.994263479551319773e-01 2.005555632854658932e-01 -1.661214439068526474e+02
1.550000000000000000e+03 2.654865983969535367e-02 -2.014280741817297826e-01 2.031701267604179295e-01 -1.672065641936257521e+02
1.560000000000000000e+03 3.257378809567002681e-02 -2.030424169927644851e-01 2.056386995902407255e-01 -1.682885379922067841e+02
1.570000000000000000e+03 3.927200150956811769e-02 -2.041620889223159374e-01 2.079049029140274119e-01 -1.693675752085600550e+02
1.580000000000000000e+03 4.657239053921576749e-02 -2.046874301302305799e-01 2.099188691229429693e-01 -1.704438904478777772e+02
1.590000000000000000e+03 5.438988664029623110e-02 -2.045289953518018011e-01 2.116373542368209515e-01 -1.715176988379592160e+02
1.600000000000000000e+03 6.262678316513077548e-02 -2.036099928623475164e-01 2.130238089111578803e-01 -1.725892127943767207e+02
1.610000000000000000e+03 7.117472281647779786e-02 -2.018683091652142825e-01 2.140482548707766941e-01 -1.736586396355922375e+02
1.620000000000000000e+03 7.991702423328839178e-02 -1.992581522094158952e-01 2.146870792204662592e-01 -1.747261801606180143e+02
1.630000000000000000e+03 8.873130284407586277e-02 -1.957513109866959311e-01 2.149228230258881933e-01 -1.757920279258869414e+02
1.640000000000000000e+03 9.749222073512033016e-02 -1.913378627165343848e-01 2.147438260178783087e-01 -1.768563691747222606e+02
1.650000000000000000e+03 1.060743255042309735e-01 -1.860263513091774401e-01 2.141437972778643117e-01 -1.779193830304815833e+02
1.660000000000000000e+03 1.143551580880391993e-01 -1.798435069315557355e-01 2.131215361402525599e-01 -1.789812408859378365e+02
1.670000000000000000e+03 1.222181796994663006e-01 -1.728334856244736484e-01 2.116806490970683241e-01 -1.800421064319511402e+02
1.680000000000000000e+03 1.295552068794648404e-01 -1.650566155986547823e-01 2.098290684878122980e-01 -1.811021369440911428e+02
1.690000000000000000e+03 1.362687115368600710e-01 -1.565876680594004977e-01 2.075785623136381930e-01 -1.821614838285542817e+02
1.700000000000000000e+03 1.422738643268687264e-01 -1.475137855080865534e-01 2.049443080093370506e-01 -1.832202928200156578e+02
1.710000000000000000e+03 1.475001856106792075e-01 -1.379322135289147433e-01 2.019445475475160068e-01 -1.842787044289243568e+02
1.720000000000000000e+03 1.518927532004044623e-01 -1.279479245385687636e-01 1.986003017835729911e-01 -1.853368548351947993e+02
1.730000000000000000e+03 1.554129302739434004e-01 -1.176711292118356594e-01 1.949350495583647425e-01 -1.863948770556839065e+02
1.740000000000000000e+03 1.580386645046865934e-01 -1.072146835273263404e-01 1.909743643589097706e-01 -1.874529018767162825e+02
1.750000000000000000e+03 1.597644148292290955e-01 -9.669147158554231014e-02 1.867455727001412213e-01 -1.885110583335705599e+02
1.760000000000000000e+03 1.606007255846617077e-01 -8.621184975114266902e-02 1.822774700719576313e-01 -1.895694737668615915e+02
1.770000000000000000e+03 1.605734878372061247e-01 -7.588121801780606246e-02 1.776001245609675760e-01 -1.906282734349701116e+02
1.780000000000000000e+03 1.597228197735875155e-01 -6.579783218903291486e-02 1.727447072335417666e-01 -1.916875802468968573e+02
1.790000000000000000e+03 1.581014711238150627e-01 -5.605090032276476009e-02 1.677431924058530588e-01 -1.927475148579120514e+02
1.800000000000000000e+03 1.557729266889394115e-01 -4.671891925605255180e-02 1.626279868463335887e-01 -1.938081951644449532e+02
1.810000000000000000e+03 1.528093153465927556e-01 -3.786832868690950121e-02 1.574315634624589566e-01 -1.948697351411778413e+02
1.820000000000000000e+03 1.492891940620300339e-01 -2.955256979395864958e-02 1.521861289510882398e-01 -1.959322433119546361e+02
1.830000000000000000e+03 1.452952336345643969e-01 -2.181155725471668402e-02 1.469232757149065149e-01 -1.969958208991768913e+02
1.840000000000000000e+03 1.409117838205418971e-01 -1.467159557849631764e-02 1.416735209427156250e-01 -1.980605598889879388e+02
1.850000000000000000e+03 1.362224654892539022e-01 -8.145794839889952330e-03 1.364657981970008038e-01 -1.991265413056653699e+02
1.860000000000000000e+03 1.313080027173440245e-01 -2.234950282232174568e-03 1.313270215164498156e-01 -2.001938337202169578e+02
1.870000000000000000e+03 1.262443997690618214e-01 3.071210157689081410e-03 1.262817516701577325e-01 -2.012624919941244457e+02
1.880000000000000000e+03 1.211014792779795679e-01 7.792514015895495375e-03 1.213519326504643725e-01 -2.023325563068140696e+02
1.890000000000000000e+03 1.159417767505040303e-01 1.195665145307283489e-02 1.165566690929094179e-01 -2.034040516188086372e+02
1.900000000000000000e+03 1.108198043710763858e-01 1.559740690938356440e-02 1.119120553968182968e-01 -2.044769874967701355e+02
1.910000000000000000e+03 1.057817020558743104e-01 1.875294420608553808e-02 1.074311007401223678e-01 -2.055513579656038416e+02
1.920000000000000000e+03 1.008652994147946624e-01 2.146419834767251955e-02 1.031238112016056307e-01 -2.066271416849124307e+02
1.930000000000000000e+03 9.610052655663296750e-02 2.377341691575281246e-02 9.899740681609958681e-02 -2.077043027548996861e+02
1.940000000000000000e+03 9.151000529940966910e-02 2.572295495253672237e-02 9.505656990123417804e-02 -2.087827913917584510e+02
1.950000000000000000e+03 8.710978106456644665e-02 2.735430487788163834e-02 9.130373460307524003e-02 -2.098625447002674775e+02
1.960000000000000000e+03 8.291015239191068531e-02 2.870728748829489210e-02 8.773939665045267511e-02 -2.109434883284348814e+02
1.970000000000000000e+03 7.891645302894041702e-02 2.981944924369913860e-02 8.436235008501427601e-02 -2.120255381177062191e+02
1.980000000000000000e+03 7.512976388361419788e-02 3.072572629089114632e-02 8.116989390969030216e-02 -2.131086006175324599e+02
1.990000000000000000e+03 7.154760194629154746e-02 3.145831104301106962e-02 7.815807493755085045e-02 -2.141925728845114634e+02
2.000000000000000000e+03 6.816456486710696649e-02 3.204658401187621131e-02 7.532191879096199194e-02 -2.152773428008821384e+02
2.010000000000000000e+03 6.497287967126616492e-02 3.251702840584419496e-02 7.265557259511007393e-02 -2.163627905228952386e+02
2.020000000000000000e+03 6.196280662297926761e-02 3.289312858417565294e-02 7.015231509117740571e-02 -2.174487905765560356e+02
2.030000000000000000e+03 5.912294043448097086e-02 3.319529891339248473e-02 6.780449804820223858e-02 -2.185352139057505951e+02
2.040000000000000000e+03 5.644052066629190456e-02 3.344089940968886232e-02 6.560355269656555077e-02 -2.196219295802802662e+02
2.050000000000000000e+03 5.390175317083185230e-02 3.364431392934737891e-02 6.354005708736623625e-02 -2.207088063573604018e+02
2.060000000000000000e+03 5.149212641974508509e-02 3.381699105860699883e-02 6.160379832027336466e-02 -2.217957152130123291e+02
2.070000000000000000e+03 4.919677142604843290e-02 3.396741927089576285e-02 5.978384305706414131e-02 -2.228825336874776610e+02
2.080000000000000000e+03 4.700089348908274844e-02 3.410111594540000957e-02 5.806866708900520341e-02 -2.239691514158753307e+02
2.090000000000000000e+03 4.489022297091058156e-02 3.422073325862088483e-02 5.644635243428710453e-02 -2.250554750375803792e+02
2.100000000000000000e+03 4.285141448848899665e-02 3.432629445879775004e-02 5.490481048994134972e-02 -2.261414314338839517e+02
2.110000000000000000e+03 4.087239122533161545e-02 3.441547844650769822e-02 5.343198968014012395e-02 -2.272269701715078440e+02
2.120000000000000000e+03 3.894263409629927786e-02 3.448390502196107404e-02 5.201604037142661119e-02 -2.283120657293063971e+02
2.130000000000000000e+03 3.705347736216597215e-02 3.452542187621970848e-02 5.064548292157452364e-02 -2.293967203010596165e+02
2.140000000000000000e+03 3.519845617007661548e-02 3.453247102610046415e-02 4.930946026803855603e-02 -2.304809670247630891e+02
2.150000000000000000e+03 3.337362070943700187e-02 3.449658499665748945e-02 4.799805137387326559e-02 -2.315648722767970753e+02
2.160000000000000000e+03 3.157768786877636347e-02 3.440893704031334349e-02 4.670251941150620201e-02 -2.326485364202112009e+02
2.170000000000000000e+03 2.981199889516636392e-02 3.426085716029989015e-02 4.541543362650931476e-02 -2.337320934238414907e+02
2.180000000000000000e+03 2.808038942662932982e-02 3.404429744469084779e-02 4.413074278610932405e-02 -2.348157108089650080e+02
2.190000000000000000e+03 2.638903574876674818e-02 3.375226302009035756e-02 4.284386148244632986e-02 -2.358995906937431641e+02
2.200000000000000000e+03 2.474624683804140662e-02 3.337921026162722626e-02 4.155175580236285249e-02 -2.369839714572987930e+02
2.210000000000000000e+03 2.316218407480611502e-02 3.292143904381437253e-02 4.025304857809886699e-02 -2.380691291192324854e+02
2.220000000000000000e+03 2.164851009343972052e-02 3.237744139811793431e-02 3.894812833441835959e-02 -2.391553785730554580e+02
2.230000000000000000e+03 2.021796001770450463e-02 3.174814878667886475e-02 3.763921968716403554e-02 -2.402430746684805740e+02
2.240000000000000000e+03 1.888382772698050591e-02 3.103708956189267509e-02 3.633042634067518151e-02 -2.413326117346856279e+02
2.250000000000000000e+03 1.765939498538699956e-02 3.025047133482773251e-02 3.502777822284973419e-02 -2.424244204623282144e+02
2.260000000000000000e+03 1.655735083323900750e-02 2.939714868718509844e-02 3.373926818340061695e-02 -2.435189620585636305e+02
2.270000000000000000e+03 1.558924505790474681e-02 2.848846122673858935e-02 3.247486696728402872e-02 -2.446167190232477253e+02
2.280000000000000000e+03 1.476501431585403208e-02 2.753798594599418670e-02 3.124654089189950537e-02 -2.457181807892947631e+02
2.290000000000000000e+03 1.409258092475543581e-02 2.656124936680406834e-02 3.006826907300003474e-02 -2.468238212187721388e+02
2.300000000000000000e+03 1.357748846713163933e-02 2.557539884655500931e-02 2.895598762320946915e-02 -2.479340643445539172e+02
2.310000000000000000e+03 1.322260269545837141e-02 2.459881420728488033e-02 2.792738588637438957e-02 -2.490492373642485688e+02
2.320000000000000000e+03 1.302790822911580743e-02 2.365066144861933256e-02 2.700148476998018993e-02 -2.501695120319900241e+02
2.330000000000000000e+03 1.299037320417966920e-02 2.275040327927863038e-02 2.619791299614687013e-02 -2.512948377946250389e+02
2.340000000000000000e+03 1.310391596624826786e-02 2.191730781625317662e-02 2.553587663588013229e-02 -2.524248774492244820e+02
2.350000000000000000e+03 1.335950888163597167e-02 2.116999409078520675e-02 2.503288092414436561e-02 -2.535589626382494544e+02
2.360000000000000000e+03 1.374532719840568760e-02 2.052599032599824319e-02 2.470324469890958566e-02 -2.546960868000570883e+02
2.370000000000000000e+03 1.424689622650687250e-02 2.000127907097239838e-02 2.455657175918035673e-02 -2.558349512590969255e+02
2.380000000000000000e+03 1.484731795468537639e-02 1.960988288069580310e-02 2.459655173072292783e-02 -2.569740699102952135e+02
2.390000000000000000e+03 1.552760905057966496e-02 1.936351572403234925e-02 2.482040257575391512e-02 -2.581119169535817264e+02
2.400000000000000000e+03 1.626711736860889795e-02 1.927126817248850724e-02 2.521905796139232991e-02 -2.592470844574685884e+02
2.410000000000000000e+03 1.704399909860334142e-02 1.933933961578005942e-02 2.577805194439004854e-02 -2.603784123452209087e+02
2.420000000000000000e+03 1.783573665554045659e-02 1.957084898426937267e-02 2.647889030927971094e-02 -2.615050645438664105e+02
2.430000000000000000e+03 1.861965138377402393e-02 1.996573399686040959e-02 2.730058518945455842e-02 -2.626265448564215035e+02
2.440000000000000000e+03 1.937339049971311539e-02 2.052074361133208319e-02 2.822107683658440710e-02 -2.637426645097175992e+02
2.450000000000000000e+03 2.007544111636364384e-02 2.122954699653849600e-02 2.921843598988180940e-02 -2.648534827196046990e+02
2.460000000000000000e+03 2.070567709754803087e-02 2.208296589823736944e-02 3.027180944262565163e-02 -2.659592394529928470e+02
2.470000000000000000e+03 2.124587313004112910e-02 2.306927961960724902e-02 3.136205967766514391e-02 -2.670602933830870143e+02
2.480000000000000000e+03 2.168010362611577993e-02 2.417459332580972065e-02 3.247210888912826360e-02 -2.681570702238286685e+02
2.490000000000000000e+03 2.199499874148730730e-02 2.538330453438093076e-02 3.358708261702929992e-02 -2.692500221002339345e+02
2.500000000000000000e+03 2.217991240422244326e-02 2.667863787254765723e-02 3.469435448302093244e-02 -2.703395989008159859e+02
2.510000000000000000e+03 2.222701606412024258e-02 2.804319280935401587e-02 3.578352841821588748e-02 -2.714262303907463547e+02
2.520000000000000000e+03 2.213125617047567023e-02 2.945946890397712833e-02 3.684634049383483934e-02 -2.725103153095393509e+02
2.530000000000000000e+03 2.189014264445462640e-02 3.091032467476487536e-02 3.787646388582161655e-02 -2.735922146768556900e+02
2.540000000000000000e+03 2.150341280763386903e-02 3.237933686018087953e-02 3.886924514163583172e-02 -2.746722482675315860e+02
2.550000000000000000e+03 2.097264251259214896e-02 3.385102868801614928e-02 3.982139973930951676e-02 -2.757506940512757296e+02
2.560000000000000000e+03 2.030085590553475441e-02 3.531092775398940453e-02 4.073065638244422609e-02 -2.768277903361601489e+02
2.570000000000000000e+03 1.949217886309857761e-02 3.674547221095295774e-02 4.159536951196542848e-02 -2.779037397306422008e+02
2.580000000000000000e+03 1.855157942034816806e-02 3.814183712024958595e-02 4.241415846032000475e-02 -2.789787139639281008e+02
2.590000000000000000e+03 1.748472401461104511e-02 3.948771647269938567e-02 4.318559164924582611e-02 -2.800528594128024338e+02
2.600000000000000000e+03 1.629797065419974489e-02 4.077107888366415800e-02 4.390791182444368085e-02 -2.811263035369632348e+02
2.610000000000000000e+03 1.499848435809222717e-02 4.197995431184826237e-02 4.457881892855400374e-02 -2.821991615278872700e+02
2.620000000000000000e+03 1.359445452166395570e-02 4.310230321475915644e-02 4.519532869842443623e-02 -2.832715427902942906e+02
2.630000000000000000e+03 1.209541826539057077e-02 4.412602014953537904e-02 4.575374080063777937e-02 -2.843435576981558484e+02
2.640000000000000000e+03 1.051265127181522964e-02 4.503913617020498944e-02 4.624975268821516355e-02 -2.854153244063570014e+02
2.650000000000000000e+03 8.859494463437334391e-03 4.583025350018080785e-02 4.667871868462664109e-02 -2.864869740490348704e+02
2.660000000000000000e+03 7.151486749458216274e-03 4.648915705603834381e-02 4.703600202513683048e-02 -2.875586531689304479e+02
2.670000000000000000e+03 5.406292471218009099e-03 4.700750970101923859e-02 4.731737489100347471e-02 -2.886305243968346304e+02
2.680000000000000000e+03 3.643424075474679166e-03 4.737955711616813337e-02 4.751943782830334723e-02 -2.897027659760214533e+02
2.690000000000000000e+03 1.883744015185214544e-03 4.760273996097146021e-02 4.763999730590478404e-02 -2.907755699055400669e+02
2.700000000000000000e+03 1.487798213389582237e-04 4.767814093105871009e-02 4.767837306449469736e-02 -2.918491388597259402e+02
2.710000000000000000e+03 -1.540104171435090338e-03 4.761076630849427754e-02 4.763566929666177702e-02 -2.929236818285315280e+02
2.720000000000000000e+03 -3.162644223951372249e-03 4.740963697595965837e-02 4.751500812037786486e-02 -2.939994081665774388e+02
2.730000000000000000e+03 -4.700646345950507989e-03 4.708762026428374436e-02 4.732166584370295359e-02 -2.950765203627242386e+02
2.740000000000000000e+03 -6.138856766810390185e-03 4.666097326410700158e-02 4.706306394995041220e-02 -2.961552066640444423e+02
2.750000000000000000e+03 -7.465639507677845552e-03 4.614862708650674383e-02 4.674859950017823396e-02 -2.972356340442419764e+02
2.760000000000000000e+03 -8.673441978224737808e-03 4.557129952381322457e-02 4.638935153716561982e-02 -2.983179409747070849e+02
2.770000000000000000e+03 -9.759039679154420804e-03 4.495053035459482815e-02 4.599770684087046285e-02 -2.994022299192247942e+02
2.780000000000000000e+03 -1.072354337074455689e-02 4.430770602976177863e-02 4.558691913305863708e-02 -3.004885601767079493e+02
2.790000000000000000e+03 -1.157215995872359210e-02 4.366313052496167274e-02 4.517060829068084843e-02 -3.015769420261383402e+02
2.800000000000000000e+03 -1.231371654335693296e-02 4.303520331187748321e-02 4.476221999861906831e-02 -3.026673332536582848e+02
2.810000000000000000e+03 -1.295999260871614871e-02 4.243974702377820846e-02 4.437446941497180664e-02 -3.037596386757726350e+02
2.820000000000000000e+03 -1.352494256955136254e-02 4.188951947355651351e-02 4.401881317385934744e-02 -3.048537125965032715e+02
2.830000000000000000e+03 -1.402387952843220029e-02 4.139395670485010448e-02 4.370502086386625351e-02 -3.059493644233764371e+02
2.840000000000000000e+03 -1.447269010698798604e-02 4.095911857351610535e-02 4.344085810906893330e-02 -3.070463669141341256e+02
2.850000000000000000e+03 -1.488713351550538001e-02 4.058775983777238028e-02 4.323185160222925427e-02 -3.081444659651093048e+02
2.860000000000000000e+03 -1.528224392910857224e-02 4.027952095263996612e-02 4.308116511519782116e-02 -3.092433915493763266e+02
2.870000000000000000e+03 -1.567184110337094954e-02 4.003127731591435423e-02 4.298964720851924243e-02 -3.103428697334963999e+02
2.880000000000000000e+03 -1.606813407116245568e-02 3.983760458767317963e-02 4.295602020453769682e-02 -3.114426352510589027e+02
2.890000000000000000e+03 -1.648143620154188943e-02 3.969125605477111934e-02 4.297712817849629746e-02 -3.125424426441813353e+02
2.900000000000000000e+03 -1.692002598537857214e-02 3.958360868096218871e-02 4.304822128210910454e-02 -3.136420741120539333e+02
2.910000000000000000e+03 -1.739015992638871105e-02 3.950508652186662806e-02 4.316328907029148149e-02 -3.147413435015869823e+02
2.920000000000000000e+03 -1.789621644206950551e-02 3.944556164712001434e-02 4.331543485408110433e-02 -3.158400967189684820e+02
2.930000000000000000e+03 -1.844087919145695822e-02 3.939471133835511368e-02 4.349723332335327791e-02 -3.169382103728096354e+02
2.940000000000000000e+03 -1.902530717540312777e-02 3.934232798525631042e-02 4.370104214338518117e-02 -3.180355898633667948e+02
2.950000000000000000e+03 -1.964930315918646600e-02 3.927859501901680150e-02 4.391927983596209673e-02 -3.191321669894485922e+02
2.960000000000000000e+03 -2.031148938254855735e-02 3.919432532715433348e-02 4.414466829401025860e-02 -3.202278970827780995e+02
2.970000000000000000e+03 -2.100950934027355846e-02 3.908115978277295482e-02 4.437044661354754005e-02 -3.213227554924551441e+02
2.980000000000000000e+03 -2.174026271569840310e-02 3.893174491045980207e-02 4.459057955129871326e-02 -3.224167337002929230e+02
2.990000000000000000e+03 -2.250011409185900813e-02 3.873988774564448428e-02 4.479993344517163578e-02 -3.235098364024941020e+02
3.000000000000000000e+03 -2.328504727175365746e-02 3.850068087573059461e-02 4.499439803289571882e-02 -3.246020800555822348e+02
3.010000000000000000e+03 -2.409084157277097821e-02 3.821060322862751546e-02 4.517099563635884607e-02 -3.256934914409105772e+02
3.020000000000000000e+03 -2.491332653002538075e-02 3.786758369238146099e-02 4.532800164899376122e-02 -3.267841050919925010e+02
3.030000000000000000e+03 -2.574866500986110543e-02 3.747100407844299041e-02 4.546504037649957974e-02 -3.278739603031523870e+02
3.040000000000000000e+03 -2.659360666097143611e-02 3.702162931832884973e-02 4.558312135672819981e-02 -3.289630985264632272e+02
3.050000000000000000e+03 -2.744569464048937993e-02 3.652144914466539521e-02 4.568459698766497851e-02 -3.300515609998691389e+02
3.060000000000000000e+03 -2.830342564091145943e-02 3.597341600422228336e-02 4.577303313112907751e-02 -3.311393860541444383e+02
3.070000000000000000e+03 -2.916636607610881976e-02 3.538108751373500449e-02 4.585300713955592355e-02 -3.322266057679217965e+02
3.080000000000000000e+03 -3.003520244865619596e-02 3.474821145795981697e-02 4.592985505810847496e-02 -3.333132425042816749e+02
3.090000000000000000e+03 -3.091170050776899381e-02 3.407829062825949717e-02 4.600938078724951807e-02 -3.343993059731965900e+02
3.100000000000000000e+03 -3.179856508516699931e-02 3.337415338235735079e-02 4.609753632749494928e-02 -3.354847910748335948e+02
3.110000000000000000e+03 -3.269920853780802078e-02 3.263756579845351197e-02 4.620009675582335135e-02 -3.365696767412819668e+02
3.120000000000000000e+03 -3.361744599662479238e-02 3.186891603543242496e-02 4.632235404866020395e-02 -3.376539258717709231e+02
3.130000000000000000e+03 -3.455712468142063676e-02 3.106697306729000116e-02 4.646882483785202966e-02 -3.387374862681039644e+02
3.140000000000000000e+03 -3.552170078478190246e-02 3.022873389454774906e-02 4.664297995959258009e-02 -3.398202925565529426e+02
3.150000000000000000e+03 -3.651377419963130339e-02 2.934938737270941303e-02 4.684700892751868240e-02 -3.409022693690729966e+02
3.160000000000000000e+03 -3.753460857979567383e-02 2.842241892751794924e-02 4.708163908499576888e-02 -3.419833357904140598e+02
3.170000000000000000e+03 -3.858368616991098704e-02 2.743985342075144079e-02 4.734602828337879793e-02 -3.430634104240908755e+02
3.180000000000000000e+03 -3.965831954279965682e-02 2.639260301368162587e-02 4.763771408030197801e-02 -3.441424163644757073e+02
3.190000000000000000e+03 -4.075334268383632580e-02 2.527091607623203548e-02 4.795262390357964838e-02 -3.452202858899822218e+02
3.200000000000000000e+03 -4.186091624668989569e-02 2.406494785575746462e-02 4.828517395964015274e-02 -3.462969651315293049e+02
3.210000000000000000e+03 -4.297045494176049418e-02 2.276542760043913718e-02 4.862843501216859710e-02 -3.473724186611569849e+02
3.220000000000000000e+03 -4.406869046583338639e-02 2.136435898119797352e-02 4.897433321701204212e-02 -3.484466332616116233e+02
3.230000000000000000e+03 -4.513991585604153894e-02 1.985571508511706218e-02 4.931390701447063013e-02 -3.495196203711472549e+02
3.240000000000000000e+03 -4.616644732760669806e-02 1.823608979349134601e-02 4.963764528872176979e-02 -3.505914170826073359e+02
3.250000000000000000e+03 -4.712927534067177376e-02 1.650524018052832234e-02 4.993587435455375256e-02 -3.516620857557274462e+02
3.260000000000000000e+03 -4.800882537485469392e-02 1.466646729565892170e-02 5.019912924352298855e-02 -3.527317126758912309e+02
3.270000000000000000e+03 -4.878577971522778112e-02 1.272679572666292336e-02 5.041848502177486563e-02 -3.538004057844711383e+02
3.280000000000000000e+03 -4.944194549706406455e-02 1.069691374965288551e-02 5.058586698181782165e-02 -3.548682910698860269e+02
3.290000000000000000e+03 -4.996111730163151077e-02 8.590878761431953656e-03 5.069434327339694679e-02 -3.559355080682782955e+02
3.300000000000000000e+03 -5.032984045316520744e-02 6.425629991758195075e-03 5.073836379734812663e-02 -3.570022054637428255e+02
3.310000000000000000e+03 -5.053800120380405603e-02 4.220351180356553267e-03 5.071391258581058048e-02 -3.580685371978753437e+02
3.320000000000000000e+03 -5.057921540262878823e-02 1.995732259580120481e-03 5.061857344885817983e-02 -3.591346591378970174e+02
3.330000000000000000e+03 -5.045100631617924908e-02 -2.268208170717564995e-04 5.045151619127234699e-02 -3.602007262064331030e+02
3.340000000000000000e+03 -5.015478167094699485e-02 -2.426001924080785962e-03 5.021342061437365084e-02 -3.612668894083769828e+02
3.350000000000000000e+03 -4.969564108535198810e-02 -4.581421855245391452e-03 4.990637403278107287e-02 -3.623332922746016038e+02
3.360000000000000000e+03 -4.908204136425108749e-02 -6.674343025071571671e-03 4.953376262003903602e-02 -3.634000676359307818e+02
3.370000000000000000e+03 -4.832532124373315613e-02 -8.688251770105355487e-03 4.910012619261528571e-02 -3.644673356798233499e+02
3.380000000000000000e+03 -4.743911204032369433e-02 -1.060925172741795756e-02 4.861096145305197902e-02 -3.655352030690186780e+02
3.390000000000000000e+03 -4.643870278424615944e-02 -1.242630106917122675e-02 4.807250851105273476e-02 -3.666037624627557534e+02
3.400000000000000000e+03 -4.534040115969874968e-02 -1.413132492324942202e-02 4.749153947187711305e-02 -3.676730918557140626e+02
3.410000000000000000e+03 -4.416090442775190417e-02 -1.571922570527614291e-02 4.687514839070327372e-02 -3.687432533664690482e+02
3.420000000000000000e+03 -4.291670781576946425e-02 -1.718779401272427926e-02 4.623055345513363279e-02 -3.698142916791657626e+02
3.430000000000000000e+03 -4.162358794596333206e-02 -1.853751498284043897e-02 4.556492659090298492e-02 -3.708862327546732445e+02
3.440000000000000000e+03 -4.029616342719093830e-02 -1.977127555780872417e-02 4.488523280694537571e-02 -3.719590831099748129e+02
3.450000000000000000e+03 -3.894750404269165661e-02 -2.089396248138015652e-02 4.419802868147859609e-02 -3.730328299401770664e+02
3.460000000000000000e+03 -3.758881325121086331e-02 -2.191197622501955822e-02 4.350923561406506296e-02 -3.741074420372813165e+02
3.470000000000000000e+03 -3.622926236575609027e-02 -2.283274916177362515e-02 4.282398727175302372e-02 -3.751828710346788398e+02
3.480000000000000000e+03 -3.487599067328969044e-02 -2.366432312020925327e-02 4.214658840500687398e-02 -3.762590528915736172e+02
3.490000000000000000e+03 -3.353418894290709218e-02 -2.441495952094224417e-02 4.148050236518165124e-02 -3.773359098978854718e+02
3.500000000000000000e+03 -3.220720881419622539e-02 -2.509276207212522702e-02 4.082831135388194366e-02 -3.784133531236014960e+02
3.510000000000000000e+03 -3.089673103921848629e-02 -2.570535940059203925e-02 4.019170922993214184e-02 -3.794912849512581943e+02
3.520000000000000000e+03 -2.960302736166568749e-02 -2.625967571295813319e-02 3.957157815307914273e-02 -3.805696020124025267e+02
3.530000000000000000e+03 -2.832527036971880033e-02 -2.676176297736389612e-02 3.896810104655184376e-02 -3.816481987521710835e+02
3.540000000000000000e+03 -2.706180880225595234e-02 -2.721669453293083102e-02 3.838085404141920037e-02 -3.827269703463368842e+02
3.550000000000000000e+03 -2.581036968048077904e-02 -2.762852653431763575e-02 3.780887014313671912e-02 -3.838058138958239169e+02
3.560000000000000000e+03 -2.456823945139528440e-02 -2.800028652214944097e-02 3.725069710842415088e-02 -3.848846292906662256e+02
3.570000000000000000e+03 -2.333248701223415711e-02 -2.833397096611194391e-02 3.670448012006913285e-02 -3.859633212581598514e+02
3.580000000000000000e+03 -2.210021952831995457e-02 -2.863056776602653994e-02 3.616806759843512603e-02 -3.870418023501084122e+02
3.590000000000000000e+03 -2.086881541427256306e-02 -2.889010697293549132e-02 3.563910405302911366e-02 -3.881199957841463970e+02
3.600000000000000000e+03 -1.963610822951863955e-02 -2.911174009935975013e-02 3.511509871855751641e-02 -3.891978374596174604e+02
3.610000000000000000e+03 -1.840055987951824332e-02 -2.929384992163803353e-02 3.459350007026159440e-02 -3.902752778853756581e+02
3.620000000000000000e+03 -1.716145120975280658e-02 -2.943419252386252766e-02 3.407179327767369953e-02 -3.913522848123864151e+02
3.630000000000000000e+03 -1.591907003986627045e-02 -2.953008194477179868e-02 3.354761587056680205e-02 -3.924288462356472564e+02
3.640000000000000000e+03 -1.467483842297310007e-02 -2.957862186716970349e-02 3.301886967025639136e-02 -3.935049724433259826e+02
3.650000000000000000e+03 -1.343133708197995733e-02 -2.957695772297472270e-02 3.248379971549517076e-02 -3.945806963149693729e+02
3.660000000000000000e+03 -1.219224869568671585e-02 -2.952255109608805522e-02 3.194106998017762905e-02 -3.956560721629413706e+02
3.670000000000000000e+03 -1.096226907534213375e-02 -2.941347410513948588e-02 3.138986782727690161e-02 -3.967311744591717684e+02
3.680000000000000000e+03 -9.746983175073135539e-03 -2.924867106675722167e-02 3.082999254275809592e-02 -3.978060970658455631e+02
3.690000000000000000e+03 -8.552646815257768098e-03 -2.902817125027323808e-02 3.026189838198735035e-02 -3.988809510810743291e+02
3.700000000000000000e+03 -7.385880486814641599e-03 -2.875324483711533263e-02 2.968670273419749331e-02 -3.999558608583269574e+02
3.710000000000000000e+03 -6.253340526135606030e-03 -2.842646373378289459e-02 2.910615241051080562e-02 -4.010309598610435273e+02
3.720000000000000000e+03 -5.161392943366073516e-03 -2.805166415480824654e-02 2.852254965759518091e-02 -4.021063864930223417e+02
3.730000000000000000e+03 -4.115793005506707472e-03 -2.763384040892372107e-02 2.793866295673512468e-02 -4.031822791364411955e+02
3.740000000000000000e+03 -3.121394183139054694e-03 -2.717898665265332248e-02 2.735763909974034402e-02 -4.042587706115995161e+02
3.750000000000000000e+03 -2.181915167399777616e-03 -2.669389392276396572e-02 2.678291855936361723e-02 -4.053359827651126466e+02
3.760000000000000000e+03 -1.299781334938607518e-03 -2.618590149008216683e-02 2.621814006307354727e-02 -4.064140216922949094e+02
3.770000000000000000e+03 -4.760377594100711866e-04 -2.566259970721577674e-02 2.566701454554416034e-02 -4.074929734501933467e+02
3.780000000000000000e+03 2.896786621545932821e-04 -2.513151290061609380e-02 2.513318233732331902e-02 -4.085728997117776657e+02
3.790000000000000000e+03 9.991031517057990651e-04 -2.459979407938717166e-02 2.462007465171461504e-02 -4.096538337324988674e+02
3.800000000000000000e+03 1.655226390727174233e-03 -2.407394998686012560e-02 2.413078619470162070e-02 -4.107357778389974214e+02
3.810000000000000000e+03 2.262121873348635348e-03 -2.355960474060408288e-02 2.366795662712302406e-02 -4.118187021888489312e+02
3.820000000000000000e+03 2.824736454825536609e-03 -2.306131772477655606e-02 2.323367192766381817e-02 -4.129025447560185285e+02
3.830000000000000000e+03 3.348638775532130837e-03 -2.258247875543691746e-02 2.282940490658389929e-02 -4.139872136240280156e+02
3.840000000000000000e+03 3.839760531951065450e-03 -2.212527561530947331e-02 2.245599211783209231e-02 -4.150725908609883845e+02
3.850000000000000000e+03 4.304168183383143449e-03 -2.169070128137916623e-02 2.211362443899397151e-02 -4.161585365709879056e+02
3.860000000000000000e+03 4.747853439861219292e-03 -2.127858601772578129e-02 2.180184247260210512e-02 -4.172448935511044397e+02
3.870000000000000000e+03 5.176529944627684260e-03 -2.088766604793569626e-02 2.151955053428655437e-02 -4.183314931640072700e+02
3.880000000000000000e+03 5.595448902525096586e-03 -2.051569589261406298e-02 2.126506116565364882e-02 -4.194181619076893526e+02
3.890000000000000000e+03 6.009253122421484399e-03 -2.015959269468329748e-02 2.103616649261125585e-02 -4.205047275919338290e+02
3.900000000000000000e+03 6.421861357137473303e-03 -1.981560239738124063e-02 2.083022807511710275e-02 -4.215910251908397299e+02
3.910000000000000000e+03 6.836364118632657673e-03 -1.947947914386801913e-02 2.064427237949831989e-02 -4.226769029487064131e+02
3.920000000000000000e+03 7.254946611913023688e-03 -1.914667712843821576e-02 2.047509451510217890e-02 -4.237622278949335168e+02
3.930000000000000000e+03 7.678844950100309832e-03 -1.881256260402500158e-02 2.031937921044934398e-02 -4.248468906080135525e+02
3.940000000000000000e+03 8.108320766249503542e-03 -1.847264573072953872e-02 2.017383220762563115e-02 -4.259308100845195213e+02
3.950000000000000000e+03 8.542671198648816092e-03 -1.812281064930182026e-02 2.003530626266220721e-02 -4.270139377886614511e+02
3.960000000000000000e+03 8.980317193828760147e-03 -1.775951226841104846e-02 1.990091387131804473e-02 -4.280962584691667416e+02
3.970000000000000000e+03 9.418980501490748641e-03 -1.737991901308276813e-02 1.976812531801584033e-02 -4.291777868869978647e+02
3.980000000000000000e+03 9.855896171988781998e-03 -1.698201079028681393e-02 1.963485115386518279e-02 -4.302585630487905064e+02
3.990000000000000000e+03 1.028801898504420886e-02 -1.656465646023558627e-02 1.949951738588046740e-02 -4.313386484047603631e+02
4.000000000000000000e+03 1.071223883357537085e-02 -1.612765064177651766e-02 1.936112538182516857e-02 -4.324181218488282070e+02
4.010000000000000000e+03 1.112560336224613887e-02 -1.567166870935964018e-02 1.921926768401815630e-02 -4.334970741853572918e+02
4.020000000000000000e+03 1.152550633018578283e-02 -1.519814057534581500e-02 1.907408642937127169e-02 -4.345756021365013453e+02
4.030000000000000000e+03 1.190982654676695299e-02 -1.470908185807414531e-02 1.892620029170146920e-02 -4.356538028644087035e+02
4.040000000000000000e+03 1.227703383441970664e-02 -1.420690652676236294e-02 1.877662783440224928e-02 -4.367317685253448190e+02
4.050000000000000000e+03 1.262625731460574781e-02 -1.369422685765082394e-02 1.862670725070430383e-02 -4.378095809073998907e+02
4.060000000000000000e+03 1.295730891543638887e-02 -1.317366555302508166e-02 1.847802257908045045e-02 -4.388873070601624136e+02
4.070000000000000000e+03 1.327066511509948470e-02 -1.264769354205353899e-02 1.833234039970950413e-02 -4.399649962570101707e+02
4.080000000000000000e+03 1.356740504446141832e-02 -1.211848352211039072e-02 1.819153986104909623e-02 -4.410426780238113338e+02
4.090000000000000000e+03 1.384911037783395291e-02 -1.158777836757181150e-02 1.805753210583864107e-02 -4.421203609317777250e+02
4.100000000000000000e+03 1.411774561224937892e-02 -1.105678476467646283e-02 1.793218420897376916e-02 -4.431980318932658633e+02
4.110000000000000000e+03 1.437552887384378059e-02 -1.052607872449552555e-02 1.781724343766435611e-02 -4.442756551597282169e+02
4.120000000000000000e+03 1.462478611104384325e-02 -9.995515898030203975e-03 1.771425151852472346e-02 -4.453531709895946165e+02
4.130000000000000000e+03 1.486777850540883968e-02 -9.464169660364188386e-03 1.762445304246503669e-02 -4.464304953196288466e+02
4.140000000000000000e+03 1.510650207810856557e-02 -8.930318573339405056e-03 1.754870350929746414e-02 -4.475075215084960973e+02
4.150000000000000000e+03 1.534249124658255796e-02 -8.391494749400438616e-03 1.748740180188805213e-02 -4.485841238748334376e+02
4.160000000000000000e+03 1.557664269323780562e-02 -7.844600755780299639e-03 1.744045752296617680e-02 -4.496601632666142336e+02
4.170000000000000000e+03 1.580904392087052052e-02 -7.286086195658926339e-03 1.740726634892982710e-02 -4.507354949281267409e+02
4.180000000000000000e+03 1.603880410642532367e-02 -6.712152408131345435e-03 1.738666808546908762e-02 -4.518099769963687891e+02
4.190000000000000000e+03 1.626392731155826971e-02 -6.118978799267405476e-03 1.737691667533498158e-02 -4.528834780526170789e+02
4.200000000000000000e+03 1.648128348003059102e-02 -5.502992699140317641e-03 1.737571966267644624e-02 -4.665222545799868499e+02
