0.000000000000000000e+00 1.389393950368275377e+01 4.356367795306568533e-15 1.389393950368275377e+01 3.135444626163703429e-16
1.000000000000000000e+01 1.383688100648412522e+01 1.321300122136580546e+00 1.389982409961936405e+01 -1.014797487854950164e+00
2.000000000000000000e+01 1.360837348867605456e+01 2.620606526536297665e+00 1.385840566494666959e+01 -2.029755792386858992e+00
3.000000000000000000e+01 1.321475213952398242e+01 3.870216235940715954e+00 1.376983107456270794e+01 -3.045096437052719818e+00
4.000000000000000000e+01 1.266785543603571007e+01 5.045285469391747490e+00 1.363559557980343584e+01 -4.060981892947105543e+00
5.000000000000000000e+01 1.198378840918254618e+01 6.123990616511961527e+00 1.345787671615342518e+01 -5.077572986717067138e+00
6.000000000000000000e+01 1.118210852768330987e+01 7.088306578620389153e+00 1.323947284741355901e+01 -6.095028311509899765e+00
7.000000000000000000e+01 1.028485647965435845e+01 7.924534263399572787e+00 1.298370194123702426e+01 -7.113504271340271856e+00
8.000000000000000000e+01 9.315525379022208341e+00 8.623560672457907472e+00 1.269428264057365041e+01 -8.133155741986538345e+00
9.000000000000000000e+01 8.298039348575741769e+00 9.180872004180653079e+00 1.237521182799144803e+01 -9.154136275421915769e+00
1.000000000000000000e+02 7.255802483179688345e+00 9.596343548146117897e+00 1.203064749583172421e+01 -1.017659783729561518e+01
1.100000000000000000e+02 6.210866784150722353e+00 9.873838026222522046e+00 1.166479933726014018e+01 -1.120069038142412587e+01
1.200000000000000000e+02 5.183253702018769005e+00 1.002065555606233005e+01 1.128182860677887334e+01 -1.222656133749658380e+01
1.300000000000000000e+02 4.190450905569965911e+00 1.004688753960670944e+01 1.088576262948520856e+01 -1.325435498935625844e+01
1.400000000000000000e+02 3.247090668016277437e+00 9.964727017154094924e+00 1.048042853764668969e+01 -1.428421183011912277e+01
1.500000000000000000e+02 2.364800779893492688e+00 9.787781380779273732e+00 1.006940649127416521e+01 -1.531626799043957021e+01
1.600000000000000000e+02 1.552206976504092895e+00 9.530424136400753810e+00 9.655999726470483324e+00 -1.635065468814708822e+01
1.700000000000000000e+02 8.150600771136582434e-01 9.207212374983992476e+00 9.243218197541530401e+00 -1.738749760218479068e+01
1.800000000000000000e+02 1.564594114660975421e-01 8.832387237892017851e+00 8.833772912380876363e+00 -1.842691610415899461e+01
1.900000000000000000e+02 -4.228548494632020094e-01 8.419466782007903660e+00 8.430078713573738725e+00 -1.946902236581710355e+01
2.000000000000000000e+02 -9.241660412405253711e-01 7.980934125931110401e+00 8.034263649783591532e+00 -2.051392039099036069e+01
2.100000000000000000e+02 -1.350425391076081061e+00 7.528017533371428094e+00 7.648182576247158693e+00 -2.156170495817151433e+01
2.200000000000000000e+02 -1.705895770142455303e+00 7.070554777183688522e+00 7.273432837095906045e+00 -2.261246047650018909e+01
2.300000000000000000e+02 -1.995809874945443152e+00 6.616931811694032106e+00 6.911370606293530727e+00 -2.366625979347696074e+01
2.400000000000000000e+02 -2.226054505536781747e+00 6.174084473745295121e+00 6.563127131982384732e+00 -2.472316295003265907e+01
2.500000000000000000e+02 -2.402889451698812628e+00 5.747551319755136667e+00 6.229624698993064591e+00 -2.578321582942266588e+01
2.600000000000000000e+02 -2.532706481148653044e+00 5.341565650916751729e+00 5.911592486183912420e+00 -2.684644861085216050e+01
2.700000000000000000e+02 -2.621830423887044237e+00 4.959174925552195745e+00 5.609582044488282904e+00 -2.791287400324011259e+01
2.800000000000000000e+02 -2.676361369292100445e+00 4.602376630134797253e+00 5.323981670202295291e+00 -2.898248530621553343e+01
2.900000000000000000e+02 -2.702055701865518245e+00 4.272261404580919297e+00 5.055029428703228689e+00 -3.005525428699363744e+01
3.000000000000000000e+02 -2.704242984556852303e+00 3.969156146549804198e+00 4.802825276357556739e+00 -3.113112881154218314e+01
3.100000000000000000e+02 -2.687774249401480908e+00 3.692761475675461647e+00 4.567342524048148000e+00 -3.221003031068325129e+01
3.200000000000000000e+02 -2.656996451841314055e+00 3.442279674204091311e+00 4.348438742874959573e+00 -3.329185132113611445e+01
3.300000000000000000e+02 -2.615747805021175765e+00 3.216530401933272554e+00 4.145865941638021468e+00 -3.437645339893837360e+01
3.400000000000000000e+02 -2.567369175397608227e+00 3.014052587955838192e+00 3.959279920104801231e+00 -3.546366570145982422e+01
3.500000000000000000e+02 -2.514727691936147647e+00 2.833191511002209673e+00 3.788248870204475871e+00 -3.655328437839954603e+01
3.600000000000000000e+02 -2.460249003955110592e+00 2.672171239892352723e+00 3.632261595310826152e+00 -3.764507296469724196e+01
3.700000000000000000e+02 -2.405954210475559574e+00 2.529153413472087220e+00 3.490735259480813646e+00 -3.873876415907233195e+01
3.800000000000000000e+02 -2.353498695976497412e+00 2.402283948655102641e+00 3.363023086737440881e+00 -3.983406324133856913e+01
3.900000000000000000e+02 -2.304211015601107970e+00 2.289729347399569015e+00 3.248422523127240336e+00 -4.093065317889166721e+01
4.000000000000000000e+02 -2.259130558659501187e+00 2.189704261733718571e+00 3.146184297672976360e+00 -4.202820127527932215e+01
4.100000000000000000e+02 -2.219043180279337335e+00 2.100491398919756669e+00 3.055522337159411350e+00 -4.312636689899387221e+01
4.200000000000000000e+02 -2.184514041043543742e+00 2.020454575121656049e+00 2.975624016176510178e+00 -4.422480966654732271e+01
4.300000000000000000e+02 -2.155916875164528790e+00 1.948047044890004020e+00 2.905660830469355194e+00 -4.532319776994055616e+01
4.400000000000000000e+02 -2.133459346654447586e+00 1.881816301696203952e+00 2.844799004702581957e+00 -4.642121594407874596e+01
4.500000000000000000e+02 -2.117204963449806687e+00 1.820406397815361066e+00 2.792209933093068308e+00 -4.751857248999701966e+01
4.600000000000000000e+02 -2.107092084137843102e+00 1.762558253176991885e+00 2.747080021928499871e+00 -4.861500478892184418e+01
4.700000000000000000e+02 -2.102950283158543154e+00 1.707108421784376162e+00 2.708619400573609948e+00 -4.971028301480408373e+01
4.800000000000000000e+02 -2.104514197673969633e+00 1.652986690478254417e+00 2.676068946628536338e+00 -5.080421198447293563e+01
4.900000000000000000e+02 -2.111434765829125482e+00 1.599213270624875394e+00 2.648705316809441879e+00 -5.189663144323525046e+01
5.000000000000000000e+02 -2.123288557938866727e+00 1.544896239542490335e+00 2.625844376810369862e+00 -5.298741503135879327e+01
5.100000000000000000e+02 -2.139585595633351822e+00 1.489228969406748648e+00 2.606842811594518139e+00 -5.407646806718248200e+01
5.200000000000000000e+02 -2.159775627729066283e+00 1.431487947899620528e+00 2.591097934682197401e+00 -5.516372460009809942e+01
5.300000000000000000e+02 -2.183253374509513733e+00 1.371031479319695823e+00 2.578046278597948771e+00 -5.624914409396119197e+01
5.400000000000000000e+02 -2.209363117638370344e+00 1.307299531744443133e+00 2.567161360584873986e+00 -5.733270804783056462e+01
5.500000000000000000e+02 -2.237402965026347612e+00 1.239814824750355093e+00 2.557950904059623554e+00 -5.841441678196602538e+01
5.600000000000000000e+02 -2.266629178233130038e+00 1.168184949430113306e+00 2.549953706970546019e+00 -5.949428646222195738e+01
5.700000000000000000e+02 -2.296260815996006954e+00 1.092105385185001998e+00 2.542736303164118805e+00 -6.057234644380312005e+01
5.800000000000000000e+02 -2.325484995459966342e+00 1.011363444979013204e+00 2.535889682527467048e+00 -6.164863703445884369e+01
5.900000000000000000e+02 -2.353463351393792813e+00 9.258430874663841070e-01 2.529026525950842874e+00 -6.272320769478844227e+01
6.000000000000000000e+02 -2.379340156576204013e+00 8.355303417450330450e-01 2.521779239480063328e+00 -6.379611566792866739e+01
6.100000000000000000e+02 -2.402252264097937129e+00 7.405189465251756920e-01 2.513798768900649350e+00 -6.486742504207376214e+01
6.200000000000000000e+02 -2.421341012236106316e+00 6.410156139326966818e-01 2.504754142594055821e+00 -6.593720618287692048e+01
6.300000000000000000e+02 -2.435766115151591471e+00 5.373443115190666974e-01 2.494332671646381616e+00 -6.700553548086992350e+01
6.400000000000000000e+02 -2.444721574396137687e+00 4.299489548672925099e-01 2.482240858601237221e+00 -6.807249535822555231e+01
6.500000000000000000e+02 -2.447453471225799149e+00 3.193937356620689672e-01 2.468205998735799600e+00 -6.913817443433734411e+01
6.600000000000000000e+02 -2.443279156917530059e+00 2.063603573227048571e-01 2.451978310610024359e+00 -7.020266777634294897e+01
6.700000000000000000e+02 -2.431607296057751277e+00 9.164173714208710686e-02 2.433333567398376029e+00 -7.126607723908237801e+01
6.800000000000000000e+02 -2.411958012064945311e+00 -2.386814770468451488e-02 2.412076105855521124e+00 -7.232851191351829812e+01
6.900000000000000000e+02 -2.383982004274062927e+00 -1.391885165743677599e-01 2.388041800272505899e+00 -7.339008866616141802e+01
7.000000000000000000e+02 -2.347477686797502905e+00 -2.532702690077109908e-01 2.361100870182253342e+00 -7.445093268948697585e+01
7.100000000000000000e+02 -2.302405504649220891e+00 -3.650185973870720968e-01 2.331160587406508444e+00 -7.551117798602972186e+01
7.200000000000000000e+02 -2.248898441042174845e+00 -4.733192200183662379e-01 2.298167809834764430e+00 -7.657096778628621792e+01
7.300000000000000000e+02 -2.187267794691654998e+00 -5.770674657290191245e-01 2.262111240787731070e+00 -7.763045490241019309e+01
7.400000000000000000e+02 -2.118003470262481702e+00 -6.751993212926830079e-01 2.223023351995658814e+00 -7.868980196585579279e+01
7.500000000000000000e+02 -2.041768172979514073e+00 -7.667232763690285946e-01 2.180981855660005575e+00 -7.974918151096018448e+01
7.600000000000000000e+02 -1.959385187764199898e+00 -8.507514812782057678e-01 2.136110576942778394e+00 -8.080877592023841771e+01
7.700000000000000000e+02 -1.871819795346469917e+00 -9.265287210507141547e-01 2.088579617151994583e+00 -8.186877720552847393e+01
7.800000000000000000e+02 -1.780154766883267792e+00 -9.934579169493331641e-01 2.038604823600329130e+00 -8.292938650275462464e+01
7.900000000000000000e+02 -1.685560735094032925e+00 -1.051120921477584957e+00 1.986446622302906029e+00 -8.399081316481014881e+01
8.000000000000000000e+02 -1.589262461737485088e+00 -1.099293268612046681e+00 1.932408047671000606e+00 -8.505327341926707163e+01
8.100000000000000000e+02 -1.492502374456963210e+00 -1.137951659447492991e+00 1.876831723143813413e+00 -8.611698860815654655e+01
8.200000000000000000e+02 -1.396503228200034252e+00 -1.167273743189515045e+00 1.820095947446941365e+00 -8.718218291292699007e+01
8.300000000000000000e+02 -1.302431660202717723e+00 -1.187630688292802494e+00 1.762610246558564464e+00 -8.824908021303041039e+01
8.400000000000000000e+02 -1.211364088909019365e+00 -1.199572767329050826e+00 1.704810188852663888e+00 -8.931789990735353513e+01
8.500000000000000000e+02 -1.124256474285804552e+00 -1.203808123035652322e+00 1.647151060789558530e+00 -9.038885175112754666e+01
8.600000000000000000e+02 -1.041919252290987474e+00 -1.201175701462894541e+00 1.590100246550351093e+00 -9.146212958762347967e+01
8.700000000000000000e+02 -9.649985550126454203e-01 -1.192613920624007839e+00 1.534128474034251344e+00 -9.253790384801283153e+01
8.800000000000000000e+02 -8.939647253823103101e-01 -1.179126902533361054e+00 1.479700369164577811e+00 -9.361631296071161046e+01
8.900000000000000000e+02 -8.291083406826343927e-01 -1.161749876329478903e+00 1.427264311801101249e+00 -9.469745399952061859e+01
9.000000000000000000e+02 -7.705432240735499150e-01 -1.141515512709744939e+00 1.377241636722711382e+00 -9.578137287494075736e+01
9.100000000000000000e+02 -7.182158009430914536e-01 -1.119422782796408056e+00 1.330015527491307248e+00 -9.686805475393134657e+01
9.200000000000000000e+02 -6.719199047519482937e-01 -1.096409459747213822e+00 1.285919928232331477e+00 -9.795741580790439684e+01
9.300000000000000000e+02 -6.313160044709598129e-01 -1.073329078744729381e+00 1.245228978453435387e+00 -9.904929767968241094e+01
9.400000000000000000e+02 -5.959536807753048615e-01 -1.050932978561113673e+00 1.208147720710082806e+00 -1.001434660767999532e+02
9.500000000000000000e+02 -5.652960237668950283e-01 -1.029857829646656731e+00 1.174804981165463058e+00 -1.012396145774076359e+02
9.600000000000000000e+02 -5.387445824111360970e-01 -1.010618638003836889e+00 1.145249211550952939e+00 -1.023373741745224237e+02
9.700000000000000000e+02 -5.156636134223753221e-01 -9.936067986124457185e-01 1.119447824803234903e+00 -1.034363283142761674e+02
9.800000000000000000e+02 -4.954027268895044855e-01 -9.790925882427344851e-01 1.097290370941718329e+00 -1.045360323628471235e+02
9.900000000000000000e+02 -4.773173532976450195e-01 -9.672313968898444969e-01 1.078595582639085615e+00 -1.056360356916217995e+02
1.000000000000000000e+03 -4.607865050604258994e-01 -9.580729879086923306e-01 1.063121843161023206e+00 -1.067359039184852634e+02
1.010000000000000000e+03 -4.452274513664229993e-01 -9.515730414802292536e-01 1.050580190524347701e+00 -1.078352387709432207e+02
1.020000000000000000e+03 -4.301072231752058883e-01 -9.476061375121173080e-01 1.040648651216211418e+00 -1.089336936486571261e+02
1.030000000000000000e+03 -4.149510776345662344e-01 -9.459794826327910799e-01 1.032986727113321068e+00 -1.100309837972160381e+02
1.040000000000000000e+03 -3.993480442585244927e-01 -9.464468840152749918e-01 1.027249027604957954e+00 -1.111268907754460429e+02
1.050000000000000000e+03 -3.829536647572506225e-01 -9.487224401676941365e-01 1.023097149751064805e+00 -1.122212616611715248e+02
1.060000000000000000e+03 -3.654902305506373961e-01 -9.524934289437814172e-01 1.020209214234531592e+00 -1.133140041180263040e+02
1.070000000000000000e+03 -3.467449701809325879e-01 -9.574320436992391770e-01 1.018286891130332439e+00 -1.144050787391299906e+02
1.080000000000000000e+03 -3.265666531774736869e-01 -9.632057558551915255e-01 1.017060031207650539e+00 -1.154944900304306117e+02
1.090000000000000000e+03 -3.048610131420695923e-01 -9.694861974779063196e-01 1.016289193307780447e+00 -1.165822771183709960e+02
1.100000000000000000e+03 -2.815852722379512119e-01 -9.759565439436918011e-01 1.015766430439516199e+00 -1.176685048803043969e+02
1.110000000000000000e+03 -2.567420440640340029e-01 -9.823173459056836476e-01 1.015314653325443128e+00 -1.187532559548750015e+02
1.120000000000000000e+03 -2.303729935148229879e-01 -9.882908268029487742e-01 1.014785925446267001e+00 -1.198366239609042765e+02
1.130000000000000000e+03 -2.025526105353161188e-01 -9.936237683406023979e-01 1.014059048106199068e+00 -1.209187080710612747e+02
1.140000000000000000e+03 -1.733822766643918212e-01 -9.980891597519220282e-01 1.013036714376939651e+00 -1.219996088380803059e+02
1.150000000000000000e+03 -1.429847003824375740e-01 -1.001486804183627122e+00 1.011642448445788656e+00 -1.230794250504626604e+02
1.160000000000000000e+03 -1.114988360248836408e-01 -1.003643119659115790e+00 1.009817558806533233e+00 -1.241582514439151907e+02
1.170000000000000000e+03 -7.907540444138491664e-02 -1.004410379327982161e+00 1.007518302409117439e+00 -1.252361771493806089e+02
1.180000000000000000e+03 -4.587312373967430967e-02 -1.003665503563944350e+00 1.004713285731756223e+00 -1.263132848228447500e+02
1.190000000000000000e+03 -1.205569910911603350e-02 -1.001308527007179094e+00 1.001381099351438930e+00 -1.273896503824112756e+02
1.200000000000000000e+03 2.221055327670299478e-02 -9.972609192115783339e-01 9.975082203488748744e-01 -1.284653431440453915e+02
1.210000000000000000e+03 5.675853668504756561e-02 -9.914638815041029174e-01 9.930871864110469849e-01 -1.295404262289754342e+02
1.220000000000000000e+03 9.142166928021325245e-02 -9.838767504207590608e-01 9.881150649759841142e-01 -1.306149572299611350e+02
1.230000000000000000e+03 1.260347866659084770e-01 -9.744756738879819524e-01 9.825922890239662255e-01 -1.316889890348831784e+02
1.240000000000000000e+03 1.604348474942272618e-01 -9.632526507740145627e-01 9.765218940267860193e-01 -1.327625706875107880e+02
1.250000000000000000e+03 1.944615167026982061e-01 -9.502148529950675826e-01 9.699090412666291350e-01 -1.338357482827930767e+02
1.260000000000000000e+03 2.279577092419849960e-01 -9.353841113565404264e-01 9.627606935168875335e-01 -1.349085658575999958e+02
1.270000000000000000e+03 2.607702368673232574e-01 -9.187965341617492232e-01 9.550854347248115550e-01 -1.359810661705910206e+02
1.280000000000000000e+03 2.927505244096905157e-01 -9.005022305175558461e-01 9.468934135948153807e-01 -1.370532914392888415e+02
1.290000000000000000e+03 3.237553928724387631e-01 -8.805650856346629585e-01 9.381963677465227081e-01 -1.381252840584791670e+02
1.300000000000000000e+03 3.536480487770568559e-01 -8.590624977251372085e-01 9.290077057815887551e-01 -1.391970871543856560e+02
1.310000000000000000e+03 3.822993195431650393e-01 -8.360849876310020301e-01 9.193426326811455773e-01 -1.402687449084292552e+02
1.320000000000000000e+03 4.095890430382896907e-01 -8.117356527401868860e-01 9.092183203755626053e-01 -1.413403027223829440e+02
1.330000000000000000e+03 4.354074972106518615e-01 -7.861294040739994493e-01 8.986540650200083302e-01 -1.424118072922523481e+02
1.340000000000000000e+03 4.596568171749939036e-01 -7.593919499418549934e-01 8.876714049759283354e-01 -1.434833065877276113e+02
1.350000000000000000e+03 4.822523583851065498e-01 -7.316585324796129886e-01 8.762942116197151021e-01 -1.445548497331562032e+02
1.360000000000000000e+03 5.031238950948866417e-01 -7.030723696488625496e-01 8.645486746153263624e-01 -1.456264868119045559e+02
1.370000000000000000e+03 5.222166012367747134e-01 -6.737828213606058547e-01 8.524631774850728316e-01 -1.466982685779305200e+02
1.380000000000000000e+03 5.394917715081781751e-01 -6.439434372309024157e-01 8.400681650186379024e-01 -1.477702461484734329e+02
1.390000000000000000e+03 5.549271849597381401e-01 -6.137099593470711767e-01 8.273959721977882653e-01 -1.488424707776015907e+02
1.400000000000000000e+03 5.685171024695510056e-01 -5.832382810164348230e-01 8.144805634534072469e-01 -1.499149936751177279e+02
1.410000000000000000e+03 5.802720284340143753e-01 -5.526824576572176850e-01 8.013573023220963432e-01 -1.509878657889811393e+02
1.420000000000000000e+03 5.902183195357642020e-01 -5.221927624791418143e-01 7.880627804313682372e-01 -1.520611374551981498e+02
1.430000000000000000e+03 5.983975845829168083e-01 -4.919137111379182081e-01 7.746346031776196739e-01 -1.531348578684512631e+02
1.440000000000000000e+03 6.048658035275830125e-01 -4.619821589765599756e-01 7.611111321546362163e-01 -1.542090744835154510e+02
1.450000000000000000e+03 6.096921912145030209e-01 -4.325256889797651771e-01 7.475312967731603253e-01 -1.552838325256512348e+02
1.460000000000000000e+03 6.129578915816754625e-01 -4.036613583891457413e-01 7.339345128203356161e-01 -1.563591746503531397e+02
1.470000000000000000e+03 6.147545687865131336e-01 -3.754946844390297800e-01 7.203606304385729020e-01 -1.574351406199234020e+02
1.480000000000000000e+03 6.151829279051369559e-01 -3.481187391981090395e-01 7.068498365047685139e-01 -1.585117668392256007e+02
1.490000000000000000e+03 6.143512090582882168e-01 -3.216133356051119607e-01 6.934425323777212435e-01 -1.595890856846447150e+02
1.500000000000000000e+03 6.123736719334941236e-01 -2.960444230014248057e-01 6.801792517179255926e-01 -1.606671247604591031e+02
1.510000000000000000e+03 6.093689831240204358e-01 -2.714637894844800226e-01 6.671005520870724181e-01 -1.617459063007541999e+02
1.520000000000000000e+03 6.054585047024531042e-01 -2.479089892643610016e-01 6.542467943174100631e-01 -1.628254466472725426e+02
1.530000000000000000e+03 6.007645994160851766e-01 -2.254034345478768964e-01 6.416578622736172077e-01 -1.639057556699896736e+02
1.540000000000000000e+03 5.954089981516268448e-01 -2.039566689433154334e-01 6.293728607799807806e-01 -1.649868361589045378e+02
1.550000000000000000e+03 5.895112130555314467e-01 -1.835647758584000311e-01 6.174297508657554667e-01 -1.660686831704148290e+02
1.560000000000000000e+03 5.831869901602643180e-01 -1.642109069757914930e-01 6.058649085910160492e-01 -1.671512833429066518e+02
1.570000000000000000e+03 5.765468196175371762e-01 -1.458659610034494791e-01 5.947126312687135430e-01 -1.682346142596444452e+02
1.580000000000000000e+03 5.696945587922429555e-01 -1.284894188295956918e-01 5.840046413074605480e-01 -1.693186439040723315e+02
1.590000000000000000e+03 5.627261687812505908e-01 -1.120303539744190863e-01 5.737695889839912189e-01 -1.704033303154285761e+02
1.600000000000000000e+03 5.557285252878412241e-01 -9.642858817232898005e-02 5.640325047685704751e-01 -1.714886214872717289e+02
1.610000000000000000e+03 5.487783433443660375e-01 -8.161594484163602059e-02 5.548142324924441038e-01 -1.725744554775172332e+02
1.620000000000000000e+03 5.419413044039789185e-01 -6.751760372512248531e-02 5.461309405553478324e-01 -1.736607607718870838e+02
1.630000000000000000e+03 5.352714096668861332e-01 -5.405355256374511086e-02 5.379937439706311553e-01 -1.747474569610925244e+02
1.640000000000000000e+03 5.288104802507456181e-01 -4.114012258398890010e-02 5.304083650445662323e-01 -1.758344557849476644e+02
1.650000000000000000e+03 5.225877518264896437e-01 -2.869157150181783286e-02 5.233747841024715131e-01 -1.769216625051650738e+02
1.660000000000000000e+03 5.166196302803832685e-01 -1.662167454832552682e-02 5.168869532652476950e-01 -1.780089775100390739e+02
1.670000000000000000e+03 5.109097140448312091e-01 -4.845394244077051368e-03 5.109326900392572313e-01 -1.790962982646690307e+02
1.680000000000000000e+03 5.054491588864944429e-01 6.719348320524242552e-03 5.054938198048688491e-01 -1.801835216594509461e+02
1.690000000000000000e+03 5.002173740024974391e-01 1.814998760071427283e-02 5.005465445928685142e-01 -1.812705464027760058e+02
1.700000000000000000e+03 4.951829554274331247e-01 2.951784066169156964e-02 4.960619540573296682e-01 -1.823572751785878552e+02
1.710000000000000000e+03 4.903047889023015027e-01 4.088680562806562557e-02 4.920066228161951161e-01 -1.834436165994049759e+02
1.720000000000000000e+03 4.855332958136753252e-01 5.231221927433252206e-02 4.883432702813624293e-01 -1.845294869369189144e+02
1.730000000000000000e+03 4.808118389433579942e-01 6.383992373325833580e-02 4.850315044719898383e-01 -1.856148115119763418e+02
1.740000000000000000e+03 4.760783232407659327e-01 7.550558554510572451e-02 4.820286955236674498e-01 -1.866995256770046865e+02
1.750000000000000000e+03 4.712668921323182047e-01 8.733427263628806836e-02 4.792908916273743714e-01 -1.877835753962437479e+02
1.760000000000000000e+03 4.663095369560989467e-01 9.934022735344984201e-02 4.767735993391900573e-01 -1.888669175213828737e+02
1.770000000000000000e+03 4.611375539758329478e-01 1.115267976466439992e-01 4.744323663918069145e-01 -1.899495198107941576e+02
1.780000000000000000e+03 4.556829243326788736e-01 1.238865684428274438e-01 4.722232622064708174e-01 -1.910313606343942183e+02
1.790000000000000000e+03 4.498796685673810969e-01 1.364016963389967918e-01 4.701033279550917432e-01 -1.921124284135505889e+02
1.800000000000000000e+03 4.436651979016645320e-01 1.490443846143480189e-01 4.680310207819486368e-01 -1.931927209925321733e+02
1.810000000000000000e+03 4.369816611525673133e-01 1.617774990905431476e-01 4.659666633951916603e-01 -1.942722450051819578e+02
1.820000000000000000e+03 4.297772269581152660e-01 1.745553763955763060e-01 4.638728750858457373e-01 -1.953510151527580376e+02
1.830000000000000000e+03 4.220072716334365426e-01 1.873248664679642017e-01 4.617150018233517339e-01 -1.964290533320622671e+02
1.840000000000000000e+03 4.136354455663748264e-01 2.000265690486452141e-01 4.594615437164092375e-01 -1.975063877104234678e+02
1.850000000000000000e+03 4.046345499955650848e-01 2.125961264792224359e-01 4.570844911436867108e-01 -1.985830519750105907e+02
1.860000000000000000e+03 3.949871726799381033e-01 2.249655173978117872e-01 4.545595127150640069e-01 -1.996590847826572883e+02
1.870000000000000000e+03 3.846860498867056832e-01 2.370644542133190924e-01 4.518660337189506770e-01 -2.007345291127500673e+02
1.880000000000000000e+03 3.737341775860808513e-01 2.488219188216257427e-01 4.489872857687842722e-01 -2.018094314183194058e+02
1.890000000000000000e+03 3.621447462778258353e-01 2.601677318605126743e-01 4.459103788409443103e-01 -2.028838408144217169e+02
1.900000000000000000e+03 3.499408603419877362e-01 2.710340684999457683e-01 4.426263345357163148e-01 -2.039578083755765761e+02
1.910000000000000000e+03 3.371549781020357073e-01 2.813568748628042515e-01 4.391300152478168628e-01 -2.050313864587661215e+02
1.920000000000000000e+03 3.238280821417345301e-01 2.910771043482934251e-01 4.354199208343381144e-01 -2.061046280838933740e+02
1.930000000000000000e+03 3.100086041529508951e-01 3.001416944775054940e-01 4.314978231841839484e-01 -2.071775863972953573e+02
1.940000000000000000e+03 2.957511912218137029e-01 3.085042767520840834e-01 4.273682906855026387e-01 -2.082503142090746735e+02
1.950000000000000000e+03 2.811154050508262725e-01 3.161256948595330130e-01 4.230382085666881120e-01 -2.093228635091248861e+02
1.960000000000000000e+03 2.661644373638645256e-01 3.229743869766955600e-01 4.185163824274921729e-01 -2.103952849548483357e+02
1.970000000000000000e+03 2.509638848169915004e-01 3.290265474452692129e-01 4.138131708950189558e-01 -2.114676275206339540e+02
1.980000000000000000e+03 2.355805333055080719e-01 3.342660648105754695e-01 4.089400808877205473e-01 -2.125399381816681057e+02
1.990000000000000000e+03 2.200811674640459070e-01 3.386843226974179943e-01 4.039093842848247018e-01 -2.136122614766103709e+02
2.000000000000000000e+03 2.045315307687834983e-01 3.422798734132991849e-01 3.987338195117714479e-01 -2.146846391683385775e+02
2.010000000000000000e+03 1.889954770893457203e-01 3.450580472310391666e-01 3.934264179222430879e-01 -2.157571100438896678e+02
2.020000000000000000e+03 1.735342567222526444e-01 3.470305637002693566e-01 3.880004515439014479e-01 -2.168297097163196838e+02
2.030000000000000000e+03 1.582059176634186548e-01 3.482151207864659925e-01 3.824694533267428143e-01 -2.179024704771593974e+02
2.040000000000000000e+03 1.430647965888718343e-01 3.486349327773959894e-01 3.768472533742480701e-01 -2.189754212114784764e+02
2.050000000000000000e+03 1.281610742572346917e-01 3.483182391550497248e-01 3.711480252983206385e-01 -2.200485873047970244e+02
2.060000000000000000e+03 1.135404563163928959e-01 3.472977368658485275e-01 3.653863068762633337e-01 -2.211219907491555716e+02
2.070000000000000000e+03 9.924400898425539408e-02 3.456098921814264591e-01 3.595769332047373812e-01 -2.221956505689265953e+02
2.080000000000000000e+03 8.530808201805116509e-02 3.432942115514200365e-01 3.537349071583262283e-01 -2.232695833140938930e+02
2.090000000000000000e+03 7.176426542213042159e-02 3.403926017619240962e-01 3.478753126133411477e-01 -2.243438033823274793e+02
2.100000000000000000e+03 5.863940791955564447e-02 3.369488463622641872e-01 3.420133114748850622e-01 -2.254183232778949559e+02
2.110000000000000000e+03 4.595568786086891289e-02 3.330080979795598806e-01 3.361641244492484248e-01 -2.264931538983329915e+02
2.120000000000000000e+03 3.373075733483979488e-02 3.286163143499565842e-01 3.303429218968242376e-01 -2.275683049452946705e+02
2.130000000000000000e+03 2.197795128121884586e-02 3.238196517883597525e-01 3.245646271959626294e-01 -2.286437853999923391e+02
2.140000000000000000e+03 1.070651418701138412e-02 3.186638693035920289e-01 3.188436780705765083e-01 -2.297196038751287972e+02
2.150000000000000000e+03 -7.818314946168993885e-05 3.131937903507373555e-01 3.131938001092398061e-01 -2.307957687341674102e+02
2.160000000000000000e+03 -1.037447082646952845e-02 3.074528690754656512e-01 3.076278536603353486e-01 -2.318722878757066326e+02
2.170000000000000000e+03 -2.018421807777787472e-02 3.014828490890397727e-01 3.021577583883227058e-01 -2.329491683216478464e+02
2.180000000000000000e+03 -2.951263680951880797e-02 2.953234475676866921e-01 2.967944312393929751e-01 -2.340264157866758978e+02
2.190000000000000000e+03 -3.836809835817058673e-02 2.890120517899061880e-01 2.915477268843536529e-01 -2.351040340764838277e+02
2.200000000000000000e+03 -4.676198397895924702e-02 2.825834259235379120e-01 2.864263880167678966e-01 -2.361820242339853166e+02
2.210000000000000000e+03 -5.470849743423792516e-02 2.760694200005608390e-01 2.814379937942957932e-01 -2.372603836649341247e+02
2.220000000000000000e+03 -6.222441050873827456e-02 2.694987062022200508e-01 2.765889186280435785e-01 -2.383391053715891985e+02
2.230000000000000000e+03 -6.932873347021144272e-02 2.628965347306653211e-01 2.718842791666622460e-01 -2.394181773487903229e+02
2.240000000000000000e+03 -7.604232289528992106e-02 2.562845112598389763e-01 2.673278615913539102e-01 -2.404975821245816689e+02
2.250000000000000000e+03 -8.238749996795868835e-02 2.496804662012955534e-01 2.629221089095907238e-01 -2.415772962829795460e+02
2.260000000000000000e+03 -8.838765777208573704e-02 2.430984160064021404e-01 2.586681617657208276e-01 -2.426572901115210925e+02
2.270000000000000000e+03 -9.406677547905684111e-02 2.365485619411517026e-01 2.545658665364509687e-01 -2.437375276650339231e+02
2.280000000000000000e+03 -9.944883666423555424e-02 2.300373145336783998e-01 2.506137210763534351e-01 -2.448179672647332268e+02
2.290000000000000000e+03 -1.045571946133288938e-01 2.235673902874689978e-01 2.468088024065572539e-01 -2.458985623578457478e+02
2.300000000000000000e+03 -1.094139676265903360e-01 2.171380378774993847e-01 2.431467536387909856e-01 -2.469792625670655752e+02
2.310000000000000000e+03 -1.140395167188395925e-01 2.107453764927336992e-01 2.396218376662080374e-01 -2.480600147753383453e+02
2.320000000000000000e+03 -1.184519678265596315e-01 2.043828302745661629e-01 2.362270306146746490e-01 -2.491407644102122561e+02
2.330000000000000000e+03 -1.226667556452944730e-01 1.980416610051713155e-01 2.329541423418557133e-01 -2.502214570652504051e+02
2.340000000000000000e+03 -1.266962179473174743e-01 1.917115530588824612e-01 2.297939320748110525e-01 -2.513020402950407117e+02
2.350000000000000000e+03 -1.305492600963764072e-01 1.853812262556887025e-01 2.267362087531988868e-01 -2.523824654631477244e+02
2.360000000000000000e+03 -1.342311142583759720e-01 1.790391052422173612e-01 2.237699560731488679e-01 -2.534626896295179961e+02
2.370000000000000000e+03 -1.377432368280850916e-01 1.726740478962696668e-01 2.208835125326495952e-01 -2.545426773712614192e+02
2.380000000000000000e+03 -1.410833996416256120e-01 1.662760938936801991e-01 2.180648184714320259e-01 -2.556224022988197646e+02
2.390000000000000000e+03 -1.442459862081407751e-01 1.598371684469276910e-01 2.153017068076578944e-01 -2.567018481019024421e+02
2.400000000000000000e+03 -1.472224303931499723e-01 1.533516684423366638e-01 2.125821681724839318e-01 -2.577810091473933198e+02
2.410000000000000000e+03 -1.500017183032329449e-01 1.468169044031147896e-01 2.098945423598141125e-01 -2.588598907825609103e+02
2.420000000000000000e+03 -1.525709411013144445e-01 1.402334216927186572e-01 2.072276637618361284e-01 -2.599385094033181076e+02
2.430000000000000000e+03 -1.549159290523119681e-01 1.336051799585496469e-01 2.045709881334530633e-01 -2.610168920749080712e+02
2.440000000000000000e+03 -1.570219732813553093e-01 1.269395487308337955e-01 2.019147075503871791e-01 -2.620950754853032549e+02
2.450000000000000000e+03 -1.588745843843122063e-01 1.202471612942896673e-01 1.992498766941220856e-01 -2.631731044867343599e+02
2.460000000000000000e+03 -1.604602345632006877e-01 1.135416869969209791e-01 1.965685670756750492e-01 -2.642510305879011412e+02
2.470000000000000000e+03 -1.617670579687623678e-01 1.068395240588641271e-01 1.938640372657949584e-01 -2.653289104648411012e+02
2.480000000000000000e+03 -1.627854648292829665e-01 1.001593995533700265e-01 1.911308789248282181e-01 -2.664068045194669025e+02
2.490000000000000000e+03 -1.635086286313466308e-01 9.352187189925526001e-02 1.883651033510303219e-01 -2.674847754820883665e+02
2.500000000000000000e+03 -1.639328588721871982e-01 8.694876038938123552e-02 1.855641914574535367e-01 -2.685628870014706990e+02
2.510000000000000000e+03 -1.640578639118107085e-01 8.046254081626250110e-02 1.827271276683210821e-01 -2.696412022779161362e+02
2.520000000000000000e+03 -1.638868846086975195e-01 7.408569472954278090e-02 1.798543886323142882e-01 -2.707197826230669762e+02
2.530000000000000000e+03 -1.634266893025702883e-01 6.783999539718638117e-02 1.769478673278915559e-01 -2.717986857350836090e+02
2.540000000000000000e+03 -1.626874287416083809e-01 6.174581571943285607e-02 1.740107618206818418e-01 -2.728779639626417293e+02
2.550000000000000000e+03 -1.616823721363585820e-01 5.582156830663579511e-02 1.710474698668540683e-01 -2.739576630119620972e+02
2.560000000000000000e+03 -1.604275363272603117e-01 5.008327429687509103e-02 1.680634665128934446e-01 -2.750378210647173205e+02
2.570000000000000000e+03 -1.589411785414137912e-01 4.454420670189908338e-02 1.650650919693049112e-01 -2.761184680439076260e+02
2.580000000000000000e+03 -1.572431783709315190e-01 3.921461235186613631e-02 1.620592575760475273e-01 -2.771996249223238351e+02
2.590000000000000000e+03 -1.553543965321131926e-01 3.410155227847726928e-02 1.590531495747845303e-01 -2.782813031284168233e+02
2.600000000000000000e+03 -1.532960543073175752e-01 2.920890363121451949e-02 1.560539660422946007e-01 -2.793635043226587982e+02
2.610000000000000000e+03 -1.510891628905290385e-01 2.453751842366433747e-02 1.530686935769443591e-01 -2.804462206314668151e+02
2.620000000000000000e+03 -1.487540307663915706e-01 2.008549484558410508e-02 1.501039265723603799e-01 -2.815294351997458762e+02
2.630000000000000000e+03 -1.463098537495204077e-01 1.584853014618444952e-02 1.471657202340292403e-01 -2.826131230165489114e+02
2.640000000000000000e+03 -1.437744159713355840e-01 1.182033754075891528e-02 1.442594990545721656e-01 -2.836972520225579046e+02
2.650000000000000000e+03 -1.411639209319380250e-01 7.993091787103959178e-03 1.413900353249673558e-01 -2.847817844087924755e+02
2.660000000000000000e+03 -1.384928962044123801e-01 4.357824158904416260e-03 1.385614409945496728e-01 -2.858666777087065043e+02
2.670000000000000000e+03 -1.357741201512841778e-01 9.047503215732738240e-04 1.357771345845821820e-01 -2.869518855840163951e+02
2.680000000000000000e+03 -1.330185704527452328e-01 -2.376399316070954525e-03 1.330397961476240676e-01 -2.880373587699457971e+02
2.690000000000000000e+03 -1.302354257146992045e-01 -5.496019791644091851e-03 1.303513419364721315e-01 -2.891230464128067865e+02
2.700000000000000000e+03 -1.274321380736951614e-01 -8.464273792917739736e-03 1.277129349160639193e-01 -2.902088976485018179e+02
2.710000000000000000e+03 -1.246145705354842759e-01 -1.129077066671693892e-02 1.251250282397234070e-01 -2.912948632213644942e+02
2.720000000000000000e+03 -1.217871715108959640e-01 -1.398431944776834697e-02 1.225874232335504299e-01 -2.923808968606944063e+02
2.730000000000000000e+03 -1.189531756746997904e-01 -1.655274742115194625e-02 1.200993399244327381e-01 -2.934669564489063873e+02
2.740000000000000000e+03 -1.161148465104788752e-01 -1.900271810456916066e-02 1.176595124735513725e-01 -2.945530055344036668e+02
2.750000000000000000e+03 -1.132737642365678893e-01 -2.133952835914044999e-02 1.152663052887188122e-01 -2.956390154441379536e+02
2.760000000000000000e+03 -1.104311408414401230e-01 -2.356696744794947382e-02 1.129178410271587524e-01 -2.967249673569701258e+02
2.770000000000000000e+03 -1.075881551086668442e-01 -2.568730707796652857e-02 1.106121551394976948e-01 -2.978108537304068477e+02
2.780000000000000000e+03 -1.047462983360607780e-01 -2.770138629327550950e-02 1.083473756843068153e-01 -2.988966793347629505e+02
2.790000000000000000e+03 -1.019076868564832983e-01 -2.960876775117130683e-02 1.061218910884171029e-01 -2.999824619796149250e+02
2.800000000000000000e+03 -9.907528913458142628e-02 -3.140796229774679704e-02 1.039344649901927098e-01 -3.010682327462520789e+02
2.810000000000000000e+03 -9.625306350612732043e-02 -3.309667515909801155e-02 1.017842922110353543e-01 -3.021540359822724895e+02
2.820000000000000000e+03 -9.344604494954111829e-02 -3.467208921395008303e-02 9.967104437684885798e-02 -3.032399288967413327e+02
2.830000000000000000e+03 -9.066037483662034435e-02 -3.613123844199723350e-02 9.759492792593764399e-02 -3.043259801259421806e+02
2.840000000000000000e+03 -8.790327382563899172e-02 -3.747141194038557804e-02 9.555674890907152330e-02 -3.054122676779142580e+02
2.850000000000000000e+03 -8.518298573908431037e-02 -3.869047860569237163e-02 9.355797237094538865e-02 -3.064988773181997885e+02
2.860000000000000000e+03 -8.250869472817720651e-02 -3.978715023665133771e-02 9.160077526801506387e-02 -3.075859012292745547e+02
2.870000000000000000e+03 -7.989037504656885946e-02 -4.076129839011595479e-02 8.968810105877758621e-02 -3.086734355600739832e+02
2.880000000000000000e+03 -7.733854169454314198e-02 -4.161432677152344939e-02 8.782369967204593786e-02 -3.097615764545537900e+02
2.890000000000000000e+03 -7.486392173437707298e-02 -4.234947083490289005e-02 8.601211808487933819e-02 -3.108504156646101251e+02
2.900000000000000000e+03 -7.247706940635455231e-02 -4.297197226732617226e-02 8.425862561350845603e-02 -3.119400362389194470e+02
2.910000000000000000e+03 -7.018794413265309895e-02 -4.348917242148839929e-02 8.256909603159272304e-02 -3.130305078620045833e+02
2.920000000000000000e+03 -6.800550852935652313e-02 -4.391057526274424333e-02 8.094990926641924822e-02 -3.141218816433478764e+02
2.930000000000000000e+03 -6.593737895499669766e-02 -4.424789498027335150e-02 7.940789730020648973e-02 -3.152141845062187713e+02
2.940000000000000000e+03 -6.398949959563852985e-02 -4.451505122279211107e-02 7.795027802303226838e-02 -3.163074135483371947e+02
2.950000000000000000e+03 -6.216576093059228425e-02 -4.472801683343084062e-02 7.658444569187157491e-02 -3.174015309885604097e+02
2.960000000000000000e+03 -6.046757632004674116e-02 -4.490446755404060852e-02 7.531758753659442696e-02 -3.184964605018568591e+02
2.970000000000000000e+03 -5.889351722141213108e-02 -4.506331949509755769e-02 7.415624811589383025e-02 -3.195920851095998501e+02
2.980000000000000000e+03 -5.743905733347369480e-02 -4.522424088556161598e-02 7.310593184573589698e-02 -3.206882465574207117e+02
2.990000000000000000e+03 -5.609641413520598946e-02 -4.540711687251048484e-02 7.217072773294144761e-02 -3.217847467573691347e+02
3.000000000000000000e+03 -5.485450431840409313e-02 -4.563143259193968432e-02 7.135295568097055341e-02 -3.228813521277361929e+02
3.010000000000000000e+03 -5.369906200312583172e-02 -4.591559998188052272e-02 7.065289506956964893e-02 -3.239778011514972604e+02
3.020000000000000000e+03 -5.261290017110183820e-02 -4.627623628569736691e-02 7.006859003279587716e-02 -3.250738148512970724e+02
3.030000000000000000e+03 -5.157625924861250488e-02 -4.672743698490836040e-02 6.959571743475792549e-02 -3.261691088556331124e+02
3.040000000000000000e+03 -5.056724361076157803e-02 -4.728014378742890350e-02 6.922758209666186879e-02 -3.272634053967776708e+02
3.050000000000000000e+03 -4.956236149771819227e-02 -4.794165664305211072e-02 6.895527622242406118e-02 -3.283564442741469520e+02
3.060000000000000000e+03 -4.853717076032623701e-02 -4.871528864097497691e-02 6.876798886684540313e-02 -3.294479923778681609e+02
3.070000000000000000e+03 -4.746699203832580732e-02 -4.960015831945286530e-02 6.865341243143908978e-02 -3.305378512211668180e+02
3.080000000000000000e+03 -4.632763475137522541e-02 -5.059109285981058801e-02 6.859816629041046165e-02 -3.316258621844580716e+02
3.090000000000000000e+03 -4.509612949441564600e-02 -5.167862042554530883e-02 6.858819653894314416e-02 -3.327119098007773346e+02
3.100000000000000000e+03 -4.375145195675341631e-02 -5.284907844625416629e-02 6.860914400386021461e-02 -3.337959230279124654e+02
3.110000000000000000e+03 -4.227520047273890941e-02 -5.408489066052363237e-02 6.864668945237679953e-02 -3.348778741311199383e+02
3.120000000000000000e+03 -4.065222226809570710e-02 -5.536504652685104305e-02 6.868690961351396618e-02 -3.359577755117456377e+02
3.130000000000000000e+03 -3.887116770730308229e-02 -5.666574354712809736e-02 6.871662222983730695e-02 -3.370356753886903221e+02
3.140000000000000000e+03 -3.692493151686428166e-02 -5.796108980822587547e-02 6.872363857714711144e-02 -3.381116533616664128e+02
3.150000000000000000e+03 -3.481094162730578867e-02 -5.922381234449124870e-02 6.869688206603852265e-02 -3.391858160938011792e+02
3.160000000000000000e+03 -3.253129447369831201e-02 -6.042599680706595838e-02 6.862642501443609599e-02 -3.402582929150877362e+02
3.170000000000000000e+03 -3.009274977074081342e-02 -6.153988621721628166e-02 6.850351220479390657e-02 -3.413292313218382787e+02
3.180000000000000000e+03 -2.750657042063942362e-02 -6.253875455625068636e-02 6.832062088237021713e-02 -3.423987921616056838e+02
3.190000000000000000e+03 -2.478821542038424711e-02 -6.339780853922223625e-02 6.807156345569899403e-02 -3.434671449887882204e+02
3.200000000000000000e+03 -2.195690048913076162e-02 -6.409500617425635538e-02 6.775157042879191571e-02 -3.445344643490259386e+02
3.210000000000000000e+03 -1.903500377382919689e-02 -6.461173863074808066e-02 6.735731688211604729e-02 -3.456009265361826124e+02
3.220000000000000000e+03 -1.604732785440851281e-02 -6.493336750861536388e-02 6.688691162907568766e-02 -3.466667063839282719e+02
3.230000000000000000e+03 -1.302031072030505540e-02 -6.504960317586765128e-02 6.633987763473145338e-02 -3.477319748498486547e+02
3.240000000000000000e+03 -9.981203467343739352e-03 -6.495472055113385434e-02 6.571712215650046818e-02 -3.487968971131452918e+02
3.250000000000000000e+03 -6.957161343097626599e-03 -6.464764138582614061e-02 6.502091687068302372e-02 -3.498616297580161927e+02
3.260000000000000000e+03 -3.974335150212552313e-03 -6.413190750304925691e-02 6.425493677427346340e-02 -3.509263178230566496e+02
3.270000000000000000e+03 -1.057060119082284038e-03 -6.341547657558735396e-02 6.342428592742864468e-02 -3.519910929724082393e+02
3.280000000000000000e+03 1.772868534896839422e-03 -6.251028130339165989e-02 6.253541661707535948e-02 -3.530560720818642153e+02
3.290000000000000000e+03 4.496839561606767906e-03 -6.143164052113148088e-02 6.159600655205137165e-02 -3.541213553308357973e+02
3.300000000000000000e+03 7.099964190998226191e-03 -6.019760227149099224e-02 6.061485635345574552e-02 -3.551870237925927540e+02
3.310000000000000000e+03 9.571467502574201175e-03 -5.882821971438122188e-02 5.960178206158223135e-02 -3.562531370358914842e+02
3.320000000000000000e+03 1.190493366702199442e-02 -5.734472481862535470e-02 5.856743899249872848e-02 -3.573197304327846950e+02
3.330000000000000000e+03 1.409839706443883657e-02 -5.576860876921113652e-02 5.752306080034259167e-02 -3.583868119328146236e+02
3.340000000000000000e+03 1.615418449864359715e-02 -5.412073368475370932e-02 5.648018671527434142e-02 -3.594543601294678865e+02
3.350000000000000000e+03 1.807850834477281107e-02 -5.242056280693394021e-02 5.545040909648661642e-02 -3.605223244373053149e+02
3.360000000000000000e+03 1.988093421715984507e-02 -5.068549233726132169e-02 5.444511620721929901e-02 -3.615906258689744845e+02
3.370000000000000000e+03 2.157376782123585426e-02 -4.893025299048615884e-02 5.347520094134823598e-02 -3.626591578923862471e+02
3.380000000000000000e+03 2.317131852784113169e-02 -4.716639183364098459e-02 5.255072331493857579e-02 -3.637277884228039397e+02
3.390000000000000000e+03 2.468904810192243393e-02 -4.540189587953247924e-02 5.168056932382757845e-02 -3.647963635851366462e+02
3.400000000000000000e+03 2.614268106027898414e-02 -4.364101641615180521e-02 5.087217399378859972e-02 -3.658647129569427534e+02
3.410000000000000000e+03 2.754733810980557543e-02 -4.188432879923599528e-02 5.013135581548195524e-02 -3.669326562665502252e+02
3.420000000000000000e+03 2.891670938306585212e-02 -4.012901975250729447e-02 4.946225134222874409e-02 -3.680000119206393947e+02
3.430000000000000000e+03 3.026230671805761954e-02 -3.836934141037690732e-02 4.886730571828018510e-02 -3.690666065522719350e+02
3.440000000000000000e+03 3.159286115638618164e-02 -3.659718179743719213e-02 4.834731214412402861e-02 -3.701322840729269501e+02
3.450000000000000000e+03 3.291387333022060407e-02 -3.480273593613544825e-02 4.790149774524989773e-02 -3.711969139564534998e+02
3.460000000000000000e+03 3.422729393954897226e-02 -3.297526401427624404e-02 4.752763077658624102e-02 -3.722603990156517284e+02
3.470000000000000000e+03 3.553137910415160583e-02 -3.110389781746513566e-02 4.722214904557239801e-02 -3.733226815638006997e+02
3.480000000000000000e+03 3.682074515385454216e-02 -2.917840937924835037e-02 4.698028147625459700e-02 -3.743837465129642510e+02
3.490000000000000000e+03 3.808663770393436176e-02 -2.718989525625260459e-02 4.679617907091072199e-02 -3.754436207168848227e+02
3.500000000000000000e+03 3.931740411629263549e-02 -2.513143169492985593e-02 4.666312382900216632e-02 -3.765023702650827886e+02
3.510000000000000000e+03 4.049909347494592277e-02 -2.299867942404961590e-02 4.657376759016399609e-02 -3.775600973463089645e+02
3.520000000000000000e+03 4.161611579852766279e-02 -2.079035111762431165e-02 4.652031592487916589e-02 -3.786169365535471911e+02
3.530000000000000000e+03 4.265194286477936442e-02 -1.850851893255713379e-02 4.649466101841402688e-02 -3.796730505197897969e+02
3.540000000000000000e+03 4.358985527877411864e-02 -1.615874501152755882e-02 4.648849883113068127e-02 -3.807286245846009365e+02
3.550000000000000000e+03 4.441371383277702145e-02 -1.375003033681730658e-02 4.649345449289830207e-02 -3.817838607260972594e+02
3.560000000000000000e+03 4.510870708524664097e-02 -1.129461672820141968e-02 4.650122387571695159e-02 -3.828389718938956889e+02
3.570000000000000000e+03 4.566203297298864622e-02 -8.807669400218109262e-03 4.650372345834084820e-02 -3.838941774614129940e+02
3.580000000000000000e+03 4.606346712250646014e-02 -6.306834830003380139e-03 4.649321637528616019e-02 -3.849496995347080883e+02
3.590000000000000000e+03 4.630579513550842075e-02 -3.811684252490260116e-03 4.646241061301444736e-02 -3.860057597097689950e+02
3.600000000000000000e+03 4.638515440429018255e-02 -1.343104956468330882e-03 4.640459546245318673e-02 -3.870625767891837086e+02
3.610000000000000000e+03 4.630133277812061021e-02 1.077317932715800806e-03 4.631386434922502709e-02 -3.881203660470055752e+02
3.620000000000000000e+03 4.605796216664594794e-02 3.427983648767530048e-03 4.618535428943256610e-02 -3.891793387590505517e+02
3.630000000000000000e+03 4.566252381335359628e-02 5.688052404561305328e-03 4.601543242393925370e-02 -3.902397005624628719e+02
3.640000000000000000e+03 4.512616202304577107e-02 7.838252191043539041e-03 4.580184162608068321e-02 -3.913016488556155537e+02
3.650000000000000000e+03 4.446330986803295054e-02 9.861638762663058402e-03 4.554380137302962289e-02 -3.923653697603207888e+02
3.660000000000000000e+03 4.369114727474581600e-02 1.174421953050220138e-02 4.524204949562030814e-02 -3.934310355170164257e+02
3.670000000000000000e+03 4.282893604394760051e-02 1.347542011439995316e-02 4.489882748932458312e-02 -3.944988019688741474e+02
3.680000000000000000e+03 4.189726066624036710e-02 1.504845402591130886e-02 4.451782137419640906e-02 -3.955688042293201647e+02
3.690000000000000000e+03 4.091721913682494494e-02 1.646056891746503978e-02 4.410407181856987324e-02 -3.966411508340416390e+02
3.700000000000000000e+03 3.990961885726838215e-02 1.771306428218630269e-02 4.366383312991767296e-02 -3.977159187233310718e+02
3.710000000000000000e+03 3.889423262875733173e-02 1.881107310298581539e-02 4.320437249938676588e-02 -3.987931496749516214e+02
3.720000000000000000e+03 3.788912961863319384e-02 1.976318912534068967e-02 4.273370786231370233e-02 -3.998728469265491299e+02
3.730000000000000000e+03 3.691008422746674261e-02 2.058097264264757351e-02 4.226027392949668199e-02 -4.009549718398246227e+02
3.740000000000000000e+03 3.597009387573520123e-02 2.127835401330397183e-02 4.179253525385474843e-02 -4.020394412438644167e+02
3.750000000000000000e+03 3.507903206795048162e-02 2.187099580343633554e-02 4.133858909370551060e-02 -4.031261254747167868e+02
3.760000000000000000e+03 3.424347015612942691e-02 2.237563845552340350e-02 4.090579964535621255e-02 -4.042148481737124825e+02
3.770000000000000000e+03 3.346667787037285735e-02 2.280942604246576424e-02 4.050047461531802728e-02 -4.053053892696426033e+02
3.780000000000000000e+03 3.274874433924821610e-02 2.318924292807863011e-02 4.012756214093857882e-02 -4.063974907481520518e+02
3.790000000000000000e+03 3.208676485870047557e-02 2.353109012103666783e-02 3.979035915120502503e-02 -4.074908644208335318e+02
3.800000000000000000e+03 3.147510894361586070e-02 2.384949819868157836e-02 3.949026522247480603e-02 -4.085852021519288542e+02
3.810000000000000000e+03 3.090578420638087978e-02 2.415702150371242668e-02 3.922663872092797821e-02 -4.096801877838474866e+02
3.820000000000000000e+03 3.036889479027084920e-02 2.446387974382113403e-02 3.899680990674342373e-02 -4.107755091227531352e+02
3.830000000000000000e+03 2.985320543954521344e-02 2.477771802068975265e-02 3.879625220724942231e-02 -4.118708703266308930e+02
3.840000000000000000e+03 2.934675701099679138e-02 2.510342973163376748e-02 3.861883389427447910e-02 -4.129660044783518060e+02
3.850000000000000000e+03 2.883745718182286269e-02 2.544305024833697776e-02 3.845708962795894165e-02 -4.140606844445652541e+02
3.860000000000000000e+03 2.831363358616637016e-02 2.579578442004759956e-02 3.830253700079485485e-02 -4.151547302298998829e+02
3.870000000000000000e+03 2.776458087015937909e-02 2.615820108275021191e-02 3.814608020204978550e-02 -4.162480127872789808e+02
3.880000000000000000e+03 2.718112580914371773e-02 2.652454816847656799e-02 3.797848411659333900e-02 -4.173404560931696778e+02
3.890000000000000000e+03 2.655616194222727711e-02 2.688711819425385757e-02 3.779083039433742131e-02 -4.184320386378687999e+02
3.900000000000000000e+03 2.588509842519880200e-02 2.723667503275566115e-02 3.757492231957592493e-02 -4.195227937229451527e+02
3.910000000000000000e+03 2.516617785403759550e-02 2.756298980688294542e-02 3.732365087816819776e-02 -4.206128073446811868e+02
3.920000000000000000e+03 2.440060794098609237e-02 2.785547495093807988e-02 3.703129963466111202e-02 -4.217022131408231758e+02
3.930000000000000000e+03 2.359253088744149573e-02 2.810385513908247174e-02 3.669378949295661746e-02 -4.227911859773971059e+02
3.940000000000000000e+03 2.274888755094056983e-02 2.829879818519091123e-02 3.630886756057676024e-02 -4.238799364470938258e+02
3.950000000000000000e+03 2.187915143356108233e-02 2.843249141244581432e-02 3.587622939177837617e-02 -4.249687055240613063e+02
3.960000000000000000e+03 2.099488723311121463e-02 2.849919113825047368e-02 3.539758728311281910e-02 -4.260577570683980753e+02
3.970000000000000000e+03 2.010915632158278427e-02 2.849571437582440817e-02 3.487669574019905405e-02 -4.271473679822400413e+02
3.980000000000000000e+03 1.923581810199020969e-02 2.842180495153117520e-02 3.431931955554679003e-02 -4.282378168403171230e+02
3.990000000000000000e+03 1.838877811122418410e-02 2.828032089158382528e-02 3.373312482049047045e-02 -4.293293715664721617e+02
4.000000000000000000e+03 1.758125224671139991e-02 2.807724955648250448e-02 3.312751685864021717e-02 -4.304222763730861061e+02
4.010000000000000000e+03 1.682507643497779121e-02 2.782155300703880590e-02 3.251341275176008322e-02 -4.315167376843568263e+02
4.020000000000000000e+03 1.613006871765662598e-02 2.752481452327494929e-02 3.190289221022151595e-02 -4.326129090985189123e+02
4.030000000000000000e+03 1.550346153142325920e-02 2.720072700931128531e-02 3.130873471239930400e-02 -4.337108751465508476e+02
4.040000000000000000e+03 1.494943127557221522e-02 2.686450505989793763e-02 3.074389577747652091e-02 -4.348106340488113801e+02
4.050000000000000000e+03 1.446876770044203120e-02 2.653223080440906753e-02 3.022092834821240095e-02 -4.359120822275116325e+02
4.060000000000000000e+03 1.405872083830951927e-02 2.622010851547798213e-02 2.975133143529814020e-02 -4.370150047108458011e+02
4.070000000000000000e+03 1.371302918542442045e-02 2.594366024970124612e-02 2.934485775382512582e-02 -4.381190742344988962e+02
4.080000000000000000e+03 1.342212117176318220e-02 2.571692272018376996e-02 2.900885125173690432e-02 -4.392238608129641761e+02
4.090000000000000000e+03 1.317347073542192437e-02 2.555173588744759708e-02 2.874772231114832571e-02 -4.403288515894544162e+02
4.100000000000000000e+03 1.295207685601954851e-02 2.545716977944918746e-02 2.856262922183351941e-02 -4.414334792855836440e+02
4.110000000000000000e+03 1.274106404434950830e-02 2.543902731329433092e-02 2.845134133268150192e-02 -4.425371581492345854e+02
4.120000000000000000e+03 1.252241678658960224e-02 2.549943273458224122e-02 2.840830850231223365e-02 -4.436393241466880113e+02
4.130000000000000000e+03 1.227782687486492219e-02 2.563661890162426474e-02 2.842501119571061441e-02 -4.447394729131008830e+02
4.140000000000000000e+03 1.198959546364611849e-02 2.584494312691528947e-02 2.849055079522629097e-02 -4.458371899364108231e+02
4.150000000000000000e+03 1.164149827540265567e-02 2.611507770291019576e-02 2.859233753167516462e-02 -4.469321695036798019e+02
4.160000000000000000e+03 1.121953994037028744e-02 2.643438123186704278e-02 2.871679974484010398e-02 -4.480242206683151380e+02
4.170000000000000000e+03 1.071260774283194425e-02 2.678746859439362638e-02 2.885010291744914690e-02 -4.491132628507454569e+02
4.180000000000000000e+03 1.011303207367071633e-02 2.715694658692057589e-02 2.897883996380720695e-02 -4.501993153834711734e+02
4.190000000000000000e+03 9.416988295297070918e-03 2.752423427670223216e-02 2.909060228102113704e-02 -4.512824835798795675e+02
4.200000000000000000e+03 8.624677287773526227e-03 2.787037471137780373e-02 2.917435251845092517e-02 -4.649293137022284554e+02
