0.000000000000000000e+00 1.014604776373821338e+01 2.400509582475532796e-15 1.014604776373821338e+01 2.365955333913279756e-16
1.000000000000000000e+01 1.004105430769392981e+01 1.207502982156036575e+00 1.011339878883328502e+01 -9.903181310556018468e-01
2.000000000000000000e+01 9.752057830393020765e+00 2.382749187745210051e+00 1.003893050175317647e+01 -1.980362089251217705e+00
3.000000000000000000e+01 9.288621885960420599e+00 3.491803142621532796e+00 9.923264872367589362e+00 -2.970420696529584070e+00
4.000000000000000000e+01 8.667384139318594194e+00 4.504549543756251495e+00 9.768035340367385189e+00 -3.960706890134074065e+00
5.000000000000000000e+01 7.910753245172488235e+00 5.395377048280225019e+00 9.575495308291685603e+00 -4.951436004012657044e+00
6.000000000000000000e+01 7.045604339552145490e+00 6.144352382562812132e+00 9.348454776625992224e+00 -5.942824447349071448e+00
7.000000000000000000e+01 6.101737227568093225e+00 6.737975077738352248e+00 9.090187310639617380e+00 -6.935089989760499840e+00
8.000000000000000000e+01 5.110239382895328752e+00 7.169487896869148891e+00 8.804322986683738250e+00 -7.928452813697579593e+00
9.000000000000000000e+01 4.101877460391862407e+00 7.438759957481987151e+00 8.494736511811783686e+00 -8.923136075008885726e+00
1.000000000000000000e+02 3.105628586331252272e+00 7.551779255103372890e+00 8.165433168794384855e+00 -9.919365946249330435e+00
1.100000000000000000e+02 2.147448741819201867e+00 7.519821192490247164e+00 7.820437766887881281e+00 -1.091737157897198252e+01
1.200000000000000000e+02 1.249346961297864045e+00 7.358387532305057377e+00 7.463694454175271886e+00 -1.191738527589750873e+01
1.300000000000000000e+02 4.287964490427867981e-01 7.086021696726069408e+00 7.098983721715686812e+00 -1.291964297497608882e+01
1.400000000000000000e+02 -3.015221998923680591e-01 6.723101115294984886e+00 6.729859154804698207e+00 -1.392438502815283030e+01
1.500000000000000000e+02 -9.336781149254907985e-01 6.290691784574363510e+00 6.359603600131237933e+00 -1.493185719329509098e+01
1.600000000000000000e+02 -1.464197243110824775e+00 5.809529618651877669e+00 5.991202546795323158e+00 -1.594231185761623593e+01
1.700000000000000000e+02 -1.893578713734179075e+00 5.299171991984405139e+00 5.627331885160067770e+00 -1.695600948820065668e+01
1.800000000000000000e+02 -2.225682610021283203e+00 4.777343032283250857e+00 5.270357628155462493e+00 -1.797322027906085751e+01
1.900000000000000000e+02 -2.467048031860269219e+00 4.259478449938773004e+00 4.922345239517280646e+00 -1.899422607413988118e+01
2.000000000000000000e+02 -2.626193959591401672e+00 3.758460795186795877e+00 4.585076036703265245e+00 -2.001932258424735167e+01
2.100000000000000000e+02 -2.712946224748745472e+00 3.284525012184305481e+00 4.260068282791108274e+00 -2.104882183223986658e+01
2.200000000000000000e+02 -2.737823414153731427e+00 2.845307469461479943e+00 3.948601226113075846e+00 -2.208305470561003148e+01
2.300000000000000000e+02 -2.711504407124366356e+00 2.446007788364905622e+00 3.651740715138006355e+00 -2.312237325654182740e+01
2.400000000000000000e+02 -2.644390027533330745e+00 2.089632105423716357e+00 3.370365106889056772e+00 -2.416715221992313190e+01
2.500000000000000000e+02 -2.546262905379498953e+00 1.777288280616667882e+00 3.105190560292395041e+00 -2.521778891508031251e+01
2.600000000000000000e+02 -2.426042994709746825e+00 1.508506596411084866e+00 2.856794841005561914e+00 -2.627470016567327704e+01
2.700000000000000000e+02 -2.291630903834743993e+00 1.281563831699072953e+00 2.625638599299159992e+00 -2.733831431373105403e+01
2.800000000000000000e+02 -2.149827741320795571e+00 1.093793632857175346e+00 2.412082881791455247e+00 -2.840905583864702777e+01
2.900000000000000000e+02 -2.006318436005122940e+00 9.418705773731204101e-01 2.216401103405071460e+00 -2.948731944294376106e+01
3.000000000000000000e+02 -1.865705000914764655e+00 8.220598030738355266e-01 2.038783330878530364e+00 -3.057343033697316770e+01
3.100000000000000000e+02 -1.731576584975884403e+00 7.304279763482642851e-01 1.879330332397411985e+00 -3.166758845602973693e+01
3.200000000000000000e+02 -1.606604227850732869e+00 6.630145449863620311e-01 1.738034934001995824e+00 -3.276979733293406127e+01
3.300000000000000000e+02 -1.492649971744870019e+00 6.159647969326811356e-01 1.614749692432322581e+00 -3.387978415103676610e+01
3.400000000000000000e+02 -1.390881813507796716e+00 5.856279298191100491e-01 1.509142899572785357e+00 -3.499692581154231874e+01
3.500000000000000000e+02 -1.301887624322700221e+00 5.686243421171036649e-01 1.420649509489484652e+00 -3.612020418287833934e+01
3.600000000000000000e+02 -1.225783224924485104e+00 5.618869357259457242e-01 1.348429250293008197e+00 -3.724821656382714963e+01
3.700000000000000000e+02 -1.162311426988329233e+00 5.626812384402125611e-01 1.291347369765493358e+00 -3.837925861247280324e+01
3.800000000000000000e+02 -1.110929790919912064e+00 5.686090212318586357e-01 1.247990873115509602e+00 -3.951147540682222115e+01
3.900000000000000000e+02 -1.070886421346671558e+00 5.775996598039178087e-01 1.216724740617319167e+00 -4.064304956817884573e+01
4.000000000000000000e+02 -1.041284027910135856e+00 5.878928760789993158e-01 1.195780272677716694e+00 -4.177237891318306140e+01
4.100000000000000000e+02 -1.021132800261056683e+00 5.980158788918795709e-01 1.183357590576835872e+00 -4.289820085959210161e+01
4.200000000000000000e+02 -1.009392977314796713e+00 6.067572694637448638e-01 1.177721769646604244e+00 -4.401964339260415926e+01
4.300000000000000000e+02 -1.005008113445419848e+00 6.131396595574135633e-01 1.177277176459861074e+00 -4.513620878791724778e+01
4.400000000000000000e+02 -1.006930297256887208e+00 6.163923980905152700e-01 1.180613489655958137e+00 -4.624771281573661952e+01
4.500000000000000000e+02 -1.014138590745979229e+00 6.159254378660035112e-01 1.186524852774129224e+00 -4.735420535698872868e+01
4.600000000000000000e+02 -1.025651726667335950e+00 6.113049888138176735e-01 1.194008062688166838e+00 -4.845589239280681682e+01
4.700000000000000000e+02 -1.040536056436776713e+00 6.022313491379949202e-01 1.202247013982388202e+00 -4.955307047843211166e+01
4.800000000000000000e+02 -1.057909816631116495e+00 5.885192480712957419e-01 1.210589974134465452e+00 -5.064607743872262802e+01
4.900000000000000000e+02 -1.076944585195901638e+00 5.700808019742286126e-01 1.218524419272076997e+00 -5.173525846850962751e+01
5.000000000000000000e+02 -1.096864544882704795e+00 5.469111664319492583e-01 1.225652338058675683e+00 -5.282094491889220933e+01
5.100000000000000000e+02 -1.116944142822507313e+00 5.190769284532090744e-01 1.231667599573003091e+00 -5.390344261285062544e+01
5.200000000000000000e+02 -1.136504810063685200e+00 4.867071397175749548e-01 1.236336128708514392e+00 -5.498302677224025814e+01
5.300000000000000000e+02 -1.154911418562093672e+00 4.499868126819750458e-01 1.239479131051745675e+00 -5.605994123255545247e+01
5.400000000000000000e+02 -1.171569041620605045e+00 4.091525860055185704e-01 1.240959249096772687e+00 -5.713440023910691679e+01
5.500000000000000000e+02 -1.185920437569598196e+00 3.644901619406615834e-01 1.240669320325443081e+00 -5.820659163100067701e+01
5.600000000000000000e+02 -1.197444556562706763e+00 3.163332076793653469e-01 1.238523380611918023e+00 -5.927668072024800949e+01
5.700000000000000000e+02 -1.205656411832068287e+00 2.650634590730955864e-01 1.234449683351886318e+00 -6.034481449017570753e+01
5.800000000000000000e+02 -1.210108712209073678e+00 2.111115967105852975e-01 1.228385607873193619e+00 -6.141112582778085027e+01
5.900000000000000000e+02 -1.210395492149100249e+00 1.549582981107874569e-01 1.220274281286078066e+00 -6.247573758416574918e+01
6.000000000000000000e+02 -1.206157677313166365e+00 9.713488067839871898e-02 1.210062613084917693e+00 -6.353876641307775941e+01
6.100000000000000000e+02 -1.197090392068137943e+00 3.822306344018252394e-02 1.197700467295809590e+00 -6.460032647454588073e+01
6.200000000000000000e+02 -1.182951803239642441e+00 -2.114663515296022825e-02 1.183140798453934606e+00 -6.566053309066467136e+01
6.300000000000000000e+02 -1.163573245547838253e+00 -8.029842727397780433e-02 1.166340660003501783e+00 -6.671950638182541127e+01
6.400000000000000000e+02 -1.138870182901595030e+00 -1.385172671998440574e-01 1.147262971953172395e+00 -6.777737491015140847e+01
6.500000000000000000e+02 -1.108853363454303409e+00 -1.950577457122470715e-01 1.125878903704241818e+00 -6.883427942534767396e+01
6.600000000000000000e+02 -1.073639482088952546e+00 -2.491561208110959491e-01 1.102170817086837840e+00 -6.989037685034034553e+01
6.700000000000000000e+02 -1.033460501012361643e+00 -3.000456735753442850e-01 1.076135685396596875e+00 -7.094584458191422982e+01
6.800000000000000000e+02 -9.886706382316988728e-01 -3.469753473382498066e-01 1.047788873085591543e+00 -7.200088520375904011e+01
6.900000000000000000e+02 -9.397501559196319576e-01 -3.892311920471184239e-01 1.017168263569697473e+00 -7.305573194170428053e+01
7.000000000000000000e+02 -8.873050204436380151e-01 -4.261598261894258832e-01 9.843385579983578992e-01 -7.411065527559171073e+01
7.100000000000000000e+02 -8.320617250304680468e-01 -4.571932519063010569e-01 9.493957993636461534e-01 -7.516597086322533983e+01
7.200000000000000000e+02 -7.748566891523180900e-01 -4.818741417040521835e-01 9.124722336417196988e-01 -7.622204894386611329e+01
7.300000000000000000e+02 -7.166197215649030561e-01 -4.998802835151803237e-01 8.737414509927844408e-01 -7.727932550854998794e+01
7.400000000000000000e+02 -6.583514130779176687e-01 -5.110467851247826321e-01 8.334239015579446574e-01 -7.833831538324278654e+01
7.500000000000000000e+02 -6.010947734221173677e-01 -5.153843960573710747e-01 7.917929036906100615e-01 -7.939962735695324625e+01
7.600000000000000000e+02 -5.459018995778240901e-01 -5.130921497369362871e-01 7.491811784103677985e-01 -8.046398127209256756e+01
7.700000000000000000e+02 -4.937968612226468768e-01 -5.045628578181047263e-01 7.059879727324758214e-01 -8.153222591611904591e+01
7.800000000000000000e+02 -4.457362246173588449e-01 -4.903804301760918971e-01 6.626867647960275054e-01 -8.260535443302177327e+01
7.900000000000000000e+02 -4.025690086097840070e-01 -4.713083570706751435e-01 6.198333438414904695e-01 -8.368451064075350132e+01
8.000000000000000000e+02 -3.649984602875512296e-01 -4.482691453583154684e-01 5.780736135584789714e-01 -8.477097449658796791e+01
8.100000000000000000e+02 -3.335481799267870362e-01 -4.223149065431011095e-01 5.381489279195681430e-01 -8.586610706912632907e+01
8.200000000000000000e+02 -3.085349201375328088e-01 -3.945897539631609274e-01 5.008940715131110499e-01 -8.697122568852270774e+01
8.300000000000000000e+02 -2.900501417453191233e-01 -3.662854979038569492e-01 4.672195958017558159e-01 -8.808737435111244451e+01
8.400000000000000000e+02 -2.779519732087214479e-01 -3.385930247441832908e-01 4.380668166113896866e-01 -8.921496827312881805e+01
8.500000000000000000e+02 -2.718686087895031411e-01 -3.126522352054096343e-01 4.143234975524302532e-01 -9.035334932737285385e+01
8.600000000000000000e+02 -2.712133510633888966e-01 -2.895035328890984694e-01 3.966975892922748326e-01 -9.150040146339063085e+01
8.700000000000000000e+02 -2.752106463824783300e-01 -2.700438419085954833e-01 3.855704558637967350e-01 -9.265248484977837506e+01
8.800000000000000000e+02 -2.829317484948041805e-01 -2.549899293205390993e-01 3.808808716137115913e-01 -9.380490656924180826e+01
8.900000000000000000e+02 -2.933379332316154442e-01 -2.448511689096809496e-01 3.820984663526311720e-01 -9.495285904435078805e+01
9.000000000000000000e+02 -3.053285303779738613e-01 -2.399131312740812039e-01 3.883089260118904873e-01 -9.609241351943947507e+01
9.100000000000000000e+02 -3.177907424693652283e-01 -2.402328117307915012e-01 3.983751496156761052e-01 -9.722111130328633521e+01
9.200000000000000000e+02 -3.296482594323849602e-01 -2.456454587245134602e-01 4.111078524411539425e-01 -9.833800175307506208e+01
9.300000000000000000e+02 -3.399058871462533049e-01 -2.557820355008872948e-01 4.253944778692579920e-01 -9.944330279318893417e+01
9.400000000000000000e+02 -3.476878635044619026e-01 -2.700957386571710694e-01 4.402710057101877350e-01 -1.005379525198084423e+02
9.500000000000000000e+02 -3.522681619976625877e-01 -2.878955157160468792e-01 4.549469045137246037e-01 -1.016232288375994273e+02
9.600000000000000000e+02 -3.530917470788557666e-01 -3.083841903317411925e-01 4.688012272826962423e-01 -1.027004941273498275e+02
9.700000000000000000e+02 -3.497863409343690000e-01 -3.306987733822073228e-01 4.813648959165501284e-01 -1.037710517712853147e+02
9.800000000000000000e+02 -3.421648377593091706e-01 -3.539506898349747410e-01 4.922985547749544888e-01 -1.048360799153196012e+02
9.900000000000000000e+02 -3.302190560411075171e-01 -3.772638842837827133e-01 5.013707843079485693e-01 -1.058966108726557422e+02
1.000000000000000000e+03 -3.141059107756015711e-01 -3.998090125109340365e-01 5.084385603680531274e-01 -1.069535342600690768e+02
1.010000000000000000e+03 -2.941274196338925506e-01 -4.208322846828164709e-01 5.134303758172582555e-01 -1.080076106971614536e+02
1.020000000000000000e+03 -2.707062628388646752e-01 -4.396780605126602848e-01 5.163319452022691047e-01 -1.090594889217152144e+02
1.030000000000000000e+03 -2.443586871732739974e-01 -4.558048627563940358e-01 5.171742848493351419e-01 -1.101097227476266482e+02
1.040000000000000000e+03 -2.156663776502115715e-01 -4.687947879415517161e-01 5.160237781826804149e-01 -1.111587863363001958e+02
1.050000000000000000e+03 -1.852487051164014298e-01 -4.783566002956866070e-01 5.129738002995384294e-01 -1.122070872206547847e+02
1.060000000000000000e+03 -1.537366069328212348e-01 -4.843231872744368505e-01 5.081376723319045441e-01 -1.132549770071694724e+02
1.070000000000000000e+03 -1.217492001356444836e-01 -4.866442648760024303e-01 5.016428094474932875e-01 -1.143027601276425003e+02
1.080000000000000000e+03 -8.987393582440195150e-02 -4.853753110292665096e-01 4.936258875882887920e-01 -1.153507011582969710e+02
1.090000000000000000e+03 -5.865072750144286612e-02 -4.806637448992533423e-01 4.842288131627681125e-01 -1.163990310737494553e+02
1.100000000000000000e+03 -2.856013188046969964e-02 -4.727334048492923269e-01 4.735953475208922736e-01 -1.174479525561533393e+02
1.110000000000000000e+03 -1.539447314061762268e-05 -4.618682965074075164e-01 4.618682967639631265e-01 -1.184976443504874624e+02
1.120000000000000000e+03 2.664192448749652317e-02 -4.483964224513221075e-01 4.491872035215851988e-01 -1.195482647839957764e+02
1.130000000000000000e+03 5.114306709645326937e-02 -4.326744260043007273e-01 4.356865527304961683e-01 -1.205999547523412616e+02
1.140000000000000000e+03 7.329031309341296763e-02 -4.150736506404200665e-01 4.214944904139270032e-01 -1.216528406404822391e+02
1.150000000000000000e+03 9.295285275097624200e-02 -3.959680225865010450e-01 4.067319851519037854e-01 -1.227070375218909817e+02
1.160000000000000000e+03 1.100609882625750297e-01 -3.757239016520803054e-01 3.915122876871131030e-01 -1.237626525628581788e+02
1.170000000000000000e+03 1.245993074812231788e-01 -3.546918463788084064e-01 3.759405449168906066e-01 -1.248197884241631641e+02
1.180000000000000000e+03 1.365993349320450134e-01 -3.332002623825099374e-01 3.601135836866619644e-01 -1.258785466057445319e+02
1.190000000000000000e+03 1.461320229604868293e-01 -3.115509678964895057e-01 3.441199990290649824e-01 -1.269390310531763930e+02
1.200000000000000000e+03 1.533003817196528229e-01 -2.900165219725427956e-01 3.280405311123027468e-01 -1.280013523928781183e+02
1.210000000000000000e+03 1.582325724530432576e-01 -2.688389959002413510e-01 3.119486379225874795e-01 -1.290656327873613520e+02
1.220000000000000000e+03 1.610756691622141079e-01 -2.482298861810935120e-01 2.959112157210903593e-01 -1.301320114698968098e+02
1.230000000000000000e+03 1.619901414228311076e-01 -2.283708664305203473e-01 2.799893900711514227e-01 -1.312006511992942137e+02
1.240000000000000000e+03 1.611451102776416677e-01 -2.094151473938253016e-01 2.642393811004916659e-01 -1.322717458074397996e+02
1.250000000000000000e+03 1.587144545684718577e-01 -1.914893369319772831e-01 2.487135787358941974e-01 -1.333455290744764739e+02
1.260000000000000000e+03 1.548737407909069885e-01 -1.746956174843656839e-01 2.334618477499329214e-01 -1.344222852711901908e+02
1.270000000000000000e+03 1.497978044415287924e-01 -1.591139787012000872e-01 2.185329275730054643e-01 -1.355023617593402321e+02
1.280000000000000000e+03 1.436588463014389361e-01 -1.448043422759287269e-01 2.039758850026756887e-01 -1.365861838653405869e+02
1.290000000000000000e+03 1.366250108515609796e-01 -1.318085251653814960e-01 1.898417259099330900e-01 -1.376742718456795558e+02
1.300000000000000000e+03 1.288594127234893028e-01 -1.201520764654405993e-01 1.761853277841252119e-01 -1.387672594893266762e+02
1.310000000000000000e+03 1.205194693908267639e-01 -1.098459811092826616e-01 1.630677223367865414e-01 -1.398659131165190104e+02
1.320000000000000000e+03 1.117564038586762731e-01 -1.008881198659076356e-01 1.505586481524767706e-01 -1.409711471853266005e+02
1.330000000000000000e+03 1.027148891883256088e-01 -9.326450057472304711e-02 1.387393798761639430e-01 -1.420840288413617145e+02
1.340000000000000000e+03 9.353282422088139703e-02 -8.695035906285508709e-02 1.277057326352021016e-01 -1.432057576652705961e+02
1.350000000000000000e+03 8.434117478580560601e-02 -8.191113567674808416e-02 1.175706932534823640e-01 -1.443375973235382048e+02
1.360000000000000000e+03 7.526383108965052637e-02 -7.810327192215818504e-02 1.084655030654356339e-01 -1.454807247562251007e+02
1.370000000000000000e+03 6.641746697623210349e-02 -7.547484273511180508e-02 1.005372160218729188e-01 -1.466359591154660791e+02
1.380000000000000000e+03 5.791139995591629980e-02 -7.396607771318740310e-02 9.393993238834792703e-02 -1.478033560818492163e+02
1.390000000000000000e+03 4.984742158239618276e-02 -7.350979084131670227e-02 8.881697353517099824e-02 -1.489817307142689060e+02
1.400000000000000000e+03 4.231954422970433255e-02 -7.403177005263048005e-02 8.527395147954301702e-02 -1.501683052991056115e+02
1.410000000000000000e+03 3.541365459881702649e-02 -7.545116670742081644e-02 8.334869818752613235e-02 -1.513587756053981650e+02
1.420000000000000000e+03 2.920707203694259541e-02 -7.768090836558537438e-02 8.299021979410360628e-02 -1.525479746345934586e+02
1.430000000000000000e+03 2.376801732407145956e-02 -8.062812443609533586e-02 8.405839100054102175e-02 -1.537309448340082270e+02
1.440000000000000000e+03 1.915501015270335353e-02 -8.419453269368973314e-02 8.634601177506091851e-02 -1.549039098047264531e+02
1.450000000000000000e+03 1.541625324882352384e-02 -8.827688773863275051e-02 8.961288843158125850e-02 -1.560647193207247483e+02
1.460000000000000000e+03 1.258898929793760176e-02 -9.276762023116019718e-02 9.361791503177342710e-02 -1.572127304049327563e+02
1.470000000000000000e+03 1.069876556247153013e-02 -9.755563962528740474e-02 9.814054415612169513e-02 -1.583483791943975518e+02
1.480000000000000000e+03 9.758656154022497115e-03 -1.025272896134080264e-01 1.029906621272243666e-01 -1.594727158356582493e+02
1.490000000000000000e+03 9.768588171859243774e-03 -1.075675000147503363e-01 1.080101494040939802e-01 -1.605870458759798964e+02
1.500000000000000000e+03 1.071491004420475901e-02 -1.125611545202755831e-01 1.130699907322573194e-01 -1.616927050945354551e+02
1.510000000000000000e+03 1.257017111295591870e-02 -1.173946609188166457e-01 1.180657258227506418e-01 -1.627909412739883521e+02
1.520000000000000000e+03 1.529304205891170512e-02 -1.219576917446478503e-01 1.229127971819785337e-01 -1.638828658510722960e+02
1.530000000000000000e+03 1.882843015303845360e-02 -1.261450335410286006e-01 1.275424606517181758e-01 -1.649694446927684908e+02
1.540000000000000000e+03 2.310790606202190595e-02 -1.298584921949032522e-01 1.318984583598495908e-01 -1.660515075331729520e+02
1.550000000000000000e+03 2.805048600572305345e-02 -1.330088677455224522e-01 1.359345013751223630e-01 -1.671297647994551028e+02
1.560000000000000000e+03 3.356375691790510624e-02 -1.355179651721637735e-01 1.396124803262516756e-01 -1.682048263407303921e+02
1.570000000000000000e+03 3.954534517763893392e-02 -1.373204903650170061e-01 1.429011945342212320e-01 -1.692772193093256021e+02
1.580000000000000000e+03 4.588471745173500899e-02 -1.383657163886456432e-01 1.457754395204098885e-01 -1.703474040475585127e+02
1.590000000000000000e+03 5.246531791377775228e-02 -1.386188599770510621e-01 1.482153768174242492e-01 -1.714157875116334822e+02
1.600000000000000000e+03 5.916700102841081221e-02 -1.380621211985814667e-01 1.502061360948605262e-01 -1.724827344058565757e+02
1.610000000000000000e+03 6.586866580983961883e-02 -1.366953327254335770e-01 1.517375863933696778e-01 -1.735485765626384307e+02
1.620000000000000000e+03 7.245102644529524683e-02 -1.345361346085244270e-01 1.528041974174134954e-01 -1.746136207166010195e+02
1.630000000000000000e+03 7.879942903250233832e-02 -1.316196141489054117e-01 1.534049309655824422e-01 -1.756781548514031499e+02
1.640000000000000000e+03 8.480659608995738674e-02 -1.279974443701070164e-01 1.535431682154690114e-01 -1.767424535759302557e+02
1.650000000000000000e+03 9.037521495972708485e-02 -1.237365458475914864e-01 1.532266695367029974e-01 -1.778067826884899887e+02
1.660000000000000000e+03 9.542030072986833200e-02 -1.189172328908311982e-01 1.524675115222607069e-01 -1.788714026811582301e+02
1.670000000000000000e+03 9.987123430159823567e-02 -1.136308995585484372e-01 1.512820041360163070e-01 -1.799365712877429360e+02
1.680000000000000000e+03 1.036733947137949974e-01 -1.079773790146730666e-01 1.496906381520257123e-01 -1.810025453648311498e+02
1.690000000000000000e+03 1.067893264749091159e-01 -1.020620601107934955e-01 1.477180569971862090e-01 -1.820695821263444714e+02
1.700000000000000000e+03 1.091993483886840866e-01 -9.599284607235245015e-02 1.453929990941226769e-01 -1.831379398855910381e+02
1.710000000000000000e+03 1.109015104921763778e-01 -8.987708791992561619e-02 1.427481557233309661e-01 -1.842078786329084892e+02
1.720000000000000000e+03 1.119108984533579293e-01 -8.381860955868429552e-02 1.398199145364813489e-01 -1.852796603053495801e+02
1.730000000000000000e+03 1.122584262672238903e-01 -7.791493567556169453e-02 1.366480569540623191e-01 -1.863535480694422972e+02
1.740000000000000000e+03 1.119892549274383031e-01 -7.225486189497687395e-02 1.332754976980575490e-01 -1.874298043512148979e+02
1.750000000000000000e+03 1.111608817819497996e-01 -6.691647485088270120e-02 1.297480490990498003e-01 -1.885086877950494681e+02
1.760000000000000000e+03 1.098409435008795704e-01 -6.196565045935098492e-02 1.261141336489050302e-01 -1.895904489620612310e+02
1.770000000000000000e+03 1.081048204106967725e-01 -5.745503278309611189e-02 1.224243970299043333e-01 -1.906753242719868240e+02
1.780000000000000000e+03 1.060331962869686534e-01 -5.342346909271609295e-02 1.187312333159696170e-01 -1.917635273505018745e+02
1.790000000000000000e+03 1.037096995088651746e-01 -4.989583942473432149e-02 1.150882120988851870e-01 -1.928552369388353895e+02
1.800000000000000000e+03 1.012186313456948372e-01 -4.688324787008209260e-02 1.115493176238350481e-01 -1.939505814166345772e+02
1.810000000000000000e+03 9.864278142025362239e-02 -4.438357057203266842e-02 1.081679234479729496e-01 -1.950496207240961724e+02
1.820000000000000000e+03 9.606141674855450674e-02 -4.238227029625159237e-02 1.049954885850053893e-01 -1.961523262511662722e+02
1.830000000000000000e+03 9.354849215111298022e-02 -4.085339017533825418e-02 1.020799680278421245e-01 -1.972585603175113533e+02
1.840000000000000000e+03 9.117107271396472645e-02 -3.976074233784922946e-02 9.946396900924414641e-02 -1.983680590100915424e+02
1.850000000000000000e+03 8.898798273210559162e-02 -3.905932000140097116e-02 9.718277393500025785e-02 -1.994804231148649478e+02
1.860000000000000000e+03 8.704871283873474863e-02 -3.869691216343977558e-02 9.526242395543731145e-02 -2.005951214738671524e+02
1.870000000000000000e+03 8.539259032356985579e-02 -3.861586039078793858e-02 9.371808339850885849e-02 -2.017115095748072804e+02
1.880000000000000000e+03 8.404822283723199783e-02 -3.875491034008086283e-02 9.255294072888614609e-02 -2.028288636408618686e+02
1.890000000000000000e+03 8.303324085575856939e-02 -3.905112568002529899e-02 9.175788524092926002e-02 -2.039464271154042478e+02
1.900000000000000000e+03 8.235436996146604238e-02 -3.944181873026012669e-02 9.131209841253633275e-02 -2.050634630920162067e+02
1.910000000000000000e+03 8.200789105093415909e-02 -3.986643658813980584e-02 9.118457633206428214e-02 -2.061793042740439716e+02
1.920000000000000000e+03 8.198052599940745810e-02 -4.026828592410618829e-02 9.133641932112891715e-02 -2.072933921614280166e+02
1.930000000000000000e+03 8.225067963075084754e-02 -4.059596617629578769e-02 9.172353443641038939e-02 -2.084053001775880034e+02
1.940000000000000000e+03 8.278987814743057894e-02 -4.080444943967848070e-02 9.229933378817899159e-02 -2.095147401276164203e+02
1.950000000000000000e+03 8.356426205139558250e-02 -4.085582720372899629e-02 9.301711943881767197e-02 -2.106215550997272885e+02
1.960000000000000000e+03 8.453613433530531018e-02 -4.071972942451768107e-02 9.383205407941742904e-02 -2.117257026796976902e+02
1.970000000000000000e+03 8.566554970000324343e-02 -4.037342567835736085e-02 9.470269218142413070e-02 -2.128272326917053476e+02
1.980000000000000000e+03 8.691183418736951605e-02 -3.980166839750953062e-02 9.559204846135541112e-02 -2.139262638864663302e+02
1.990000000000000000e+03 8.823491993536507205e-02 -3.899626204494911069e-02 9.646817894766451795e-02 -2.150229620621891513e+02
2.000000000000000000e+03 8.959640388016668067e-02 -3.795538436691289763e-02 9.730429995996087156e-02 -2.161175211465194366e+02
2.010000000000000000e+03 9.096034138950610803e-02 -3.668276289647090516e-02 9.807858481551516572e-02 -2.172101480679612848e+02
2.020000000000000000e+03 9.229384660745496016e-02 -3.518681348230907197e-02 9.877381213985432507e-02 -2.183010514856171937e+02
2.030000000000000000e+03 9.356753587427033003e-02 -3.347980280800021136e-02 9.937696395868332588e-02 -2.193904339986599723e+02
2.040000000000000000e+03 9.475576785081485376e-02 -3.157704338007195910e-02 9.987875254339365072e-02 -2.204784872413550261e+02
2.050000000000000000e+03 9.583666210630016613e-02 -2.949614904009789304e-02 1.002730702226316550e-01 -2.215653893572565494e+02
2.060000000000000000e+03 9.679195615186217405e-02 -2.725639125788819825e-02 1.005564201834328181e-01 -2.226513043179069200e+02
2.070000000000000000e+03 9.760675009159358595e-02 -2.487814941335248289e-02 1.007273546841963574e-01 -2.237363823531809146e+02
2.080000000000000000e+03 9.826919848361984067e-02 -2.238244270594581808e-02 1.007859569190967114e-01 -2.248207608738696024e+02
2.090000000000000000e+03 9.877018876118225099e-02 -1.979056473344008998e-02 1.007333938691040848e-01 -2.259045658214771208e+02
2.100000000000000000e+03 9.910300108677107256e-02 -1.712384197423488796e-02 1.005715207619091167e-01 -2.269879136053030777e+02
2.110000000000000000e+03 9.926299080862906188e-02 -1.440349536690098235e-02 1.003025524254408801e-01 -2.280709133498179426e+02
2.120000000000000000e+03 9.924736586705416863e-02 -1.165062024950709769e-02 9.992885761253919585e-02 -2.291536696017583097e+02
2.130000000000000000e+03 9.905509883778146341e-02 -8.886213121844810728e-03 9.945289030193894819e-02 -2.302362849914544825e+02
2.140000000000000000e+03 9.868694420247479948e-02 -6.131091301567893892e-03 9.887721292881659907e-02 -2.313188616177019128e+02
2.150000000000000000e+03 9.814553844599348265e-02 -3.405749810647698723e-03 9.820461215557399481e-02 -2.324015017894352866e+02
2.160000000000000000e+03 9.743552017443199431e-02 -7.302161299111974710e-04 9.743825638453577909e-02 -2.334843089049734601e+02
2.170000000000000000e+03 9.656365909706672579e-02 1.876123650023502195e-03 9.658188286715420345e-02 -2.345673882579297640e+02
2.180000000000000000e+03 9.553901034564488137e-02 4.394760490242202028e-03 9.564003564194147045e-02 -2.356508474519976346e+02
2.190000000000000000e+03 9.437302107311705546e-02 6.808363051547758685e-03 9.461829058859960728e-02 -2.367347963547704239e+02
2.200000000000000000e+03 9.307954113690733444e-02 9.101149701581597723e-03 9.352342970693398871e-02 -2.378193463258388078e+02
2.210000000000000000e+03 9.167477080416397417e-02 1.125933287229073480e-02 9.236360851940034200e-02 -2.389046084785714754e+02
2.220000000000000000e+03 9.017715482014745931e-02 1.327157753588313095e-02 9.114852726044345155e-02 -2.399906913815364931e+02
2.230000000000000000e+03 8.860715684839617912e-02 1.512941098303727423e-02 8.988952843045695806e-02 -2.410776985549820779e+02
2.240000000000000000e+03 8.698685300291443545e-02 1.682755638271172735e-02 8.859954429433589129e-02 -2.421657256271968208e+02
2.250000000000000000e+03 8.533939060382318698e-02 1.836416202240614276e-02 8.729292087802474620e-02 -2.432548571747292954e+02
2.260000000000000000e+03 8.368838338167929047e-02 1.974089583893446839e-02 8.598516431084257672e-02 -2.443451635177682419e+02
2.270000000000000000e+03 8.205727857729307184e-02 2.096291694739847028e-02 8.469262573834281105e-02 -2.454366973860314829e+02
2.280000000000000000e+03 8.046873005908382337e-02 2.203875873994578724e-02 8.343214850475347277e-02 -2.465294902319492110e+02
2.290000000000000000e+03 7.894401547526451457e-02 2.298012286248948474e-02 8.222070071541542902e-02 -2.476235485089000292e+02
2.300000000000000000e+03 7.750250778451155120e-02 2.380158611394673010e-02 8.107499130081911864e-02 -2.487188502590888106e+02
2.310000000000000000e+03 7.616118525816652218e-02 2.452022755663291198e-02 8.001104735821061575e-02 -2.498153422891324169e+02
2.320000000000000000e+03 7.493418669150811451e-02 2.515519022728592013e-02 7.904375959232159965e-02 -2.509129382463912350e+02
2.330000000000000000e+03 7.383244792086006425e-02 2.572721118951615954e-02 7.818644231307930736e-02 -2.520115178271179843e+02
2.340000000000000000e+03 7.286341948799252011e-02 2.625812403320026620e-02 7.745041624953410975e-02 -2.531109275496941393e+02
2.350000000000000000e+03 7.203085968611572243e-02 2.677033546037519904e-02 7.684461990134321130e-02 -2.542109834279923746e+02
2.360000000000000000e+03 7.133472468439455705e-02 2.728629548829653376e-02 7.637528963789926018e-02 -2.553114756129609475e+02
2.370000000000000000e+03 7.077116898816757096e-02 2.782798559427417454e-02 7.604574374800276981e-02 -2.564121747702287735e+02
2.380000000000000000e+03 7.033264751156051431e-02 2.841643882648721767e-02 7.585628056769531946e-02 -2.575128397553610853e+02
2.390000000000000000e+03 7.000806988992513968e-02 2.907130002300470362e-02 7.580415776684149010e-02 -2.586132258102597916e+02
2.400000000000000000e+03 6.978295186588341636e-02 2.981040811341395189e-02 7.588360035610129672e-02 -2.597130926324228994e+02
2.410000000000000000e+03 6.963961513733590847e-02 3.064935453392481080e-02 7.608586550616666666e-02 -2.608122124938216757e+02
2.420000000000000000e+03 6.955752364540063182e-02 3.160100196719748539e-02 7.639942683692912961e-02 -2.619103785000513085e+02
2.430000000000000000e+03 6.951374938804209813e-02 3.267499702037850173e-02 7.681026483657810155e-02 -2.630074121563496305e+02
2.440000000000000000e+03 6.948355052968037404e-02 3.387734408905015981e-02 7.730225246872531042e-02 -2.641031691680459517e+02
2.450000000000000000e+03 6.944104521835389732e-02 3.521010340308519670e-02 7.785762738918662607e-02 -2.651975427577565938e+02
2.460000000000000000e+03 6.935991756002267417e-02 3.667123014456157709e-02 7.845748711403228992e-02 -2.662904643396440747e+02
2.470000000000000000e+03 6.921413025914369133e-02 3.825452618996816323e-02 7.908226477250554498e-02 -2.673819022768346940e+02
2.480000000000000000e+03 6.897867968434305552e-02 3.994969446399730673e-02 7.971220947108377530e-02 -2.684718596573600848e+02
2.490000000000000000e+03 6.863037073045470671e-02 4.174253173474618689e-02 8.032787027069712704e-02 -2.695603712041802851e+02
2.500000000000000000e+03 6.814853231387639487e-02 4.361529345848760841e-02 8.091054492466014103e-02 -2.706474990785260957e+02
2.510000000000000000e+03 6.751562448420295182e-02 4.554721741383258027e-02 8.144267041075482771e-02 -2.717333278910943477e+02
2.520000000000000000e+03 6.671772018013139016e-02 4.751515472466166790e-02 8.190814437247891100e-02 -2.728179596397773707e+02
2.530000000000000000e+03 6.574486661978487523e-02 4.949426993165745303e-02 8.229258923451779340e-02 -2.739015090952460127e+02
2.540000000000000000e+03 6.459134102800724586e-02 5.145881934896219534e-02 8.258360263748160124e-02 -2.749840996245454789e+02
2.550000000000000000e+03 6.325578415656900322e-02 5.338299195330352409e-02 8.277099769332803281e-02 -2.760658594141620483e+02
2.560000000000000000e+03 6.174116133106274246e-02 5.524174248453378455e-02 8.284697408617808234e-02 -2.771469181761553386e+02
2.570000000000000000e+03 6.005453103419931132e-02 5.701157598583404124e-02 8.280619840402128617e-02 -2.782274041535812898e+02
2.580000000000000000e+03 5.820665612848776455e-02 5.867125628737197146e-02 8.264581738962055446e-02 -2.793074414608902885e+02
2.590000000000000000e+03 5.621148502328113250e-02 6.020238483634154925e-02 8.236539436259336655e-02 -2.803871479540596283e+02
2.600000000000000000e+03 5.408551235452922767e-02 6.158981620419527042e-02 8.196675000705155867e-02 -2.814666334605637985e+02
2.610000000000000000e+03 5.184708227315265594e-02 6.282192360125316011e-02 8.145375390490453005e-02 -2.825459982977237701e+02
2.620000000000000000e+03 4.951568854158758248e-02 6.389070827281183307e-02 8.083208530867587449e-02 -2.836253322443496927e+02
2.630000000000000000e+03 4.711128411900786239e-02 6.479173552472951292e-02 8.010893884984608693e-02 -2.847047139191879523e+02
2.640000000000000000e+03 4.465364557113454813e-02 6.552391456239090028e-02 7.929269476043809828e-02 -2.857842106176809125e+02
2.650000000000000000e+03 4.216182031721854573e-02 6.608918133870113343e-02 7.839259520185018482e-02 -2.868638783320989205e+02
2.660000000000000000e+03 3.965365827223635287e-02 6.649213249280032378e-02 7.741844933742481061e-02 -2.879437616471403771e+02
2.670000000000000000e+03 3.714545709696353420e-02 6.673961776125156287e-02 7.638037419298443487e-02 -2.890238938763890246e+02
2.680000000000000000e+03 3.465173103499604584e-02 6.684029967641305636e-02 7.528856569595684944e-02 -2.901042976658541761e+02
2.690000000000000000e+03 3.218505839713980965e-02 6.680419484991370616e-02 7.415307433662166048e-02 -2.911849856410130997e+02
2.700000000000000000e+03 2.975597701185369107e-02 6.664218642976900420e-02 7.298355417537606693e-02 -2.922659608926149417e+02
2.710000000000000000e+03 2.737296712369370263e-02 6.636553391524234458e-02 7.178902019814727142e-02 -2.933472176880143820e+02
2.720000000000000000e+03 2.504255826804234475e-02 6.598546909441085906e-02 7.057770084253062182e-02 -2.944287426038914077e+02
2.730000000000000000e+03 2.276951679203886858e-02 6.551289336429107213e-02 6.935697579842933780e-02 -2.955105158475012672e+02
2.740000000000000000e+03 2.055706562800532419e-02 6.495809468427422850e-02 6.813330325358703254e-02 -2.965925128177511851e+02
2.750000000000000000e+03 1.840715253343133337e-02 6.433048708830904627e-02 6.691214264547283574e-02 -2.976747062056703044e+02
2.760000000000000000e+03 1.632077503470353436e-02 6.363843620136899748e-02 6.569793193007762711e-02 -2.987570686365095867e+02
2.770000000000000000e+03 1.429832788383387544e-02 6.288916617013501353e-02 6.449410362078439318e-02 -2.998395756395331659e+02
2.780000000000000000e+03 1.233995534986018563e-02 6.208874685250717618e-02 6.330313565496785422e-02 -3.009222088776419923e+02
2.790000000000000000e+03 1.044589733547245970e-02 6.124217742939395970e-02 6.212665343825145292e-02 -3.020049595908044466e+02
2.800000000000000000e+03 8.616787719033828022e-03 6.035354137975770111e-02 6.096555574808629197e-02 -3.030878318482559166e+02
2.810000000000000000e+03 6.853876512681187499e-03 5.942620170047053368e-02 5.982013934952082335e-02 -3.041708452693213758e+02
2.820000000000000000e+03 5.159181849281041857e-03 5.846305532745781769e-02 5.869025468998533002e-02 -3.052540372294928375e+02
2.830000000000000000e+03 3.535576808587143332e-03 5.746687314476642272e-02 5.757553136885577849e-02 -3.063374646532374186e+02
2.840000000000000000e+03 1.986798383150043933e-03 5.644070688241166478e-02 5.647566521256389138e-02 -3.074212053517596814e+02
2.850000000000000000e+03 5.173565878473109338e-04 5.538830057009712371e-02 5.539071671212072306e-02 -3.085053586335116620e+02
2.860000000000000000e+03 -8.676629401215507588e-04 5.431442883503535130e-02 5.432135877031961380e-02 -3.095900449099409002e+02
2.870000000000000000e+03 -2.162896738230055300e-03 5.322512307489976613e-02 5.326905150871821121e-02 -3.106754039488563990e+02
2.880000000000000000e+03 -3.363090310436135568e-03 5.212778032822810298e-02 5.223615470518627735e-02 -3.117615913793337086e+02
2.890000000000000000e+03 -4.463554450602605361e-03 5.103115890957069661e-02 5.122599435820988922e-02 -3.128487731676241310e+02
2.900000000000000000e+03 -5.460667987496081212e-03 4.994530714667061444e-02 5.024293583027300558e-02 -3.139371179578085957e+02
2.910000000000000000e+03 -6.352370362178001544e-03 4.888144714543609520e-02 4.929247898260281230e-02 -3.150267879785371292e+02
2.920000000000000000e+03 -7.138584507026307993e-03 4.785176351031769637e-02 4.838130485850219986e-02 -3.161179292763065973e+02
2.930000000000000000e+03 -7.821569013926010089e-03 4.686906919373728941e-02 4.751722412901390746e-02 -3.172106609087625770e+02
2.940000000000000000e+03 -8.406195633734490219e-03 4.594636928916196600e-02 4.670902456580165729e-02 -3.183050630117339210e+02
2.950000000000000000e+03 -8.900119852342363094e-03 4.509634365592277844e-02 4.596620872466148505e-02 -3.194011645692917796e+02
2.960000000000000000e+03 -9.313829894986474719e-03 4.433079677750514230e-02 4.529864203528847361e-02 -3.204989319207228391e+02
2.970000000000000000e+03 -9.660594471149162865e-03 4.366011651767968960e-02 4.471613645959772454e-02 -3.215982587508093502e+02
2.980000000000000000e+03 -9.956325995365580134e-03 4.309275799886019137e-02 4.422798004967355007e-02 -3.226989585952355242e+02
2.990000000000000000e+03 -1.021934222520327722e-02 4.263476941107692542e-02 4.384242828871962733e-02 -3.238007617680848966e+02
3.000000000000000000e+03 -1.046999483000117699e-02 4.228935414016359029e-02 4.356615963488660176e-02 -3.249033187209407174e+02
3.010000000000000000e+03 -1.073016455352750025e-02 4.205645238908709699e-02 4.340370512872521874e-02 -3.260062105871820677e+02
3.020000000000000000e+03 -1.102264313886965399e-02 4.193237412444380391e-02 4.335692172513166964e-02 -3.271089665966700863e+02
3.030000000000000000e+03 -1.137041633815575985e-02 4.190952463685639756e-02 4.342458546710921408e-02 -3.282110872068964227e+02
3.040000000000000000e+03 -1.179588385905749187e-02 4.197623148682898958e-02 4.360214313370647243e-02 -3.293120701776135775e+02
3.050000000000000000e+03 -1.232006016817768779e-02 4.211668547110723748e-02 4.388164852896588725e-02 -3.304114360951532490e+02
3.060000000000000000e+03 -1.296176252056342910e-02 4.231102408759793848e-02 4.425189314572627181e-02 -3.315087508600506112e+02
3.070000000000000000e+03 -1.373676518079816784e-02 4.253559849536645010e-02 4.469872321433140949e-02 -3.326036440018804683e+02
3.080000000000000000e+03 -1.465694318811436130e-02 4.276346158816383275e-02 4.520552654954895777e-02 -3.336958217687130741e+02
3.090000000000000000e+03 -1.572949700040788060e-02 4.296506710001433971e-02 4.575384209871970198e-02 -3.347850734624354345e+02
3.100000000000000000e+03 -1.695634355594811266e-02 4.310913872725457424e-02 4.632402647215614483e-02 -3.358712706400784214e+02
3.110000000000000000e+03 -1.833372058104760366e-02 4.316367786963879599e-02 4.689593156743849384e-02 -3.369543605025130546e+02
3.120000000000000000e+03 -1.985201322165866880e-02 4.309705552132636619e-02 4.744953765381911687e-02 -3.380343556311850080e+02
3.130000000000000000e+03 -2.149578686595528948e-02 4.287913810920781360e-02 4.796550153990984666e-02 -3.391113224463287565e+02
3.140000000000000000e+03 -2.324403789570651108e-02 4.248240239077391567e-02 4.842561110186090201e-02 -3.401853696663130791e+02
3.150000000000000000e+03 -2.507069177512106714e-02 4.188298593266041869e-02 4.881315495559115925e-02 -3.412566370624510341e+02
3.160000000000000000e+03 -2.694532084796891214e-02 4.106163222087073211e-02 4.911321569844553925e-02 -3.423252854239601675e+02
3.170000000000000000e+03 -2.883404228129325328e-02 4.000448801637185303e-02 4.931288934681728880e-02 -3.433914882628118335e+02
3.180000000000000000e+03 -3.070058703974243644e-02 3.870370937120157229e-02 4.940144900380187554e-02 -3.444554247779128104e+02
3.190000000000000000e+03 -3.250747630707741948e-02 3.715783059354837992e-02 4.937044045047643548e-02 -3.455172741179543436e+02
3.200000000000000000e+03 -3.421719973469736914e-02 3.537186292039398022e-02 4.921367131339945272e-02 -3.465772112759099173e+02
3.210000000000000000e+03 -3.579335123310545957e-02 3.335716380554561156e-02 4.892713326617915276e-02 -3.476354045535444470e+02
3.220000000000000000e+03 -3.720172448478119981e-02 3.113115833205927843e-02 4.850894065775208236e-02 -3.486920146728751888e+02
3.230000000000000000e+03 -3.841131465348297108e-02 2.871692577870796348e-02 4.795926312599785302e-02 -3.497471958477106000e+02
3.240000000000000000e+03 -3.939517243537831587e-02 2.614262375340019318e-02 4.728019022725094000e-02 -3.508010983364599724e+02
3.250000000000000000e+03 -4.013116290960015708e-02 2.344073929788388980e-02 4.647556880026564030e-02 -3.518538706778905407e+02
3.260000000000000000e+03 -4.060265599757600929e-02 2.064719204428852595e-02 4.555087500115916066e-02 -3.529056610124960685e+02
3.270000000000000000e+03 -4.079907006462391017e-02 1.780035020969469167e-02 4.451310577488239856e-02 -3.539566189750101444e+02
3.280000000000000000e+03 -4.071622230386784391e-02 1.493999499476789117e-02 4.337066069524045386e-02 -3.550068987558220783e+02
3.290000000000000000e+03 -4.035648808664978049e-02 1.210621974288378019e-02 4.213320171967583488e-02 -3.560566623138107047e+02
3.300000000000000000e+03 -3.972874323781380723e-02 9.338282112636944743e-03 4.081147573993534894e-02 -3.571060823606800909e+02
3.310000000000000000e+03 -3.884809378233164412e-02 6.673468564897215051e-03 3.941712284283958173e-02 -3.581553452647936524e+02
3.320000000000000000e+03 -3.773543257425535091e-02 4.145999121599244601e-03 3.796251019469699950e-02 -3.592046533054621023e+02
3.330000000000000000e+03 -3.641681714408622622e-02 1.785982338940427568e-03 3.646058562092523159e-02 -3.602542255673511704e+02
3.340000000000000000e+03 -3.492264297345915036e-02 -3.815387389495741161e-04 3.492472711505438532e-02 -3.613042972200517511e+02
3.350000000000000000e+03 -3.328661649653754523e-02 -2.337383684354629992e-03 3.336858103479158760e-02 -3.623551171892129901e+02
3.360000000000000000e+03 -3.154455427700469244e-02 -4.068809680987850799e-03 3.180588179496043194e-02 -3.634069441937365923e+02
3.370000000000000000e+03 -2.973306129818406238e-02 -5.569801587415654405e-03 3.025024998053319966e-02 -3.644600413355291835e+02
3.380000000000000000e+03 -2.788817031667071081e-02 -6.841035078402113445e-03 2.871497526649747015e-02 -3.655146695111825466e+02
3.390000000000000000e+03 -2.604400291008724180e-02 -7.889520464100276131e-03 2.721276576781731307e-02 -3.665710789687987017e+02
3.400000000000000000e+03 -2.423151579209760140e-02 -8.727962240933423085e-03 2.575545927491558126e-02 -3.676294978086088463e+02
3.410000000000000000e+03 -2.247745241592196547e-02 -9.373879552565500192e-03 2.435375710185272088e-02 -3.686901172969285767e+02
3.420000000000000000e+03 -2.080357837283615743e-02 -9.848535775240722587e-03 2.301700523593225300e-02 -3.697530751866406717e+02
3.430000000000000000e+03 -1.922620093739680486e-02 -1.017574059200638918e-02 2.175298827933680457e-02 -3.708184380446360819e+02
3.440000000000000000e+03 -1.775597342513449486e-02 -1.038058486334598324e-02 2.056772068993572775e-02 -3.718861844481982644e+02
3.450000000000000000e+03 -1.639801209524860415e-02 -1.048816395661284102e-02 1.946526095013144733e-02 -3.729561928663059120e+02
3.460000000000000000e+03 -1.515233118263193540e-02 -1.052236549163024920e-02 1.844758292589062168e-02 -3.740282382362860858e+02
3.470000000000000000e+03 -1.401453221154590895e-02 -1.050479499027070530e-02 1.751450344417661287e-02 -3.751019997470643830e+02
3.480000000000000000e+03 -1.297664199511058304e-02 -1.045392961788840953e-02 1.666366952159793746e-02 -3.761770782633246881e+02
3.490000000000000000e+03 -1.202803867276604731e-02 -1.038457176908813388e-02 1.589065905306944262e-02 -3.772530206484487962e+02
3.500000000000000000e+03 -1.115644733964810467e-02 -1.030758888395151909e-02 1.518922992922624136e-02 -3.783293512187919418e+02
3.510000000000000000e+03 -1.034893317825829988e-02 -1.022989480877104299e-02 1.455167226563930556e-02 -3.794056083180713017e+02
3.520000000000000000e+03 -9.592809325006832963e-03 -1.015465228322376574e-02 1.396921449971757351e-02 -3.804813801476054778e+02
3.530000000000000000e+03 -8.876427550977951733e-03 -1.008166793201248877e-02 1.343246047301570843e-02 -3.815563353998304592e+02
3.540000000000000000e+03 -8.189816059980099816e-03 -1.000794151254161962e-02 1.293182046019669337e-02 -3.826302450135098638e+02
3.550000000000000000e+03 -7.525134068248902353e-03 -9.928331049631252542e-03 1.245790512791746484e-02 -3.837029925922466305e+02
3.560000000000000000e+03 -6.876944871120644655e-03 -9.836295682591677733e-03 1.200187833281958494e-02 -3.847745740648786068e+02
3.570000000000000000e+03 -6.242296075812209417e-03 -9.724650345967915388e-03 1.155573816981997869e-02 -3.858450887738957817e+02
3.580000000000000000e+03 -5.620605748659117211e-03 -9.586269221477476676e-03 1.111250496371121027e-02 -3.869147244453817507e+02
3.590000000000000000e+03 -5.013406759357285150e-03 -9.414707405844709859e-03 1.066634721319517816e-02 -3.879837402370977770e+02
3.600000000000000000e+03 -4.424018436851757941e-03 -9.204716266884599429e-03 1.021267549095016686e-02 -3.890524536769763699e+02
3.610000000000000000e+03 -3.857162297968223363e-03 -8.952634440668455831e-03 9.748198008919930352e-03 -3.901212333490404944e+02
3.620000000000000000e+03 -3.318505126686530429e-03 -8.656650886927167235e-03 9.270926644838783579e-03 -3.911904945447142268e+02
3.630000000000000000e+03 -2.814164058105222532e-03 -8.316917233637886875e-03 8.780127084337341348e-03 -3.922606990280587524e+02
3.640000000000000000e+03 -2.350244707462171775e-03 -7.935510867406441599e-03 8.276229993884878441e-03 -3.933323632510117704e+02
3.650000000000000000e+03 -1.932431995670071427e-03 -7.516296671706967393e-03 7.760735085995568681e-03 -3.944060745014820668e+02
3.660000000000000000e+03 -1.565634943411021171e-03 -7.064715442517723910e-03 7.236118922445790476e-03 -3.954825143219642882e+02
3.670000000000000000e+03 -1.253724725349090584e-03 -6.587494922190522025e-03 6.705737471511806838e-03 -3.965624954206822395e+02
3.680000000000000000e+03 -9.993964871902074991e-04 -6.092321450525091560e-03 6.173748779723408839e-03 -3.976470195609995812e+02
3.690000000000000000e+03 -8.041094627178428916e-04 -5.587544502836240372e-03 5.645108112269229747e-03 -3.987373554549457140e+02
3.700000000000000000e+03 -6.680394680322340002e-04 -5.081924234749686520e-03 5.125644413982009644e-03 -3.998351303241831260e+02
3.710000000000000000e+03 -5.900410599383302569e-04 -4.584377893768906698e-03 4.622193107745520106e-03 -4.009424288955871134e+02
3.720000000000000000e+03 -5.676657570200989173e-04 -4.103726322443395150e-03 4.142802691561353438e-03 -4.020618827356838096e+02
3.730000000000000000e+03 -5.972338633174568761e-04 -3.648464019962956335e-03 3.697022855279278718e-03 -4.031966812643386788e+02
3.740000000000000000e+03 -6.739428383446872560e-04 -3.226541207374103003e-03 3.296174617983584250e-03 -4.043503398962055826e+02
3.750000000000000000e+03 -7.920006542100236713e-04 -2.845159482457219023e-03 2.953336675166808294e-03 -4.055259201934902649e+02
3.760000000000000000e+03 -9.447429299931783212e-04 -2.510592166828446749e-03 2.682463836086602677e-03 -4.067243380977360516e+02
3.770000000000000000e+03 -1.124726229663586046e-03 -2.228048235311730005e-03 2.495838141901229271e-03 -4.079419086196024864e+02
3.780000000000000000e+03 -1.323839793942169435e-03 -2.001572139928283010e-03 2.399758911091264598e-03 -4.091687732871133676e+02
3.790000000000000000e+03 -1.533462425752238128e-03 -1.833957554864886451e-03 2.390587234183252224e-03 -4.103908236028138958e+02
3.800000000000000000e+03 -1.744678677384355579e-03 -1.726695859143235383e-03 2.454665410458627128e-03 -4.115950041458369242e+02
3.810000000000000000e+03 -1.948538727285843404e-03 -1.679956532436335500e-03 2.572752829676463581e-03 -4.127737094017273876e+02
3.820000000000000000e+03 -2.136296253022085690e-03 -1.692565438952270624e-03 2.725534708238347686e-03 -4.139252002362844678e+02
3.830000000000000000e+03 -2.299616897521848495e-03 -1.762003500315449493e-03 2.897049224727102877e-03 -4.150514231457965479e+02
3.840000000000000000e+03 -2.430798092130883291e-03 -1.884470985025705819e-03 3.075712967445254960e-03 -4.161557571462038254e+02
3.850000000000000000e+03 -2.522942823458498678e-03 -2.055025456946867318e-03 3.253977584302083191e-03 -4.172416808629143929e+02
3.860000000000000000e+03 -2.570050727774835994e-03 -2.267752275514044787e-03 3.427515299226991177e-03 -4.183122294596695951e+02
3.870000000000000000e+03 -2.567090464085685850e-03 -2.515923234125735496e-03 3.594415553440275489e-03 -4.193698898533873489e+02
3.880000000000000000e+03 -2.510058322547478651e-03 -2.792164996208867326e-03 3.754541003723880707e-03 -4.204166686405368409e+02
3.890000000000000000e+03 -2.395967369164905391e-03 -3.088681652497086982e-03 3.909042591808783995e-03 -4.214541885282781095e+02
3.900000000000000000e+03 -2.222790221328025881e-03 -3.397480480336439925e-03 4.060008618500535009e-03 -4.224837804848763767e+02
3.910000000000000000e+03 -1.989428936451231346e-03 -3.710520599399950818e-03 4.210200780457014000e-03 -4.235065803542979097e+02
3.920000000000000000e+03 -1.695729425970099024e-03 -4.019805525311621018e-03 4.362835631493205621e-03 -4.245236198663980645e+02
3.930000000000000000e+03 -1.342461232284968692e-03 -4.317493093445493035e-03 4.521387925420424295e-03 -4.255358845015625775e+02
3.940000000000000000e+03 -9.312130848645388615e-04 -4.596045760591899350e-03 4.689434341461420040e-03 -4.265443313483388010e+02
3.950000000000000000e+03 -4.642601868162018618e-04 -4.848372353105264744e-03 4.870549455186560378e-03 -4.275498905294024894e+02
3.960000000000000000e+03 5.554784466135364603e-05 -5.067915742996461324e-03 5.068220155158800755e-03 -4.285534654630563409e+02
3.970000000000000000e+03 6.248640480000250018e-04 -5.248678895945745222e-03 5.285743583567899598e-03 -4.295559317476375440e+02
3.980000000000000000e+03 1.239882101541066881e-03 -5.385230694794775064e-03 5.526121357867713919e-03 -4.305581317599474005e+02
3.990000000000000000e+03 1.896388227683384019e-03 -5.472720936347569287e-03 5.791973994868514566e-03 -4.315608575781080276e+02
4.000000000000000000e+03 2.589856343963105583e-03 -5.506869477166970173e-03 6.085471824018180362e-03 -4.325648227571883240e+02
4.010000000000000000e+03 3.315550583521660252e-03 -5.483899289482423688e-03 6.408278012779771056e-03 -4.335706327156435691e+02
4.020000000000000000e+03 4.068581543006179885e-03 -5.400428533292875657e-03 6.761507532739602366e-03 -4.345787641200930693e+02
4.030000000000000000e+03 4.843871380819675734e-03 -5.253344548998918444e-03 7.145678337598227077e-03 -4.355895584167163292e+02
4.040000000000000000e+03 5.636054147498967618e-03 -5.039705264510983655e-03 7.560670308026930589e-03 -4.366032254513749535e+02
4.050000000000000000e+03 6.439361183365023902e-03 -4.756685306782650578e-03 8.005712183034696672e-03 -4.376198520690135751e+02
4.060000000000000000e+03 7.247480744364584448e-03 -4.401542921390276183e-03 8.479360661557938661e-03 -4.386394141554023349e+02
4.070000000000000000e+03 8.053401571832714823e-03 -3.971627513045910586e-03 8.979482277925653413e-03 -4.396617912351855466e+02
4.080000000000000000e+03 8.849283706480698050e-03 -3.464459219917352586e-03 9.503278371396636087e-03 -4.406867833044134386e+02
4.090000000000000000e+03 9.626347222652410773e-03 -2.877898446522095168e-03 1.004733100477744195e-02 -4.417141323204987202e+02
4.100000000000000000e+03 1.037478411628677856e-02 -2.210436009727769456e-03 1.060764690271398872e-02 -4.427435490940096088e+02
4.110000000000000000e+03 1.108373332666159720e-02 -1.461581046351468445e-03 1.117968530914903794e-02 -4.437747401329937702e+02
4.120000000000000000e+03 1.174134718561669483e-02 -6.322552886437781197e-04 1.175835789909488761e-02 -4.448074260435880660e+02
4.130000000000000000e+03 1.233497711556084606e-02 2.748616064679828717e-04 1.233803912070795435e-02 -4.458413499663543575e+02
4.140000000000000000e+03 1.285150565524188077e-02 1.255021748913603269e-03 1.291264021015687581e-02 -4.468762824364937956e+02
4.150000000000000000e+03 1.327782196192311796e-02 2.301142913755810111e-03 1.347574913546762537e-02 -4.479120266323320720e+02
4.160000000000000000e+03 1.360139707683732935e-02 3.403621842352121118e-03 1.402079327597178030e-02 -4.489484242829498726e+02
4.170000000000000000e+03 1.381091322331695279e-02 4.550271661309466219e-03 1.454119308219607720e-02 -4.499853604995353180e+02
4.180000000000000000e+03 1.389690915843232351e-02 5.726443262012057347e-03 1.503051019063436460e-02 -4.510227647850921358e+02
4.190000000000000000e+03 1.385240227276295782e-02 6.915360365885657445e-03 1.548261146307400478e-02 -4.520606080457006328e+02
4.200000000000000000e+03 1.367342555511631523e-02 8.098644621857525872e-03 1.589184102369671156e-02 -4.656652682879716281e+02
