0.000000000000000000e+00 1.752349340804443756e+01 -3.703098514416119901e-15 1.752349340804443756e+01 -2.113219338283400728e-16
1.000000000000000000e+01 1.737782092765662867e+01 2.167169618042123602e+00 1.751243227958542548e+01 -9.859315983959009433e-01
2.000000000000000000e+01 1.692309250289469702e+01 4.280263661757005345e+00 1.745599372352339529e+01 -1.972270824146091783e+00
3.000000000000000000e+01 1.617157854669952854e+01 6.286386066008329720e+00 1.735046404171877299e+01 -2.959246286793081548e+00
4.000000000000000000e+01 1.514926839176807860e+01 8.138675135263758520e+00 1.719704526257880062e+01 -3.947012121498481907e+00
5.000000000000000000e+01 1.389065027617969328e+01 9.796988620891502464e+00 1.699797491270676630e+01 -4.935730021838488746e+00
6.000000000000000000e+01 1.243648852263974014e+01 1.122945895212576950e+01 1.675610322035608490e+01 -5.925560480568342392e+00
7.000000000000000000e+01 1.083174641574569641e+01 1.241342501562423983e+01 1.647482476488127645e+01 -6.916663238594905394e+00
8.000000000000000000e+01 9.123380479360188033e+00 1.333580353719914235e+01 1.615796173265501068e+01 -7.909196849574220423e+00
9.000000000000000000e+01 7.358191843271688626e+00 1.399292284348649673e+01 1.580964505946152521e+01 -8.903317529964230204e+00
1.000000000000000000e+02 5.580844326021327184e+00 1.438988137963074188e+01 1.543419934791332082e+01 -9.899175852241400619e+00
1.100000000000000000e+02 3.832229259379290376e+00 1.453947178070433921e+01 1.503603075144303425e+01 -1.089691666608393739e+01
1.200000000000000000e+02 2.148233887365050609e+00 1.446081471469884505e+01 1.461950994553764716e+01 -1.189668063051665747e+01
1.300000000000000000e+02 5.588909412858147352e-01 1.417785290389758401e+01 1.418886436783467531e+01 -1.289860327207579260e+01
1.400000000000000000e+02 -9.120727679419798895e-01 1.371780528801286003e+01 1.374809290970405584e+01 -1.390281314596458628e+01
1.500000000000000000e+02 -2.247307242400146787e+00 1.310967742860138330e+01 1.330090343261407071e+01 -1.490943029226502681e+01
1.600000000000000000e+02 -3.435589826884090314e+00 1.238291106142635378e+01 1.285067172616998299e+01 -1.591856480934407436e+01
1.700000000000000000e+02 -4.471329620129388616e+00 1.156622842880295643e+01 1.240042050251103944e+01 -1.693031523359596591e+01
1.800000000000000000e+02 -5.353898383844860831e+00 1.068670057452912836e+01 1.195281544549976793e+01 -1.794476675181029535e+01
1.900000000000000000e+02 -6.086855051166337738e+00 9.769048113245807130e+00 1.151017399750414860e+01 -1.896198942726599057e+01
2.000000000000000000e+02 -6.677123830550512729e+00 8.835167246812543951e+00 1.107448251286057683e+01 -1.998203658658911763e+01
2.100000000000000000e+02 -7.134176672254315399e+00 7.903862498261547742e+00 1.064741842806804151e+01 -2.100494347847811838e+01
2.200000000000000000e+02 -7.469260512173840461e+00 6.990759701923749958e+00 1.023037505709152661e+01 -2.203072628449308823e+01
2.300000000000000000e+02 -7.694698889594101310e+00 6.108368045414026781e+00 9.824487324016244472e+00 -2.305938154826566588e+01
2.400000000000000000e+02 -7.823287007500383083e+00 5.266258073212952695e+00 9.430657118960741769e+00 -2.409088608371153128e+01
2.500000000000000000e+02 -7.867790033834795693e+00 4.471322995596361594e+00 9.049577302142843394e+00 -2.512519738517765333e+01
2.600000000000000000e+02 -7.840546970414899342e+00 3.728093129845497788e+00 8.681754153400305540e+00 -2.616225451361443533e+01
2.700000000000000000e+02 -7.753176071614353404e+00 3.039076981898840568e+00 8.327528330745007423e+00 -2.720197941767395378e+01
2.800000000000000000e+02 -7.616372899086996107e+00 2.405107040044700994e+00 7.987094340999074227e+00 -2.824427865453361974e+01
2.900000000000000000e+02 -7.439789199489354132e+00 1.825673209425877186e+00 7.660518650878270108e+00 -2.928904546058458536e+01
3.000000000000000000e+02 -7.231979222490944714e+00 1.299231256311259797e+00 7.347756482894412855e+00 -3.033616207710496582e+01
3.100000000000000000e+02 -7.000399745123823791e+00 8.234778645328191260e-01 7.048667419087470520e+00 -3.138550220170160543e+01
3.200000000000000000e+02 -6.751450557574297129e+00 3.955877264254076819e-01 6.763029963017220147e+00 -3.243693342916688493e+01
3.300000000000000000e+02 -6.490543385331885240e+00 1.241134399146311129e-02 6.490555251928386227e+00 -3.349031956363563012e+01
3.400000000000000000e+02 -6.222188786477668820e+00 -3.293650459375319084e-01 6.230899985399692476e+00 -3.454552275128433081e+01
3.500000000000000000e+02 -5.950092337953086563e+00 -6.330947697519233586e-01 5.983678452060678055e+00 -3.560240533587884215e+01
3.600000000000000000e+02 -5.677253108462337217e+00 -9.020777045106019854e-01 5.748473453232639585e+00 -3.666083130746284979e+01
3.700000000000000000e+02 -5.406059480834498387e+00 -1.139494227990837549e+00 5.524846260842468659e+00 -3.772066732720448101e+01
3.800000000000000000e+02 -5.138378888960835944e+00 -1.348361137693125933e+00 5.312345561440774411e+00 -3.878178337383413776e+01
3.900000000000000000e+02 -4.875639319384378112e+00 -1.531504817612933111e+00 5.110515216599846866e+00 -3.984405307572704658e+01
4.000000000000000000e+02 -4.618901699709785369e+00 -1.691547652337493490e+00 4.918900931276256827e+00 -4.090735376911004550e+01
4.100000000000000000e+02 -4.368922825978965641e+00 -1.830904313888884527e+00 4.737055759221856732e+00 -4.197156630483100770e+01
4.200000000000000000e+02 -4.126209023659888508e+00 -1.951784782163844989e+00 4.564544308342143530e+00 -4.303657468410274589e+01
4.300000000000000000e+02 -3.891061399503752849e+00 -2.056201540547013984e+00 4.400945760862773781e+00 -4.410226562755516255e+01
4.400000000000000000e+02 -3.663613702697858354e+00 -2.145979108319180373e+00 4.245855826089470320e+00 -4.516852815319127501e+01
4.500000000000000000e+02 -3.443863678741980294e+00 -2.222764597934764108e+00 4.098887592456073037e+00 -4.623525320002717365e+01
4.600000000000000000e+02 -3.231698941994349372e+00 -2.288038627240785772e+00 3.959671553479315431e+00 -4.730233327980402436e+01
4.700000000000000000e+02 -3.026918385156660563e+00 -2.343125985305594128e+00 3.827855051254386076e+00 -4.836966218675107854e+01
4.800000000000000000e+02 -2.829250070166127173e+00 -2.389205573294479024e+00 3.703101299046035688e+00 -4.943713482356447031e+01
4.900000000000000000e+02 -2.638366207882311798e+00 -2.427319397368343790e+00 3.585087963179691695e+00 -5.050464714626070872e+01
5.000000000000000000e+02 -2.453895715585320492e+00 -2.458380679884683229e+00 3.473505398037876724e+00 -5.157209617187655937e+01
5.100000000000000000e+02 -2.275434981685275915e+00 -2.483181146553028906e+00 3.368054774268596674e+00 -5.263938004221480327e+01
5.200000000000000000e+02 -2.102557340538110164e+00 -2.502397570526128767e+00 3.268446262557449966e+00 -5.370639814326403183e+01
5.300000000000000000e+02 -1.934821618918632247e+00 -2.516597536279436831e+00 3.174397243043574512e+00 -5.477305130011684042e+01
5.400000000000000000e+02 -1.771780072802340067e+00 -2.526244580368800285e+00 3.085630617268081188e+00 -5.583924203487204352e+01
5.500000000000000000e+02 -1.612985960616516001e+00 -2.531702871013220335e+00 3.001873271182940339e+00 -5.690487487341228956e+01
5.600000000000000000e+02 -1.458001018609088373e+00 -2.533241627605713031e+00 2.922854788404579907e+00 -5.796985670228327336e+01
5.700000000000000000e+02 -1.306403090827820801e+00 -2.531039617908972694e+00 2.848306616772373179e+00 -5.903409717742907503e+01
5.800000000000000000e+02 -1.157794101904731310e+00 -2.525189615669784615e+00 2.777961442765521483e+00 -6.009750927681955801e+01
5.900000000000000000e+02 -1.011808386615920208e+00 -2.515703026615439430e+00 2.711552678696911300e+00 -6.116000998659261256e+01
6.000000000000000000e+02 -8.681213675655867767e-01 -2.502515397877943304e+00 2.648814456589994037e+00 -6.222152104482293566e+01
6.100000000000000000e+02 -7.264583706687078868e-01 -2.485492829031065387e+00 2.589481872398314621e+00 -6.328196973744536535e+01
6.200000000000000000e+02 -5.866035270741309926e-01 -2.464439463050079659e+00 2.533291448889048780e+00 -6.434128977392501270e+01
6.300000000000000000e+02 -4.484087076193923327e-01 -2.439106327635644167e+00 2.479981864163754768e+00 -6.539942228925676204e+01
6.400000000000000000e+02 -3.118020459662332877e-01 -2.409201686217325111e+00 2.429294811409502763e+00 -6.645631691208625114e+01
6.500000000000000000e+02 -1.767953171526292222e-01 -2.374403075329470703e+00 2.380975965502622582e+00 -6.751193272039265025e+01
6.600000000000000000e+02 -4.348979671104973715e-02 -2.334371109198868588e+00 2.334776185821742622e+00 -6.856623906296520943e+01
6.700000000000000000e+02 8.791958158612810104e-02 -2.288764694177811698e+00 2.290452723402326196e+00 -6.961921634526700586e+01
6.800000000000000000e+02 2.171422475102049998e-01 -2.237257517204101820e+00 2.247770440667828495e+00 -7.067085673982248295e+01
6.900000000000000000e+02 3.437929503265960696e-01 -2.179555660724336708e+00 2.206503222497027128e+00 -7.172116466735599261e+01
7.000000000000000000e+02 4.673960157845805097e-01 -2.115415532529003162e+00 2.166435300403930064e+00 -7.277015702717424972e+01
7.100000000000000000e+02 5.873930302609020604e-01 -2.044661293740567931e+00 2.127362305325526393e+00 -7.381786317777937256e+01
7.200000000000000000e+02 7.031539402849660281e-01 -1.967201291532198137e+00 2.089092239501219694e+00 -7.486432469666249290e+01
7.300000000000000000e+02 8.139914874678050305e-01 -1.883042686039464897e+00 2.051446294475381293e+00 -7.590959490755653860e+01
7.400000000000000000e+02 9.191786843023445064e-01 -1.792303636091350461e+00 2.014259610284152568e+00 -7.695373820721871994e+01
7.500000000000000000e+02 1.017968776903113381e+00 -1.695222519041210019e+00 1.977382062175655042e+00 -7.799682930595756147e+01
7.600000000000000000e+02 1.109617187594826415e+00 -1.592163401313431814e+00 1.940678901695952474e+00 -7.903895234206400744e+01
7.700000000000000000e+02 1.193404635255872925e+00 -1.483617220943825199e+00 1.904031166165953914e+00 -8.008019988351158247e+01
7.800000000000000000e+02 1.268660466414350596e+00 -1.370198520642151863e+00 1.867335900424082595e+00 -8.112067189787742905e+01
7.900000000000000000e+02 1.334785209381104787e+00 -1.252637646433795382e+00 1.830506112649110451e+00 -8.216047472024099818e+01
8.000000000000000000e+02 1.391271545401218113e+00 -1.131768569077399533e+00 1.793470548125783548e+00 -8.319971996959016280e+01
8.100000000000000000e+02 1.437722913667891289e+00 -1.008512924490975404e+00 1.756173537937248064e+00 -8.423852349154958574e+01
8.200000000000000000e+02 1.473868997326206465e+00 -8.838608686148687887e-01 1.718574949296069354e+00 -8.527700440908721191e+01
8.300000000000000000e+02 1.499577253839925461e+00 -7.588490425533599426e-01 1.680649817665251566e+00 -8.631528419477155012e+01
8.400000000000000000e+02 1.514860017097234612e+00 -6.345364309868622987e-01 1.642387698946073726e+00 -8.735348567925424845e+01
8.500000000000000000e+02 1.519876892140467284e+00 -5.119795212411184515e-01 1.603792005664341325e+00 -8.839173221337948405e+01
8.600000000000000000e+02 1.514932328762338853e+00 -3.922076503241169743e-01 1.564879165207987421e+00 -8.943014697426237092e+01
8.700000000000000000e+02 1.500468636159183022e+00 -2.761992313071349736e-01 1.525677601419136886e+00 -9.046885222286744010e+01
8.800000000000000000e+02 1.477054871268063119e+00 -1.648597689450005399e-01 1.486226710886772384e+00 -9.150796848652325366e+01
8.900000000000000000e+02 1.445371897797731453e+00 -5.900246175224857503e-02 1.446575685346688456e+00 -9.254761368755383444e+01
9.000000000000000000e+02 1.406194301943031633e+00 4.066771350165826471e-02 1.406782242473405331e+00 -9.358790234329046598e+01
9.100000000000000000e+02 1.360369945127633207e+00 1.335659042137511132e-01 1.366911203544325604e+00 -9.462894486096043067e+01
9.200000000000000000e+02 1.308798103198190343e+00 2.192350738545396915e-01 1.327032965884113347e+00 -9.567084684803197092e+01
9.300000000000000000e+02 1.252407268601775536e+00 2.973493921392965089e-01 1.287222058330329100e+00 -9.671370846141923039e+01
9.400000000000000000e+02 1.192133535067534389e+00 3.677135515116614628e-01 1.247555859029140013e+00 -9.775762377519443191e+01
9.500000000000000000e+02 1.128900189737716220e+00 4.302583917392416302e-01 1.208113373012603686e+00 -9.880268012420415857e+01
9.600000000000000000e+02 1.063598980231879487e+00 4.850331795464629114e-01 1.168973898772442732e+00 -9.984895743921354949e+01
9.700000000000000000e+02 9.970737882113217543e-01 5.321949342863668830e-01 1.130215725964802687e+00 -1.008965277205596465e+02
9.800000000000000000e+02 9.301072545188004970e-01 5.719955369090599095e-01 1.091915014619903701e+00 -1.019454546614180117e+02
9.900000000000000000e+02 8.634104859366273921e-01 6.047673860252223976e-01 1.054144799553222267e+00 -1.029957933745934042e+02
1.000000000000000000e+03 7.976158330408991137e-01 6.309083585922361515e-01 1.016974126543579660e+00 -1.040475901449832747e+02
1.010000000000000000e+03 7.332725199951317663e-01 6.508666501668547433e-01 9.804672278457009504e-01 -1.051008821635184063e+02
1.020000000000000000e+03 6.708450758422985771e-01 6.651259975967163118e-01 9.446828613142541631e-01 -1.061556973431505213e+02
1.030000000000000000e+03 6.107143162773180922e-01 6.741917377959621982e-01 9.096738291379012908e-01 -1.072120542776817302e+02
1.040000000000000000e+03 5.531805338341496681e-01 6.785779157633495817e-01 8.754865451706076440e-01 -1.082699625053618462e+02
1.050000000000000000e+03 4.984684133897528957e-01 6.787958857625544518e-01 8.421606816252279470e-01 -1.093294228918305890e+02
1.060000000000000000e+03 4.467331460891979522e-01 6.753446317960626333e-01 8.097288901295989216e-01 -1.103904279640891133e+02
1.070000000000000000e+03 3.980674809624440424e-01 6.687026958065025450e-01 7.782165603343773608e-01 -1.114529624131426289e+02
1.080000000000000000e+03 3.525094259003737074e-01 6.593218169610838286e-01 7.476417281489015076e-01 -1.125170037763300144e+02
1.090000000000000000e+03 3.100503140963978832e-01 6.476222916526385154e-01 7.180152017309174850e-01 -1.135825233506243563e+02
1.100000000000000000e+03 2.706428934840350298e-01 6.339898773520168396e-01 6.893408013299634485e-01 -1.146494873761362641e+02
1.110000000000000000e+03 2.342090652376835336e-01 6.187741121659992016e-01 6.616156649644339138e-01 -1.157178583239499119e+02
1.120000000000000000e+03 2.006470365252527865e-01 6.022879680967692106e-01 6.348307095442855541e-01 -1.167875961400350207e+02
1.130000000000000000e+03 1.698378432741441679e-01 5.848086977102658901e-01 6.089713506607595805e-01 -1.178586595376277018e+02
1.140000000000000000e+03 1.416511326236139234e-01 5.665795321006431573e-01 5.840183298227344943e-01 -1.189310074106776938e+02
1.150000000000000000e+03 1.159499769205569880e-01 5.478119336019611207e-01 5.599484902601284952e-01 -1.200046000943391817e+02
1.160000000000000000e+03 9.259494318352179398e-02 5.286883607298692445e-01 5.367356949881346706e-01 -1.210794007200972544e+02
1.170000000000000000e+03 7.144727394301267354e-02 5.093653628380087062e-01 5.143518113246847712e-01 -1.221553764013360563e+02
1.180000000000000000e+03 5.237117517444945386e-02 4.899767783347251382e-01 4.927676767975241456e-01 -1.232324991156469451e+02
1.190000000000000000e+03 3.523540359149703732e-02 4.706369206764507984e-01 4.719540706149990550e-01 -1.243107464407588623e+02
1.200000000000000000e+03 1.991408968339167598e-02 4.514435726089811585e-01 4.518825845481087011e-01 -1.253901018112287602e+02
1.210000000000000000e+03 6.287033115582528822e-03 4.324806803663436838e-01 4.325263756992536734e-01 -1.264705544842400400e+02
1.220000000000000000e+03 -5.760358340717661695e-03 4.138207913314388975e-01 4.138608812951422022e-01 -1.275520993304103854e+02
1.230000000000000000e+03 -1.633747113705874554e-02 3.955271359464980763e-01 3.958644063731845963e-01 -1.286347362698977861e+02
1.240000000000000000e+03 -2.554904263443361079e-02 3.776552239163453728e-01 3.785184562618328918e-01 -1.297184695267307291e+02
1.250000000000000000e+03 -3.349579990020191966e-02 3.602540792687695115e-01 3.618079189856728828e-01 -1.308033066490656893e+02
1.260000000000000000e+03 -4.027517609157735962e-02 3.433671305860847012e-01 3.457210959373594461e-01 -1.318892570935701087e+02
1.270000000000000000e+03 -4.598199246764051590e-02 3.270327980511245070e-01 3.302495944470510980e-01 -1.329763304655862441e+02
1.280000000000000000e+03 -5.070896569743883753e-02 3.112847257329746098e-01 3.153879827716288275e-01 -1.340645346367925015e+02
1.290000000000000000e+03 -5.454704286286252840e-02 2.961517409898608011e-01 3.011332488723365008e-01 -1.351538736519506472e+02
1.300000000000000000e+03 -5.758549805637164926e-02 2.816578094392759302e-01 2.874842799259323955e-01 -1.362443457398797761e+02
1.310000000000000000e+03 -5.991185667216269300e-02 2.678219348248577769e-01 2.744412857848398390e-01 -1.373359413068419315e+02
1.320000000000000000e+03 -6.161164695207188569e-02 2.546579739111021756e-01 2.620051120048124682e-01 -1.384286409776379401e+02
1.330000000000000000e+03 -6.276799099649771341e-02 2.421744130155404906e-01 2.501764717417647166e-01 -1.395224137924272725e+02
1.340000000000000000e+03 -6.346105544090313577e-02 2.303741372784310626e-01 2.389551185567172220e-01 -1.406172156887516849e+02
1.350000000000000000e+03 -6.376747579279641587e-02 2.192542219911036427e-01 2.283390129388953860e-01 -1.417129880571469585e+02
1.360000000000000000e+03 -6.375980691120557153e-02 2.088059269178064170e-01 2.183236773539657394e-01 -1.428096565529363318e+02
1.370000000000000000e+03 -6.350595655057232614e-02 1.990148385339544634e-01 2.089016813577601328e-01 -1.439071305687170366e+02
1.380000000000000000e+03 -6.306860255741585097e-02 1.898611233436178214e-01 2.000622272840271720e-01 -1.450053036345858857e+02
1.390000000000000000e+03 -6.250470527645299312e-02 1.813198463193758381e-01 1.917908362017808066e-01 -1.461040544244657440e+02
1.400000000000000000e+03 -6.186510296732933983e-02 1.733613985691133119e-01 1.840691866635945639e-01 -1.472032486117898316e+02
1.410000000000000000e+03 -6.119415763998874852e-02 1.659520111307035695e-01 1.768750828341656423e-01 -1.483027418041670558e+02
1.420000000000000000e+03 -6.052963846138281756e-02 1.590543600529406576e-01 1.701826271512935640e-01 -1.494023825953760252e+02
1.430000000000000000e+03 -5.990269247169773686e-02 1.526283520520066994e-01 1.639626372545589794e-01 -1.505020165240708820e+02
1.440000000000000000e+03 -5.933783545519234065e-02 1.466320546951454806e-01 1.581832424140674209e-01 -1.516014912036306725e+02
1.450000000000000000e+03 -5.885316462306952601e-02 1.410225405110381025e-01 1.528105098425416031e-01 -1.527006607966736169e+02
1.460000000000000000e+03 -5.846074343750438940e-02 1.357566278256082115e-01 1.478090677930363472e-01 -1.537993895665507296e+02
1.470000000000000000e+03 -5.816699719131565582e-02 1.307916851356963339e-01 1.431428114258262441e-01 -1.548975555375066051e+02
1.480000000000000000e+03 -5.797311436549597990e-02 1.260863729366637487e-01 1.387755577526472439e-01 -1.559950538739950332e+02
1.490000000000000000e+03 -5.787552843755357224e-02 1.216014092968503157e-01 1.346717473522423270e-01 -1.570917996409931732e+02
1.500000000000000000e+03 -5.786650065900940387e-02 1.173002169243156922e-01 1.307970672033996751e-01 -1.581877293135688660e+02
1.510000000000000000e+03 -5.793467389369257731e-02 1.131494109798943659e-01 1.271189035677445789e-01 -1.592828016744657305e+02
1.520000000000000000e+03 -5.806558912943086959e-02 1.091193298207795009e-01 1.236067990908426562e-01 -1.603769989293149933e+02
1.530000000000000000e+03 -5.824227381228719302e-02 1.051844834361027603e-01 1.202328491492454382e-01 -1.614703270766878518e+02
1.540000000000000000e+03 -5.844588626689055377e-02 1.013237994761862215e-01 1.169719366421395207e-01 -1.625628152193858114e+02
1.550000000000000000e+03 -5.865628168634233475e-02 9.752075604430840428e-02 1.138018332045712400e-01 -1.636545151260257285e+02
1.560000000000000000e+03 -5.885251216004734609e-02 9.376349418666847513e-02 1.107032566352134650e-01 -1.647455015090957886e+02
1.570000000000000000e+03 -5.901339174059801185e-02 9.004490906377367321e-02 1.076599556614833142e-01 -1.658358722347867911e+02
1.580000000000000000e+03 -5.911818381027177799e-02 8.636254687489061665e-02 1.046587271074073400e-01 -1.669257471940707944e+02
1.590000000000000000e+03 -5.914730838703662064e-02 8.271839071856791625e-02 1.016894107196067570e-01 -1.680152667966940783e+02
1.600000000000000000e+03 -5.908294208210888854e-02 7.911859534464781019e-02 9.874485391344685337e-02 -1.691045913267135461e+02
1.610000000000000000e+03 -5.890953394292511303e-02 7.557308587235274377e-02 9.582079366005402665e-02 -1.701939004350834637e+02
1.620000000000000000e+03 -5.861429778765991222e-02 7.209503628323954416e-02 9.291571536517437280e-02 -1.712833920795385723e+02
1.630000000000000000e+03 -5.818769246921390303e-02 6.870036116281286187e-02 9.003081238549799636e-02 -1.723732813640856705e+02
1.640000000000000000e+03 -5.762379804583097481e-02 6.540712181997435093e-02 8.716991273369313620e-02 -1.734637991588177783e+02
1.650000000000000000e+03 -5.692056676607817889e-02 6.223479823042128017e-02 8.433932079257462633e-02 -1.745551898464244118e+02
1.660000000000000000e+03 -5.607991258898836068e-02 5.920357337416408405e-02 8.154765291692095408e-02 -1.756477090494687161e+02
1.670000000000000000e+03 -5.510776495694080096e-02 5.633365076996269677e-02 7.880574831585289430e-02 -1.767416200303143512e+02
1.680000000000000000e+03 -5.401413040756600226e-02 5.364464072751353590e-02 7.612669546531984632e-02 -1.778371881717267513e+02
1.690000000000000000e+03 -5.281303104881494154e-02 5.115492452665955370e-02 7.352579514627044510e-02 -1.789346733086400434e+02
1.700000000000000000e+03 -5.152224696090142164e-02 4.888094067156546069e-02 7.102033717772127108e-02 -1.800343192724279788e+02
1.710000000000000000e+03 -5.016300380177146634e-02 4.683655074012063602e-02 6.862936278043410554e-02 -1.811363401486721898e+02
1.720000000000000000e+03 -4.875962117167004228e-02 4.503245479210439550e-02 6.637335791872896185e-02 -1.822409024943743816e+02
1.730000000000000000e+03 -4.733897179401674871e-02 4.347568639878504615e-02 6.427373925920458475e-02 -1.833481055077207884e+02
1.740000000000000000e+03 -4.592987080785936732e-02 4.216909661481156590e-02 6.235211096455327284e-02 -1.844579580419398610e+02
1.750000000000000000e+03 -4.456236932382987709e-02 4.111091067831965096e-02 6.062929767492108296e-02 -1.855703556856223031e+02
1.760000000000000000e+03 -4.326686846511490492e-02 4.029451703435540239e-02 5.912419140935047668e-02 -1.866850643207099267e+02
1.770000000000000000e+03 -4.207326113697503617e-02 3.970837118526072268e-02 5.785251977992434541e-02 -1.878017111304904461e+02
1.780000000000000000e+03 -4.101000917053475303e-02 3.933598893136343311e-02 5.682553015481413977e-02 -1.889197880752127219e+02
1.790000000000000000e+03 -4.010315341653675897e-02 3.915611276539497643e-02 5.604876520358510056e-02 -1.900386721285297824e+02
1.800000000000000000e+03 -3.937542047461087269e-02 3.914308461151358443e-02 5.552121045561342338e-02 -1.911576612162749598e+02
1.810000000000000000e+03 -3.884543853178898387e-02 3.926745793299220993e-02 5.523496489766521744e-02 -1.922760228354104299e+02
1.820000000000000000e+03 -3.852702830338558537e-02 3.949680188958928917e-02 5.517544081740841100e-02 -1.933930487600311210e+02
1.830000000000000000e+03 -3.842865883536318583e-02 3.979661768820273726e-02 5.532208057643627636e-02 -1.945081058478566547e+02
1.840000000000000000e+03 -3.855306046457689095e-02 4.013138055084829875e-02 5.564949394291314466e-02 -1.956206763717239596e+02
1.850000000000000000e+03 -3.889700257214183388e-02 4.046567013105093619e-02 5.612884524246188750e-02 -1.967303834397672802e+02
1.860000000000000000e+03 -3.945134339971208270e-02 4.076533841633538102e-02 5.672936904496960614e-02 -1.978369993083293821e+02
1.870000000000000000e+03 -4.020139858540220518e-02 4.099858013467670703e-02 5.741982254659000473e-02 -1.989404373965683419e+02
1.880000000000000000e+03 -4.112752076502472487e-02 4.113688140604538496e-02 5.816971700199840417e-02 -2.000407339898888210e+02
1.890000000000000000e+03 -4.220584846844439852e-02 4.115588370272602048e-02 5.895032152833095535e-02 -2.011380255837171944e+02
1.900000000000000000e+03 -4.340923619603688499e-02 4.103616536149547189e-02 5.973548907223677484e-02 -2.022325257604817068e+02
1.910000000000000000e+03 -4.470826625208179639e-02 4.076373049658781750e-02 6.050215529438170148e-02 -2.033245028883356724e+02
1.920000000000000000e+03 -4.607227703612312708e-02 4.033021544686007237e-02 6.123055600991574032e-02 -2.044142606522547396e+02
1.930000000000000000e+03 -4.747045635053762092e-02 3.973287274413278558e-02 6.190432458746115280e-02 -2.055021215997327602e+02
1.940000000000000000e+03 -4.887292680630560965e-02 3.897434084802979537e-02 6.251049687174874137e-02 -2.065884139898107321e+02
1.950000000000000000e+03 -5.025174958950734405e-02 3.806219188636462969e-02 6.303942249101741890e-02 -2.076734615301560609e+02
1.960000000000000000e+03 -5.158181868136518800e-02 3.700829688377495208e-02 6.348462850733917195e-02 -2.087575754497265166e+02
1.970000000000000000e+03 -5.284157101071688956e-02 3.582809008788007121e-02 6.384264770688857782e-02 -2.098410493212672634e+02
1.980000000000000000e+03 -5.401347574013917741e-02 3.453978797977282772e-02 6.411281085101684651e-02 -2.109241563956743732e+02
1.990000000000000000e+03 -5.508440450703316893e-02 3.316348118161707020e-02 6.429703028894823147e-02 -2.120071464026683259e+02
2.000000000000000000e+03 -5.604576511127974670e-02 3.172010840449591279e-02 6.439948030925182754e-02 -2.130902420244344739e+02
2.010000000000000000e+03 -5.689346799945459165e-02 3.023037770649206896e-02 6.442625580679151032e-02 -2.141736344353658126e+02
2.020000000000000000e+03 -5.762769440727082138e-02 2.871378680358652180e-02 6.438503487068723830e-02 -2.152574796238018848e+02
2.030000000000000000e+03 -5.825244816266024472e-02 2.718786226435317144e-02 6.428473824671653014e-02 -2.163418969358571644e+02
2.040000000000000000e+03 -5.877495285528896302e-02 2.566752386172436659e-02 6.413514531310916811e-02 -2.174269679805566966e+02
2.050000000000000000e+03 -5.920492867760003552e-02 2.416463084598547209e-02 6.394648515471713923e-02 -2.185127364895224957e+02
2.060000000000000000e+03 -5.955384535143447983e-02 2.268764998105962313e-02 6.372903543759037004e-02 -2.195992078992876486e+02
2.070000000000000000e+03 -5.983414107732434872e-02 2.124144994758828467e-02 6.349270536319154279e-02 -2.206863491346473154e+02
2.080000000000000000e+03 -6.005842897519359652e-02 1.982726416729121977e-02 6.324662279780576823e-02 -2.217740894560252229e+02
2.090000000000000000e+03 -6.023882313566746027e-02 1.844290368242433586e-02 6.299886117232125771e-02 -2.228623234016813228e+02
2.100000000000000000e+03 -6.038630965392517702e-02 1.708319513261428307e-02 6.275621044612807176e-02 -2.239509164730438329e+02
2.110000000000000000e+03 -6.051019869350244412e-02 1.574054597405957767e-02 6.252398686495150293e-02 -2.250397122955982638e+02
2.120000000000000000e+03 -6.061779539638104813e-02 1.440556441164399584e-02 6.230599814412364490e-02 -2.261285398493530181e+02
2.130000000000000000e+03 -6.071421437723583531e-02 1.306760769638918782e-02 6.210457469745429837e-02 -2.272172194016362994e+02
2.140000000000000000e+03 -6.080223901150092619e-02 1.171545448694056614e-02 6.192062776367227017e-02 -2.283055705862642242e+02
2.150000000000000000e+03 -6.088234281633077977e-02 1.033789017213189269e-02 6.175379858774911884e-02 -2.293934188989928202e+02
2.160000000000000000e+03 -6.095285109871544788e-02 8.924206078841779091e-03 6.160269077889222317e-02 -2.304806007413207567e+02
2.170000000000000000e+03 -6.101012044523702882e-02 7.464650030819698114e-03 6.146507786397854833e-02 -2.315669679555624896e+02
2.180000000000000000e+03 -6.104885292796025098e-02 5.950760292146593626e-03 6.133819358176689773e-02 -2.326523904507069460e+02
2.190000000000000000e+03 -6.106243805626461463e-02 4.375603728472494611e-03 6.121901052258012232e-02 -2.337367576264471722e+02
2.200000000000000000e+03 -6.104318211153891838e-02 2.733997933521632989e-03 6.110437649631166729e-02 -2.348199800603604501e+02
2.210000000000000000e+03 -6.098258711376352420e-02 1.022613852286406938e-03 6.099116059052037131e-02 -2.359019894160286981e+02
2.220000000000000000e+03 -6.087168596888643118e-02 -7.600434111750380963e-04 6.087643073211171374e-02 -2.369827366955795185e+02
2.230000000000000000e+03 -6.070124066638477728e-02 -2.613610519777511982e-03 6.075748166594346911e-02 -2.380621916635743105e+02
2.240000000000000000e+03 -6.046191573329134927e-02 -4.535931317950392568e-03 6.063182272586555704e-02 -2.391403410139992047e+02
2.250000000000000000e+03 -6.014442693728331429e-02 -6.523104132035158036e-03 6.049713199095958088e-02 -2.402171869909058728e+02
2.260000000000000000e+03 -5.973965697586269136e-02 -8.569486643636204520e-03 6.035116168665851516e-02 -2.412927467744628984e+02
2.270000000000000000e+03 -5.923883282517392046e-02 -1.066780360441068297e-02 6.019170497860299590e-02 -2.423670503931572284e+02
2.280000000000000000e+03 -5.863364556974776792e-02 -1.280924417756618139e-02 6.001650713928056297e-02 -2.434401388671975894e+02
2.290000000000000000e+03 -5.791635296440682951e-02 -1.498350387899358843e-02 5.982315044520450376e-02 -2.445120632568365977e+02
2.300000000000000000e+03 -5.707996858929975659e-02 -1.717883159858445488e-02 5.960901835501043050e-02 -2.455828840328081526e+02
2.310000000000000000e+03 -5.611841629054328123e-02 -1.938206100751574054e-02 5.937121302329754352e-02 -2.466526708193540856e+02
2.320000000000000000e+03 -5.502665851894417148e-02 -2.157860147712322568e-02 5.910642257376939185e-02 -2.477215027842937616e+02
2.330000000000000000e+03 -5.380087903409093431e-02 -2.375250029531666279e-02 5.881084810746996933e-02 -2.487894683006605874e+02
2.340000000000000000e+03 -5.243874840152569494e-02 -2.588658158132494530e-02 5.848023118871116532e-02 -2.498566643562954539e+02
2.350000000000000000e+03 -5.093973375926477698e-02 -2.796263158136554766e-02 5.810994097759832749e-02 -2.509231964194314060e+02
2.360000000000000000e+03 -4.930535009592000584e-02 -2.996162053465210168e-02 5.769502797593329541e-02 -2.519891783798399842e+02
2.370000000000000000e+03 -4.753935198814743246e-02 -3.186403318973624749e-02 5.723029441274603279e-02 -2.530547314096046989e+02
2.380000000000000000e+03 -4.564796523661395627e-02 -3.365025327897371715e-02 5.671046002266422192e-02 -2.541199836363022655e+02
2.390000000000000000e+03 -4.364006332894380946e-02 -3.530096501620179350e-02 5.613032387604163093e-02 -2.551850706067666863e+02
2.400000000000000000e+03 -4.152733482284615835e-02 -3.679770227351494838e-02 5.548504690544127371e-02 -2.562501353253985599e+02
2.410000000000000000e+03 -3.932434296619276293e-02 -3.812347328778729894e-02 5.477045887380701389e-02 -2.573153281664903602e+02
2.420000000000000000e+03 -3.704841726655778295e-02 -3.926335729129027535e-02 5.398329785906465228e-02 -2.583808071432985685e+02
2.430000000000000000e+03 -3.471939057355673264e-02 -4.020511387689839483e-02 5.312143883267421429e-02 -2.594467376092514428e+02
2.440000000000000000e+03 -3.235930585390191933e-02 -4.093983500400189685e-02 5.218423866936519606e-02 -2.605132924422743486e+02
2.450000000000000000e+03 -2.999198567853067834e-02 -4.146250010036646449e-02 5.117282598717876746e-02 -2.615806528978129109e+02
2.460000000000000000e+03 -2.764238489166947338e-02 -4.177243174722058972e-02 5.009029343670686613e-02 -2.626490080538138159e+02
2.470000000000000000e+03 -2.533587394919719488e-02 -4.187367790053260486e-02 4.894191873728656605e-02 -2.637185537626558585e+02
2.480000000000000000e+03 -2.309737074643210264e-02 -4.177526681438692435e-02 4.773532709442090960e-02 -2.647894894890453088e+02
2.490000000000000000e+03 -2.095034500716220008e-02 -4.149126165280812850e-02 4.648055237904249321e-02 -2.658620126550686678e+02
2.500000000000000000e+03 -1.891583473306560417e-02 -4.104062347307881747e-02 4.519006061854397016e-02 -2.669363112666654274e+02
2.510000000000000000e+03 -1.701148347760353743e-02 -4.044680433548732829e-02 4.387863433451381218e-02 -2.680125543309801515e+02
2.520000000000000000e+03 -1.525060351573541417e-02 -3.973705240828683677e-02 4.256306193982167113e-02 -2.690908785758660429e+02
2.530000000000000000e+03 -1.364130785561026155e-02 -3.894150118201059052e-02 4.126167464270041191e-02 -2.701713700544843846e+02
2.540000000000000000e+03 -1.218576286893822275e-02 -3.809207142196128354e-02 3.999373353306481804e-02 -2.712540405442717883e+02
2.550000000000000000e+03 -1.087965986616600857e-02 -3.722118469363638882e-02 3.877864862010092090e-02 -2.723388011146847703e+02
2.560000000000000000e+03 -9.711959393288475614e-03 -3.636031996096777269e-02 3.763502388627959494e-02 -2.734254356522662306e+02
2.570000000000000000e+03 -8.665031367126667730e-03 -3.553847506339563589e-02 3.657958417512263694e-02 -2.745135805731048890e+02
2.580000000000000000e+03 -7.715164617756412047e-03 -3.478052328899539775e-02 3.562595353580633173e-02 -2.756027154130630379e+02
2.590000000000000000e+03 -6.833407865562282982e-03 -3.410573038794534328e-02 3.478356376727875093e-02 -2.766921669433805846e+02
2.600000000000000000e+03 -5.986821792110031022e-03 -3.352645704592942255e-02 3.405679605046596503e-02 -2.777811332522225030e+02
2.610000000000000000e+03 -5.140053890296267594e-03 -3.304699328176505940e-02 3.344434061183109569e-02 -2.788687270712554209e+02
2.620000000000000000e+03 -4.257226033588611298e-03 -3.266276608858114522e-02 3.293903857216283482e-02 -2.799540338804171142e+02
2.630000000000000000e+03 -3.304018843812196477e-03 -3.236007892894823129e-02 3.252831457066328313e-02 -2.810361748131522290e+02
2.640000000000000000e+03 -2.249831541292765264e-03 -3.211637333875379252e-02 3.219508003404264462e-02 -2.821143639361317810e+02
2.650000000000000000e+03 -1.069937238302535662e-03 -3.190104626750388250e-02 3.191898367203019338e-02 -2.831879523972881429e+02
2.660000000000000000e+03 2.525858220878763921e-04 -3.167679521096444101e-02 3.167780223492310671e-02 -2.842564520374698418e+02
2.670000000000000000e+03 1.725188661062477006e-03 -3.140139765219130547e-02 3.144875276425607852e-02 -2.853195410205717053e+02
2.680000000000000000e+03 3.344560954431751408e-03 -3.103005603461876996e-02 3.120978156747480567e-02 -2.863770556624454571e+02
2.690000000000000000e+03 5.095989509426297574e-03 -3.051814153726375642e-02 3.094068635257864186e-02 -2.874289699466494312e+02
2.700000000000000000e+03 6.953405094385264537e-03 -2.982399251001947860e-02 3.062385298495799713e-02 -2.884753695220670124e+02
2.710000000000000000e+03 8.880117648229332930e-03 -2.891171598662050160e-02 3.024473195016615795e-02 -2.895164259254532340e+02
2.720000000000000000e+03 1.083027823903445590e-02 -2.775385397570725651e-02 2.979213549310932851e-02 -2.905523734019663493e+02
2.730000000000000000e+03 1.275107287711083233e-02 -2.633373061170688964e-02 2.925842147907744065e-02 -2.915834891811384182e+02
2.740000000000000000e+03 1.458552245461155507e-02 -2.464715307928022278e-02 2.863947660463526251e-02 -2.926100773562206996e+02
2.750000000000000000e+03 1.627569399276693890e-02 -2.270335127820780410e-02 2.793457309872283967e-02 -2.936324571343371872e+02
2.760000000000000000e+03 1.776605747199408447e-02 -2.052520163377833870e-02 2.714620968395871359e-02 -2.946509599880886867e+02
2.770000000000000000e+03 1.900681150129648889e-02 -1.814862354564958022e-02 2.627986719995979714e-02 -2.956659344162573007e+02
2.780000000000000000e+03 1.995709219017477790e-02 -1.562103148341481042e-02 2.534368073688136880e-02 -2.966777512919488800e+02
2.790000000000000000e+03 2.058777154934738479e-02 -1.299886229727122838e-02 2.434803397384554743e-02 -2.976868088027661656e+02
2.800000000000000000e+03 2.088348131469731916e-02 -1.034446699885930264e-02 2.330510221629163506e-02 -2.986935437174212780e+02
2.810000000000000000e+03 2.084373901529474812e-02 -7.722668970147205866e-03 2.222838438034116168e-02 -2.996984517113220363e+02
2.820000000000000000e+03 2.048321747345761834e-02 -5.197163139937574852e-03 2.113226686297722465e-02 -3.007021135430794061e+02
2.830000000000000000e+03 1.983107109989897324e-02 -2.826795260052660397e-03 2.003152895840715556e-02 -3.017052193027158182e+02
2.840000000000000000e+03 1.892932142661353512e-02 -6.621246440987826019e-04 1.894089804408368577e-02 -3.027085939143402697e+02
2.850000000000000000e+03 1.783046200407730625e-02 1.257481490058406362e-03 1.787474852904745101e-02 -3.037132216240161711e+02
2.860000000000000000e+03 1.659435475160470075e-02 2.906073770303873975e-03 1.684689509614616457e-02 -3.047202631731620954e+02
2.870000000000000000e+03 1.528475071900541743e-02 4.272364872767352162e-03 1.587062399996273104e-02 -3.057310675803337290e+02
2.880000000000000000e+03 1.396559637045995637e-02 5.360061057571213587e-03 1.495888152648772521e-02 -3.067471619877190960e+02
2.890000000000000000e+03 1.269734516580986634e-02 6.187260636069954502e-03 1.412461569170559567e-02 -3.077702032050534058e+02
2.900000000000000000e+03 1.153366390328541130e-02 6.785049870230043002e-03 1.338141639646033866e-02 -3.088018704265061274e+02
2.910000000000000000e+03 1.051870035916139048e-02 7.195328473476718736e-03 1.274424611685786440e-02 -3.098436877757219463e+02
2.920000000000000000e+03 9.685012432706389604e-03 7.468089001271347414e-03 1.222995581155497842e-02 -3.108967620299595751e+02
2.930000000000000000e+03 9.052190137094887415e-03 7.658359811869808360e-03 1.185717594059312874e-02 -3.119614487909033755e+02
2.940000000000000000e+03 8.626289613383075761e-03 7.822922370411822257e-03 1.164521304688971581e-02 -3.130370317001246008e+02
2.950000000000000000e+03 8.400093942655216875e-03 8.017073556472652240e-03 1.161184940719289273e-02 -3.141215574698915134e+02
2.960000000000000000e+03 8.354099435292337145e-03 8.291652390287753555e-03 1.177040682118151577e-02 -3.152119827351039589e+02
2.970000000000000000e+03 8.458210706694703485e-03 8.690480282641698667e-03 1.212706790208701105e-02 -3.163046876010884603e+02
2.980000000000000000e+03 8.673925375953973546e-03 9.248197794107747977e-03 1.267935896907086170e-02 -3.173961995264198208e+02
2.990000000000000000e+03 8.956885059671406205e-03 9.988569214524893602e-03 1.341630742512705220e-02 -3.184838294557457061e+02
3.000000000000000000e+03 9.259684796987988423e-03 1.092365023784399626e-02 1.432019193510756204e-02 -3.195659747035589362e+02
3.010000000000000000e+03 9.534819318462966001e-03 1.205376353560026932e-02 1.536899459326800804e-02 -3.206420769725824016e+02
3.020000000000000000e+03 9.737387521935661483e-03 1.336802700972447057e-02 1.653846612854624129e-02 -3.217123719483535069e+02
3.030000000000000000e+03 9.827491161743757975e-03 1.484541083809985153e-02 1.780353351124782171e-02 -3.227775899307172836e+02
3.040000000000000000e+03 9.772382180712899102e-03 1.645640619461211790e-02 1.913929879405154924e-02 -3.238387067891814581e+02
3.050000000000000000e+03 9.548131014166801045e-03 1.816508905713068098e-02 2.052162923154939728e-02 -3.248967744658201582e+02
3.060000000000000000e+03 9.140569169176984352e-03 1.993120862907805241e-02 2.192722239939077014e-02 -3.259528205343562490e+02
3.070000000000000000e+03 8.545636480775964730e-03 2.171256909961834583e-02 2.333374294379858896e-02 -3.270077928716534075e+02
3.080000000000000000e+03 7.769119461635626972e-03 2.346731006580657017e-02 2.471990814978631407e-02 -3.280625374406714059e+02
3.090000000000000000e+03 6.825876072280345590e-03 2.515594507620362574e-02 2.606557417037082616e-02 -3.291177957162879579e+02
3.100000000000000000e+03 5.738629083372359663e-03 2.674311268814658429e-02 2.735189097681244019e-02 -3.301742110283285569e+02
3.110000000000000000e+03 4.536479215244571678e-03 2.819891854999648229e-02 2.856148895032753141e-02 -3.312323406097062843e+02
3.120000000000000000e+03 3.253085195141350305e-03 2.949992806738216747e-02 2.967875198298557116e-02 -3.322926636409674757e+02
3.130000000000000000e+03 1.924750682465270089e-03 3.062976281826272976e-02 3.069017816000227383e-02 -3.333555897708172893e+02
3.140000000000000000e+03 5.885824773688249538e-04 3.157912810392987657e-02 3.158461272735633291e-02 -3.344214692394967869e+02
3.150000000000000000e+03 -7.192499154918351569e-04 3.234558152682043275e-02 3.235357730992234615e-02 -3.354906003033866000e+02
3.160000000000000000e+03 -1.965123940559483206e-03 3.293310588207627732e-02 3.299168342388437980e-02 -3.365632335596684470e+02
3.170000000000000000e+03 -3.119183944134529870e-03 3.335121812618097731e-02 3.349676191779511758e-02 -3.376395789870823592e+02
3.180000000000000000e+03 -4.156291696702302078e-03 3.361379945750258419e-02 3.386978409493154180e-02 -3.387198091152331472e+02
3.190000000000000000e+03 -5.056822848530308397e-03 3.373816098453691348e-02 3.411502548643261662e-02 -3.398040562032393836e+02
3.200000000000000000e+03 -5.806922394653192890e-03 3.374397010125913116e-02 3.423997467715469978e-02 -3.408924145384827398e+02
3.210000000000000000e+03 -6.398488218186437586e-03 3.365223289078821817e-02 3.425512268280642147e-02 -3.419849402193638639e+02
3.220000000000000000e+03 -6.829189404807598299e-03 3.348432144031588537e-02 3.417363911328634429e-02 -3.430816405441638040e+02
3.230000000000000000e+03 -7.102103609600822313e-03 3.326115946311497540e-02 3.401094830363111249e-02 -3.441824667379929110e+02
3.240000000000000000e+03 -7.225016482965163425e-03 3.300244846605175641e-02 3.378405641620792904e-02 -3.452873096449508807e+02
3.250000000000000000e+03 -7.209892673287565321e-03 3.272600046182617961e-02 3.351079913382808140e-02 -3.463959862826948211e+02
3.260000000000000000e+03 -7.072044234588248553e-03 3.244745092028630123e-02 3.320919873890909590e-02 -3.475082353550062635e+02
3.270000000000000000e+03 -6.829345816615100748e-03 3.217999906142678113e-02 3.289669138190567249e-02 -3.486237124192896317e+02
3.280000000000000000e+03 -6.501356678780860314e-03 3.193410633270611643e-02 3.258918203842049721e-02 -3.497419912193652749e+02
3.290000000000000000e+03 -6.108354732726382040e-03 3.171756844641156897e-02 3.230040472956374059e-02 -3.508625765515617445e+02
3.300000000000000000e+03 -5.670711441024875628e-03 3.153573886197787862e-02 3.204153232631411219e-02 -3.519849158630896682e+02
3.310000000000000000e+03 -5.208311880042448827e-03 3.139168287260015594e-02 3.182081498349294962e-02 -3.531084170365901400e+02
3.320000000000000000e+03 -4.739825391023575960e-03 3.128635183947672815e-02 3.164335247980087917e-02 -3.542324782206362102e+02
3.330000000000000000e+03 -4.282142235942568501e-03 3.121888658591770102e-02 3.151119835539796521e-02 -3.553565185801465987e+02
3.340000000000000000e+03 -3.850067325366289019e-03 3.118701372941411545e-02 3.142376240631471196e-02 -3.564800035454847489e+02
3.350000000000000000e+03 -3.455956615395690181e-03 3.118726457494702328e-02 3.137816291300755261e-02 -3.576024702511305691e+02
3.360000000000000000e+03 -3.109446893338246344e-03 3.121525331296401071e-02 3.136974178049608403e-02 -3.587235475301734482e+02
3.370000000000000000e+03 -2.817559486359807758e-03 3.126604618825402221e-02 3.139274256424898907e-02 -3.598429601837601126e+02
3.380000000000000000e+03 -2.584854152562537401e-03 3.133433327741518004e-02 3.144076832601500060e-02 -3.609605267080990529e+02
3.390000000000000000e+03 -2.413655713639786815e-03 3.141470953124292365e-02 3.150729612068212809e-02 -3.620761516856193225e+02
3.400000000000000000e+03 -2.304191619204649065e-03 3.150181735512565251e-02 3.158597466746449617e-02 -3.631898183664824273e+02
3.410000000000000000e+03 -2.254881554842508556e-03 3.159031950905191038e-02 3.167069272230013666e-02 -3.643015750356451576e+02
3.420000000000000000e+03 -2.262698441755522406e-03 3.167514800230804978e-02 3.175586253286851596e-02 -3.654115196930171123e+02
3.430000000000000000e+03 -2.323571278336351766e-03 3.175154806390845241e-02 3.183645375886262618e-02 -3.665197834941828319e+02
3.440000000000000000e+03 -2.432856142205032206e-03 3.181499482827691849e-02 3.190787810137101638e-02 -3.676265127358892641e+02
3.450000000000000000e+03 -2.585744864758292381e-03 3.186141252293589465e-02 3.196616468177438525e-02 -3.687318545283477533e+02
3.460000000000000000e+03 -2.777465354259276223e-03 3.188713395230996506e-02 3.200786818091247432e-02 -3.698359493328874237e+02
3.470000000000000000e+03 -3.003359524787845708e-03 3.188880554105078674e-02 3.202992487143991457e-02 -3.709389278087496677e+02
3.480000000000000000e+03 -3.259213522298459644e-03 3.186337531622888269e-02 3.202962939727522357e-02 -3.720409004281475518e+02
3.490000000000000000e+03 -3.541494874060561408e-03 3.180801948307791088e-02 3.200456669568987195e-02 -3.731419500568028411e+02
3.500000000000000000e+03 -3.847282182197661951e-03 3.172009771393669714e-02 3.195256138670494322e-02 -3.742421341457339281e+02
3.510000000000000000e+03 -4.174149593425706406e-03 3.159701594046742529e-02 3.187153810487421135e-02 -3.753414877953222799e+02
3.520000000000000000e+03 -4.520115519323254435e-03 3.143627930125790504e-02 3.175958281550189666e-02 -3.764400252611765723e+02
3.530000000000000000e+03 -4.883522364552458916e-03 3.123559708108853902e-02 3.161504888019613102e-02 -3.775377438029921677e+02
3.540000000000000000e+03 -5.262890477959883580e-03 3.099296276674192580e-02 3.143663081889743610e-02 -3.786346283399965955e+02
3.550000000000000000e+03 -5.656643137182650917e-03 3.070670574124270344e-02 3.122337888603190711e-02 -3.797306601903572982e+02
3.560000000000000000e+03 -6.062972543461821358e-03 3.037550490493494751e-02 3.097468214998337979e-02 -3.808258214548894216e+02
3.570000000000000000e+03 -6.479838361525510834e-03 2.999843100191481107e-02 3.069029435779561249e-02 -3.819200956324226581e+02
3.580000000000000000e+03 -6.905067612536804240e-03 2.957511156180859038e-02 3.037049855743446589e-02 -3.830134661865444627e+02
3.590000000000000000e+03 -7.336150584636698044e-03 2.910572173175518182e-02 3.001603143200031951e-02 -3.841059241907423143e+02
3.600000000000000000e+03 -7.770339202246078630e-03 2.859098178189216355e-02 2.962806795203581575e-02 -3.851974667514822386e+02
3.610000000000000000e+03 -8.204773733620997558e-03 2.803223228783129073e-02 2.920829264196810743e-02 -3.862880954590984288e+02
3.620000000000000000e+03 -8.636481766717290023e-03 2.743156704779839763e-02 2.875899316743719264e-02 -3.873778202126263750e+02
3.630000000000000000e+03 -9.062526951247760684e-03 2.679179474600242028e-02 2.828302778087973465e-02 -3.884666572722524052e+02
3.640000000000000000e+03 -9.480095264557498319e-03 2.611596683518862747e-02 2.778337506426744111e-02 -3.895546242374605868e+02
3.650000000000000000e+03 -9.886480729467080064e-03 2.540739473458153430e-02 2.726312910164505401e-02 -3.906417425633410971e+02
3.660000000000000000e+03 -1.027938655670927563e-02 2.466959126879365513e-02 2.672554061850939550e-02 -3.917280284621602391e+02
3.670000000000000000e+03 -1.065705546120332588e-02 2.390591569272060637e-02 2.617375854191806780e-02 -3.928134843805476066e+02
3.680000000000000000e+03 -1.101797772233660891e-02 2.311949149723660502e-02 2.561067590245719172e-02 -3.938981072843436095e+02
3.690000000000000000e+03 -1.136081401255779715e-02 2.231285913896501744e-02 2.503860575158338084e-02 -3.949818843792809844e+02
3.700000000000000000e+03 -1.168441156147518450e-02 2.148761334635912804e-02 2.445900653870810779e-02 -3.960647822303999419e+02
3.710000000000000000e+03 -1.198738404574724130e-02 2.064470570402996905e-02 2.387260458907328881e-02 -3.971467617287157168e+02
3.720000000000000000e+03 -1.226801828362085109e-02 1.978469466574861099e-02 2.327957077834892294e-02 -3.982277822915953038e+02
3.730000000000000000e+03 -1.252437458563415359e-02 1.890765405125002449e-02 2.267949162752617986e-02 -3.993077921597014210e+02
3.740000000000000000e+03 -1.275388467259747950e-02 1.801312625714394586e-02 2.207111895209949715e-02 -4.003867362570364321e+02
3.750000000000000000e+03 -1.295304516887056320e-02 1.710071078505363482e-02 2.145263826434526747e-02 -4.014645768216980173e+02
3.760000000000000000e+03 -1.311751892683981312e-02 1.617066949110406923e-02 2.082210014831656353e-02 -4.025413048413436741e+02
3.770000000000000000e+03 -1.324234465029242025e-02 1.522409692424013181e-02 2.017753252991520349e-02 -4.036169398947000673e+02
3.780000000000000000e+03 -1.332221596974659042e-02 1.426317052297526762e-02 1.951715839234906963e-02 -4.046915322920455651e+02
3.790000000000000000e+03 -1.335169952935826021e-02 1.329161692001537380e-02 1.883971763776476002e-02 -4.057651798268045127e+02
3.800000000000000000e+03 -1.332581293580087888e-02 1.231499110806365434e-02 1.814486969894369209e-02 -4.068380329068862125e+02
3.810000000000000000e+03 -1.324064210393253137e-02 1.134084403441933120e-02 1.743356953516563695e-02 -4.079103024956292529e+02
3.820000000000000000e+03 -1.309367279307636044e-02 1.037837317556427122e-02 1.670792916502281816e-02 -4.089822645537192329e+02
3.830000000000000000e+03 -1.288398723588930934e-02 9.437987838765940496e-03 1.597099688620758767e-02 -4.100542670427325902e+02
3.840000000000000000e+03 -1.261303316973774735e-02 8.531111570352262891e-03 1.522722792785025786e-02 -4.111267288446209136e+02
3.850000000000000000e+03 -1.228467334904714131e-02 7.669568765280953930e-03 1.448224721299019684e-02 -4.122001469970387006e+02
3.860000000000000000e+03 -1.190517601607330063e-02 6.864723925572732699e-03 1.374254891015555535e-02 -4.132750851949704156e+02
3.870000000000000000e+03 -1.148309427814468708e-02 6.126960339451152822e-03 1.301541767297410314e-02 -4.143521732614613029e+02
3.880000000000000000e+03 -1.102885929790705169e-02 5.465178782778792529e-03 1.230869272265606301e-02 -4.154321054550630947e+02
3.890000000000000000e+03 -1.055427940477425552e-02 4.886542093161417612e-03 1.163061079145374759e-02 -4.165156417502283830e+02
3.900000000000000000e+03 -1.007194915280678130e-02 4.395961761150678389e-03 1.098947858372835602e-02 -4.176035704891481259e+02
3.910000000000000000e+03 -9.594593831495910538e-03 3.995784742295486851e-03 1.039338859555153857e-02 -4.186966535379044672e+02
3.920000000000000000e+03 -9.134503871998286492e-03 3.685703688761271784e-03 9.850054450047478899e-03 -4.197955502436047936e+02
3.930000000000000000e+03 -8.702813733677457544e-03 3.462846059175228412e-03 9.366443813562882331e-03 -4.209007311047045619e+02
3.940000000000000000e+03 -8.309211494908329970e-03 3.322297112780450007e-03 8.948779457149787231e-03 -4.220123991512458588e+02
3.950000000000000000e+03 -7.961721325795955914e-03 3.257464899857078454e-03 8.602330151966675401e-03 -4.231303981735999855e+02
3.960000000000000000e+03 -7.666119848034252081e-03 3.260008030677149626e-03 8.330488934300567944e-03 -4.242541180704558883e+02
3.970000000000000000e+03 -7.425750600777278679e-03 3.320380198495945755e-03 8.134291404142594481e-03 -4.253825131113141538e+02
3.980000000000000000e+03 -7.241904117954984718e-03 3.428658581597516901e-03 8.012544846852069289e-03 -4.265142172879708937e+02
3.990000000000000000e+03 -7.113955030519386429e-03 3.574771432187341062e-03 7.961617107638046739e-03 -4.276476833537547577e+02
4.000000000000000000e+03 -7.039198229932224285e-03 3.748605824295608239e-03 7.975108610308947327e-03 -4.287813708067484981e+02
4.010000000000000000e+03 -7.013349944257980285e-03 3.940597369713376777e-03 8.044587315134034064e-03 -4.299139481854056726e+02
4.020000000000000000e+03 -7.031019878090591889e-03 4.141763558733724780e-03 8.160235652391399641e-03 -4.310443807733457220e+02
4.030000000000000000e+03 -7.085822138389947372e-03 4.343992713412301102e-03 8.311386651520686827e-03 -4.321719996231555001e+02
4.040000000000000000e+03 -7.170685117481540548e-03 4.540168227344124237e-03 8.487158098365810144e-03 -4.332964801387950047e+02
4.050000000000000000e+03 -7.278009975915030426e-03 4.724034982368431612e-03 8.676746839925629853e-03 -4.344177672780039074e+02
4.060000000000000000e+03 -7.399946273787780769e-03 4.890494355091230295e-03 8.869957152778407475e-03 -4.355360241551873060e+02
4.070000000000000000e+03 -7.528729199626820780e-03 5.035609120712728794e-03 9.057545063532321944e-03 -4.366515510577947339e+02
4.080000000000000000e+03 -7.657032546486439682e-03 5.156590471504825593e-03 9.231498941600272887e-03 -4.377647173755725021e+02
4.090000000000000000e+03 -7.778064777061966320e-03 5.251544087454652378e-03 9.384935107855138514e-03 -4.388759056586736165e+02
4.100000000000000000e+03 -7.885709870794607723e-03 5.319496297201901057e-03 9.512174358278566513e-03 -4.399854938092473731e+02
4.110000000000000000e+03 -7.974577401835386201e-03 5.360750539235543434e-03 9.608929757354759196e-03 -4.410938810230876470e+02
4.120000000000000000e+03 -8.039824656174707554e-03 5.376762402762524061e-03 9.672039828174581327e-03 -4.422014914005808919e+02
4.130000000000000000e+03 -8.077575646309922280e-03 5.369628962542596397e-03 9.699491920571687645e-03 -4.433087164373363862e+02
4.140000000000000000e+03 -8.085228416936283968e-03 5.341878960199017944e-03 9.690541232534483421e-03 -4.444158944749253806e+02
4.150000000000000000e+03 -8.061179654428067207e-03 5.296281254146912622e-03 9.645372597468332768e-03 -4.455233246083297445e+02
4.160000000000000000e+03 -8.004522403070502348e-03 5.235769604962664525e-03 9.564813759687559522e-03 -4.466312898108666900e+02
4.170000000000000000e+03 -7.915058985534932298e-03 5.163347034230539832e-03 9.450307473325647578e-03 -4.477400585049134634e+02
4.180000000000000000e+03 -7.793431727432426764e-03 5.081740744064386014e-03 9.303852270970042887e-03 -4.488498547516259691e+02
4.190000000000000000e+03 -7.640986515161590255e-03 4.993252416199633024e-03 9.127828033917199935e-03 -4.499608563454656860e+02
4.200000000000000000e+03 -7.459516970339570216e-03 4.899659403975855157e-03 8.924744013457925826e-03 -4.636395713276303354e+02
