0.000000000000000000e+00 2.184319280741852110e-01 6.733436309029721123e-01
1.000000000000000000e+01 2.186123407824341613e-01 6.731526660233325687e-01
2.000000000000000000e+01 2.185985819374049177e-01 6.731571393275370685e-01
3.000000000000000000e+01 2.184086427206149428e-01 6.733386358674998684e-01
4.000000000000000000e+01 2.180671826543241210e-01 6.736731535999029852e-01
5.000000000000000000e+01 2.176108003901878751e-01 6.741239128493222710e-01
6.000000000000000000e+01 2.170845765186222298e-01 6.746450200749680715e-01
7.000000000000000000e+01 2.165406644520296020e-01 6.751843102759953474e-01
8.000000000000000000e+01 2.160349490949698414e-01 6.756862160082168778e-01
9.000000000000000000e+01 2.156232383145466058e-01 6.760951461325921397e-01
1.000000000000000000e+02 2.153575645230993985e-01 6.763588741059423093e-01
1.100000000000000000e+02 2.152829767627933433e-01 6.764321434137704481e-01
1.200000000000000000e+02 2.154346644411618827e-01 6.762798320361896875e-01
1.300000000000000000e+02 2.158358283237634678e-01 6.758788996169698970e-01
1.400000000000000000e+02 2.164967309418298069e-01 6.752191833010121602e-01
1.500000000000000000e+02 2.174148598610916860e-01 6.743031983633218651e-01
1.600000000000000000e+02 2.185760153668861172e-01 6.731450699051442221e-01
1.700000000000000000e+02 2.199561177403896173e-01 6.717687559281000365e-01
1.800000000000000000e+02 2.215235010052662157e-01 6.702057772042684380e-01
1.900000000000000000e+02 2.232414512001343887e-01 6.684926948318550277e-01
2.000000000000000000e+02 2.250707678647838883e-01 6.666685651663959433e-01
2.100000000000000000e+02 2.269721675349667123e-01 6.647725435182630926e-01
2.200000000000000000e+02 2.289083949341605972e-01 6.628417705318886410e-01
2.300000000000000000e+02 2.308459494956339175e-01 6.609096421039235558e-01
2.400000000000000000e+02 2.327563713831012904e-01 6.590045260030357177e-01
2.500000000000000000e+02 2.346170644884091605e-01 6.571489550123346124e-01
2.600000000000000000e+02 2.364116680824211447e-01 6.553592667995831178e-01
2.700000000000000000e+02 2.381300196953819448e-01 6.536456338445923997e-01
2.800000000000000000e+02 2.397677738131773761e-01 6.520124315238334800e-01
2.900000000000000000e+02 2.413257559395034502e-01 6.504588745103750957e-01
3.000000000000000000e+02 2.428091350815098359e-01 6.489798379472289103e-01
3.100000000000000000e+02 2.442264909686060748e-01 6.475667774123887721e-01
3.200000000000000000e+02 2.455888473409046924e-01 6.462087001007885689e-01
3.300000000000000000e+02 2.469087233361516309e-01 6.448931258079396711e-01
3.400000000000000000e+02 2.481992491979480298e-01 6.436069710919809506e-01
3.500000000000000000e+02 2.494733804866949567e-01 6.423373180229936530e-01
3.600000000000000000e+02 2.507432311980180573e-01 6.410720599439011513e-01
3.700000000000000000e+02 2.520195517217831416e-01 6.398004174279846579e-01
3.800000000000000000e+02 2.533113589164412427e-01 6.385133364635813269e-01
3.900000000000000000e+02 2.546257066833129690e-01 6.372037363915048491e-01
4.000000000000000000e+02 2.559675918183172416e-01 6.358665892944929121e-01
4.100000000000000000e+02 2.573399804552859438e-01 6.344988781974196801e-01
4.200000000000000000e+02 2.587439352597415976e-01 6.330994726620854385e-01
4.300000000000000000e+02 2.601788261633004584e-01 6.316689396505713594e-01
4.400000000000000000e+02 2.616425922026303641e-01 6.302092932529743674e-01
4.500000000000000000e+02 2.631320221918648228e-01 6.287237193636080468e-01
4.600000000000000000e+02 2.646430344937098500e-01 6.272162905972993308e-01
4.700000000000000000e+02 2.661709434250008610e-01 6.256916868423734179e-01
4.800000000000000000e+02 2.677107025744464019e-01 6.241549453074052289e-01
4.900000000000000000e+02 2.692571102031263153e-01 6.226112627678703770e-01
5.000000000000000000e+02 2.708049640224681198e-01 6.210658458671827198e-01
5.100000000000000000e+02 2.723491704563164029e-01 6.195237932451511664e-01
5.200000000000000000e+02 2.738848150164208683e-01 6.179900089948882069e-01
5.300000000000000000e+02 2.754071989001436460e-01 6.164691565604165646e-01
5.400000000000000000e+02 2.769118554586243452e-01 6.149656480852738749e-01
5.500000000000000000e+02 2.783945479567309089e-01 6.134836582496618895e-01
5.600000000000000000e+02 2.798512546368093767e-01 6.120271417584095541e-01
5.700000000000000000e+02 2.812781587179119525e-01 6.105998412006665710e-01
5.800000000000000000e+02 2.826716420519744810e-01 6.092052944633321587e-01
5.900000000000000000e+02 2.840282854262560219e-01 6.078468434294137523e-01
6.000000000000000000e+02 2.853448916074510788e-01 6.065276223649600507e-01
6.100000000000000000e+02 2.866185243709893360e-01 6.052505285242718580e-01
6.200000000000000000e+02 2.878465528490283809e-01 6.040181666309101249e-01
6.300000000000000000e+02 2.890267008150068095e-01 6.028327892801192966e-01
6.400000000000000000e+02 2.901571007208464392e-01 6.016962398368993492e-01
6.500000000000000000e+02 2.912363528513723376e-01 6.006098836665348939e-01
6.600000000000000000e+02 2.922635950349252165e-01 5.995745401267643659e-01
6.700000000000000000e+02 2.932385653637539780e-01 5.985904436483280300e-01
6.800000000000000000e+02 2.941616289902194148e-01 5.976572416263251641e-01
6.900000000000000000e+02 2.950337632180223824e-01 5.967739999497575498e-01
7.000000000000000000e+02 2.958565083945745577e-01 5.959392160989691600e-01
7.100000000000000000e+02 2.966318953691443605e-01 5.951508738870464610e-01
7.200000000000000000e+02 2.973623621894398994e-01 5.944065466740030557e-01
7.300000000000000000e+02 2.980506435114353425e-01 5.937035233207343943e-01
7.400000000000000000e+02 2.986996442559148313e-01 5.930389413838836887e-01
7.500000000000000000e+02 2.993123211040188969e-01 5.924099260223033570e-01
7.600000000000000000e+02 2.998915503384492198e-01 5.918136952241406235e-01
7.700000000000000000e+02 3.004400024197810271e-01 5.912476554160772668e-01
7.800000000000000000e+02 3.009600395513216675e-01 5.907094991614312285e-01
7.900000000000000000e+02 3.014536381347483474e-01 5.901972976655572856e-01
8.000000000000000000e+02 3.019223385708210139e-01 5.897095688726822216e-01
8.100000000000000000e+02 3.023672320306679540e-01 5.892453007480653593e-01
8.200000000000000000e+02 3.027889778327497727e-01 5.888039035105055996e-01
8.300000000000000000e+02 3.031878490757263789e-01 5.883851468532267370e-01
8.400000000000000000e+02 3.035638185274590617e-01 5.879890999694241671e-01
8.500000000000000000e+02 3.039166775886449345e-01 5.876160377686301395e-01
8.600000000000000000e+02 3.042461646465650094e-01 5.872663027501914268e-01
8.700000000000000000e+02 3.045520921185720931e-01 5.869401430249512330e-01
8.800000000000000000e+02 3.048344819696885977e-01 5.866375597549510212e-01
8.900000000000000000e+02 3.050937087074745424e-01 5.863581920944849202e-01
9.000000000000000000e+02 3.053306268952233893e-01 5.861012055937540044e-01
9.100000000000000000e+02 3.055466728767726181e-01 5.858651873931822740e-01
9.200000000000000000e+02 3.057439234779966153e-01 5.856480705295852296e-01
9.300000000000000000e+02 3.059251196670332296e-01 5.854471206172582320e-01
9.400000000000000000e+02 3.060936559487041908e-01 5.852589723888064199e-01
9.500000000000000000e+02 3.062535237677908584e-01 5.850796841470371490e-01
9.600000000000000000e+02 3.064091867165917304e-01 5.849048206853354470e-01
9.700000000000000000e+02 3.065654221352034914e-01 5.847296199794445037e-01
9.800000000000000000e+02 3.067271456670389584e-01 5.845491804354365772e-01
9.900000000000000000e+02 3.068992207895959168e-01 5.843586557071852594e-01
1.000000000000000000e+03 3.070862445213921599e-01 5.841534780887815970e-01
1.010000000000000000e+03 3.072923327421402950e-01 5.839295872589743697e-01
1.020000000000000000e+03 3.075209157890186340e-01 5.836836321608861455e-01
1.030000000000000000e+03 3.077745241854014102e-01 5.834131121897093708e-01
1.040000000000000000e+03 3.080546090667522496e-01 5.831165391198974701e-01
1.050000000000000000e+03 3.083614173514103163e-01 5.827936368353862084e-01
1.060000000000000000e+03 3.086938926710965370e-01 5.824454707446099500e-01
1.070000000000000000e+03 3.090495874090430917e-01 5.820745195009267015e-01
1.080000000000000000e+03 3.094246027376641450e-01 5.816847060640730760e-01
1.090000000000000000e+03 3.098135759391656419e-01 5.812813623541267516e-01
1.100000000000000000e+03 3.102097381918002550e-01 5.808711857984872884e-01
1.110000000000000000e+03 3.106050320542966259e-01 5.804621808448956477e-01
1.120000000000000000e+03 3.109902582411256944e-01 5.800635354176543190e-01
1.130000000000000000e+03 3.113552641912972208e-01 5.796854385636882601e-01
1.140000000000000000e+03 3.116891824336044947e-01 5.793388187404852063e-01
1.150000000000000000e+03 3.119807110066388223e-01 5.790350209143758642e-01
1.160000000000000000e+03 3.122184384248525291e-01 5.787854925300498499e-01
1.170000000000000000e+03 3.123911615246420803e-01 5.786014456385667470e-01
1.180000000000000000e+03 3.124882124528389205e-01 5.784934879658777396e-01
1.190000000000000000e+03 3.124998382449138412e-01 5.784713407773824922e-01
1.200000000000000000e+03 3.124175333142833466e-01 5.785435528422026019e-01
1.210000000000000000e+03 3.122343059460069292e-01 5.787171682967535702e-01
1.220000000000000000e+03 3.119449202284002021e-01 5.789974525210471734e-01
1.230000000000000000e+03 3.115460829810796084e-01 5.793877031007355072e-01
1.240000000000000000e+03 3.110365559613991193e-01 5.798891613185795935e-01
1.250000000000000000e+03 3.104171937488015565e-01 5.805010034653144135e-01
1.260000000000000000e+03 3.096908717897555174e-01 5.812203614232513971e-01
1.270000000000000000e+03 3.088623449381890373e-01 5.820424457908672800e-01
1.280000000000000000e+03 3.079380423576419390e-01 5.829607812009540702e-01
1.290000000000000000e+03 3.069257803264927587e-01 5.839675271909163801e-01
1.300000000000000000e+03 3.058344100572290558e-01 5.850538619121412598e-01
1.310000000000000000e+03 3.046733996514058851e-01 5.862103245395554607e-01
1.320000000000000000e+03 3.034524138925631664e-01 5.874272041188500770e-01
1.330000000000000000e+03 3.021808945189274342e-01 5.886949919412731713e-01
1.340000000000000000e+03 3.008676492764700283e-01 5.900048168923716085e-01
1.350000000000000000e+03 2.995204938076460044e-01 5.913487965376974520e-01
1.360000000000000000e+03 2.981459790524919606e-01 5.927202895160019747e-01
1.370000000000000000e+03 2.967492414231329700e-01 5.941140914783921145e-01
1.380000000000000000e+03 2.953339293221504680e-01 5.955264981412133896e-01
1.390000000000000000e+03 2.939022199743915320e-01 5.969552309686597669e-01
1.400000000000000000e+03 2.924549930311582391e-01 5.983993505086424580e-01
1.410000000000000000e+03 2.909920903054623587e-01 5.998590214669752285e-01
1.420000000000000000e+03 2.895126176976882681e-01 6.013351243930228351e-01
1.430000000000000000e+03 2.880153262800190239e-01 6.028289110721516408e-01
1.440000000000000000e+03 2.864990322745983309e-01 6.043416305296075430e-01
1.450000000000000000e+03 2.849629668808587035e-01 6.058740961633926059e-01
1.460000000000000000e+03 2.834070802046951276e-01 6.074263510838600055e-01
1.470000000000000000e+03 2.818323006605059633e-01 6.089974391475692084e-01
1.480000000000000000e+03 2.802407008917450759e-01 6.105852766716530766e-01
1.490000000000000000e+03 2.786355481608056572e-01 6.121866432256968249e-01
1.500000000000000000e+03 2.770212088662272198e-01 6.137972031551969243e-01
1.510000000000000000e+03 2.754029851594478329e-01 6.154116890340620705e-01
1.520000000000000000e+03 2.737868891058825027e-01 6.170241903054120014e-01
1.530000000000000000e+03 2.721793086986353249e-01 6.186284091122540296e-01
1.540000000000000000e+03 2.705866343484534253e-01 6.202179855319008839e-01
1.550000000000000000e+03 2.690149253954683961e-01 6.217868539965614172e-01
1.560000000000000000e+03 2.674695983049988901e-01 6.233295441325976682e-01
1.570000000000000000e+03 2.659551657939640545e-01 6.248414597294339456e-01
1.580000000000000000e+03 2.644750623863328376e-01 6.263191127318825657e-01
1.590000000000000000e+03 2.630315666223546622e-01 6.277602298444376894e-01
1.600000000000000000e+03 2.616257781894964496e-01 6.291636732272056776e-01
1.610000000000000000e+03 2.602576966751127263e-01 6.305294277464288388e-01
1.620000000000000000e+03 2.589263676140474701e-01 6.318584842147345615e-01
1.630000000000000000e+03 2.576300478504084945e-01 6.331526022728803937e-01
1.640000000000000000e+03 2.563664237360603892e-01 6.344141486280501230e-01
1.650000000000000000e+03 2.551328243342895208e-01 6.356459061820890488e-01
1.660000000000000000e+03 2.539264097423483690e-01 6.368507957162476973e-01
1.670000000000000000e+03 2.527443459988873986e-01 6.380316672996821925e-01
1.680000000000000000e+03 2.515839803697089705e-01 6.391912134026185299e-01
1.690000000000000000e+03 2.504429470926866075e-01 6.403318060396652189e-01
1.700000000000000000e+03 2.493192406187819954e-01 6.414553835938703319e-01
1.710000000000000000e+03 2.482112987136674276e-01 6.425634949104608307e-01
1.720000000000000000e+03 2.471180219068239703e-01 6.436573211887501866e-01
1.730000000000000000e+03 2.460387534640997576e-01 6.447376324794426017e-01
1.740000000000000000e+03 2.449732007727675742e-01 6.458046263347181348e-01
1.750000000000000000e+03 2.439214192303277295e-01 6.468580693208807464e-01
1.760000000000000000e+03 2.428837861658043329e-01 6.478974366688299291e-01
1.770000000000000000e+03 2.418609551243431077e-01 6.489219734408011586e-01
1.780000000000000000e+03 2.408538231991927403e-01 6.499307494738953972e-01
1.790000000000000000e+03 2.398634736117797039e-01 6.509226311398280673e-01
1.800000000000000000e+03 2.388911255511511900e-01 6.518963675647749811e-01
1.810000000000000000e+03 2.379381002542323431e-01 6.528507108666311565e-01
1.820000000000000000e+03 2.370057705295698092e-01 6.537844257450692309e-01
1.830000000000000000e+03 2.360955261730295074e-01 6.546962827199059864e-01
1.840000000000000000e+03 2.352087278976707219e-01 6.555850635555386940e-01
1.850000000000000000e+03 2.343466421735550254e-01 6.564496189462353248e-01
1.860000000000000000e+03 2.335103492206330178e-01 6.572888140132161494e-01
1.870000000000000000e+03 2.327007326635906481e-01 6.581015640917505793e-01
1.880000000000000000e+03 2.319184991071977231e-01 6.588869628264321099e-01
1.890000000000000000e+03 2.311641626033500430e-01 6.596443408055452373e-01
1.900000000000000000e+03 2.304380575206385895e-01 6.603733856451798889e-01
1.910000000000000000e+03 2.297403002933118554e-01 6.610740425818170118e-01
1.920000000000000000e+03 2.290707724039529325e-01 6.617464267364623343e-01
1.930000000000000000e+03 2.284291554124929513e-01 6.623909545070358895e-01
1.940000000000000000e+03 2.278149493709286655e-01 6.630083663693044915e-01
1.950000000000000000e+03 2.272273956171887155e-01 6.635994221739032195e-01
1.960000000000000000e+03 2.266655229331063504e-01 6.641649770703311750e-01
1.970000000000000000e+03 2.261282235946750763e-01 6.647061347784500862e-01
1.980000000000000000e+03 2.256142272960318662e-01 6.652241120371101823e-01
1.990000000000000000e+03 2.251221630697312071e-01 6.657202783749770481e-01
2.000000000000000000e+03 2.246506026041799609e-01 6.661961032782325320e-01
2.010000000000000000e+03 2.241980185007285131e-01 6.666529237370842909e-01
2.020000000000000000e+03 2.237628543666117242e-01 6.670920394243839979e-01
2.030000000000000000e+03 2.233435923714614246e-01 6.675147837660496686e-01
2.040000000000000000e+03 2.229387912695486307e-01 6.679225201482390517e-01
2.050000000000000000e+03 2.225471033167072121e-01 6.683166004305762797e-01
2.060000000000000000e+03 2.221672557843390738e-01 6.686983142146267767e-01
2.070000000000000000e+03 2.217980673390715085e-01 6.690689890256105166e-01
2.080000000000000000e+03 2.214384471205067817e-01 6.694300230644574246e-01
2.090000000000000000e+03 2.210873337950843565e-01 6.697826871895800060e-01
2.100000000000000000e+03 2.207436887567171824e-01 6.701280964943422402e-01
2.110000000000000000e+03 2.204065149714929950e-01 6.704672216679309349e-01
2.120000000000000000e+03 2.200748685156582174e-01 6.708009893066749774e-01
2.130000000000000000e+03 2.197478713279937823e-01 6.711303552333232059e-01
2.140000000000000000e+03 2.194247020438112039e-01 6.714562045568727155e-01
2.150000000000000000e+03 2.191045832215291755e-01 6.717792282930763470e-01
2.160000000000000000e+03 2.187868460497602308e-01 6.720999845390837057e-01
2.170000000000000000e+03 2.184710004426691221e-01 6.724190061569875754e-01
2.180000000000000000e+03 2.181567218412785170e-01 6.727366738293493187e-01
2.190000000000000000e+03 2.178438322029069563e-01 6.730529932612456800e-01
2.200000000000000000e+03 2.175323607295903128e-01 6.733677659203355370e-01
2.210000000000000000e+03 2.172225634497819691e-01 6.736807108143936240e-01
2.220000000000000000e+03 2.169148933498401266e-01 6.739913417814189511e-01
2.230000000000000000e+03 2.166099883730299991e-01 6.742990055032986874e-01
2.240000000000000000e+03 2.163086190361574734e-01 6.746027924366957418e-01
2.250000000000000000e+03 2.160116962951361685e-01 6.749017161651965635e-01
2.260000000000000000e+03 2.157203005904912152e-01 6.751950644445876559e-01
2.270000000000000000e+03 2.154355384399579409e-01 6.754820910407793866e-01
2.280000000000000000e+03 2.151585033101171829e-01 6.757619486472983272e-01
2.290000000000000000e+03 2.148903081729752196e-01 6.760338524306706010e-01
2.300000000000000000e+03 2.146319402581023938e-01 6.762966565892600812e-01
2.310000000000000000e+03 2.143842136751355210e-01 6.765488326547426379e-01
2.320000000000000000e+03 2.141478714541074635e-01 6.767889642309252718e-01
2.330000000000000000e+03 2.139237063430595165e-01 6.770161671577857865e-01
2.340000000000000000e+03 2.137125457502836168e-01 6.772299357193481972e-01
2.350000000000000000e+03 2.135151533657070055e-01 6.774298087344537977e-01
2.360000000000000000e+03 2.133322502059003534e-01 6.776153292234931014e-01
2.370000000000000000e+03 2.131645761031069064e-01 6.777860643097862736e-01
2.380000000000000000e+03 2.130128395369808025e-01 6.779412881663234858e-01
2.390000000000000000e+03 2.128777806649982118e-01 6.780800406099752875e-01
2.400000000000000000e+03 2.127602777903419562e-01 6.782013248314445741e-01
2.410000000000000000e+03 2.126614515364206870e-01 6.783042919819126659e-01
2.420000000000000000e+03 2.125826086211200228e-01 6.783878753896812608e-01
2.430000000000000000e+03 2.125251830264160424e-01 6.784505090749644030e-01
2.440000000000000000e+03 2.124907994922233256e-01 6.784903344573364192e-01
2.450000000000000000e+03 2.124813198121826008e-01 6.785053855931674205e-01
2.460000000000000000e+03 2.124988349625637485e-01 6.784936781517320048e-01
2.470000000000000000e+03 2.125455996294377259e-01 6.784531234844007885e-01
2.480000000000000000e+03 2.126238959127393635e-01 6.783812730607763353e-01
2.490000000000000000e+03 2.127360290621087835e-01 6.782755200344611213e-01
2.500000000000000000e+03 2.128843334024904110e-01 6.781334707464409250e-01
2.510000000000000000e+03 2.130709657997610085e-01 6.779528364114661976e-01
2.520000000000000000e+03 2.132978869799241339e-01 6.777317101260111887e-01
2.530000000000000000e+03 2.135666993354069787e-01 6.774682414272759079e-01
2.540000000000000000e+03 2.138786276625753713e-01 6.771609957818579550e-01
2.550000000000000000e+03 2.142345353084009751e-01 6.768093282947118539e-01
2.560000000000000000e+03 2.146348915022337767e-01 6.764132120607113663e-01
2.570000000000000000e+03 2.150796148893583670e-01 6.759727683466482118e-01
2.580000000000000000e+03 2.155681781859793422e-01 6.754885386568499905e-01
2.590000000000000000e+03 2.160997806613815519e-01 6.749616365669693918e-01
2.600000000000000000e+03 2.166733247341268154e-01 6.743931496379527157e-01
2.610000000000000000e+03 2.172874974140941717e-01 6.737839803816920714e-01
2.620000000000000000e+03 2.179409936605309350e-01 6.731348600523775483e-01
2.630000000000000000e+03 2.186327766132272199e-01 6.724464664132618896e-01
2.640000000000000000e+03 2.193622733886658183e-01 6.717195853288623342e-01
2.650000000000000000e+03 2.201294440354955306e-01 6.709549074616180109e-01
2.660000000000000000e+03 2.209346146803485844e-01 6.701527181122017840e-01
2.670000000000000000e+03 2.217782263287869648e-01 6.693129381736964145e-01
2.680000000000000000e+03 2.226606585151126028e-01 6.684351332236287968e-01
2.690000000000000000e+03 2.235821203027894000e-01 6.675188749323948123e-01
2.700000000000000000e+03 2.245423622246388029e-01 6.665640158077797972e-01
2.710000000000000000e+03 2.255403027932636473e-01 6.655710449813951879e-01
2.720000000000000000e+03 2.265738229371040968e-01 6.645417909795768852e-01
2.730000000000000000e+03 2.276395154225568374e-01 6.634797744168896561e-01
2.740000000000000000e+03 2.287324017079696015e-01 6.623901543221470956e-01
2.750000000000000000e+03 2.298459132626926027e-01 6.612797856251156903e-01
2.760000000000000000e+03 2.309718309179563389e-01 6.601569362897469206e-01
2.770000000000000000e+03 2.321003851263528373e-01 6.590313059363511750e-01
2.780000000000000000e+03 2.332205457907181867e-01 6.579139429602747224e-01
2.790000000000000000e+03 2.343204812387557345e-01 6.568168786361746614e-01
2.800000000000000000e+03 2.353878499206974173e-01 6.557523752532742334e-01
2.810000000000000000e+03 2.364103372922728707e-01 6.547328197758710555e-01
2.820000000000000000e+03 2.373761081123014482e-01 6.537701331950313000e-01
2.830000000000000000e+03 2.382741459695368047e-01 6.528750995678690439e-01
2.840000000000000000e+03 2.390948580532275825e-01 6.520573141322041355e-01
2.850000000000000000e+03 2.398303990536955199e-01 6.513246047399170457e-01
2.860000000000000000e+03 2.404749545112756515e-01 6.506825560694002863e-01
2.870000000000000000e+03 2.410250617018121488e-01 6.501345953725146121e-01
2.880000000000000000e+03 2.414797993789826736e-01 6.496820541362857693e-01
2.890000000000000000e+03 2.418405996588950113e-01 6.493238362093389782e-01
2.900000000000000000e+03 2.421111039974371826e-01 6.490563020230231128e-01
2.910000000000000000e+03 2.422970512220735118e-01 6.488734903004671484e-01
2.920000000000000000e+03 2.424061102412772839e-01 6.487678144885898890e-01
2.930000000000000000e+03 2.424475962585234401e-01 6.487302387891686895e-01
2.940000000000000000e+03 2.424318825705647495e-01 6.487502237172709796e-01
2.950000000000000000e+03 2.423699379709608748e-01 6.488163227317659265e-01
2.960000000000000000e+03 2.422730556370590316e-01 6.489169721122098888e-01
2.970000000000000000e+03 2.421525264801787647e-01 6.490412067265173279e-01
2.980000000000000000e+03 2.420191222143525112e-01 6.491787567856908137e-01
2.990000000000000000e+03 2.418826537953401024e-01 6.493202864020661824e-01
3.000000000000000000e+03 2.417516780569928248e-01 6.494575073188121328e-01
3.010000000000000000e+03 2.416331748718264505e-01 6.495829472091734225e-01
3.020000000000000000e+03 2.415325876340808642e-01 6.496902889746011267e-01
3.030000000000000000e+03 2.414542894180074784e-01 6.497754015532125615e-01
3.040000000000000000e+03 2.414013593715449990e-01 6.498357396793832397e-01
3.050000000000000000e+03 2.413752769552192368e-01 6.498692022049543660e-01
3.060000000000000000e+03 2.413766665448799920e-01 6.498748158973812750e-01
3.070000000000000000e+03 2.414054705297382919e-01 6.498524980213751245e-01
3.080000000000000000e+03 2.414610753387530229e-01 6.498029194221709437e-01
3.090000000000000000e+03 2.415425671595186619e-01 6.497273247292852938e-01
3.100000000000000000e+03 2.416486475137462064e-01 6.496269179011676664e-01
3.110000000000000000e+03 2.417779496063759415e-01 6.495033063246191674e-01
3.120000000000000000e+03 2.419291958190740166e-01 6.493580589660227220e-01
3.130000000000000000e+03 2.421010958252159950e-01 6.491922857680620940e-01
3.140000000000000000e+03 2.422924639221888110e-01 6.490071507298872389e-01
3.150000000000000000e+03 2.425022421034895292e-01 6.488042147973397400e-01
3.160000000000000000e+03 2.427291702375795890e-01 6.485848879189343164e-01
3.170000000000000000e+03 2.429719093059501400e-01 6.483501704878589234e-01
3.180000000000000000e+03 2.432292215874756469e-01 6.481013400896394883e-01
3.190000000000000000e+03 2.434996022727731746e-01 6.478398075826412583e-01
3.200000000000000000e+03 2.437812526196823648e-01 6.475668570397492552e-01
3.210000000000000000e+03 2.440723918979988416e-01 6.472840344812080815e-01
3.220000000000000000e+03 2.443712863063552398e-01 6.469934764095207624e-01
3.230000000000000000e+03 2.446757075773583479e-01 6.466967497592802649e-01
3.240000000000000000e+03 2.449833661264660400e-01 6.463957185959207097e-01
3.250000000000000000e+03 2.452923157642215024e-01 6.460935847777008467e-01
3.260000000000000000e+03 2.456004214413039788e-01 6.457931613927186953e-01
3.270000000000000000e+03 2.459051657949800351e-01 6.454964225130565003e-01
3.280000000000000000e+03 2.462042158343758780e-01 6.452057687218045734e-01
3.290000000000000000e+03 2.464952871971193282e-01 6.449233719243780971e-01
3.300000000000000000e+03 2.467758714722924906e-01 6.446510014531307009e-01
3.310000000000000000e+03 2.470438104107099964e-01 6.443915450880499662e-01
3.320000000000000000e+03 2.472967372487229198e-01 6.441473719541771503e-01
3.330000000000000000e+03 2.475319992081016218e-01 6.439204628838492983e-01
3.340000000000000000e+03 2.477471188691077186e-01 6.437136330916674032e-01
3.350000000000000000e+03 2.479393560735425883e-01 6.435296104199342837e-01
3.360000000000000000e+03 2.481058996576993858e-01 6.433714214805679177e-01
3.370000000000000000e+03 2.482439629935898895e-01 6.432423839386816056e-01
3.380000000000000000e+03 2.483503232469745081e-01 6.431452774360981728e-01
3.390000000000000000e+03 2.484216383106788995e-01 6.430828066232734397e-01
3.400000000000000000e+03 2.484546361905738965e-01 6.430580526520554008e-01
3.410000000000000000e+03 2.484461164036378955e-01 6.430744507431379597e-01
3.420000000000000000e+03 2.483929948236469065e-01 6.431351939312812682e-01
3.430000000000000000e+03 2.482921621598720430e-01 6.432427738689351360e-01
3.440000000000000000e+03 2.481408920793845840e-01 6.433999198252635665e-01
3.450000000000000000e+03 2.479368528772984692e-01 6.436090587436334998e-01
3.460000000000000000e+03 2.476782113300862453e-01 6.438722413400588263e-01
3.470000000000000000e+03 2.473639442847559711e-01 6.441917276196233999e-01
3.480000000000000000e+03 2.469933540022678786e-01 6.445688251119027212e-01
3.490000000000000000e+03 2.465660805438033842e-01 6.450035148700391519e-01
3.500000000000000000e+03 2.460823006005077029e-01 6.454947652691774840e-01
3.510000000000000000e+03 2.455428673624145963e-01 6.460411737695518353e-01
3.520000000000000000e+03 2.449494437532241109e-01 6.466416360720178558e-01
3.530000000000000000e+03 2.443039294522661165e-01 6.472939592007100895e-01
3.540000000000000000e+03 2.436086955732880699e-01 6.479957863166813103e-01
3.550000000000000000e+03 2.428665125120536561e-01 6.487452017272102855e-01
3.560000000000000000e+03 2.420800094005755576e-01 6.495394136315100209e-01
3.570000000000000000e+03 2.412518229635225997e-01 6.503751698286722727e-01
3.580000000000000000e+03 2.403849009087785649e-01 6.512499929402456589e-01
3.590000000000000000e+03 2.394821139215836392e-01 6.521608607146142100e-01
3.600000000000000000e+03 2.385461702631387071e-01 6.531047032650832973e-01
3.610000000000000000e+03 2.375800493162426585e-01 6.540792250425760956e-01
3.620000000000000000e+03 2.365867332344087082e-01 6.550811440477098957e-01
3.630000000000000000e+03 2.355692028154218187e-01 6.561066950886259574e-01
3.640000000000000000e+03 2.345307558006068105e-01 6.571524717520578207e-01
3.650000000000000000e+03 2.334750987566968083e-01 6.582151979415049592e-01
3.660000000000000000e+03 2.324062127316909310e-01 6.592915268430084019e-01
3.670000000000000000e+03 2.313285018450118302e-01 6.603774220525245875e-01
3.680000000000000000e+03 2.302465968529650020e-01 6.614674586240418819e-01
3.690000000000000000e+03 2.291656476557350774e-01 6.625561891879593324e-01
3.700000000000000000e+03 2.280912746442493311e-01 6.636384474476855200e-01
3.710000000000000000e+03 2.270293974290735206e-01 6.647086935269421737e-01
3.720000000000000000e+03 2.259863784182644386e-01 6.657602875852517421e-01
3.730000000000000000e+03 2.249687391695349981e-01 6.667860038351755003e-01
3.740000000000000000e+03 2.239831614652670611e-01 6.677798269483267157e-01
3.750000000000000000e+03 2.230361635298478973e-01 6.687350948324592981e-01
3.760000000000000000e+03 2.221339315090410660e-01 6.696448452448944266e-01
3.770000000000000000e+03 2.212824715516946983e-01 6.705030349113373367e-01
3.780000000000000000e+03 2.204874008234355975e-01 6.713051210250396972e-01
3.790000000000000000e+03 2.197535046005114623e-01 6.720471313701870120e-01
3.800000000000000000e+03 2.190847214720199332e-01 6.727243275737032624e-01
3.810000000000000000e+03 2.184840580668828136e-01 6.733323780791342639e-01
3.820000000000000000e+03 2.179539589069619532e-01 6.738698136918691572e-01
3.830000000000000000e+03 2.174961234334393534e-01 6.743362533036949547e-01
3.840000000000000000e+03 2.171110604861475057e-01 6.747303861686120285e-01
3.850000000000000000e+03 2.167985312651150853e-01 6.750511197420419052e-01
3.860000000000000000e+03 2.165584042077043081e-01 6.752994384800099503e-01
3.870000000000000000e+03 2.163901636793643113e-01 6.754760364964428332e-01
3.880000000000000000e+03 2.162930161955225750e-01 6.755810027740273283e-01
3.890000000000000000e+03 2.162663035948570178e-01 6.756148290787820088e-01
3.900000000000000000e+03 2.163095484489110654e-01 6.755777938143817662e-01
3.910000000000000000e+03 2.164228277000554146e-01 6.754707279717351298e-01
3.920000000000000000e+03 2.166063269960930848e-01 6.752932589283032749e-01
3.930000000000000000e+03 2.168605788021991942e-01 6.750451381646995763e-01
3.940000000000000000e+03 2.171867408335344529e-01 6.747267268300531917e-01
3.950000000000000000e+03 2.175857906410240405e-01 6.743360736413308576e-01
3.960000000000000000e+03 2.180589627128137753e-01 6.738706756528622943e-01
3.970000000000000000e+03 2.186082086310477124e-01 6.733297173890664400e-01
3.980000000000000000e+03 2.192354139289920678e-01 6.727117643553885973e-01
3.990000000000000000e+03 2.199420675317731444e-01 6.720140342086911023e-01
4.000000000000000000e+03 2.207298484657214677e-01 6.712348939111122403e-01
4.010000000000000000e+03 2.216003175325364505e-01 6.703731098872310890e-01
4.020000000000000000e+03 2.225546167804609010e-01 6.694267757499836602e-01
4.030000000000000000e+03 2.235935469631719907e-01 6.683950374362874758e-01
4.040000000000000000e+03 2.247175895284534985e-01 6.672780150908688146e-01
4.050000000000000000e+03 2.259267425647443761e-01 6.660755508114074575e-01
4.060000000000000000e+03 2.272205949841258343e-01 6.647876059244769431e-01
4.070000000000000000e+03 2.285984443497547092e-01 6.634154421249586209e-01
4.080000000000000000e+03 2.300591421149186799e-01 6.619613256888745578e-01
4.090000000000000000e+03 2.316009240418493154e-01 6.604271707451359052e-01
4.100000000000000000e+03 2.332216390923805560e-01 6.588156840737607878e-01
4.110000000000000000e+03 2.349185072227675253e-01 6.571288048076914245e-01
4.120000000000000000e+03 2.366882954609804413e-01 6.553680830969288440e-01
4.130000000000000000e+03 2.385279110453555895e-01 6.535374109776806995e-01
4.140000000000000000e+03 2.404338117371540018e-01 6.516410760650953593e-01
4.150000000000000000e+03 2.424016882534895945e-01 6.496825572178661634e-01
4.160000000000000000e+03 2.444271812885618900e-01 6.476652695046242192e-01
4.170000000000000000e+03 2.465062078821170233e-01 6.455936911400403933e-01
4.180000000000000000e+03 2.486345308572771029e-01 6.434736123533233432e-01
4.190000000000000000e+03 2.508072174072680793e-01 6.413100221334543383e-01
4.200000000000000000e+03 2.530190656729090493e-01 6.391071389332512176e-01
