0.000000000000000000e+00 2.432371491149680209e-01 6.485372410251694086e-01
1.000000000000000000e+01 2.437127670902254628e-01 6.480511648785204359e-01
2.000000000000000000e+01 2.439643012618933071e-01 6.477908688924632896e-01
3.000000000000000000e+01 2.440048421654663624e-01 6.477423573600296081e-01
4.000000000000000000e+01 2.438569155421163037e-01 6.478838108658381278e-01
5.000000000000000000e+01 2.435563009110582045e-01 6.481795871933155873e-01
6.000000000000000000e+01 2.431487004834365917e-01 6.485834647608089698e-01
7.000000000000000000e+01 2.426877641858223855e-01 6.490414968684967700e-01
8.000000000000000000e+01 2.422318151130913033e-01 6.494953961598932679e-01
9.000000000000000000e+01 2.418396011674540103e-01 6.498865494779474394e-01
1.000000000000000000e+02 2.415659598431391109e-01 6.501601767555206246e-01
1.100000000000000000e+02 2.414579900386657207e-01 6.502691151463074748e-01
1.200000000000000000e+02 2.415520909335682198e-01 6.501769386637997750e-01
1.300000000000000000e+02 2.418718896888703562e-01 6.498600555578318838e-01
1.400000000000000000e+02 2.424272317349147887e-01 6.493086566020946915e-01
1.500000000000000000e+02 2.432142583007036174e-01 6.485266103838768226e-01
1.600000000000000000e+02 2.442163973476557115e-01 6.475304443965701484e-01
1.700000000000000000e+02 2.454060933328821859e-01 6.463475973011133524e-01
1.800000000000000000e+02 2.467470983487584091e-01 6.450141500312893683e-01
1.900000000000000000e+02 2.481970968237152408e-01 6.435722390480352884e-01
2.000000000000000000e+02 2.497104212417885494e-01 6.420673613087449771e-01
2.100000000000000000e+02 2.512406580191470229e-01 6.405457685072284413e-01
2.200000000000000000e+02 2.527430027775183219e-01 6.390521124647411400e-01
2.300000000000000000e+02 2.541762657510802659e-01 6.376274567561949214e-01
2.400000000000000000e+02 2.555044457337308228e-01 6.363077224193510739e-01
2.500000000000000000e+02 2.566978153067457358e-01 6.351225992510195484e-01
2.600000000000000000e+02 2.577335204504844768e-01 6.340949259988056808e-01
2.700000000000000000e+02 2.585957542716880164e-01 6.332405068764823675e-01
2.800000000000000000e+02 2.592755715730031274e-01 6.325682983875157150e-01
2.900000000000000000e+02 2.597704087615648194e-01 6.320808916362977703e-01
3.000000000000000000e+02 2.600833818481419479e-01 6.317752137368217724e-01
3.100000000000000000e+02 2.602224360020506944e-01 6.316433637392956379e-01
3.200000000000000000e+02 2.601994258930903636e-01 6.316735123742071023e-01
3.300000000000000000e+02 2.600292009073997823e-01 6.318508238855362613e-01
3.400000000000000000e+02 2.597287322431499623e-01 6.321583498410224822e-01
3.500000000000000000e+02 2.593162975348677346e-01 6.325778396850660901e-01
3.600000000000000000e+02 2.588107517108027555e-01 6.330904513112982634e-01
3.700000000000000000e+02 2.582309059819598018e-01 6.336773690163708395e-01
3.800000000000000000e+02 2.575950102779847595e-01 6.343203276483700970e-01
3.900000000000000000e+02 2.569203310555019937e-01 6.350020344765434643e-01
4.000000000000000000e+02 2.562228263136989703e-01 6.357064903941874734e-01
4.100000000000000000e+02 2.555169148938562507e-01 6.364192235126232555e-01
4.200000000000000000e+02 2.548153286314318589e-01 6.371274449724407818e-01
4.300000000000000000e+02 2.541290353064212804e-01 6.378201331921959927e-01
4.400000000000000000e+02 2.534672214911236066e-01 6.384880563473154247e-01
4.500000000000000000e+02 2.528373272827921792e-01 6.391237419101010175e-01
4.600000000000000000e+02 2.522451253953155170e-01 6.397213997200730251e-01
4.700000000000000000e+02 2.516948351100902759e-01 6.402768058207286561e-01
4.800000000000000000e+02 2.511892637161802777e-01 6.407871542704930423e-01
4.900000000000000000e+02 2.507299683443439675e-01 6.412508873005182686e-01
5.000000000000000000e+02 2.503174284348685941e-01 6.416675185426831129e-01
5.100000000000000000e+02 2.499512220742001467e-01 6.420374571001181696e-01
5.200000000000000000e+02 2.496302018673245693e-01 6.423618344394568247e-01
5.300000000000000000e+02 2.493526657619326570e-01 6.426423376146485067e-01
5.400000000000000000e+02 2.491165167178540363e-01 6.428810533364898161e-01
5.500000000000000000e+02 2.489193996816198018e-01 6.430803294216150823e-01
5.600000000000000000e+02 2.487588082830882452e-01 6.432426632848620152e-01
5.700000000000000000e+02 2.486321668134980345e-01 6.433706182040943578e-01
5.800000000000000000e+02 2.485368897945798572e-01 6.434667590649733038e-01
5.900000000000000000e+02 2.484704170489627217e-01 6.435336060010415915e-01
6.000000000000000000e+02 2.484302317281180950e-01 6.435736100678811633e-01
6.100000000000000000e+02 2.484138669886893636e-01 6.435891553375070462e-01
6.200000000000000000e+02 2.484188998133866899e-01 6.435825861361305078e-01
6.300000000000000000e+02 2.484429297083242671e-01 6.435562448993651374e-01
6.400000000000000000e+02 2.484835443601030869e-01 6.435125033338443545e-01
6.500000000000000000e+02 2.485382841786373809e-01 6.434537860745233040e-01
6.600000000000000000e+02 2.486046140926972126e-01 6.433825945036444338e-01
6.700000000000000000e+02 2.486799014318719081e-01 6.433015355828892723e-01
6.800000000000000000e+02 2.487613944112342934e-01 6.432133535196431495e-01
6.900000000000000000e+02 2.488461958954199249e-01 6.431209563353417202e-01
7.000000000000000000e+02 2.489312400395922442e-01 6.430274350226664604e-01
7.100000000000000000e+02 2.490132858299818341e-01 6.429360664055282504e-01
7.200000000000000000e+02 2.490889331505668214e-01 6.428502877514002956e-01
7.300000000000000000e+02 2.491546651742271579e-01 6.427736474708368730e-01
7.400000000000000000e+02 2.492069190759868269e-01 6.427097361889205773e-01
7.500000000000000000e+02 2.492421823553580273e-01 6.426620936179447963e-01
7.600000000000000000e+02 2.492571122729264343e-01 6.426340909686290015e-01
7.700000000000000000e+02 2.492486723778709889e-01 6.426287967069566065e-01
7.800000000000000000e+02 2.492142745874785237e-01 6.426488400442262883e-01
7.900000000000000000e+02 2.491519141156688932e-01 6.426962781859456575e-01
8.000000000000000000e+02 2.490602901840001104e-01 6.427724723490104708e-01
8.100000000000000000e+02 2.489389074001911450e-01 6.428779835966725864e-01
8.200000000000000000e+02 2.487881519061845847e-01 6.430124932084740896e-01
8.300000000000000000e+02 2.486093342730315847e-01 6.431747547614475868e-01
8.400000000000000000e+02 2.484046896958106987e-01 6.433625883064293394e-01
8.500000000000000000e+02 2.481773345028536748e-01 6.435729214604728465e-01
8.600000000000000000e+02 2.479311845107593504e-01 6.438018777038823082e-01
8.700000000000000000e+02 2.476708370863426600e-01 6.440449022361782738e-01
8.800000000000000000e+02 2.474014195727495258e-01 6.442969121875665728e-01
8.900000000000000000e+02 2.471284160096817728e-01 6.445524637487852759e-01
9.000000000000000000e+02 2.468574873882229959e-01 6.448059273914924505e-01
9.100000000000000000e+02 2.465942943734452941e-01 6.450516655234224128e-01
9.200000000000000000e+02 2.463443258663011726e-01 6.452842105485058211e-01
9.300000000000000000e+02 2.461127368110496982e-01 6.454984334060525075e-01
9.400000000000000000e+02 2.459041965830559007e-01 6.456896964645513215e-01
9.500000000000000000e+02 2.457227521524981417e-01 6.458539899501447579e-01
9.600000000000000000e+02 2.455717136139251577e-01 6.459880415781950047e-01
9.700000000000000000e+02 2.454535648469556297e-01 6.460893967655093606e-01
9.800000000000000000e+02 2.453699004491127211e-01 6.461564801798612701e-01
9.900000000000000000e+02 2.453213911701347394e-01 6.461886370793669121e-01
1.000000000000000000e+03 2.453077783479480356e-01 6.461861446818878418e-01
1.010000000000000000e+03 2.453278955026028385e-01 6.461501911955924715e-01
1.020000000000000000e+03 2.453797130281253069e-01 6.460828268362824867e-01
1.030000000000000000e+03 2.454604062195077929e-01 6.459868948189787519e-01
1.040000000000000000e+03 2.455664454005880848e-01 6.458659432925701882e-01
1.050000000000000000e+03 2.456936999718632997e-01 6.457241177404511312e-01
1.060000000000000000e+03 2.458375528219590989e-01 6.455660419057229760e-01
1.070000000000000000e+03 2.459930259438455613e-01 6.453966946035042396e-01
1.080000000000000000e+03 2.461549139327726399e-01 6.452212827921284255e-01
1.090000000000000000e+03 2.463179172757128110e-01 6.450451104700051230e-01
1.100000000000000000e+03 2.464767667679658714e-01 6.448734524489188047e-01
1.110000000000000000e+03 2.466263321023430821e-01 6.447114429841083183e-01
1.120000000000000000e+03 2.467617088712628914e-01 6.445639854562431603e-01
1.130000000000000000e+03 2.468782843031382401e-01 6.444356845593637306e-01
1.140000000000000000e+03 2.469717872970692563e-01 6.443307962228176367e-01
1.150000000000000000e+03 2.470383301228600836e-01 6.442531896979185602e-01
1.160000000000000000e+03 2.470744456509427200e-01 6.442063169275300538e-01
1.170000000000000000e+03 2.470771184958329703e-01 6.441931824315174637e-01
1.180000000000000000e+03 2.470438107106206760e-01 6.442163110536124337e-01
1.190000000000000000e+03 2.469724891857890681e-01 6.442777149740952503e-01
1.200000000000000000e+03 2.468616600440013686e-01 6.443788626462124691e-01
1.210000000000000000e+03 2.467104060903143603e-01 6.445206502140738980e-01
1.220000000000000000e+03 2.465184186970860170e-01 6.447033707877873887e-01
1.230000000000000000e+03 2.462860196695813020e-01 6.449266837859896073e-01
1.240000000000000000e+03 2.460141700108368634e-01 6.451896002695818311e-01
1.250000000000000000e+03 2.457044583068508647e-01 6.454904976909409120e-01
1.260000000000000000e+03 2.453590630949875895e-01 6.458271665682169260e-01
1.270000000000000000e+03 2.449806866695323493e-01 6.461968859349593863e-01
1.280000000000000000e+03 2.445724603675616393e-01 6.465965195902899643e-01
1.290000000000000000e+03 2.441378265667844549e-01 6.470226316215617057e-01
1.300000000000000000e+03 2.436804051818406425e-01 6.474716172893136834e-01
1.310000000000000000e+03 2.432038572176848656e-01 6.479398345871203446e-01
1.320000000000000000e+03 2.427117592060014650e-01 6.484237261014106357e-01
1.330000000000000000e+03 2.422074991379046249e-01 6.489199249012654880e-01
1.340000000000000000e+03 2.416942001920613647e-01 6.494253322897008962e-01
1.350000000000000000e+03 2.411746757921170992e-01 6.499371554508733828e-01
1.360000000000000000e+03 2.406514254807279318e-01 6.504529021342394524e-01
1.370000000000000000e+03 2.401266753769797924e-01 6.509703389295377063e-01
1.380000000000000000e+03 2.396024611465681908e-01 6.514874190577925051e-01
1.390000000000000000e+03 2.390807443645578123e-01 6.520021792709119746e-01
1.400000000000000000e+03 2.385635391350539869e-01 6.525126125286241363e-01
1.410000000000000000e+03 2.380530284753336612e-01 6.530165405184525929e-01
1.420000000000000000e+03 2.375516618742248010e-01 6.535115076047224303e-01
1.430000000000000000e+03 2.370622288192251181e-01 6.539947092900251224e-01
1.440000000000000000e+03 2.365878937762713463e-01 6.544629685878297076e-01
1.450000000000000000e+03 2.361321744414440760e-01 6.549127648527496293e-01
1.460000000000000000e+03 2.356988653705505421e-01 6.553403085699892605e-01
1.470000000000000000e+03 2.352919217608148705e-01 6.557416527049926280e-01
1.480000000000000000e+03 2.349153128268194335e-01 6.561128385220517112e-01
1.490000000000000000e+03 2.345728450998109393e-01 6.564500693607785431e-01
1.500000000000000000e+03 2.342679625723798342e-01 6.567499002146882647e-01
1.510000000000000000e+03 2.340035484870562066e-01 6.570094339613185008e-01
1.520000000000000000e+03 2.337817473794537027e-01 6.572265076608457823e-01
1.530000000000000000e+03 2.336038156867514259e-01 6.573998476299073301e-01
1.540000000000000000e+03 2.334700162196476081e-01 6.575291837173528053e-01
1.550000000000000000e+03 2.333795623817614961e-01 6.576153126404636895e-01
1.560000000000000000e+03 2.333306108536876977e-01 6.576600994672188172e-01
1.570000000000000000e+03 2.333203104910285541e-01 6.576664124245220622e-01
1.580000000000000000e+03 2.333449113489801108e-01 6.576379970101647876e-01
1.590000000000000000e+03 2.333999289981257275e-01 6.575793116003264549e-01
1.600000000000000000e+03 2.334803519406228600e-01 6.574953303525770121e-01
1.610000000000000000e+03 2.335808757829302695e-01 6.573913185053973374e-01
1.620000000000000000e+03 2.336961502692929682e-01 6.572725962648104936e-01
1.630000000000000000e+03 2.338210175752525599e-01 6.571443030876992220e-01
1.640000000000000000e+03 2.339507275681443343e-01 6.570111798838224049e-01
1.650000000000000000e+03 2.340811218396573190e-01 6.568773831397175522e-01
1.660000000000000000e+03 2.342087714831861400e-01 6.567463429904969452e-01
1.670000000000000000e+03 2.343310625626867927e-01 6.566206709538541242e-01
1.680000000000000000e+03 2.344462341357390067e-01 6.565021235346755191e-01
1.690000000000000000e+03 2.345533692601548259e-01 6.563916154703850481e-01
1.700000000000000000e+03 2.346523421018752442e-01 6.562892732224532288e-01
1.710000000000000000e+03 2.347437286307715587e-01 6.561945263181695465e-01
1.720000000000000000e+03 2.348286931377845110e-01 6.561062230431984332e-01
1.730000000000000000e+03 2.349088610708631730e-01 6.560227562276895741e-01
1.740000000000000000e+03 2.349861774890980304e-01 6.559421937564693383e-01
1.750000000000000000e+03 2.350627674204419926e-01 6.558624214911863426e-01
1.760000000000000000e+03 2.351408106377244345e-01 6.557812785150975987e-01
1.770000000000000000e+03 2.352224263342511945e-01 6.556966588959365350e-01
1.780000000000000000e+03 2.353095745852042120e-01 6.556066049115336636e-01
1.790000000000000000e+03 2.354039847544661113e-01 6.555093995208579605e-01
1.800000000000000000e+03 2.355070956091282475e-01 6.554036294897166437e-01
1.810000000000000000e+03 2.356199987612440372e-01 6.552882251584247753e-01
1.820000000000000000e+03 2.357433984756591439e-01 6.551625003968285510e-01
1.830000000000000000e+03 2.358775868852725499e-01 6.550261671886487003e-01
1.840000000000000000e+03 2.360224378005584267e-01 6.548793329587716538e-01
1.850000000000000000e+03 2.361774246649891440e-01 6.547224943165315114e-01
1.860000000000000000e+03 2.363416539333597355e-01 6.545565166006086510e-01
1.870000000000000000e+03 2.365138985793674153e-01 6.543826062244352260e-01
1.880000000000000000e+03 2.366926322443262121e-01 6.542022668541107588e-01
1.890000000000000000e+03 2.368760840386196220e-01 6.540172487887360164e-01
1.900000000000000000e+03 2.370623135976569762e-01 6.538294913668509789e-01
1.910000000000000000e+03 2.372492853158856829e-01 6.536410418264421152e-01
1.920000000000000000e+03 2.374349393006685849e-01 6.534539560318520790e-01
1.930000000000000000e+03 2.376172723985681967e-01 6.532702243627288574e-01
1.940000000000000000e+03 2.377944312847238562e-01 6.530917236222013589e-01
1.950000000000000000e+03 2.379647957172890405e-01 6.529201339788425207e-01
1.960000000000000000e+03 2.381270420148584865e-01 6.527568315768599305e-01
1.970000000000000000e+03 2.382801979441012685e-01 6.526028124835424604e-01
1.980000000000000000e+03 2.384236898654409909e-01 6.524586479635193781e-01
1.990000000000000000e+03 2.385573763628788813e-01 6.523244520989691653e-01
2.000000000000000000e+03 2.386815633431576544e-01 6.521998812717331173e-01
2.010000000000000000e+03 2.387969957729332016e-01 6.520841735193190214e-01
2.020000000000000000e+03 2.389048273553890656e-01 6.519761930150425044e-01
2.030000000000000000e+03 2.390065692084060167e-01 6.518744719401663446e-01
2.040000000000000000e+03 2.391040162535492952e-01 6.517772502180005922e-01
2.050000000000000000e+03 2.391991613036275055e-01 6.516825269383170749e-01
2.060000000000000000e+03 2.392941133334052228e-01 6.515881545571867717e-01
2.070000000000000000e+03 2.393910215754505855e-01 6.514919685864177801e-01
2.080000000000000000e+03 2.394919966900269925e-01 6.513918765623590845e-01
2.090000000000000000e+03 2.395990387582845049e-01 6.512858931862721690e-01
2.100000000000000000e+03 2.397139831830862045e-01 6.511721852386844756e-01
2.110000000000000000e+03 2.398384572909280921e-01 6.510491088175293095e-01
2.120000000000000000e+03 2.399738489836537314e-01 6.509152366714727744e-01
2.130000000000000000e+03 2.401212903094018247e-01 6.507693830327354600e-01
2.140000000000000000e+03 2.402816610662413810e-01 6.506106191154865659e-01
2.150000000000000000e+03 2.404556098299631961e-01 6.504382635377903288e-01
2.160000000000000000e+03 2.406435902292901330e-01 6.502518351000067254e-01
2.170000000000000000e+03 2.408459102652301120e-01 6.500509855172510454e-01
2.180000000000000000e+03 2.410627953952585445e-01 6.498354433365554073e-01
2.190000000000000000e+03 2.412944543829090016e-01 6.496049698548793661e-01
2.200000000000000000e+03 2.415411381400787150e-01 6.493593138337945270e-01
2.210000000000000000e+03 2.418031852325712716e-01 6.490981600047222022e-01
2.220000000000000000e+03 2.420810521463933329e-01 6.488210829235760979e-01
2.230000000000000000e+03 2.423753289929058141e-01 6.485275186853867169e-01
2.240000000000000000e+03 2.426867341333730499e-01 6.482167739755987368e-01
2.250000000000000000e+03 2.430160876820047222e-01 6.478880681611711712e-01
2.260000000000000000e+03 2.433642668425562983e-01 6.475405588475184882e-01
2.270000000000000000e+03 2.437321504022633423e-01 6.471733667811760959e-01
2.280000000000000000e+03 2.441205695141307475e-01 6.467856314606941215e-01
2.290000000000000000e+03 2.445302669138998963e-01 6.463765844303275276e-01
2.300000000000000000e+03 2.449618617845624735e-01 6.459456297679606607e-01
2.310000000000000000e+03 2.454158172026877915e-01 6.454924100776829876e-01
2.320000000000000000e+03 2.458923996416871871e-01 6.450167941641998803e-01
2.330000000000000000e+03 2.463916388493327392e-01 6.445188010812757939e-01
2.340000000000000000e+03 2.469133279522073843e-01 6.439985959465336363e-01
2.350000000000000000e+03 2.474570517256307889e-01 6.434565092362419803e-01
2.360000000000000000e+03 2.480222182348047477e-01 6.428930676382421661e-01
2.370000000000000000e+03 2.486080759428001274e-01 6.423090016771437760e-01
2.380000000000000000e+03 2.492137160412023766e-01 6.417052069339858056e-01
2.390000000000000000e+03 2.498380840374052336e-01 6.410827316806453346e-01
2.400000000000000000e+03 2.504799902422579772e-01 6.404427674020629624e-01
2.410000000000000000e+03 2.511381115175967405e-01 6.397866276743405800e-01
2.420000000000000000e+03 2.518109985620997637e-01 6.391157452178996001e-01
2.430000000000000000e+03 2.524970876883670390e-01 6.384316678063419737e-01
2.440000000000000000e+03 2.531947127062170178e-01 6.377360667941869288e-01
2.450000000000000000e+03 2.539021270580444911e-01 6.370307242426490602e-01
2.460000000000000000e+03 2.546175288892829069e-01 6.363174740759365289e-01
2.470000000000000000e+03 2.553390806197466389e-01 6.355981410332594006e-01
2.480000000000000000e+03 2.560649423660580903e-01 6.348745430559182834e-01
2.490000000000000000e+03 2.567933037816965691e-01 6.341485261789852057e-01
2.500000000000000000e+03 2.575223727234218773e-01 6.334219166336478857e-01
2.510000000000000000e+03 2.582503619968928299e-01 6.326965011790959270e-01
2.520000000000000000e+03 2.589755025704116309e-01 6.319740805843290232e-01
2.530000000000000000e+03 2.596960489759429502e-01 6.312564937837044088e-01
2.540000000000000000e+03 2.604102553548350296e-01 6.305455899842536960e-01
2.550000000000000000e+03 2.611163378246982858e-01 6.298431488467800543e-01
2.560000000000000000e+03 2.618124636829388674e-01 6.291508211310471443e-01
2.570000000000000000e+03 2.624968014485404844e-01 6.284702245582181046e-01
2.580000000000000000e+03 2.631675771930273577e-01 6.278030704242029136e-01
2.590000000000000000e+03 2.638230752040034988e-01 6.271511320445086746e-01
2.600000000000000000e+03 2.644616178190044575e-01 6.265161552648101928e-01
2.610000000000000000e+03 2.650815779516580428e-01 6.258998414810954536e-01
2.620000000000000000e+03 2.656813754185410881e-01 6.253037890775698937e-01
2.630000000000000000e+03 2.662594644480810180e-01 6.247294845948642150e-01
2.640000000000000000e+03 2.668143453329978598e-01 6.241784038933910761e-01
2.650000000000000000e+03 2.673445794131827369e-01 6.236521017753983154e-01
2.660000000000000000e+03 2.678487488929391369e-01 6.231521395160640742e-01
2.670000000000000000e+03 2.683253899249348207e-01 6.226800019037664891e-01
2.680000000000000000e+03 2.687729885044042866e-01 6.222371810727415076e-01
2.690000000000000000e+03 2.691899899783852246e-01 6.218252582048298116e-01
2.700000000000000000e+03 2.695747718193876041e-01 6.214458878004868181e-01
2.710000000000000000e+03 2.699256156559521336e-01 6.211007333000454489e-01
2.720000000000000000e+03 2.702407301262781947e-01 6.207914423529530268e-01
2.730000000000000000e+03 2.705183037037446336e-01 6.205196542740876176e-01
2.740000000000000000e+03 2.707565792333720411e-01 6.202870414850736314e-01
2.750000000000000000e+03 2.709539016778726994e-01 6.200952715617368272e-01
2.760000000000000000e+03 2.711087238014930900e-01 6.199458562826791752e-01
2.770000000000000000e+03 2.712196348059623952e-01 6.198400739226862521e-01
2.780000000000000000e+03 2.712854142876267027e-01 6.197790081674799945e-01
2.790000000000000000e+03 2.713050604874703287e-01 6.197635780350532198e-01
2.800000000000000000e+03 2.712777947398841705e-01 6.197945607793521328e-01
2.810000000000000000e+03 2.712030701182275294e-01 6.198726424326238549e-01
2.820000000000000000e+03 2.710805442274855648e-01 6.199984297058623861e-01
2.830000000000000000e+03 2.709100054007878566e-01 6.201723715407759796e-01
2.840000000000000000e+03 2.706913575406013628e-01 6.203947346918681216e-01
2.850000000000000000e+03 2.704246279665729613e-01 6.206655969530249228e-01
2.860000000000000000e+03 2.701099703657542928e-01 6.209848193492143453e-01
2.870000000000000000e+03 2.697476893255125185e-01 6.213520525405006323e-01
2.880000000000000000e+03 2.693382326288782380e-01 6.217666483002801669e-01
2.890000000000000000e+03 2.688822276329987937e-01 6.222276719679503687e-01
2.900000000000000000e+03 2.683805824257925465e-01 6.227340820699384105e-01
2.910000000000000000e+03 2.678345037323687783e-01 6.232847446389422341e-01
2.920000000000000000e+03 2.672454560383745181e-01 6.238783742713285285e-01
2.930000000000000000e+03 2.666150780298782719e-01 6.245134430983814156e-01
2.940000000000000000e+03 2.659451121325960843e-01 6.251880666767468675e-01
2.950000000000000000e+03 2.652374359193449549e-01 6.259001722046155791e-01
2.960000000000000000e+03 2.644940590680291415e-01 6.266477071603450133e-01
2.970000000000000000e+03 2.637170526591354203e-01 6.274286139361161529e-01
2.980000000000000000e+03 2.629084994263684583e-01 6.282407642563104799e-01
2.990000000000000000e+03 2.620704948005708745e-01 6.290821319637911468e-01
3.000000000000000000e+03 2.612051208997348550e-01 6.299508769538025854e-01
3.010000000000000000e+03 2.603143735424652272e-01 6.308450960476625902e-01
3.020000000000000000e+03 2.594001813331256456e-01 6.317627914242799347e-01
3.030000000000000000e+03 2.584644341670107037e-01 6.327019017724369032e-01
3.040000000000000000e+03 2.575090516921821893e-01 6.336604383341790658e-01
3.050000000000000000e+03 2.565360076619779273e-01 6.346365662395654361e-01
3.060000000000000000e+03 2.555472610512348752e-01 6.356285009861556423e-01
3.070000000000000000e+03 2.545447175819051666e-01 6.366343965804046601e-01
3.080000000000000000e+03 2.535302178247803573e-01 6.376522951708112341e-01
3.090000000000000000e+03 2.525055915304631471e-01 6.386803084416585730e-01
3.100000000000000000e+03 2.514726736749420821e-01 6.397166616866106770e-01
3.110000000000000000e+03 2.504332735060518234e-01 6.407595889179478199e-01
3.120000000000000000e+03 2.493891983001572943e-01 6.418073067099510087e-01
3.130000000000000000e+03 2.483422802792472905e-01 6.428579705012889001e-01
3.140000000000000000e+03 2.472943935632653800e-01 6.439096609203011079e-01
3.150000000000000000e+03 2.462474653912689604e-01 6.449603542637472042e-01
3.160000000000000000e+03 2.452034861171719093e-01 6.460078826274515684e-01
3.170000000000000000e+03 2.441645831457278648e-01 6.470500697617431740e-01
3.180000000000000000e+03 2.431330577348007616e-01 6.480848357355473155e-01
3.190000000000000000e+03 2.421112604043023364e-01 6.491100161624935305e-01
3.200000000000000000e+03 2.411015192279231112e-01 6.501233775287742489e-01
3.210000000000000000e+03 2.401061317093749203e-01 6.511227978014386686e-01
3.220000000000000000e+03 2.391271759075290493e-01 6.521060299528733673e-01
3.230000000000000000e+03 2.381665087164825667e-01 6.530709410445622032e-01
3.240000000000000000e+03 2.372258212183138981e-01 6.540159408220878046e-01
3.250000000000000000e+03 2.363064731375870697e-01 6.549398444304560529e-01
3.260000000000000000e+03 2.354093781970289789e-01 6.558417448897020385e-01
3.270000000000000000e+03 2.345349463787562705e-01 6.567210020383855706e-01
3.280000000000000000e+03 2.336830949968835280e-01 6.575773181065053263e-01
3.290000000000000000e+03 2.328534105117283648e-01 6.584110139824705943e-01
3.300000000000000000e+03 2.320451936826587180e-01 6.592228475862975667e-01
3.310000000000000000e+03 2.312574863654461299e-01 6.600137550950458953e-01
3.320000000000000000e+03 2.304892521010386552e-01 6.607849465813626644e-01
3.330000000000000000e+03 2.297394717497491523e-01 6.615377237842214875e-01
3.340000000000000000e+03 2.290072478721290605e-01 6.622733627214134611e-01
3.350000000000000000e+03 2.282918607254526833e-01 6.629928516133940519e-01
3.360000000000000000e+03 2.275927339066634580e-01 6.636964551541949531e-01
3.370000000000000000e+03 2.269096175294597617e-01 6.643839973182100733e-01
3.380000000000000000e+03 2.262427016101448973e-01 6.650550361276541533e-01
3.390000000000000000e+03 2.255926965722581390e-01 6.657090898676253365e-01
3.400000000000000000e+03 2.249606765236035200e-01 6.663454037761942228e-01
3.410000000000000000e+03 2.243479241257085033e-01 6.669627822070239853e-01
3.420000000000000000e+03 2.237558746728355030e-01 6.675597856830756127e-01
3.430000000000000000e+03 2.231859550363868294e-01 6.681348275549567894e-01
3.440000000000000000e+03 2.226394761316645987e-01 6.686864055933865458e-01
3.450000000000000000e+03 2.221175762467728632e-01 6.692134092244862442e-01
3.460000000000000000e+03 2.216210477008629387e-01 6.697150075283940796e-01
3.470000000000000000e+03 2.211502343770200552e-01 6.701907197887103651e-01
3.480000000000000000e+03 2.207049839169050176e-01 6.706406074918079829e-01
3.490000000000000000e+03 2.202846439147445046e-01 6.710654494749596077e-01
3.500000000000000000e+03 2.198880408803551290e-01 6.714666523900277850e-01
3.510000000000000000e+03 2.195134450910637691e-01 6.718458926745891624e-01
3.520000000000000000e+03 2.191586786276326082e-01 6.722050307120464030e-01
3.530000000000000000e+03 2.188213936008738536e-01 6.725465303288389318e-01
3.540000000000000000e+03 2.184991394045452395e-01 6.728731708453730143e-01
3.550000000000000000e+03 2.181894330600181453e-01 6.731877430750909941e-01
3.560000000000000000e+03 2.178899292021000966e-01 6.734930665076579448e-01
3.570000000000000000e+03 2.175982938296170954e-01 6.737912053096593024e-01
3.580000000000000000e+03 2.173123473009475060e-01 6.740835288705988582e-01
3.590000000000000000e+03 2.170303675009777056e-01 6.743713658884161744e-01
3.600000000000000000e+03 2.167510864668001913e-01 6.746558056012560423e-01
3.610000000000000000e+03 2.164737841838283161e-01 6.749378102074460317e-01
3.620000000000000000e+03 2.161981742789280680e-01 6.752178749658581669e-01
3.630000000000000000e+03 2.159243294007783531e-01 6.754959529182446021e-01
3.640000000000000000e+03 2.156526599605894101e-01 6.757716239818336579e-01
3.650000000000000000e+03 2.153838870161360886e-01 6.760442072010576231e-01
3.660000000000000000e+03 2.151190004666007072e-01 6.763127951021112860e-01
3.670000000000000000e+03 2.148591681632304184e-01 6.765762346616749356e-01
3.680000000000000000e+03 2.146057416969356924e-01 6.768334099436948970e-01
3.690000000000000000e+03 2.143600679059230185e-01 6.770829526437575074e-01
3.700000000000000000e+03 2.141235202247955827e-01 6.773234990659767751e-01
3.710000000000000000e+03 2.138974575198790140e-01 6.775538117830935958e-01
3.720000000000000000e+03 2.136830671729644526e-01 6.777725937615348695e-01
3.730000000000000000e+03 2.134813372919698027e-01 6.779786136287151432e-01
3.740000000000000000e+03 2.132930779186561765e-01 6.781710071158505437e-01
3.750000000000000000e+03 2.131188652129280825e-01 6.783492497960799117e-01
3.760000000000000000e+03 2.129588787632236691e-01 6.785128244715654677e-01
3.770000000000000000e+03 2.128130948852587079e-01 6.786618505686216052e-01
3.780000000000000000e+03 2.126813823650357538e-01 6.787973430091034377e-01
3.790000000000000000e+03 2.125631933382360339e-01 6.789203160784359481e-01
3.800000000000000000e+03 2.124575211039086697e-01 6.790314866945300620e-01
3.810000000000000000e+03 2.123630616824260520e-01 6.791314878272546318e-01
3.820000000000000000e+03 2.122784771144241300e-01 6.792214468963913010e-01
3.830000000000000000e+03 2.122023904809063610e-01 6.793027575319104949e-01
3.840000000000000000e+03 2.121332866914910631e-01 6.793764615784093630e-01
3.850000000000000000e+03 2.120697883911261683e-01 6.794436799240317626e-01
3.860000000000000000e+03 2.120109109669557901e-01 6.795060825747075706e-01
3.870000000000000000e+03 2.119557923634969310e-01 6.795648440035662041e-01
3.880000000000000000e+03 2.119037878814890863e-01 6.796206580845898237e-01
3.890000000000000000e+03 2.118544902490509529e-01 6.796736097870662574e-01
3.900000000000000000e+03 2.118078690139281184e-01 6.797235946033891585e-01
3.910000000000000000e+03 2.117643073217578831e-01 6.797705149945135750e-01
3.920000000000000000e+03 2.117243287917005556e-01 6.798135940842234826e-01
3.930000000000000000e+03 2.116888595102701665e-01 6.798523891917308548e-01
3.940000000000000000e+03 2.116588848398825995e-01 6.798860351765201315e-01
3.950000000000000000e+03 2.116352951965299878e-01 6.799129676751910489e-01
3.960000000000000000e+03 2.116191334121790280e-01 6.799318611315906535e-01
3.970000000000000000e+03 2.116117090545668877e-01 6.799421767529905125e-01
3.980000000000000000e+03 2.116142938375636939e-01 6.799433261511437232e-01
3.990000000000000000e+03 2.116278961510917322e-01 6.799341235208123946e-01
4.000000000000000000e+03 2.116532332472102484e-01 6.799129022561516411e-01
4.010000000000000000e+03 2.116911000269911802e-01 6.798784101136707836e-01
4.020000000000000000e+03 2.117425550040386573e-01 6.798302086287963952e-01
4.030000000000000000e+03 2.118085643960519737e-01 6.797676664393187407e-01
4.040000000000000000e+03 2.118900129779356933e-01 6.796898916746333397e-01
4.050000000000000000e+03 2.119878634254109273e-01 6.795960552947711841e-01
4.060000000000000000e+03 2.121031145540620277e-01 6.794850798429985517e-01
4.070000000000000000e+03 2.122367326310146129e-01 6.793553724023494444e-01
4.080000000000000000e+03 2.123898409652761610e-01 6.792054173031600861e-01
4.090000000000000000e+03 2.125639491498201861e-01 6.790343458097287677e-01
4.100000000000000000e+03 2.127606417785307125e-01 6.788409167194591198e-01
4.110000000000000000e+03 2.129815542294230535e-01 6.786233781618969951e-01
4.120000000000000000e+03 2.132286102366570679e-01 6.783801390422200539e-01
4.130000000000000000e+03 2.135037515521304996e-01 6.781090833970370158e-01
4.140000000000000000e+03 2.138087844589946496e-01 6.778072706922441126e-01
4.150000000000000000e+03 2.141458404762845158e-01 6.774725242464142427e-01
4.160000000000000000e+03 2.145170706941325334e-01 6.771028406241116349e-01
4.170000000000000000e+03 2.149246878324684862e-01 6.766965515093591454e-01
4.180000000000000000e+03 2.153708359492252367e-01 6.762522085031157371e-01
4.190000000000000000e+03 2.158572532895811913e-01 6.757679625881397589e-01
4.200000000000000000e+03 2.163851507394864426e-01 6.752416962197387296e-01
