0.000000000000000000e+00 8.846401218627520935e-01 9.028584691340442447e-03
1.000000000000000000e+01 8.842325183569379465e-01 9.436977809529454794e-03
2.000000000000000000e+01 8.830075686741266638e-01 1.066197660550068267e-02
3.000000000000000000e+01 8.809759667457821575e-01 1.269358282041106387e-02
4.000000000000000000e+01 8.781554272977946107e-01 1.551410747351599645e-02
5.000000000000000000e+01 8.745702905491991030e-01 1.909926177849786272e-02
6.000000000000000000e+01 8.702510345645207979e-01 2.341852623406473835e-02
7.000000000000000000e+01 8.652337608096238863e-01 2.843580708790385825e-02
8.000000000000000000e+01 8.595595800861919322e-01 3.411001176582843103e-02
9.000000000000000000e+01 8.532739401719264816e-01 4.039565392682695211e-02
1.000000000000000000e+02 8.464258433242984880e-01 4.724376139044954293e-02
1.100000000000000000e+02 8.390670890635395507e-01 5.460251783122128943e-02
1.200000000000000000e+02 8.312515075788076135e-01 6.241810754551892909e-02
1.300000000000000000e+02 8.230341173272939237e-01 7.063551232500532573e-02
1.400000000000000000e+02 8.144703833724178388e-01 7.919926710245328572e-02
1.500000000000000000e+02 8.056154697205578641e-01 8.805418699638380142e-02
1.600000000000000000e+02 7.965235290297103532e-01 9.714613835028990119e-02
1.700000000000000000e+02 7.872470411913202737e-01 1.064226379331711381e-01
1.800000000000000000e+02 7.778361888423559467e-01 1.158335018980089920e-01
1.900000000000000000e+02 7.683383174030286034e-01 1.253313864756623597e-01
2.000000000000000000e+02 7.587974427519662557e-01 1.348722732986739059e-01
2.100000000000000000e+02 7.492538199695421008e-01 1.444159044994730301e-01
2.200000000000000000e+02 7.397436098736419607e-01 1.539261215520962844e-01
2.300000000000000000e+02 7.302986054101623381e-01 1.633711284706751699e-01
2.400000000000000000e+02 7.209460506679949976e-01 1.727236846552721861e-01
2.500000000000000000e+02 7.117085121549528992e-01 1.819612207503558676e-01
2.600000000000000000e+02 7.026038434422139378e-01 1.910658879212243366e-01
2.700000000000000000e+02 6.936452271593199770e-01 2.000244954799832442e-01
2.800000000000000000e+02 6.848413071062577906e-01 2.088284022456830813e-01
2.900000000000000000e+02 6.761963937551741521e-01 2.174732979176998704e-01
3.000000000000000000e+02 6.677107344104600273e-01 2.259589378566179696e-01
3.100000000000000000e+02 6.593808527558312482e-01 2.342887981377634321e-01
3.200000000000000000e+02 6.511999611233093566e-01 2.424696682187445496e-01
3.300000000000000000e+02 6.431584161031818070e-01 2.505111945878216173e-01
3.400000000000000000e+02 6.352442188846516569e-01 2.584253727833976111e-01
3.500000000000000000e+02 6.274435672341843739e-01 2.662260038954841757e-01
3.600000000000000000e+02 6.197414108647378850e-01 2.739281319608692367e-01
3.700000000000000000e+02 6.121220263059148348e-01 2.815474780481715400e-01
3.800000000000000000e+02 6.045695852530423853e-01 2.890998793688112634e-01
3.900000000000000000e+02 5.970686857187643692e-01 2.966007416476159064e-01
4.000000000000000000e+02 5.896048708252334958e-01 3.040645209292823781e-01
4.100000000000000000e+02 5.821651062923197673e-01 3.115042555331295482e-01
4.200000000000000000e+02 5.747381872737709063e-01 3.189311520184786031e-01
4.300000000000000000e+02 5.673150862970788300e-01 3.263542381291638095e-01
4.400000000000000000e+02 5.598892306204285019e-01 3.337800827588458530e-01
4.500000000000000000e+02 5.524567137166692676e-01 3.412125894009796490e-01
4.600000000000000000e+02 5.450164213214268027e-01 3.486528736491075753e-01
4.700000000000000000e+02 5.375700722690250899e-01 3.560992198800742026e-01
4.800000000000000000e+02 5.301221881470461472e-01 3.635471038719549353e-01
4.900000000000000000e+02 5.226799990603209212e-01 3.709892899507716835e-01
5.000000000000000000e+02 5.152532983634289243e-01 3.784159855727166066e-01
5.100000000000000000e+02 5.078542276273956269e-01 3.858150525685267174e-01
5.200000000000000000e+02 5.004970163129320859e-01 3.931722656322289011e-01
5.300000000000000000e+02 4.931976851510661009e-01 4.004716016645933352e-01
5.400000000000000000e+02 4.859737373738133304e-01 4.076955635139786205e-01
5.500000000000000000e+02 4.788438107948399525e-01 4.148255131438533527e-01
5.600000000000000000e+02 4.718273379964371128e-01 4.218420093085729627e-01
5.700000000000000000e+02 4.649442014571092407e-01 4.287251626636703339e-01
5.800000000000000000e+02 4.582144026504386125e-01 4.354549706674676335e-01
5.900000000000000000e+02 4.516577365823999934e-01 4.420116425601805510e-01
6.000000000000000000e+02 4.452934736995374787e-01 4.483759111005328757e-01
6.100000000000000000e+02 4.391400696957710736e-01 4.545293195953816756e-01
6.200000000000000000e+02 4.332149017306169969e-01 4.604544888719511730e-01
6.300000000000000000e+02 4.275340328228579567e-01 4.661353638229791541e-01
6.400000000000000000e+02 4.221119902319518391e-01 4.715574207699265163e-01
6.500000000000000000e+02 4.169615768265103051e-01 4.767078560062231185e-01
6.600000000000000000e+02 4.120937091836260890e-01 4.815757506223389828e-01
6.700000000000000000e+02 4.075172928511613946e-01 4.861521899849443606e-01
6.800000000000000000e+02 4.032391225008441493e-01 4.904303754271288063e-01
6.900000000000000000e+02 3.992638043510600143e-01 4.944056980475639573e-01
7.000000000000000000e+02 3.955937142707123821e-01 4.980757833544050550e-01
7.100000000000000000e+02 3.922289730067638480e-01 5.014405181570117387e-01
7.200000000000000000e+02 3.891674500977929108e-01 5.045020417643459876e-01
7.300000000000000000e+02 3.864047817288388531e-01 5.072647187132528490e-01
7.400000000000000000e+02 3.839344170490479047e-01 5.097350912699931680e-01
7.500000000000000000e+02 3.817477116474397025e-01 5.119218068900417418e-01
7.600000000000000000e+02 3.798340198134991241e-01 5.138355184299499001e-01
7.700000000000000000e+02 3.781808009854763508e-01 5.154887661351956751e-01
7.800000000000000000e+02 3.767737578428774214e-01 5.168958405338541784e-01
7.900000000000000000e+02 3.755969935822945360e-01 5.180726345902347818e-01
8.000000000000000000e+02 3.746331819547321640e-01 5.190364709656039022e-01
8.100000000000000000e+02 3.738637536054991162e-01 5.198059201593139278e-01
8.200000000000000000e+02 3.732690907105692957e-01 5.204006024590343005e-01
8.300000000000000000e+02 3.728287245738939881e-01 5.208409876285740037e-01
8.400000000000000000e+02 3.725215427040227123e-01 5.211481870599308230e-01
8.500000000000000000e+02 3.723260017875328898e-01 5.213437413504772300e-01
8.600000000000000000e+02 3.722203404391370984e-01 5.214494114871778274e-01
8.700000000000000000e+02 3.721827926442721757e-01 5.214869625114479934e-01
8.800000000000000000e+02 3.721917884509142183e-01 5.214779602566791405e-01
8.900000000000000000e+02 3.722261545924738235e-01 5.214435803713991513e-01
9.000000000000000000e+02 3.722653074566914522e-01 5.214044129592804167e-01
9.100000000000000000e+02 3.722894192479786479e-01 5.213802881850142512e-01
9.200000000000000000e+02 3.722795767034610681e-01 5.213901209060357589e-01
9.300000000000000000e+02 3.722179296871174214e-01 5.214517615859399768e-01
9.400000000000000000e+02 3.720878128174606725e-01 5.215818726362233537e-01
9.500000000000000000e+02 3.718738538371765268e-01 5.217958249674810034e-01
9.600000000000000000e+02 3.715620599569235405e-01 5.221076096694734492e-01
9.700000000000000000e+02 3.711398796145729539e-01 5.225297702839436509e-01
9.800000000000000000e+02 3.705962515098802923e-01 5.230733654475953065e-01
9.900000000000000000e+02 3.699216270656756622e-01 5.237479499441286546e-01
1.000000000000000000e+03 3.691079632910172492e-01 5.245615729113815018e-01
1.010000000000000000e+03 3.681487035075207137e-01 5.255207922914914009e-01
1.020000000000000000e+03 3.670387503556340469e-01 5.266307036684518827e-01
1.030000000000000000e+03 3.657744233408843360e-01 5.278949877365967103e-01
1.040000000000000000e+03 3.643533960137489425e-01 5.293159735175509972e-01
1.050000000000000000e+03 3.627746273435945024e-01 5.308947032935479315e-01
1.060000000000000000e+03 3.610382771739522045e-01 5.326310143636494576e-01
1.070000000000000000e+03 3.591456282650217768e-01 5.345236199828405921e-01
1.080000000000000000e+03 3.570990127148412352e-01 5.365701837081480186e-01
1.090000000000000000e+03 3.549017348159936858e-01 5.387674012733897344e-01
1.100000000000000000e+03 3.525579905374858769e-01 5.411110786470288980e-01
1.110000000000000000e+03 3.500727945718378198e-01 5.435962034810869481e-01
1.120000000000000000e+03 3.474519167929369656e-01 5.462170103629683249e-01
1.130000000000000000e+03 3.447018218853400429e-01 5.489670361888076000e-01
1.140000000000000000e+03 3.418296079055013759e-01 5.518391805647581139e-01
1.150000000000000000e+03 3.388429444683478953e-01 5.548257693305749250e-01
1.160000000000000000e+03 3.357500327616130265e-01 5.579185977704149701e-01
1.170000000000000000e+03 3.325595702129477971e-01 5.611089738380703462e-01
1.180000000000000000e+03 3.292806894924268923e-01 5.643877713477245539e-01
1.190000000000000000e+03 3.259228986771765535e-01 5.677454856343596701e-01
1.200000000000000000e+03 3.224960200676064703e-01 5.711722933533430746e-01
1.210000000000000000e+03 3.190101305751658622e-01 5.746581132400464531e-01
1.220000000000000000e+03 3.154754990264123093e-01 5.781926744575652810e-01
1.230000000000000000e+03 3.119025036488133340e-01 5.817655997710314830e-01
1.240000000000000000e+03 3.083015265951261075e-01 5.853665054190710926e-01
1.250000000000000000e+03 3.046828547692040368e-01 5.889851019708248758e-01
1.260000000000000000e+03 3.010565765416811645e-01 5.926113012327504093e-01
1.270000000000000000e+03 2.974324714658816982e-01 5.962353253791035090e-01
1.280000000000000000e+03 2.938198949734369125e-01 5.998478169451004760e-01
1.290000000000000000e+03 2.902276610895430653e-01 6.034399627435884650e-01
1.300000000000000000e+03 2.866639362650503786e-01 6.070036035012651432e-01
1.310000000000000000e+03 2.831361357774796472e-01 6.105313274717604211e-01
1.320000000000000000e+03 2.796508262803035216e-01 6.140165673071439345e-01
1.330000000000000000e+03 2.762136593541135721e-01 6.174536705413300464e-01
1.340000000000000000e+03 2.728293088213800122e-01 6.208379609096784657e-01
1.350000000000000000e+03 2.695014278056596102e-01 6.241657844514875153e-01
1.360000000000000000e+03 2.662326454555686284e-01 6.274345130051518504e-01
1.370000000000000000e+03 2.630245690616033194e-01 6.306425386501840480e-01
1.380000000000000000e+03 2.598777999274832218e-01 6.337892552546527947e-01
1.390000000000000000e+03 2.567919861093824196e-01 6.368750093998842843e-01
1.400000000000000000e+03 2.537659064096542960e-01 6.399010227054473532e-01
1.410000000000000000e+03 2.507975586713016014e-01 6.428693038700722395e-01
1.420000000000000000e+03 2.478842444312311377e-01 6.457825551528575403e-01
1.430000000000000000e+03 2.450226849557483599e-01 6.486440600063805295e-01
1.440000000000000000e+03 2.422091508126980874e-01 6.514575501653280254e-01
1.450000000000000000e+03 2.394395800474551916e-01 6.542270837230634850e-01
1.460000000000000000e+03 2.367097019435025484e-01 6.569569289127789036e-01
1.470000000000000000e+03 2.340151588173485786e-01 6.596514444548052802e-01
1.480000000000000000e+03 2.313516375021116567e-01 6.623149456645640587e-01
1.490000000000000000e+03 2.287149915664737909e-01 6.649515814643705003e-01
1.500000000000000000e+03 2.261013292414915110e-01 6.675652392750174302e-01
1.510000000000000000e+03 2.235070938000990048e-01 6.701594679893337902e-01
1.520000000000000000e+03 2.209291414371455653e-01 6.727374111484606400e-01
1.530000000000000000e+03 2.183648109910727442e-01 6.753017305475084164e-01
1.540000000000000000e+03 2.158119785301405857e-01 6.778545500074897312e-01
1.550000000000000000e+03 2.132690814269894430e-01 6.803974325694233105e-01
1.560000000000000000e+03 2.107351272714287904e-01 6.829313703469457320e-01
1.570000000000000000e+03 2.082096884109043977e-01 6.854567953964125770e-01
1.580000000000000000e+03 2.056928850189599645e-01 6.879735891109022283e-01
1.590000000000000000e+03 2.031853685070165172e-01 6.904810990693608375e-01
1.600000000000000000e+03 2.006882914645755356e-01 6.929781723618124722e-01
1.610000000000000000e+03 1.982032682240650601e-01 6.954631933708197433e-01
1.620000000000000000e+03 1.957323164454955466e-01 6.979341367356217685e-01
1.630000000000000000e+03 1.932777965163768319e-01 7.003886388449357403e-01
1.640000000000000000e+03 1.908423685157297767e-01 7.028240422059151005e-01
1.650000000000000000e+03 1.884289359579639223e-01 7.052374471768866337e-01
1.660000000000000000e+03 1.860405832682920924e-01 7.076257713746284539e-01
1.670000000000000000e+03 1.836805176862073008e-01 7.099858083024486177e-01
1.680000000000000000e+03 1.813520192838735112e-01 7.123142771550451391e-01
1.690000000000000000e+03 1.790584019804139226e-01 7.146078672551524624e-01
1.700000000000000000e+03 1.768029707376430892e-01 7.168632784221934395e-01
1.710000000000000000e+03 1.745889746206173987e-01 7.190772551588664463e-01
1.720000000000000000e+03 1.724195845507370539e-01 7.212466274960670498e-01
1.730000000000000000e+03 1.702978838149753205e-01 7.233683127924604994e-01
1.740000000000000000e+03 1.682268498441701898e-01 7.254393320812957402e-01
1.750000000000000000e+03 1.662093406366030035e-01 7.274568282736220137e-01
1.760000000000000000e+03 1.642480909861210592e-01 7.294180651338092458e-01
1.770000000000000000e+03 1.623457138238137143e-01 7.313204282840520820e-01
1.780000000000000000e+03 1.605047064365362208e-01 7.331614212757671112e-01
1.790000000000000000e+03 1.587274666219903319e-01 7.349386427312202263e-01
1.800000000000000000e+03 1.570163092515649839e-01 7.366497743322214520e-01
1.810000000000000000e+03 1.553734704570378933e-01 7.382925870112926336e-01
1.820000000000000000e+03 1.538011180596436100e-01 7.398649056718774597e-01
1.830000000000000000e+03 1.523013646828701995e-01 7.413646174406608447e-01
1.840000000000000000e+03 1.508762889389867745e-01 7.427896466223985472e-01
1.850000000000000000e+03 1.495279604384376348e-01 7.441379187318539756e-01
1.860000000000000000e+03 1.482584303589023766e-01 7.454073871968208698e-01
1.870000000000000000e+03 1.470697309950130538e-01 7.465960279074149719e-01
1.880000000000000000e+03 1.459638923248270381e-01 7.477018039008610506e-01
1.890000000000000000e+03 1.449429256871407612e-01 7.487227061682110163e-01
1.900000000000000000e+03 1.440088211216571656e-01 7.496567503792808118e-01
1.910000000000000000e+03 1.431635386020598810e-01 7.505019760617223090e-01
1.920000000000000000e+03 1.424089884843608711e-01 7.512564777517715120e-01
1.930000000000000000e+03 1.417470170979923672e-01 7.519184098396972660e-01
1.940000000000000000e+03 1.411793855661889474e-01 7.524860024968222927e-01
1.950000000000000000e+03 1.407077349114684850e-01 7.529576148937396907e-01
1.960000000000000000e+03 1.403335586171645943e-01 7.533317547781972490e-01
1.970000000000000000e+03 1.400581682959850804e-01 7.536071064223457405e-01
1.980000000000000000e+03 1.398826614285979542e-01 7.537825733484810886e-01
1.990000000000000000e+03 1.398078958514200332e-01 7.538572998329599040e-01
2.000000000000000000e+03 1.398344634600618419e-01 7.538306893298478695e-01
2.010000000000000000e+03 1.399626607241331311e-01 7.537024484671110969e-01
2.020000000000000000e+03 1.401924705260563786e-01 7.534725986247179375e-01
2.030000000000000000e+03 1.405235533107623835e-01 7.531414803294828042e-01
2.040000000000000000e+03 1.409552292832199349e-01 7.527097711445660533e-01
2.050000000000000000e+03 1.414864695622710111e-01 7.521784978858113702e-01
2.060000000000000000e+03 1.421158912150037590e-01 7.515490423630266648e-01
2.070000000000000000e+03 1.428417568778144187e-01 7.508231422290828627e-01
2.080000000000000000e+03 1.436619765890119471e-01 7.500028911014585686e-01
2.090000000000000000e+03 1.445741144510229448e-01 7.490907265791596492e-01
2.100000000000000000e+03 1.455754325918920955e-01 7.480893879823540260e-01
2.110000000000000000e+03 1.466629452082529594e-01 7.470018619631388912e-01
2.120000000000000000e+03 1.478334358239926094e-01 7.458313617914847926e-01
2.130000000000000000e+03 1.490834822470586130e-01 7.445813056218103521e-01
2.140000000000000000e+03 1.504095060644790316e-01 7.432552704374479902e-01
2.150000000000000000e+03 1.518078086535653015e-01 7.418569549028732890e-01
2.160000000000000000e+03 1.532746055031944665e-01 7.403901452776260328e-01
2.170000000000000000e+03 1.548060558400819742e-01 7.388586836775797861e-01
2.180000000000000000e+03 1.563983036285564732e-01 7.372664238449730956e-01
2.190000000000000000e+03 1.580475384528509664e-01 7.356171741953986265e-01
2.200000000000000000e+03 1.597500324633955582e-01 7.339146633971745937e-01
2.210000000000000000e+03 1.615021486101795023e-01 7.321625314349087255e-01
2.220000000000000000e+03 1.633003488853867202e-01 7.303643187115154145e-01
2.230000000000000000e+03 1.651412136641952910e-01 7.285234450965892838e-01
2.240000000000000000e+03 1.670214571855403451e-01 7.266431947678920755e-01
2.250000000000000000e+03 1.689379374583316051e-01 7.247267077930623635e-01
2.260000000000000000e+03 1.708876601122478467e-01 7.227769778395114475e-01
2.270000000000000000e+03 1.728677704388343894e-01 7.207968608902295404e-01
2.280000000000000000e+03 1.748755331877406838e-01 7.187890933831045936e-01
2.290000000000000000e+03 1.769083037912376477e-01 7.167563191778610898e-01
2.300000000000000000e+03 1.789635083786153547e-01 7.147011102430760321e-01
2.310000000000000000e+03 1.810386460474539272e-01 7.126259661278373514e-01
2.320000000000000000e+03 1.831312589685305803e-01 7.105333453997146886e-01
2.330000000000000000e+03 1.852388787564838712e-01 7.084257171678083331e-01
2.340000000000000000e+03 1.873589961372230384e-01 7.063055906292772246e-01
2.350000000000000000e+03 1.894890535689345290e-01 7.041755227394763672e-01
2.360000000000000000e+03 1.916264315062877477e-01 7.020381331354620391e-01
2.370000000000000000e+03 1.937684183547772054e-01 6.998961350086709832e-01
2.380000000000000000e+03 1.959121805760279666e-01 6.977523629678373807e-01
2.390000000000000000e+03 1.980547333666415888e-01 6.956098006338112816e-01
2.400000000000000000e+03 2.001929157708388363e-01 6.934716069503971125e-01
2.410000000000000000e+03 2.023233908564006922e-01 6.913411164547632604e-01
2.420000000000000000e+03 2.044426608085527231e-01 6.892218252911316290e-01
2.430000000000000000e+03 2.065470765283873300e-01 6.871173818844625858e-01
2.440000000000000000e+03 2.086328392460919390e-01 6.850315864570661883e-01
2.450000000000000000e+03 2.106960143407241859e-01 6.829683782283114679e-01
2.460000000000000000e+03 2.127325543799352126e-01 6.809318079987185524e-01
2.470000000000000000e+03 2.147383131162743652e-01 6.789260197646627137e-01
2.480000000000000000e+03 2.167090808703033000e-01 6.769552197750469125e-01
2.490000000000000000e+03 2.186406474704362390e-01 6.750236192374560185e-01
2.500000000000000000e+03 2.205288394175634048e-01 6.731353944920260846e-01
2.510000000000000000e+03 2.223695465767761836e-01 6.712946553811406369e-01
2.520000000000000000e+03 2.241587713578100938e-01 6.695053964433391736e-01
2.530000000000000000e+03 2.258927018792371844e-01 6.677714280042805761e-01
2.540000000000000000e+03 2.275677592099124014e-01 6.660963306384333205e-01
2.550000000000000000e+03 2.291806167884379852e-01 6.644834326840948213e-01
2.560000000000000000e+03 2.307282265240076236e-01 6.629357814835104001e-01
2.570000000000000000e+03 2.322078384688514296e-01 6.614561255355302372e-01
2.580000000000000000e+03 2.336170327978608074e-01 6.600468841228951389e-01
2.590000000000000000e+03 2.349537713278434248e-01 6.587100962374039526e-01
2.600000000000000000e+03 2.362164245054487743e-01 6.574473926750138419e-01
2.610000000000000000e+03 2.374037670132394251e-01 6.562599995697878663e-01
2.620000000000000000e+03 2.385149594794822026e-01 6.551487579389790872e-01
2.630000000000000000e+03 2.395495349958453035e-01 6.541141362170308504e-01
2.640000000000000000e+03 2.405073946978568966e-01 6.531562314954811876e-01
2.650000000000000000e+03 2.413887873999695510e-01 6.522747912164240658e-01
2.660000000000000000e+03 2.421942779950172486e-01 6.514692488137556747e-01
2.670000000000000000e+03 2.429246950168864883e-01 6.507387769514794140e-01
2.680000000000000000e+03 2.435810546061505655e-01 6.500823611439369154e-01
2.690000000000000000e+03 2.441645080829103476e-01 6.494988506974567199e-01
2.700000000000000000e+03 2.446763091546472479e-01 6.489869920852724405e-01
2.710000000000000000e+03 2.451177690082816663e-01 6.485454747938799169e-01
2.720000000000000000e+03 2.454901934810606590e-01 6.481729940179499216e-01
2.730000000000000000e+03 2.457948222338814381e-01 6.478683098484420144e-01
2.740000000000000000e+03 2.460327962245530409e-01 6.476302803372107064e-01
2.750000000000000000e+03 2.462051394716141817e-01 6.474578814180226294e-01
2.760000000000000000e+03 2.463126994607210407e-01 6.473502660834846711e-01
2.770000000000000000e+03 2.463560782790572834e-01 6.473068321664252611e-01
2.780000000000000000e+03 2.463356174413844635e-01 6.473272381556377519e-01
2.790000000000000000e+03 2.462514122664768712e-01 6.474113884680018360e-01
2.800000000000000000e+03 2.461033122079306079e-01 6.475594324596920526e-01
2.810000000000000000e+03 2.458909405335080456e-01 6.477717462161223239e-01
2.820000000000000000e+03 2.456137234734473984e-01 6.480489046846874546e-01
2.830000000000000000e+03 2.452709194635890322e-01 6.483916512211853611e-01
2.840000000000000000e+03 2.448616500421260667e-01 6.488008652783960883e-01
2.850000000000000000e+03 2.443849378409684858e-01 6.492775241271419029e-01
2.860000000000000000e+03 2.438397646038878985e-01 6.498226446170881632e-01
2.870000000000000000e+03 2.432251347643425987e-01 6.504372193455731921e-01
2.880000000000000000e+03 2.425401503585214169e-01 6.511221440715138087e-01
2.890000000000000000e+03 2.417840844928976218e-01 6.518781464062349817e-01
2.900000000000000000e+03 2.409564447395825260e-01 6.527057207428893504e-01
2.910000000000000000e+03 2.400570271610361073e-01 6.536050727283653217e-01
2.920000000000000000e+03 2.390859774225828627e-01 6.545760577480977949e-01
2.930000000000000000e+03 2.380438790618830680e-01 6.556180918807609226e-01
2.940000000000000000e+03 2.369318256902692432e-01 6.567300804754970800e-01
2.950000000000000000e+03 2.357514501402829254e-01 6.579103902245522217e-01
2.960000000000000000e+03 2.345049475006815154e-01 6.591568257713050771e-01
2.970000000000000000e+03 2.331950874677534424e-01 6.604666166159272045e-01
2.980000000000000000e+03 2.318252192045022753e-01 6.618364129514249239e-01
2.990000000000000000e+03 2.303992952216352974e-01 6.632622626484704353e-01
3.000000000000000000e+03 2.289218636135834373e-01 6.647396173359613192e-01
3.010000000000000000e+03 2.273980145163583266e-01 6.662633854089474728e-01
3.020000000000000000e+03 2.258333258229719420e-01 6.678279885244989833e-01
3.030000000000000000e+03 2.242338125429652329e-01 6.694274124145631610e-01
3.040000000000000000e+03 2.226058622544455912e-01 6.710552704532508628e-01
3.050000000000000000e+03 2.209561507416667459e-01 6.727048876852141923e-01
3.060000000000000000e+03 2.192915463709318169e-01 6.743693963021034632e-01
3.070000000000000000e+03 2.176190332594220012e-01 6.760418119168680740e-01
3.080000000000000000e+03 2.159456512073254508e-01 6.777150944586088910e-01
3.090000000000000000e+03 2.142784048732592761e-01 6.793822401088162044e-01
3.100000000000000000e+03 2.126241252814736471e-01 6.810364195780042040e-01
3.110000000000000000e+03 2.109893424520985494e-01 6.826711041417642400e-01
3.120000000000000000e+03 2.093802052482457432e-01 6.842801449094703115e-01
3.130000000000000000e+03 2.078024133279481600e-01 6.858578418782471653e-01
3.140000000000000000e+03 2.062611523579909178e-01 6.873990088028788525e-01
3.150000000000000000e+03 2.047610349032764343e-01 6.888990319545496011e-01
3.160000000000000000e+03 2.033060486564932379e-01 6.903539222181384050e-01
3.170000000000000000e+03 2.018995157501279614e-01 6.917603561728432604e-01
3.180000000000000000e+03 2.005440492107152528e-01 6.931157204233989733e-01
3.190000000000000000e+03 1.992415355119313003e-01 6.944181291437824255e-01
3.200000000000000000e+03 1.979931367140752296e-01 6.956664211838207157e-01
3.210000000000000000e+03 1.967992967483065403e-01 6.968601526675629598e-01
3.220000000000000000e+03 1.956597634480852499e-01 6.979995749359241275e-01
3.230000000000000000e+03 1.945736328114831826e-01 6.990855923805594507e-01
3.240000000000000000e+03 1.935394004801981593e-01 7.001197110552976888e-01
3.250000000000000000e+03 1.925550155235461192e-01 7.011039830855633204e-01
3.260000000000000000e+03 1.916179372017261517e-01 7.020409494156109043e-01
3.270000000000000000e+03 1.907251998728384523e-01 7.029335753801430053e-01
3.280000000000000000e+03 1.898735053345084189e-01 7.037851579941901692e-01
3.290000000000000000e+03 1.890593243600259821e-01 7.045992248636610000e-01
3.300000000000000000e+03 1.882789729552362679e-01 7.053794586109042308e-01
3.310000000000000000e+03 1.875286814680780234e-01 7.061296289196697940e-01
3.320000000000000000e+03 1.868046916790184753e-01 7.068534962934904797e-01
3.330000000000000000e+03 1.861033554309369786e-01 7.075547117279529230e-01
3.340000000000000000e+03 1.854212026227499144e-01 7.082367458879587074e-01
3.350000000000000000e+03 1.847549957840231016e-01 7.089028340511546178e-01
3.360000000000000000e+03 1.841017952987626660e-01 7.095559136784957976e-01
3.370000000000000000e+03 1.834590205238477711e-01 7.101985658097599297e-01
3.380000000000000000e+03 1.828244865250307494e-01 7.108329773434715060e-01
3.390000000000000000e+03 1.821964268931808573e-01 7.114609156941258394e-01
3.400000000000000000e+03 1.815735278848362722e-01 7.120836941316428526e-01
3.410000000000000000e+03 1.809549451698747591e-01 7.127021561800280791e-01
3.420000000000000000e+03 1.803402974876125997e-01 7.133166832113723155e-01
3.430000000000000000e+03 1.797296698436302298e-01 7.139271906238564558e-01
3.440000000000000000e+03 1.791236003592639181e-01 7.145331405413850590e-01
3.450000000000000000e+03 1.785230370133875921e-01 7.151335852046776242e-01
3.460000000000000000e+03 1.779292996628056289e-01 7.157272045911204916e-01
3.470000000000000000e+03 1.773440504917824512e-01 7.163123356611387216e-01
3.480000000000000000e+03 1.767692540597597950e-01 7.168870123802889571e-01
3.490000000000000000e+03 1.762071368176869046e-01 7.174490074634801706e-01
3.500000000000000000e+03 1.756601317265957252e-01 7.179958883646090362e-01
3.510000000000000000e+03 1.751308206279754975e-01 7.185250743487879843e-01
3.520000000000000000e+03 1.746218814195556468e-01 7.190338893934409281e-01
3.530000000000000000e+03 1.741360225564372310e-01 7.195196266249705985e-01
3.540000000000000000e+03 1.736759219343657068e-01 7.199796077720200804e-01
3.550000000000000000e+03 1.732441805815896907e-01 7.204112299122704677e-01
3.560000000000000000e+03 1.728432756844804075e-01 7.208120142568111843e-01
3.570000000000000000e+03 1.724755110487209142e-01 7.211796570880434354e-01
3.580000000000000000e+03 1.721429745442518144e-01 7.215120713359814975e-01
3.590000000000000000e+03 1.718475062182013291e-01 7.218074175086087729e-01
3.600000000000000000e+03 1.715906781681092452e-01 7.220641237095041243e-01
3.610000000000000000e+03 1.713737802205643479e-01 7.222809008726639446e-01
3.620000000000000000e+03 1.711978011408599454e-01 7.224567614568441209e-01
3.630000000000000000e+03 1.710634068084245785e-01 7.225910395830335009e-01
3.640000000000000000e+03 1.709709311898481299e-01 7.226833999648479834e-01
3.650000000000000000e+03 1.709203830524059498e-01 7.227338321239036301e-01
3.660000000000000000e+03 1.709114611601522393e-01 7.227426362926389070e-01
3.670000000000000000e+03 1.709435765682715824e-01 7.227104021773498310e-01
3.680000000000000000e+03 1.710158780283896340e-01 7.226379832234183231e-01
3.690000000000000000e+03 1.711272774835388977e-01 7.225264692971326008e-01
3.700000000000000000e+03 1.712764786068439182e-01 7.223771562835374915e-01
3.710000000000000000e+03 1.714620067155000205e-01 7.221915167088630572e-01
3.720000000000000000e+03 1.716822366336901162e-01 7.219711736668379398e-01
3.730000000000000000e+03 1.719354273187232995e-01 7.217178672124798799e-01
3.740000000000000000e+03 1.722197661611685748e-01 7.214334108427535863e-01
3.750000000000000000e+03 1.725334126249810085e-01 7.211196467680098809e-01
3.760000000000000000e+03 1.728745357995994103e-01 7.207784056936370476e-01
3.770000000000000000e+03 1.732413493263091075e-01 7.204114718757589353e-01
3.780000000000000000e+03 1.736321428123273891e-01 7.200205540975158636e-01
3.790000000000000000e+03 1.740453074773508080e-01 7.196072610409491865e-01
3.800000000000000000e+03 1.744793623978792285e-01 7.191730744227102790e-01
3.810000000000000000e+03 1.749329826228540885e-01 7.187193209311365516e-01
3.820000000000000000e+03 1.754050213894719212e-01 7.182471493379251060e-01
3.830000000000000000e+03 1.758945242203113768e-01 7.177575151236879059e-01
3.840000000000000000e+03 1.764007303155936401e-01 7.172511784672233048e-01
3.850000000000000000e+03 1.769230662719571967e-01 7.167287113048212976e-01
3.860000000000000000e+03 1.774611423237968388e-01 7.161905022136572097e-01
3.870000000000000000e+03 1.780147542882035971e-01 7.156367557454355044e-01
3.880000000000000000e+03 1.785838826160560111e-01 7.150674933293845736e-01
3.890000000000000000e+03 1.791686801430161236e-01 7.144825638250915656e-01
3.900000000000000000e+03 1.797694436058513145e-01 7.138816700760644007e-01
3.910000000000000000e+03 1.803865823280983438e-01 7.132644008228941068e-01
3.920000000000000000e+03 1.810205940536505909e-01 7.126302569067102244e-01
3.930000000000000000e+03 1.816720372979950537e-01 7.119786796999002521e-01
3.940000000000000000e+03 1.823415003078826258e-01 7.113090813857918526e-01
3.950000000000000000e+03 1.830295738435494535e-01 7.106208711918194920e-01
3.960000000000000000e+03 1.837368227467531812e-01 7.099134835175662239e-01
3.970000000000000000e+03 1.844637527297388613e-01 7.091864117638965181e-01
3.980000000000000000e+03 1.852107834349263349e-01 7.084392364149049159e-01
3.990000000000000000e+03 1.859782285401350432e-01 7.076716448478257426e-01
4.000000000000000000e+03 1.867662753707515499e-01 7.068834501389658076e-01
4.010000000000000000e+03 1.875749667867111226e-01 7.060746088797802411e-01
4.020000000000000000e+03 1.884041875020717738e-01 7.052452363991003059e-01
4.030000000000000000e+03 1.892536554115780423e-01 7.043956152643554569e-01
4.040000000000000000e+03 1.901229146536203563e-01 7.035262011999054987e-01
4.050000000000000000e+03 1.910113360120644921e-01 7.026376231894980728e-01
4.060000000000000000e+03 1.919181254541769688e-01 7.017306766154095543e-01
4.070000000000000000e+03 1.928423337462954745e-01 7.008063126906520779e-01
4.080000000000000000e+03 1.937828707017786589e-01 6.998656222908409275e-01
4.090000000000000000e+03 1.947385152215165560e-01 6.989098254361196805e-01
4.100000000000000000e+03 1.957079225131156675e-01 6.979402646370650443e-01
4.110000000000000000e+03 1.966896344774755889e-01 6.969583967245911449e-01
4.120000000000000000e+03 1.976820956813709618e-01 6.959657778766903391e-01
4.130000000000000000e+03 1.986836764037034075e-01 6.949640399391012746e-01
4.140000000000000000e+03 1.996926876032137366e-01 6.939548730179921909e-01
4.150000000000000000e+03 2.007073916061561936e-01 6.929400138231217587e-01
4.160000000000000000e+03 2.017260169313376261e-01 6.919212325406561837e-01
4.170000000000000000e+03 2.027467702023178220e-01 6.909003225424499295e-01
4.180000000000000000e+03 2.037678397995889013e-01 6.898790968691571601e-01
4.190000000000000000e+03 2.047873961120908193e-01 6.888593860984583150e-01
4.200000000000000000e+03 2.058035953543596586e-01 6.878430332472219577e-01
