0.000000000000000000e+00 2.653050091535563704e-01 6.257226948374382536e-01
1.000000000000000000e+01 2.659911339679056907e-01 6.250270618325862726e-01
2.000000000000000000e+01 2.663927512251676455e-01 6.246167952460154327e-01
3.000000000000000000e+01 2.665315375780636376e-01 6.244703928512146396e-01
4.000000000000000000e+01 2.664426102241327921e-01 6.245530723729795231e-01
5.000000000000000000e+01 2.661774820470549918e-01 6.248133488673531799e-01
6.000000000000000000e+01 2.658003387677673190e-01 6.251866631185448719e-01
7.000000000000000000e+01 2.653845551830616434e-01 6.255993212959184424e-01
8.000000000000000000e+01 2.650078921022022693e-01 6.259735381365773010e-01
9.000000000000000000e+01 2.647466206491452811e-01 6.262331576085126139e-01
1.000000000000000000e+02 2.646697226478980647e-01 6.263093282613705348e-01
1.100000000000000000e+02 2.648339595993260964e-01 6.261453616734290462e-01
1.200000000000000000e+02 2.652802908690823913e-01 6.257003163348864305e-01
1.300000000000000000e+02 2.660317895986951120e-01 6.249511306394829324e-01
1.400000000000000000e+02 2.670930080789748473e-01 6.238932609679990193e-01
1.500000000000000000e+02 2.684506863864380422e-01 6.225399005263583252e-01
1.600000000000000000e+02 2.700756514371560613e-01 6.209201017324450511e-01
1.700000000000000000e+02 2.719256699250902076e-01 6.190759457219187079e-01
1.800000000000000000e+02 2.739489401638738331e-01 6.170590647737812517e-01
1.900000000000000000e+02 2.760878672520494237e-01 6.149269032890205544e-01
2.000000000000000000e+02 2.782827904941128638e-01 6.127389866424916010e-01
2.100000000000000000e+02 2.804753824802085349e-01 6.105535221715819860e-01
2.200000000000000000e+02 2.826115261869052708e-01 6.084245487035488953e-01
2.300000000000000000e+02 2.846435612396818748e-01 6.063996651624581347e-01
2.400000000000000000e+02 2.865318556232215874e-01 6.045184389259118385e-01
2.500000000000000000e+02 2.882457084081955223e-01 6.028115055867558914e-01
2.600000000000000000e+02 2.897636465721806220e-01 6.013002876963747800e-01
2.700000000000000000e+02 2.910731922878764810e-01 5.999972240248346855e-01
2.800000000000000000e+02 2.921702113023144087e-01 5.989064282252912763e-01
2.900000000000000000e+02 2.930579562736425614e-01 5.980246352024046752e-01
3.000000000000000000e+02 2.937459241429348777e-01 5.973423459032723981e-01
3.100000000000000000e+02 2.942486261683993076e-01 5.968450697443418163e-01
3.200000000000000000e+02 2.945843427641181012e-01 5.965145696334653858e-01
3.300000000000000000e+02 2.947739346552963879e-01 5.963300470729920866e-01
3.400000000000000000e+02 2.948397606668923254e-01 5.962692229115820197e-01
3.500000000000000000e+02 2.948047320288459949e-01 5.963092677314246748e-01
3.600000000000000000e+02 2.946915286135847745e-01 5.964275800401935834e-01
3.700000000000000000e+02 2.945219702988088328e-01 5.966023896399725857e-01
3.800000000000000000e+02 2.943165400855783376e-01 5.968132324061982130e-01
3.900000000000000000e+02 2.940940421690786399e-01 5.970412919540937224e-01
4.000000000000000000e+02 2.938713764617289503e-01 5.972696253952153311e-01
4.100000000000000000e+02 2.936634233876540545e-01 5.974832976060112655e-01
4.200000000000000000e+02 2.934830079113752710e-01 5.976694170605523215e-01
4.300000000000000000e+02 2.933409230193043116e-01 5.978171140542657414e-01
4.400000000000000000e+02 2.932459993137294108e-01 5.979174827576824169e-01
4.500000000000000000e+02 2.932052029382956060e-01 5.979634912831162108e-01
4.600000000000000000e+02 2.932237483193608774e-01 5.979498439109999230e-01
4.700000000000000000e+02 2.933052354999480804e-01 5.978728758713839353e-01
4.800000000000000000e+02 2.934517967912969039e-01 5.977304042037532295e-01
4.900000000000000000e+02 2.936642265797853035e-01 5.975215644711914242e-01
5.000000000000000000e+02 2.939421251520321632e-01 5.972467046622980114e-01
5.100000000000000000e+02 2.942840382903936236e-01 5.969072621266613421e-01
5.200000000000000000e+02 2.946875819741506808e-01 5.965056196901878938e-01
5.300000000000000000e+02 2.951495563507333109e-01 5.960449723767238250e-01
5.400000000000000000e+02 2.956660673539739936e-01 5.955292355312091779e-01
5.500000000000000000e+02 2.962326309765884735e-01 5.949628777399685875e-01
5.600000000000000000e+02 2.968442717314641044e-01 5.943508248439088870e-01
5.700000000000000000e+02 2.974956213617165890e-01 5.936983910089388417e-01
5.800000000000000000e+02 2.981810131084373650e-01 5.930112063718971926e-01
5.900000000000000000e+02 2.988945661637516515e-01 5.922951177207407270e-01
6.000000000000000000e+02 2.996302637520380507e-01 5.915561075301095650e-01
6.100000000000000000e+02 3.003820438890205113e-01 5.908002055541092812e-01
6.200000000000000000e+02 3.011438688488642379e-01 5.900334018739668007e-01
6.300000000000000000e+02 3.019097944706470860e-01 5.892616105079205857e-01
6.400000000000000000e+02 3.026740233730571550e-01 5.884906040276957073e-01
6.500000000000000000e+02 3.034309478628109957e-01 5.877259722080301341e-01
6.600000000000000000e+02 3.041751872212661301e-01 5.869730915785071890e-01
6.700000000000000000e+02 3.049016109909636896e-01 5.862370968540587812e-01
6.800000000000000000e+02 3.056053463280523075e-01 5.855228693591433276e-01
6.900000000000000000e+02 3.062817769284927882e-01 5.848350377826645463e-01
7.000000000000000000e+02 3.069265298783168672e-01 5.841779869824432758e-01
7.100000000000000000e+02 3.075354606122447931e-01 5.835558817174776314e-01
7.200000000000000000e+02 3.081046446128822835e-01 5.829726800760335337e-01
7.300000000000000000e+02 3.086303727459249191e-01 5.824321187719027071e-01
7.400000000000000000e+02 3.091091613039841923e-01 5.819376896201430283e-01
7.500000000000000000e+02 3.095377857090206852e-01 5.814926163894049704e-01
7.600000000000000000e+02 3.099133265335974885e-01 5.810998162677440959e-01
7.700000000000000000e+02 3.102332159040253057e-01 5.807618566282275463e-01
7.800000000000000000e+02 3.104952889671476757e-01 5.804809163786601722e-01
7.900000000000000000e+02 3.106978339337252426e-01 5.802587415591630160e-01
8.000000000000000000e+02 3.108396349883613685e-01 5.800966066911847907e-01
8.100000000000000000e+02 3.109199971860182599e-01 5.799952755096166035e-01
8.200000000000000000e+02 3.109387529970607522e-01 5.799549768343259526e-01
8.300000000000000000e+02 3.108962516776537788e-01 5.799754118214057730e-01
8.400000000000000000e+02 3.107933283261172797e-01 5.800557934448273834e-01
8.500000000000000000e+02 3.106312512674766491e-01 5.801949106488334396e-01
8.600000000000000000e+02 3.104116460864881355e-01 5.803912067522726259e-01
8.700000000000000000e+02 3.101363994703052462e-01 5.806428698142923617e-01
8.800000000000000000e+02 3.098075507507222492e-01 5.809479343874586199e-01
8.900000000000000000e+02 3.094271817351654796e-01 5.813043815726558483e-01
9.000000000000000000e+02 3.089973177405326843e-01 5.817102293649507594e-01
9.100000000000000000e+02 3.085198514047283735e-01 5.821636095541029565e-01
9.200000000000000000e+02 3.079964966041069396e-01 5.826628220520313484e-01
9.300000000000000000e+02 3.074287732093619052e-01 5.832063585058794297e-01
9.400000000000000000e+02 3.068180205232201030e-01 5.837928944087953376e-01
9.500000000000000000e+02 3.061654352070685148e-01 5.844212539239690418e-01
9.600000000000000000e+02 3.054721294169019941e-01 5.850903521351275005e-01
9.700000000000000000e+02 3.047392060763307597e-01 5.857991180843362677e-01
9.800000000000000000e+02 3.039678485468330082e-01 5.865464040871166684e-01
9.900000000000000000e+02 3.031594157253232336e-01 5.873308881640678658e-01
1.000000000000000000e+03 3.023155305380659796e-01 5.881509816025582982e-01
1.010000000000000000e+03 3.014381534357116754e-01 5.890047560104346713e-01
1.020000000000000000e+03 3.005296301922991131e-01 5.898898993349838138e-01
1.030000000000000000e+03 2.995927026378537583e-01 5.908037048706836769e-01
1.040000000000000000e+03 2.986304792368026928e-01 5.917430956229478012e-01
1.050000000000000000e+03 2.976463704128280985e-01 5.927046858054257905e-01
1.060000000000000000e+03 2.966439935637708025e-01 5.936848767651154990e-01
1.070000000000000000e+03 2.956270520968007909e-01 5.946799809360703293e-01
1.080000000000000000e+03 2.945991982788625507e-01 5.956863624869146445e-01
1.090000000000000000e+03 2.935638936003001076e-01 5.967005771415356818e-01
1.100000000000000000e+03 2.925242817324273381e-01 5.977194965704882845e-01
1.110000000000000000e+03 2.914830876099447354e-01 5.987404069350605873e-01
1.120000000000000000e+03 2.904425543236050511e-01 5.997610702701924312e-01
1.130000000000000000e+03 2.894044263378658943e-01 6.007797394229915655e-01
1.140000000000000000e+03 2.883699825657867200e-01 6.017951244141861444e-01
1.150000000000000000e+03 2.873401219837267151e-01 6.028063130060532515e-01
1.160000000000000000e+03 2.863154940509729518e-01 6.038126481713720350e-01
1.170000000000000000e+03 2.852966545390819286e-01 6.048135707752404500e-01
1.180000000000000000e+03 2.842842333564011281e-01 6.058084442728993713e-01
1.190000000000000000e+03 2.832791089634815740e-01 6.067963757682242054e-01
1.200000000000000000e+03 2.822825782649859283e-01 6.077760478659502974e-01
1.210000000000000000e+03 2.812965039650919818e-01 6.087455785318410806e-01
1.220000000000000000e+03 2.803234219278120665e-01 6.097024198656751937e-01
1.230000000000000000e+03 2.793665992807818355e-01 6.106433013543661747e-01
1.240000000000000000e+03 2.784300381792953472e-01 6.115642239215540732e-01
1.250000000000000000e+03 2.775184182508647068e-01 6.124605114202311684e-01
1.260000000000000000e+03 2.766369755229171057e-01 6.133269259891587222e-01
1.270000000000000000e+03 2.757913212825612304e-01 6.141578468668861257e-01
1.280000000000000000e+03 2.749872107037631408e-01 6.149475030410784804e-01
1.290000000000000000e+03 2.742302781863021344e-01 6.156902445525019862e-01
1.300000000000000000e+03 2.735257577468060419e-01 6.163808272861638349e-01
1.310000000000000000e+03 2.728782074287489090e-01 6.170146824703882649e-01
1.320000000000000000e+03 2.722912627577391276e-01 6.175881544616106389e-01
1.330000000000000000e+03 2.717674426975368873e-01 6.180986978482255756e-01
1.340000000000000000e+03 2.713080206663926464e-01 6.185450166809559613e-01
1.350000000000000000e+03 2.709129638260515671e-01 6.189271267900631202e-01
1.360000000000000000e+03 2.705809421731791287e-01 6.192463397697182126e-01
1.370000000000000000e+03 2.703094061361311362e-01 6.195051839737391042e-01
1.380000000000000000e+03 2.700947185809583484e-01 6.197072752932213380e-01
1.390000000000000000e+03 2.699323295055557903e-01 6.198571440493844120e-01
1.400000000000000000e+03 2.698169899369708968e-01 6.199600252659315247e-01
1.410000000000000000e+03 2.697429884196402283e-01 6.200216264780715747e-01
1.420000000000000000e+03 2.697043852432468580e-01 6.200478920952358086e-01
1.430000000000000000e+03 2.696952301836414989e-01 6.200447783505768085e-01
1.440000000000000000e+03 2.697097609700194187e-01 6.200180513732400644e-01
1.450000000000000000e+03 2.697425759529633038e-01 6.199731175343011769e-01
1.460000000000000000e+03 2.697887689344277140e-01 6.199148930865988616e-01
1.470000000000000000e+03 2.698440176245813782e-01 6.198477155739569033e-01
1.480000000000000000e+03 2.699046234746436124e-01 6.197752975966223099e-01
1.490000000000000000e+03 2.699675069497552427e-01 6.197007271256541605e-01
1.500000000000000000e+03 2.700301661987543622e-01 6.196265114496150028e-01
1.510000000000000000e+03 2.700906069298616985e-01 6.195546495952992672e-01
1.520000000000000000e+03 2.701472529918345078e-01 6.194867221320750073e-01
1.530000000000000000e+03 2.701988455088729646e-01 6.194239904066756175e-01
1.540000000000000000e+03 2.702443372929476118e-01 6.193675002757822456e-01
1.550000000000000000e+03 2.702827930083647190e-01 6.193181849060357402e-01
1.560000000000000000e+03 2.703133104151526633e-01 6.192769469532292126e-01
1.570000000000000000e+03 2.703349709800520473e-01 6.192447058826654471e-01
1.580000000000000000e+03 2.703468184125292773e-01 6.192224117414779627e-01
1.590000000000000000e+03 2.703478681561276020e-01 6.192110307474241182e-01
1.600000000000000000e+03 2.703371510268532951e-01 6.192115077189747074e-01
1.610000000000000000e+03 2.703137812573439547e-01 6.192247094652973960e-01
1.620000000000000000e+03 2.702770320730883413e-01 6.192513557127272694e-01
1.630000000000000000e+03 2.702264076419029770e-01 6.192919460686266975e-01
1.640000000000000000e+03 2.701617061925364327e-01 6.193466901651354384e-01
1.650000000000000000e+03 2.700830690838313952e-01 6.194154524448891586e-01
1.660000000000000000e+03 2.699910065725986685e-01 6.194977225803712795e-01
1.670000000000000000e+03 2.698863923809409204e-01 6.195926190367132547e-01
1.680000000000000000e+03 2.697704279761226065e-01 6.196989304411244515e-01
1.690000000000000000e+03 2.696445781612502590e-01 6.198151893727640305e-01
1.700000000000000000e+03 2.695104749367406294e-01 6.199397695754461646e-01
1.710000000000000000e+03 2.693697919644275629e-01 6.200710017254492668e-01
1.720000000000000000e+03 2.692241054379818088e-01 6.202073036798837480e-01
1.730000000000000000e+03 2.690747568276122825e-01 6.203473212191634723e-01
1.740000000000000000e+03 2.689227193164213103e-01 6.204900704357386720e-01
1.750000000000000000e+03 2.687684744589219910e-01 6.206350662553310471e-01
1.760000000000000000e+03 2.686119178436474075e-01 6.207824164215519636e-01
1.770000000000000000e+03 2.684523050692508850e-01 6.209328683248096503e-01
1.780000000000000000e+03 2.682882427782723456e-01 6.210878092534362072e-01
1.790000000000000000e+03 2.681177265012656963e-01 6.212492249556383905e-01
1.800000000000000000e+03 2.679382227421852614e-01 6.214196228391118959e-01
1.810000000000000000e+03 2.677467951969203508e-01 6.216019191614204908e-01
1.820000000000000000e+03 2.675402711911348264e-01 6.217992847493865050e-01
1.830000000000000000e+03 2.673154298037934140e-01 6.220149584914863583e-01
1.840000000000000000e+03 2.670691932708029737e-01 6.222520465242132870e-01
1.850000000000000000e+03 2.667988170191973318e-01 6.225133170599400634e-01
1.860000000000000000e+03 2.665020742324432645e-01 6.228010042982546901e-01
1.870000000000000000e+03 2.661774244027704794e-01 6.231166383392480190e-01
1.880000000000000000e+03 2.658241528323854186e-01 6.234609110384425890e-01
1.890000000000000000e+03 2.654424670171843248e-01 6.238335901249946192e-01
1.900000000000000000e+03 2.650335357314931306e-01 6.242334916106272447e-01
1.910000000000000000e+03 2.645994615032856712e-01 6.246585100704636906e-01
1.920000000000000000e+03 2.641431893052669788e-01 6.251057047714722037e-01
1.930000000000000000e+03 2.636683667566034894e-01 6.255714365374506203e-01
1.940000000000000000e+03 2.631791674626651756e-01 6.260515428170695396e-01
1.950000000000000000e+03 2.626800860151066175e-01 6.265415410538360819e-01
1.960000000000000000e+03 2.621757182955889998e-01 6.270368486448897327e-01
1.970000000000000000e+03 2.616705437745004414e-01 6.275330003553055702e-01
1.980000000000000000e+03 2.611687277479142755e-01 6.280258490921072356e-01
1.990000000000000000e+03 2.606739554741905884e-01 6.285117355066970335e-01
2.000000000000000000e+03 2.601893032843446973e-01 6.289876138192520560e-01
2.010000000000000000e+03 2.597171520752611928e-01 6.294511290190969444e-01
2.020000000000000000e+03 2.592591474964684450e-01 6.299006448968645921e-01
2.030000000000000000e+03 2.588162100101671914e-01 6.303352295741193601e-01
2.040000000000000000e+03 2.583885937807266497e-01 6.307546042067322389e-01
2.050000000000000000e+03 2.579759816846102782e-01 6.311590589186345523e-01
2.060000000000000000e+03 2.575775992283170779e-01 6.315493477420529578e-01
2.070000000000000000e+03 2.571923385973389764e-01 6.319265717713430375e-01
2.080000000000000000e+03 2.568188851476359003e-01 6.322920541498194824e-01
2.090000000000000000e+03 2.564558362506953459e-01 6.326472155258759944e-01
2.100000000000000000e+03 2.561018107330559901e-01 6.329934571288937661e-01
2.110000000000000000e+03 2.557555506017708535e-01 6.333320508883157895e-01
2.120000000000000000e+03 2.554160174601375899e-01 6.336640315787700484e-01
2.130000000000000000e+03 2.550824901673478529e-01 6.339900993236025073e-01
2.140000000000000000e+03 2.547546623520476894e-01 6.343105377933191402e-01
2.150000000000000000e+03 2.544327279471501613e-01 6.346251357279074634e-01
2.160000000000000000e+03 2.541174504378725940e-01 6.349331160320765832e-01
2.170000000000000000e+03 2.538102079583006154e-01 6.352330852712254616e-01
2.180000000000000000e+03 2.535130032493994046e-01 6.355230217006097027e-01
2.190000000000000000e+03 2.532284380029707349e-01 6.358003129025882050e-01
2.200000000000000000e+03 2.529596498246585723e-01 6.360618298698218487e-01
2.210000000000000000e+03 2.527102079962075254e-01 6.363040296616441216e-01
2.220000000000000000e+03 2.524839718022332535e-01 6.365230907613061984e-01
2.230000000000000000e+03 2.522849224931041912e-01 6.367150758288454560e-01
2.240000000000000000e+03 2.521169833353146261e-01 6.368761039963363180e-01
2.250000000000000000e+03 2.519838474250538640e-01 6.370025108341716980e-01
2.260000000000000000e+03 2.518888304406494139e-01 6.370909882947058955e-01
2.270000000000000000e+03 2.518347627965952795e-01 6.371387078826613592e-01
2.280000000000000000e+03 2.518239230508192983e-01 6.371434041025370032e-01
2.290000000000000000e+03 2.518579998946453014e-01 6.371034055567785792e-01
2.300000000000000000e+03 2.519380772945803426e-01 6.370176377184347816e-01
2.310000000000000000e+03 2.520646463334944576e-01 6.368856117715743226e-01
2.320000000000000000e+03 2.522376419149004456e-01 6.367073924535161522e-01
2.330000000000000000e+03 2.524564957497028028e-01 6.364835453487579509e-01
2.340000000000000000e+03 2.527201950802429598e-01 6.362150872599172668e-01
2.350000000000000000e+03 2.530273333586016138e-01 6.359034420726635828e-01
2.360000000000000000e+03 2.533761489183036231e-01 6.355503918969686028e-01
2.370000000000000000e+03 2.537645625898237167e-01 6.351580324242968034e-01
2.380000000000000000e+03 2.541902176509766020e-01 6.347287410881760072e-01
2.390000000000000000e+03 2.546505112702284190e-01 6.342651387552725728e-01
2.400000000000000000e+03 2.551426245476756116e-01 6.337700434441229103e-01
2.410000000000000000e+03 2.556635687557325953e-01 6.332464365800682948e-01
2.420000000000000000e+03 2.562102417533926313e-01 6.326974375961186281e-01
2.430000000000000000e+03 2.567794748415349604e-01 6.321262498101937188e-01
2.440000000000000000e+03 2.573680708222776392e-01 6.315360863897776511e-01
2.450000000000000000e+03 2.579728463687829820e-01 6.309301225669836644e-01
2.460000000000000000e+03 2.585906799939754475e-01 6.303114775329854425e-01
2.470000000000000000e+03 2.592185459838695083e-01 6.296831919286156598e-01
2.480000000000000000e+03 2.598535311888720001e-01 6.290481890645625018e-01
2.490000000000000000e+03 2.604928497013745958e-01 6.284092366156790455e-01
2.500000000000000000e+03 2.611338639938651784e-01 6.277689300141628959e-01
2.510000000000000000e+03 2.617741094346296427e-01 6.271296723116991378e-01
2.520000000000000000e+03 2.624113298828553709e-01 6.264936425473099924e-01
2.530000000000000000e+03 2.630435221782463362e-01 6.258627744598973530e-01
2.540000000000000000e+03 2.636689712431171118e-01 6.252387296067840605e-01
2.550000000000000000e+03 2.642862749651769261e-01 6.246228718270874225e-01
2.560000000000000000e+03 2.648943567382428532e-01 6.240162403945003211e-01
2.570000000000000000e+03 2.654924718609550371e-01 6.234195395881381163e-01
2.580000000000000000e+03 2.660802092315726619e-01 6.228331602939072287e-01
2.590000000000000000e+03 2.666574695118743565e-01 6.222572189653891028e-01
2.600000000000000000e+03 2.672244037533665906e-01 6.216915939695758508e-01
2.610000000000000000e+03 2.677813284315218034e-01 6.211359732422186974e-01
2.620000000000000000e+03 2.683286439916005017e-01 6.205899431691953572e-01
2.630000000000000000e+03 2.688667539915182703e-01 6.200530786315320286e-01
2.640000000000000000e+03 2.693959833243056989e-01 6.195250073037792404e-01
2.650000000000000000e+03 2.699165291966885150e-01 6.190054761072758538e-01
2.660000000000000000e+03 2.704284471930220035e-01 6.184944008342406763e-01
2.670000000000000000e+03 2.709316470872388249e-01 6.179918729424943580e-01
2.680000000000000000e+03 2.714259028607793889e-01 6.174981257116907152e-01
2.690000000000000000e+03 2.719109004681445341e-01 6.170134974960325147e-01
2.700000000000000000e+03 2.723863056742071853e-01 6.165383707550153858e-01
2.710000000000000000e+03 2.728518216560256171e-01 6.160730689093395496e-01
2.720000000000000000e+03 2.733072501555903200e-01 6.156177717763757773e-01
2.730000000000000000e+03 2.737525688069281649e-01 6.151724935893458923e-01
2.740000000000000000e+03 2.741879756991354999e-01 6.147370548935640056e-01
2.750000000000000000e+03 2.746138810318675127e-01 6.143110435151640791e-01
2.760000000000000000e+03 2.750308859011940110e-01 6.138938281111626649e-01
2.770000000000000000e+03 2.754397564720790226e-01 6.134846391576621594e-01
2.780000000000000000e+03 2.758413724137033229e-01 6.130826563488758207e-01
2.790000000000000000e+03 2.762366481216689262e-01 6.126870641529947870e-01
2.800000000000000000e+03 2.766264436649218394e-01 6.122970960114650918e-01
2.810000000000000000e+03 2.770114746744588019e-01 6.119120669985940175e-01
2.820000000000000000e+03 2.773922563645738748e-01 6.115314291884381692e-01
2.830000000000000000e+03 2.777690758731461429e-01 6.111548117719870499e-01
2.840000000000000000e+03 2.781420012124742880e-01 6.107820550550909777e-01
2.850000000000000000e+03 2.785109407305097484e-01 6.104132547689566923e-01
2.860000000000000000e+03 2.788757064212207815e-01 6.100487178713832614e-01
2.870000000000000000e+03 2.792360379747819144e-01 6.096887741881380496e-01
2.880000000000000000e+03 2.795916878447177178e-01 6.093336805506398557e-01
2.890000000000000000e+03 2.799425480632062313e-01 6.089835996900928583e-01
2.900000000000000000e+03 2.802887333133251557e-01 6.086385497151980406e-01
2.910000000000000000e+03 2.806306103543462216e-01 6.082983014413897438e-01
2.920000000000000000e+03 2.809688096138871494e-01 6.079622578967928126e-01
2.930000000000000000e+03 2.813042548346682548e-01 6.076294496014678082e-01
2.940000000000000000e+03 2.816381619417253623e-01 6.072984929333444803e-01
2.950000000000000000e+03 2.819720465613521632e-01 6.069676241073622691e-01
2.960000000000000000e+03 2.823077739293246013e-01 6.066348666126843980e-01
2.970000000000000000e+03 2.826475720211633069e-01 6.062981071967528113e-01
2.980000000000000000e+03 2.829939657031766420e-01 6.059550245418764414e-01
2.990000000000000000e+03 2.833497017497423887e-01 6.056029783040783876e-01
3.000000000000000000e+03 2.837177394721297485e-01 6.052390122202699896e-01
3.010000000000000000e+03 2.841012404780207667e-01 6.048599150969297122e-01
3.020000000000000000e+03 2.845035444469656838e-01 6.044622859354934485e-01
3.030000000000000000e+03 2.849281291804987570e-01 6.040425873943084945e-01
3.040000000000000000e+03 2.853785567812248125e-01 6.035972331417205350e-01
3.050000000000000000e+03 2.858583950369794069e-01 6.031226734173544823e-01
3.060000000000000000e+03 2.863711043823053970e-01 6.026154624216172317e-01
3.070000000000000000e+03 2.869199384144482945e-01 6.020723727826000626e-01
3.080000000000000000e+03 2.875078178551659369e-01 6.014904613452379811e-01
3.090000000000000000e+03 2.881372216337875214e-01 6.008672151585429111e-01
3.100000000000000000e+03 2.888100663549056368e-01 6.002006569006943515e-01
3.110000000000000000e+03 2.895276275019669776e-01 5.994894371022038149e-01
3.120000000000000000e+03 2.902905077265667266e-01 5.987329701299144435e-01
3.130000000000000000e+03 2.910985917063277362e-01 5.979314507881212659e-01
3.140000000000000000e+03 2.919510229717103278e-01 5.970858423098860390e-01
3.150000000000000000e+03 2.928462191577014817e-01 5.961978039502290327e-01
3.160000000000000000e+03 2.937819035793171607e-01 5.952695115152512040e-01
3.170000000000000000e+03 2.947551995232929323e-01 5.943035865876364898e-01
3.180000000000000000e+03 2.957627896257835620e-01 5.933030980284674794e-01
3.190000000000000000e+03 2.968011198680046703e-01 5.922715700636608238e-01
3.200000000000000000e+03 2.978665291240034652e-01 5.912128428481376874e-01
3.210000000000000000e+03 2.989552916545752392e-01 5.901308484172466118e-01
3.220000000000000000e+03 3.000636450964068169e-01 5.890294000825208043e-01
3.230000000000000000e+03 3.011878597827405413e-01 5.879120899195509065e-01
3.240000000000000000e+03 3.023243916944105547e-01 5.867823998827144116e-01
3.250000000000000000e+03 3.034699205226330521e-01 5.856436883877869093e-01
3.260000000000000000e+03 3.046213123599739725e-01 5.844990627785574544e-01
3.270000000000000000e+03 3.057756178634932209e-01 5.833513853377206848e-01
3.280000000000000000e+03 3.069300769776273641e-01 5.822034006268486106e-01
3.290000000000000000e+03 3.080820967372296937e-01 5.810578156006024342e-01
3.300000000000000000e+03 3.092291460621310883e-01 5.799172419026731307e-01
3.310000000000000000e+03 3.103687345684916221e-01 5.787842359568178274e-01
3.320000000000000000e+03 3.114984067501093135e-01 5.776614106727575582e-01
3.330000000000000000e+03 3.126156250591794472e-01 5.765513387190587258e-01
3.340000000000000000e+03 3.137177169848049951e-01 5.754565123875189370e-01
3.350000000000000000e+03 3.148018928006962036e-01 5.743794130822641453e-01
3.360000000000000000e+03 3.158653304204224743e-01 5.733226506902507902e-01
3.370000000000000000e+03 3.169052593846833910e-01 5.722891159461562793e-01
3.380000000000000000e+03 3.179188709904889887e-01 5.712818546522633323e-01
3.390000000000000000e+03 3.189032725614405206e-01 5.703039697573667466e-01
3.400000000000000000e+03 3.198554339107898548e-01 5.693585608329526648e-01
3.410000000000000000e+03 3.207721743021247351e-01 5.684487250174456996e-01
3.420000000000000000e+03 3.216502334812677555e-01 5.675776884870572525e-01
3.430000000000000000e+03 3.224863197674818771e-01 5.667488581528921099e-01
3.440000000000000000e+03 3.232769787901357272e-01 5.659655805671252038e-01
3.450000000000000000e+03 3.240186879355648752e-01 5.652312065588178669e-01
3.460000000000000000e+03 3.247080304909710780e-01 5.645491755277483037e-01
3.470000000000000000e+03 3.253417270263156413e-01 5.639229358238645462e-01
3.480000000000000000e+03 3.259166709514754734e-01 5.633557848432525494e-01
3.490000000000000000e+03 3.264299243428942510e-01 5.628506490549619601e-01
3.500000000000000000e+03 3.268788089616054271e-01 5.624100808550988040e-01
3.510000000000000000e+03 3.272610434494478415e-01 5.620362640881887417e-01
3.520000000000000000e+03 3.275747489309775995e-01 5.617308677750161294e-01
3.530000000000000000e+03 3.278185965704153992e-01 5.614952304531231064e-01
3.540000000000000000e+03 3.279918230844648397e-01 5.613304117451937136e-01
3.550000000000000000e+03 3.280941110706445119e-01 5.612370458498396886e-01
3.560000000000000000e+03 3.281254228874571077e-01 5.612151891256635938e-01
3.570000000000000000e+03 3.280859309199875562e-01 5.612644203672283449e-01
3.580000000000000000e+03 3.279761110423799475e-01 5.613841163623997099e-01
3.590000000000000000e+03 3.277966810515224316e-01 5.615734878375469030e-01
3.600000000000000000e+03 3.275484753443611563e-01 5.618315340053029461e-01
3.610000000000000000e+03 3.272324929344431754e-01 5.621571854879117147e-01
3.620000000000000000e+03 3.268498580755677119e-01 5.625493069936210455e-01
3.630000000000000000e+03 3.264017902713975960e-01 5.630067943313273870e-01
3.640000000000000000e+03 3.258895755939044681e-01 5.635285788165145249e-01
3.650000000000000000e+03 3.253144634130105128e-01 5.641134861875019002e-01
3.660000000000000000e+03 3.246775736246974575e-01 5.647600841252289339e-01
3.670000000000000000e+03 3.239800773748355844e-01 5.654668368359992980e-01
3.680000000000000000e+03 3.232234872100874790e-01 5.662323913748734672e-01
3.690000000000000000e+03 3.224096485948891311e-01 5.670555328760067404e-01
3.700000000000000000e+03 3.215403902410036707e-01 5.679346303940172591e-01
3.710000000000000000e+03 3.206176100849558730e-01 5.688676223101444274e-01
3.720000000000000000e+03 3.196435065845218415e-01 5.698522527591030062e-01
3.730000000000000000e+03 3.186204776421835971e-01 5.708858269223047177e-01
3.740000000000000000e+03 3.175512927431403121e-01 5.719654310732501523e-01
3.750000000000000000e+03 3.164391593408982239e-01 5.730880521599023281e-01
3.760000000000000000e+03 3.152874954134219920e-01 5.742503099508459163e-01
3.770000000000000000e+03 3.140998683668536073e-01 5.754485333945628112e-01
3.780000000000000000e+03 3.128800193920691641e-01 5.766789198546673489e-01
3.790000000000000000e+03 3.116318665058755433e-01 5.779377882104570485e-01
3.800000000000000000e+03 3.103592967575517503e-01 5.792215569270494635e-01
3.810000000000000000e+03 3.090658497257393056e-01 5.805263951237942255e-01
3.820000000000000000e+03 3.077547616178678003e-01 5.818484680903022177e-01
3.830000000000000000e+03 3.064291851753998541e-01 5.831844750957003720e-01
3.840000000000000000e+03 3.050919742291079428e-01 5.845313522315461752e-01
3.850000000000000000e+03 3.037459377185066645e-01 5.858866701265897925e-01
3.860000000000000000e+03 3.023937539988074130e-01 5.872484802990497466e-01
3.870000000000000000e+03 3.010376447657001631e-01 5.886145789375326620e-01
3.880000000000000000e+03 2.996795276735310098e-01 5.899825017850451880e-01
3.890000000000000000e+03 2.983213851591544619e-01 5.913499335401434243e-01
3.900000000000000000e+03 2.969654762218080224e-01 5.927148797108229283e-01
3.910000000000000000e+03 2.956141906846229128e-01 5.940752842496453967e-01
3.920000000000000000e+03 2.942699263774637419e-01 5.954286425069651445e-01
3.930000000000000000e+03 2.929353736192575330e-01 5.967722864824305251e-01
3.940000000000000000e+03 2.916133950243811057e-01 5.981032346262054045e-01
3.950000000000000000e+03 2.903071761788949545e-01 5.994186363772211479e-01
3.960000000000000000e+03 2.890199487692586278e-01 6.007154399849619075e-01
3.970000000000000000e+03 2.877546718726653463e-01 6.019901303442712903e-01
3.980000000000000000e+03 2.865142859137512210e-01 6.032396074899472049e-01
3.990000000000000000e+03 2.853015808109152229e-01 6.044612599640746264e-01
4.000000000000000000e+03 2.841190598884833496e-01 6.056531068340640367e-01
4.010000000000000000e+03 2.829685930083427059e-01 6.068134673143870117e-01
4.020000000000000000e+03 2.818514598898332890e-01 6.079411673271050143e-01
4.030000000000000000e+03 2.807681939226784329e-01 6.090353528921629289e-01
4.040000000000000000e+03 2.797185597475778662e-01 6.100954736604891071e-01
4.050000000000000000e+03 2.787020218832779173e-01 6.111220687394259832e-01
4.060000000000000000e+03 2.777176626084687516e-01 6.121165071214560438e-01
4.070000000000000000e+03 2.767638824356788430e-01 6.130800333322384832e-01
4.080000000000000000e+03 2.758387568909260179e-01 6.140140111165156567e-01
4.090000000000000000e+03 2.749406333004908443e-01 6.149207203863384930e-01
4.100000000000000000e+03 2.740677139790182459e-01 6.158022243574672316e-01
4.110000000000000000e+03 2.732184262264725216e-01 6.166606695524923243e-01
4.120000000000000000e+03 2.723912620134388285e-01 6.174976068983608624e-01
4.130000000000000000e+03 2.715848721870459115e-01 6.183138915173043149e-01
4.140000000000000000e+03 2.707983254769778525e-01 6.191100814320389389e-01
4.150000000000000000e+03 2.700311428268934999e-01 6.198864982201066631e-01
4.160000000000000000e+03 2.692833594930786334e-01 6.206433847366875645e-01
4.170000000000000000e+03 2.685553004632130203e-01 6.213803949044959252e-01
4.180000000000000000e+03 2.678475204928020825e-01 6.220967122265783633e-01
4.190000000000000000e+03 2.671609642999586143e-01 6.227915448604182114e-01
4.200000000000000000e+03 2.664967709665995166e-01 6.234638122069794397e-01
