0.000000000000000000e+00 8.644681882614316137e+00 5.515853735303719340e-15 8.644681882614316137e+00 6.380632405221162349e-16
1.000000000000000000e+01 8.576379103535250792e+00 1.038817881786104014e+00 8.639063671433072855e+00 -9.894617366548859039e-01
2.000000000000000000e+01 8.353127810493884198e+00 2.050873792198685486e+00 8.601210817668276221e+00 -1.979240667701150924e+00
3.000000000000000000e+01 7.982319519534195607e+00 3.008680383568410832e+00 8.530508927514581785e+00 -2.969548804636817252e+00
4.000000000000000000e+01 7.477688374588874254e+00 3.887687090205282026e+00 8.427925862204201479e+00 -3.960555541484882092e+00
5.000000000000000000e+01 6.857444796353064476e+00 4.667049304908817753e+00 8.294932088298228479e+00 -4.952425891209782272e+00
6.000000000000000000e+01 6.143220353047770921e+00 5.330415641824695960e+00 8.133417929794937606e+00 -5.945324763112573407e+00
7.000000000000000000e+01 5.358893851086756754e+00 5.866458142596630232e+00 7.945632413222609713e+00 -6.939416722198091136e+00
8.000000000000000000e+01 4.529360526326200009e+00 6.269079288417103157e+00 7.734110285087887782e+00 -7.934866082516418118e+00
9.000000000000000000e+01 3.679336912943892646e+00 6.537306116285456881e+00 7.501592589375587927e+00 -8.931837381084610783e+00
1.000000000000000000e+02 2.832278916793972368e+00 6.674909758831836015e+00 7.250946431402187642e+00 -9.930495827787606089e+00
1.100000000000000000e+02 2.009472255582851474e+00 6.689804129483730932e+00 6.985088262635970935e+00 -1.093100753193144570e+01
1.200000000000000000e+02 1.229334619936798489e+00 6.593286718801188329e+00 6.706913847970263909e+00 -1.193353948177252555e+01
1.300000000000000000e+02 5.069488268824388078e-01 6.399188482448639803e+00 6.419237520685833864e+00 -1.293825936565101031e+01
1.400000000000000000e+02 -1.461732485437789997e-01 6.122998248359485807e+00 6.124742783823919012e+00 -1.394533538458318134e+01
1.500000000000000000e+02 -7.221135682190601424e-01 5.781019984210501228e+00 5.825945422268152818e+00 -1.495493621143484475e+01
1.600000000000000000e+02 -1.216388703722261377e+00 5.389609571487274486e+00 5.525169030139291948e+00 -1.596723121317253558e+01
1.700000000000000000e+02 -1.627647659085470044e+00 4.964523644167777583e+00 5.224531741278573449e+00 -1.698239101145865959e+01
1.800000000000000000e+02 -1.957268747303948508e+00 4.520398971930312371e+00 4.925942327575648427e+00 -1.800058843862630198e+01
1.900000000000000000e+02 -2.208896014410964614e+00 4.070368323998247995e+00 4.631103528910679223e+00 -1.902199996561569861e+01
2.000000000000000000e+02 -2.387951346749050074e+00 3.625808683620102890e+00 4.341520499163345370e+00 -2.004680769869036538e+01
2.100000000000000000e+02 -2.501152507365581368e+00 3.196210325027204924e+00 4.058512573210984797e+00 -2.107520203937148295e+01
2.200000000000000000e+02 -2.556060677752804544e+00 2.789150441743455833e+00 3.783226979052650041e+00 -2.210738511408193219e+01
2.300000000000000000e+02 -2.560674440787581219e+00 2.410352523654121892e+00 3.516653647999556043e+00 -2.314357511204345030e+01
2.400000000000000000e+02 -2.523080978069094371e+00 2.063811889501470986e+00 3.259640645399693337e+00 -2.418401170636404629e+01
2.500000000000000000e+02 -2.451169819360807356e+00 1.751968220868332704e+00 3.012909910747057829e+00 -2.522896273716572679e+01
2.600000000000000000e+02 -2.352410125706275501e+00 1.475907418600584942e+00 2.777073298961634684e+00 -2.627873226155870867e+01
2.700000000000000000e+02 -2.233688974319830489e+00 1.235577266004212360e+00 2.552649136537260333e+00 -2.733366995173295777e+01
2.800000000000000000e+02 -2.101205300310958535e+00 1.030003806526662125e+00 2.340079390857130459e+00 -2.839418156604171628e+01
2.900000000000000000e+02 -1.960412234761954364e+00 8.574980330296915199e-01 2.139747416601816887e+00 -2.946073972575137390e+01
3.000000000000000000e+02 -1.815999620544645810e+00 7.158455396549904259e-01 1.951996275217307453e+00 -3.053389349332254099e+01
3.100000000000000000e+02 -1.671908324870286178e+00 6.024745067508823215e-01 1.777147427214547548e+00 -3.161427397635864267e+01
3.200000000000000000e+02 -1.531368255285510793e+00 5.145995357731001363e-01 1.615518930719810342e+00 -3.270259106717730901e+01
3.300000000000000000e+02 -1.396952749589158049e+00 4.493406866135720157e-01 1.467441323266816422e+00 -3.379961333646441801e+01
3.400000000000000000e+02 -1.270643006789720530e+00 4.038185460062006515e-01 1.333267815857783312e+00 -3.490611923281503692e+01
3.500000000000000000e+02 -1.153897243029138764e+00 3.752271196248512242e-01 1.213373083092009974e+00 -3.602280424630897215e+01
3.600000000000000000e+02 -1.047720354451617597e+00 3.608870697629709690e-01 1.108132401048866900e+00 -3.715012913850032561e+01
3.700000000000000000e+02 -9.527309433960604590e-01 3.582822422285341646e-01 1.017871512323954120e+00 -3.828810539265538182e+01
3.800000000000000000e+02 -8.692235486414048307e-01 3.650824213699579990e-01 9.427803306741757705e-01 -3.943604368067591537e+01
3.900000000000000000e+02 -7.972248964174513119e-01 3.791551109558871091e-01 8.827945024929567674e-01 -4.059233994938519174e+01
4.000000000000000000e+02 -7.365437764731328496e-01 3.985690256738868564e-01 8.374688071133967737e-01 -4.175441832743849346e+01
4.100000000000000000e+02 -6.868144890968596039e-01 4.215916345036982982e-01 8.058868709173020450e-01 -4.291893849370849523e+01
4.200000000000000000e+02 -6.475340121900975410e-01 4.466825086601123873e-01 7.866546640590753592e-01 -4.408226899548294853e+01
4.300000000000000000e+02 -6.180933050893560043e-01 4.724837412997153763e-01 7.779975704260650993e-01 -4.524107443477771540e+01
4.400000000000000000e+02 -5.978033178626012134e-01 4.978085872449113936e-01 7.779345707592051351e-01 -4.639278928379418687e+01
4.500000000000000000e+02 -5.859162567050867354e-01 5.216293628113261027e-01 7.844711925993529400e-01 -4.753582609952580640e+01
4.600000000000000000e+02 -5.816427143111879694e-01 5.430653816067756434e-01 7.957564048193386252e-01 -4.866951908916161784e+01
4.700000000000000000e+02 -5.841654443517593220e-01 5.613713839127945082e-01 8.101772010189218776e-01 -4.979390998811041413e+01
4.800000000000000000e+02 -5.926504351902003309e-01 5.759266623602031787e-01 8.263934043471652391e-01 -5.090949525910492213e+01
4.900000000000000000e+02 -6.062556654962864000e-01 5.862249466120975638e-01 8.433300777137631155e-01 -5.201700956774736540e+01
5.000000000000000000e+02 -6.241378724433903624e-01 5.918652849188257292e-01 8.601468475267490810e-01 -5.311727185050270350e+01
5.100000000000000000e+02 -6.454576325120869873e-01 5.925442431558931577e-01 8.761987419902510510e-01 -5.421109054699496710e+01
5.200000000000000000e+02 -6.693830884795397562e-01 5.880495655398041421e-01 8.909972001493381422e-01 -5.529921327963752020e+01
5.300000000000000000e+02 -6.950928908774464121e-01 5.782553198469729816e-01 9.041755039148597906e-01 -5.638230553857825100e+01
5.400000000000000000e+02 -7.217788940898173244e-01 5.631184654269775214e-01 9.154600909151385801e-01 -5.746094641092585675e+01
5.500000000000000000e+02 -7.486489340536062187e-01 5.426766702883039084e-01 9.246476058125070452e-01 -5.853563340247974622e+01
5.600000000000000000e+02 -7.749299474781302655e-01 5.170471960392966082e-01 9.315869398132181622e-01 -5.960679153295080113e+01
5.700000000000000000e+02 -7.998717363843532713e-01 4.864267128356254410e-01 9.361654456486804277e-01 -6.067478400402833927e+01
5.800000000000000000e+02 -8.227517530172072657e-01 4.510917408720656052e-01 9.382985696332902803e-01 -6.173992290218815526e+01
5.900000000000000000e+02 -8.428811697195166541e-01 4.113992404834513894e-01 9.379221723246025100e-01 -6.280247911962285201e+01
6.000000000000000000e+02 -8.596124072642234992e-01 3.677870426824405015e-01 9.349870584600027401e-01 -6.386269133372874762e+01
6.100000000000000000e+02 -8.723483675396286330e-01 3.207738833074477713e-01 9.294555172579240798e-01 -6.492077420788939435e+01
6.200000000000000000e+02 -8.805534282580272931e-01 2.709584283814979178e-01 9.212995223747465490e-01 -6.597692589776914929e+01
6.300000000000000000e+02 -8.837658968865214071e-01 2.190164093600985573e-01 9.105000538542695754e-01 -6.703133484156691679e+01
6.400000000000000000e+02 -8.816114310589433511e-01 1.656951948145185816e-01 8.970471631739432850e-01 -6.808418595312754462e+01
6.500000000000000000e+02 -8.738170137058838272e-01 1.118054028924361509e-01 8.809407593918042734e-01 -6.913566647495419204e+01
6.600000000000000000e+02 -8.602249396814026783e-01 5.820921093527803292e-02 8.621921242319374734e-01 -7.018597177891111016e+01
6.700000000000000000e+02 -8.408060015038759660e-01 5.805066685019191763e-03 8.408260408456397217e-01 -7.123531140565754072e+01
6.800000000000000000e+02 -8.156709591871860177e-01 -4.449132384194703915e-02 8.168834626545901090e-01 -7.228391566939689028e+01
6.900000000000000000e+02 -7.850792774416560649e-01 -9.176959980550569718e-02 7.904246525234238652e-01 -7.333204327594076233e+01
7.000000000000000000e+02 -7.494440275382434624e-01 -1.351504839263567292e-01 7.615326675319133987e-01 -7.437999059283365000e+01
7.100000000000000000e+02 -7.093318330420095297e-01 -1.738139566327945584e-01 7.303170139652260806e-01 -7.542810329089262211e+01
7.200000000000000000e+02 -6.654569201841984416e-01 -2.070289678038798042e-01 6.969174313582481295e-01 -7.647679114180448323e+01
7.300000000000000000e+02 -6.186686878563429914e-01 -2.341834045290026312e-01 6.615079835426657118e-01 -7.752654725170077654e+01
7.400000000000000000e+02 -5.699325595871287398e-01 -2.548126395245169373e-01 6.243016928849284275e-01 -7.857797383116823653e+01
7.500000000000000000e+02 -5.203041055965039741e-01 -2.686248291007212741e-01 5.855558565243538238e-01 -7.963181734601295148e+01
7.600000000000000000e+02 -4.708966672928579511e-01 -2.755211705206797590e-01 5.455782131579358651e-01 -8.068901651955822274e+01
7.700000000000000000e+02 -4.228435031392858146e-01 -2.756094736950330248e-01 5.047347918833774427e-01 -8.175076765850658944e+01
7.800000000000000000e+02 -3.772562534845724791e-01 -2.692096542028464268e-01 4.634610217798603160e-01 -8.281861277884581796e+01
7.900000000000000000e+02 -3.351817900667024563e-01 -2.568500251696426151e-01 4.222780693121122031e-01 -8.389455518112588095e+01
8.000000000000000000e+02 -2.975596337779782274e-01 -2.392537155313968489e-01 3.818168095430884423e-01 -8.498119994550829404e+01
8.100000000000000000e+02 -2.651822641468157271e-01 -2.173152972329199517e-01 3.428521133513163788e-01 -8.608189227935471877e+01
8.200000000000000000e+02 -2.386607786518160357e-01 -1.920684839578908620e-01 3.063482818567352384e-01 -8.720076094254227428e+01
8.300000000000000000e+02 -2.183982650072689990e-01 -1.646463879560876309e-01 2.735072855065689423e-01 -8.834242677146995959e+01
8.400000000000000000e+02 -2.045727702769095102e-01 -1.362362141251330927e-01 2.457851183003525453e-01 -8.951089774975579871e+01
8.500000000000000000e+02 -1.971311521401346856e-01 -1.080308232651330386e-01 2.247917923756099778e-01 -9.070708942489571314e+01
8.600000000000000000e+02 -1.957941603159826793e-01 -8.118014159454892131e-02 2.119565252667436339e-01 -9.192536154285336636e+01
8.700000000000000000e+02 -2.000721906271839823e-01 -5.674527858780953338e-02 2.079637182403901163e-01 -9.315204126431090970e+01
8.800000000000000000e+02 -2.092907617182850621e-01 -3.565783683829484851e-02 2.123066279431860548e-01 -9.436965310104218929e+01
8.900000000000000000e+02 -2.226241702562395119e-01 -1.868652180189606798e-02 2.234070439340081760e-01 -9.556466612001067062e+01
9.000000000000000000e+02 -2.391350947912715408e-01 -6.412680940644570511e-03 2.392210610244777935e-01 -9.673159762833991238e+01
9.100000000000000000e+02 -2.578176382136880829e-01 7.841691496253339663e-04 2.578188307617180208e-01 -9.787144890220493210e+01
9.200000000000000000e+02 -2.776412101056964232e-01 2.730561032722966970e-03 2.776546371168846505e-01 -9.898824188430005222e+01
9.300000000000000000e+02 -2.975928152507321123e-01 -5.463844895783559561e-04 2.975933168350169966e-01 -1.000865713347606203e+02
9.400000000000000000e+02 -3.167156363236105499e-01 -8.832999164317121774e-03 3.168387857666835061e-01 -1.011705252052471025e+02
9.500000000000000000e+02 -3.341420962744054424e-01 -2.175038239699844667e-02 3.348492491212570754e-01 -1.022434058371843122e+02
9.600000000000000000e+02 -3.491200878682713116e-01 -3.878136918250591619e-02 3.512674626959054192e-01 -1.033077777168832512e+02
9.700000000000000000e+02 -3.610319146424437742e-01 -5.930111777175740145e-02 3.658697390593661503e-01 -1.043656065529639534e+02
9.800000000000000000e+02 -3.694059885439410773e-01 -8.260922021008969274e-02 3.785301409872738332e-01 -1.054183999555840785e+02
9.900000000000000000e+02 -3.739212619974630614e-01 -1.079615615500535974e-01 3.891950782655164143e-01 -1.064673235889551250e+02
1.000000000000000000e+03 -3.744047917315129204e-01 -1.346005233323030181e-01 3.978646113351216318e-01 -1.075132897387981075e+02
1.010000000000000000e+03 -3.708235525087326123e-01 -1.617824238700980577e-01 4.045783728382930100e-01 -1.085570224409198801e+02
1.020000000000000000e+03 -3.632718005584074650e-01 -1.888013657626293196e-01 4.094048812542194216e-01 -1.095991046994470111e+02
1.030000000000000000e+03 -3.519551604950312829e-01 -2.150088053572082047e-01 4.124332932490017423e-01 -1.106400129122473857e+02
1.040000000000000000e+03 -3.371725073640565729e-01 -2.398283861788736981e-01 4.137667876223607433e-01 -1.116801424433769370e+02
1.050000000000000000e+03 -3.192965882989063364e-01 -2.627660330352699636e-01 4.135169880626597405e-01 -1.127198266229279824e+02
1.060000000000000000e+03 -2.987542764779082538e-01 -2.834157304600755101e-01 4.117992156209827059e-01 -1.137593502828681409e+02
1.070000000000000000e+03 -2.760074510112517920e-01 -3.014615760008459988e-01 4.087287545777057440e-01 -1.147989589262399903e+02
1.080000000000000000e+03 -2.515353881027647676e-01 -3.166766004975815063e-01 4.044182497992805936e-01 -1.158388650573163687e+02
1.090000000000000000e+03 -2.258192041463997213e-01 -3.289187330424921951e-01 3.989759966559286442e-01 -1.168792530859085730e+02
1.100000000000000000e+03 -1.993286244784016059e-01 -3.381244077728680630e-01 3.925047970002460973e-01 -1.179202835632590194e+02
1.110000000000000000e+03 -1.725110727369541797e-01 -3.443004452050707487e-01 3.851011124175890976e-01 -1.189620967311286250e+02
1.120000000000000000e+03 -1.457829901129530092e-01 -3.475149173447328876e-01 3.768544785237265549e-01 -1.200048150899114319e+02
1.130000000000000000e+03 -1.195233933497713702e-01 -3.478877703143032907e-01 3.678474443191112053e-01 -1.210485450605395243e+02
1.140000000000000000e+03 -9.406958496554593263e-02 -3.455817206605901193e-01 3.581561286231526031e-01 -1.220933782701862214e+02
1.150000000000000000e+03 -6.971473970253629082e-02 -3.407935601094377320e-01 3.478511111723769367e-01 -1.231393929836432903e+02
1.160000000000000000e+03 -4.670706134903394868e-02 -3.337458829689681217e-01 3.369983145040915118e-01 -1.241866559383571342e+02
1.170000000000000000e+03 -2.525025043868784486e-02 -3.246793006827941031e-01 3.256596742599314753e-01 -1.252352246174003625e+02
1.180000000000000000e+03 -5.504947632918959048e-03 -3.138454081640918436e-01 3.138936837117411449e-01 -1.262851495371091630e+02
1.190000000000000000e+03 1.240904721640153849e-02 -3.015008098146107485e-01 3.017560650122627641e-01 -1.273364766439587044e+02
1.200000000000000000e+03 2.840980919735319743e-02 -2.879022068735145878e-01 2.893005322865307427e-01 -1.283892507770504494e+02
1.210000000000000000e+03 4.244992441630411617e-02 -2.733023731594654837e-01 2.765794339019906900e-01 -1.294435200992679142e+02
1.220000000000000000e+03 5.451316725822556025e-02 -2.579468773896116951e-01 2.636442242105346279e-01 -1.304993406900335913e+02
1.230000000000000000e+03 6.461118087651405995e-02 -2.420713891030085441e-01 2.505457285936397160e-01 -1.315567818241164559e+02
1.240000000000000000e+03 7.278008267851898694e-02 -2.258995315508632029e-01 2.373342343396575849e-01 -1.326159327405681267e+02
1.250000000000000000e+03 7.907718949770900507e-02 -2.096413095812656724e-01 2.240595469552784935e-01 -1.336769109428022375e+02
1.260000000000000000e+03 8.357792723755790021e-02 -1.934919531571030749e-01 2.107709796387469969e-01 -1.347398724335348561e+02
1.270000000000000000e+03 8.637285334396314906e-02 -1.776310049431458760e-01 1.975171985217734905e-01 -1.358050248086475733e+02
1.280000000000000000e+03 8.756480046396042383e-02 -1.622217702667381745e-01 1.843461337505280517e-01 -1.368726446026932138e+02
1.290000000000000000e+03 8.726628611621602138e-02 -1.474112124203980634e-01 1.713051961843802262e-01 -1.379431004234978388e+02
1.300000000000000000e+03 8.559737983502978265e-02 -1.333301750395989860e-01 1.584419357705290909e-01 -1.390168834215247102e+02
1.310000000000000000e+03 8.268390970164252174e-02 -1.200937685032476693e-01 1.458051513385621722e-01 -1.400946486167266869e+02
1.320000000000000000e+03 7.865572305350981841e-02 -1.078017303475918010e-01 1.334463781262171800e-01 -1.411772725796851660e+02
1.330000000000000000e+03 7.364494469214957761e-02 -9.653879974861628854e-02 1.214220644512899322e-01 -1.422659344036161997e+02
1.340000000000000000e+03 6.778444995043374222e-02 -8.637526328793503072e-02 1.097971664622678367e-01 -1.433622278003987844e+02
1.350000000000000000e+03 6.120673634133971114e-02 -7.736754461664384352e-02 9.865090741380259931e-02 -1.444683104051921418e+02
1.360000000000000000e+03 5.404311493337667777e-02 -6.955870303924015230e-02 8.808559155845727129e-02 -1.455870884831846297e+02
1.370000000000000000e+03 4.642316814635703143e-02 -6.297904258073125372e-02 7.823982582502658767e-02 -1.467224036213924876e+02
1.380000000000000000e+03 3.847447445138792860e-02 -5.764677102231655775e-02 6.930682068606161539e-02 -1.478790886606496429e+02
1.390000000000000000e+03 3.032242712780365557e-02 -5.356844901864318137e-02 6.155508360146980801e-02 -1.490625288216723447e+02
1.400000000000000000e+03 2.208998535641350236e-02 -5.073932079932851752e-02 5.533937231505010879e-02 -1.502769962858264421e+02
1.410000000000000000e+03 1.389735159487755743e-02 -4.914373063531106423e-02 5.107095693354156418e-02 -1.515220171041259789e+02
1.420000000000000000e+03 5.861654028770695891e-03 -4.875555038884943349e-02 4.910664600308842220e-02 -1.527879599299202482e+02
1.430000000000000000e+03 -1.903280969257031439e-03 -4.953842276713287668e-02 4.957497159558565958e-02 -1.540560124301087512e+02
1.440000000000000000e+03 -9.287124692787515623e-03 -5.144578286283462559e-02 5.227733026302426589e-02 -1.553062100771620067e+02
1.450000000000000000e+03 -1.618340125552922629e-02 -5.442075064703365966e-02 5.677605637224268642e-02 -1.565266583361610913e+02
1.460000000000000000e+03 -2.249011074787187967e-02 -5.839607583829831139e-02 6.257720635154488675e-02 -1.577152335233637359e+02
1.470000000000000000e+03 -2.811052563187970213e-02 -6.329422199715614705e-02 6.925575925167416769e-02 -1.588755682916647061e+02
1.480000000000000000e+03 -3.295409443830815688e-02 -6.902750169931837210e-02 7.649031527649977069e-02 -1.600130200262364895e+02
1.490000000000000000e+03 -3.693751239014627513e-02 -7.549814269339467920e-02 8.404968394779598062e-02 -1.611326221961219289e+02
1.500000000000000000e+03 -3.998601711798385749e-02 -8.259838878584838118e-02 9.176805214767207175e-02 -1.622384592555870029e+02
1.510000000000000000e+03 -4.203484352851498407e-02 -9.021094230645572420e-02 9.952357601234705642e-02 -1.633336591224568792e+02
1.520000000000000000e+03 -4.303078011859915591e-02 -9.820977477151800195e-02 1.072231686637152154e-01 -1.644205683338952895e+02
1.530000000000000000e+03 -4.293376355628842483e-02 -1.064612208012598038e-01 1.147924195563534283e-01 -1.655009424469160422e+02
1.540000000000000000e+03 -4.171840417139921486e-02 -1.148253355820993832e-01 1.221690752119780898e-01 -1.665761030653413854e+02
1.550000000000000000e+03 -3.937542616670589024e-02 -1.231574925194198478e-01 1.292988482140527973e-01 -1.676470563621429335e+02
1.560000000000000000e+03 -3.591298683054116453e-02 -1.313102969233287953e-01 1.361327906904996610e-01 -1.687145794702612989e+02
1.570000000000000000e+03 -3.135771977742592836e-02 -1.391359129735036670e-01 1.426257650938635713e-01 -1.697792821132860013e+02
1.580000000000000000e+03 -2.575540513094943737e-02 -1.464887515925199779e-01 1.487356555658204127e-01 -1.708416505721226883e+02
1.590000000000000000e+03 -1.917127728415504717e-02 -1.532283894737468677e-01 1.544230462509538215e-01 -1.719020799330230886e+02
1.600000000000000000e+03 -1.168987580449054771e-02 -1.592226337381339174e-01 1.596511831801830372e-01 -1.729608979597547318e+02
1.610000000000000000e+03 -3.414367635078230205e-03 -1.643507193453532800e-01 1.643861820703995391e-01 -1.740183829186783555e+02
1.620000000000000000e+03 5.534655487257167210e-03 -1.685066158758812271e-01 1.685974851689799325e-01 -1.750747774928445040e+02
1.630000000000000000e+03 1.502106844082755181e-02 -1.716023036700260185e-01 1.722584776490372060e-01 -1.761302993777770212e+02
1.640000000000000000e+03 2.489592069974438590e-02 -1.735707834320066034e-01 1.753471520404266404e-01 -1.771851488660121845e+02
1.650000000000000000e+03 3.500083018529454026e-02 -1.743685033604477352e-01 1.778466560771450045e-01 -1.782395145145977438e+02
1.660000000000000000e+03 4.517184890119739504e-02 -1.739770258656704316e-01 1.797456577005874800e-01 -1.792935777513388302e+02
1.670000000000000000e+03 5.524366763665323338e-02 -1.724039965961314536e-01 1.810386722671924464e-01 -1.803475167243203430e+02
1.680000000000000000e+03 6.505408617253223558e-02 -1.696833795855185734e-01 1.817263971890336893e-01 -1.814015093355963302e+02
1.690000000000000000e+03 7.444861574828497142e-02 -1.658748018129505009e-01 1.818159681197484834e-01 -1.824557353674028661e+02
1.700000000000000000e+03 8.328498732770898971e-02 -1.610619177546543379e-01 1.813210701076510001e-01 -1.835103778206728862e+02
1.710000000000000000e+03 9.143726847400338031e-02 -1.553498189212943470e-01 1.802618659197388618e-01 -1.845656238607284365e+02
1.720000000000000000e+03 9.879926249581549857e-02 -1.488616498989312475e-01 1.786647281372264473e-01 -1.856216660758677506e+02
1.730000000000000000e+03 1.052870619313730632e-01 -1.417346536755750286e-01 1.765618233443344842e-01 -1.866787040269123850e+02
1.740000000000000000e+03 1.108408100150123227e-01 -1.341158091874328773e-01 1.739906188240732676e-01 -1.877369452724567509e+02
1.750000000000000000e+03 1.154256580688422379e-01 -1.261571878003487357e-01 1.709933290345496126e-01 -1.887966054091292847e+02
1.760000000000000000e+03 1.190318232689118461e-01 -1.180112592528504561e-01 1.676163245664483159e-01 -1.898579074881834856e+02
1.770000000000000000e+03 1.216737872867689751e-01 -1.098264223338577816e-01 1.639095895771836842e-01 -1.909210809876112194e+02
1.780000000000000000e+03 1.233887621830831449e-01 -1.017429303318953399e-01 1.599262658402126336e-01 -1.919863600743911434e+02
1.790000000000000000e+03 1.242345051764177644e-01 -9.388928284204031693e-02 1.557222197023341304e-01 -1.930539808177338443e+02
1.800000000000000000e+03 1.242865392320273571e-01 -8.637920232943971377e-02 1.513555761422239743e-01 -1.941241773764093352e+02
1.810000000000000000e+03 1.236348681038431652e-01 -7.930928004635041939e-02 1.468861549381871856e-01 -1.951971770349471740e+02
1.820000000000000000e+03 1.223803546419792443e-01 -7.275724669843466885e-02 1.423747454762729070e-01 -1.962731930955156372e+02
1.830000000000000000e+03 1.206309677877916015e-01 -6.678088756277571203e-02 1.378822589497695483e-01 -1.973524149762133106e+02
1.840000000000000000e+03 1.184980586066146924e-01 -6.141771197834497431e-02 1.334688174750628120e-01 -1.984349960114870441e+02
1.850000000000000000e+03 1.160928135766251673e-01 -5.668539509024439482e-02 1.291927837794129563e-01 -1.995210396092496410e+02
1.860000000000000000e+03 1.135230082126549578e-01 -5.258283703505940709e-02 1.251096644720388340e-01 -2.006105839577803920e+02
1.870000000000000000e+03 1.108900985481575535e-01 -4.909162435320670731e-02 1.212707777564589195e-01 -2.017035857348420222e+02
1.880000000000000000e+03 1.082866020957227865e-01 -4.617779632329017253e-02 1.177216083253735807e-01 -2.027999048517485221e+02
1.890000000000000000e+03 1.057937630714590876e-01 -4.379398087549565832e-02 1.144999260512569034e-01 -2.038992940556248641e+02
1.900000000000000000e+03 1.034797048514111834e-01 -4.188200972827187119e-02 1.116340094013210243e-01 -2.050013975470678247e+02
1.910000000000000000e+03 1.013982449297771010e-01 -4.037593928245634262e-02 1.091412870905399818e-01 -2.061057612171693734e+02
1.920000000000000000e+03 9.958833432913925809e-02 -3.920517703793262310e-02 1.070274835779485983e-01 -2.072118543552498977e+02
1.930000000000000000e+03 9.807402717849607321e-02 -3.829745180425368767e-02 1.052863221017218409e-01 -2.083191006506376368e+02
1.940000000000000000e+03 9.686496163238751678e-02 -3.758156138314006078e-02 1.038999256401977878e-01 -2.094269152937117155e+02
1.950000000000000000e+03 9.595736897078069316e-02 -3.698985809717583728e-02 1.028400032178322654e-01 -2.105347434232545822e+02
1.960000000000000000e+03 9.533561790888084309e-02 -3.646041093376964359e-02 1.020697879273170239e-01 -2.116420944489061355e+02
1.970000000000000000e+03 9.497420048782072299e-02 -3.593875467892160974e-02 1.015465058294596212e-01 -2.127485676116716036e+02
1.980000000000000000e+03 9.483994248797437965e-02 -3.537910516154615242e-02 1.012239881310454531e-01 -2.138538660211015667e+02
1.990000000000000000e+03 9.489420560989515752e-02 -3.474498635530476331e-02 1.010550559604187909e-01 -2.149577990776360821e+02
2.000000000000000000e+03 9.509497064538333100e-02 -3.400937880309762990e-02 1.009935210229790103e-01 -2.160602758653291460e+02
2.010000000000000000e+03 9.539879377969338881e-02 -3.315453436203312509e-02 1.009958068604023818e-01 -2.171612929070218172e+02
2.020000000000000000e+03 9.576256755937717635e-02 -3.217149507650584467e-02 1.010221482696835038e-01 -2.182609189633939195e+02
2.030000000000000000e+03 9.614498221755173046e-02 -3.105928732721011457e-02 1.010373046695503124e-01 -2.193592785852902125e+02
2.040000000000000000e+03 9.650768207577821445e-02 -2.982379609006569759e-02 1.010108484909482546e-01 -2.204565354208100416e+02
2.050000000000000000e+03 9.681612831646906059e-02 -2.847657975003274611e-02 1.009171853375379208e-01 -2.215528779975794009e+02
2.060000000000000000e+03 9.704011011278777799e-02 -2.703386364791543484e-02 1.007353600005284205e-01 -2.226485102552842648e+02
2.070000000000000000e+03 9.715397160212266292e-02 -2.551560514416569003e-02 1.004486948841996213e-01 -2.237436451934651416e+02
2.080000000000000000e+03 9.713678717676098306e-02 -2.394446870272235600e-02 1.000444551410971800e-01 -2.248384989679102262e+02
2.090000000000000000e+03 9.697253594669096033e-02 -2.234472070301712909e-02 9.951361349698900627e-02 -2.259332849680040738e+02
2.100000000000000000e+03 9.665013715012593654e-02 -2.074123022572332137e-02 9.885063298944833654e-02 -2.270282095903570792e+02
2.110000000000000000e+03 9.616332148800199597e-02 -1.915870772987782189e-02 9.805325329372660548e-02 -2.281234706506140242e+02
2.120000000000000000e+03 9.551041639758979518e-02 -1.762114308111319833e-02 9.712231630231052404e-02 -2.292192576083079132e+02
2.130000000000000000e+03 9.469409337493563117e-02 -1.615133142483165737e-02 9.606163035726482391e-02 -2.303157522190612099e+02
2.140000000000000000e+03 9.372108210591016675e-02 -1.477037060798332135e-02 9.487784292973745759e-02 -2.314131282402757677e+02
2.150000000000000000e+03 9.260180152984458235e-02 -1.349708550754826625e-02 9.358025947693666968e-02 -2.325115495356466226e+02
2.160000000000000000e+03 9.134988744557030749e-02 -1.234749905436534519e-02 9.218059811704368278e-02 -2.336111675228393949e+02
2.170000000000000000e+03 8.998166193437076577e-02 -1.133442700662216397e-02 9.069271591500518981e-02 -2.347121184914691980e+02
2.180000000000000000e+03 8.851553467865905245e-02 -1.046711903084660521e-02 8.913226385689305975e-02 -2.358145198554620094e+02
2.190000000000000000e+03 8.697132812062305374e-02 -9.750961616889175856e-03 8.751624516350735294e-02 -2.369184653943873116e+02
2.200000000000000000e+03 8.536954536331634036e-02 -9.187389718420736762e-03 8.586249126002266918e-02 -2.380240211341109386e+02
2.210000000000000000e+03 8.373058468481461847e-02 -8.774036853748600276e-03 8.418904046472944214e-02 -2.391312225595509631e+02
2.220000000000000000e+03 8.207395769027170385e-02 -8.505085042109622115e-03 8.251345952338944023e-02 -2.402400732145980840e+02
2.230000000000000000e+03 8.041763164983695145e-02 -8.371755397188833728e-03 8.085222179135968801e-02 -2.413505445255593713e+02
2.240000000000000000e+03 7.877751650875214340e-02 -8.362830230640886514e-03 7.922016180716394407e-02 -2.424625761656538714e+02
2.250000000000000000e+03 7.716708785542124305e-02 -8.465221440626597912e-03 7.763001624452454952e-02 -2.435760776928582345e+02
2.260000000000000000e+03 7.559712732308083993e-02 -8.664642191689744116e-03 7.609206058329676114e-02 -2.446909327393103126e+02
2.270000000000000000e+03 7.407555903766208094e-02 -8.946370074911962414e-03 7.461384579459391653e-02 -2.458070061424272978e+02
2.280000000000000000e+03 7.260745155112101334e-02 -9.296042828674312350e-03 7.320012590850463741e-02 -2.469241534524755934e+02
2.290000000000000000e+03 7.119519414492189724e-02 -9.700381304585834960e-03 7.185299622693182287e-02 -2.480422313410904849e+02
2.300000000000000000e+03 6.983877155420019356e-02 -1.014774459032858830e-02 7.057216683984066097e-02 -2.491611073234303717e+02
2.310000000000000000e+03 6.853617827983217448e-02 -1.062852099869529381e-02 6.935541213073891098e-02 -2.502806681244262847e+02
2.320000000000000000e+03 6.728402853865930733e-02 -1.113537426483324037e-02 6.819924527741513809e-02 -2.514008261046310508e+02
2.330000000000000000e+03 6.607828899199250094e-02 -1.166333808113795105e-02 6.709972974091774067e-02 -2.525215230479597892e+02
2.340000000000000000e+03 6.491499044773134386e-02 -1.220974003639701232e-02 6.605326439007724870e-02 -2.536427307510153071e+02
2.350000000000000000e+03 6.379080568281389474e-02 -1.277397130005089761e-02 6.505721506825391798e-02 -2.547644485527716540e+02
2.360000000000000000e+03 6.270339966147041311e-02 -1.335716099010037655e-02 6.411029619976456317e-02 -2.558866988294937244e+02
2.370000000000000000e+03 6.165167986250440213e-02 -1.396177381695279732e-02 6.321282115191885487e-02 -2.570095204224963368e+02
2.380000000000000000e+03 6.063613843797432262e-02 -1.459109375695838776e-02 6.236698887787943402e-02 -2.581329587026143031e+02
2.390000000000000000e+03 5.965916635174920574e-02 -1.524856187993021452e-02 6.157706366165689033e-02 -2.592570519087042271e+02
2.400000000000000000e+03 5.872512884821331353e-02 -1.593709519349465267e-02 6.084925440336771962e-02 -2.603818165915856753e+02
2.410000000000000000e+03 5.784022089962988222e-02 -1.665856867893938248e-02 6.019135373248321597e-02 -2.615072356214544698e+02
2.420000000000000000e+03 5.701219653782606256e-02 -1.741342202551146232e-02 5.961222878492528077e-02 -2.626332486612117805e+02
2.430000000000000000e+03 5.624997524026275481e-02 -1.820024727825319405e-02 5.912113594578283920e-02 -2.637597436954750378e+02
2.440000000000000000e+03 5.556317797236388217e-02 -1.901532583905405499e-02 5.872690493422907942e-02 -2.648865497880400426e+02
2.450000000000000000e+03 5.496161159799031054e-02 -1.985222572638060609e-02 5.843705687095741147e-02 -2.660134336643852180e+02
2.460000000000000000e+03 5.445469133171174092e-02 -2.070157209982032703e-02 5.825691800495509665e-02 -2.671401027363345975e+02
2.470000000000000000e+03 5.405082115843449359e-02 -2.155100426233223440e-02 5.818880521729357519e-02 -2.682662149135567233e+02
2.480000000000000000e+03 5.375667453290412789e-02 -2.238532864849823376e-02 5.823128880196504209e-02 -2.693913952082121455e+02
2.490000000000000000e+03 5.357636747835061580e-02 -2.318691431897393698e-02 5.837859323254290106e-02 -2.705152586783770516e+02
2.500000000000000000e+03 5.351070318566068101e-02 -2.393624074802439342e-02 5.862029492054146584e-02 -2.716374350944668663e+02
2.510000000000000000e+03 5.355671682117087856e-02 -2.461251530862385364e-02 5.894147798011457884e-02 -2.727575900706751781e+02
2.520000000000000000e+03 5.370755496809227758e-02 -2.519440440651776400e-02 5.932334678732999189e-02 -2.738754410689014094e+02
2.530000000000000000e+03 5.395246807674289324e-02 -2.566085529455803052e-02 5.974402318240886606e-02 -2.749907685064182488e+02
2.540000000000000000e+03 5.427679469142936142e-02 -2.599191024175194140e-02 6.017931405384132487e-02 -2.761034215813162405e+02
2.550000000000000000e+03 5.466204306689228382e-02 -2.616953351684753182e-02 6.060349360174042965e-02 -2.772133194394654083e+02
2.560000000000000000e+03 5.508616019401763736e-02 -2.617852021502515419e-02 6.099016285901730922e-02 -2.783204495509250478e+02
2.570000000000000000e+03 5.552398866523008958e-02 -2.600742608528624697e-02 6.131312688876849881e-02 -2.794248641137915001e+02
2.580000000000000000e+03 5.594791953279596580e-02 -2.564941128235331477e-02 6.154723388731232064e-02 -2.805266746742626083e+02
2.590000000000000000e+03 5.632876488130471315e-02 -2.510296029389004480e-02 6.166918491896846571e-02 -2.816260459575182153e+02
2.600000000000000000e+03 5.663685146029508871e-02 -2.437242977645764919e-02 6.165831879433536500e-02 -2.827231896355203844e+02
2.610000000000000000e+03 5.684322052416638377e-02 -2.346831012956878543e-02 6.149726253986132624e-02 -2.838183581562294648e+02
2.620000000000000000e+03 5.692076461206932447e-02 -2.240708514710585200e-02 6.117230508009531553e-02 -2.849118384143761773e+02
2.630000000000000000e+03 5.684526404672730904e-02 -2.121076873532741144e-02 6.067355894362626983e-02 -2.860039463765079404e+02
2.640000000000000000e+03 5.659633455519372247e-02 -1.990632034042907200e-02 5.999505541775251166e-02 -2.870950250333432336e+02
2.650000000000000000e+03 5.615823792711698709e-02 -1.852495175275960596e-02 5.913477424088767198e-02 -2.881854455583417121e+02
2.660000000000000000e+03 5.552056453461248764e-02 -1.710123784665782201e-02 5.809462472664774640e-02 -2.892756095520974782e+02
2.670000000000000000e+03 5.467878774284034432e-02 -1.567203971023027956e-02 5.688042420469121424e-02 -2.903659516039244863e+02
2.680000000000000000e+03 5.363459632277681188e-02 -1.427530896495328265e-02 5.550184112939046677e-02 -2.914569426866888762e+02
2.690000000000000000e+03 5.239597471656275846e-02 -1.294887295177112388e-02 5.397232139921159105e-02 -2.925490949603486115e+02
2.700000000000000000e+03 5.097708418011226428e-02 -1.172929763115219785e-02 5.230907697930068517e-02 -2.936429681909178839e+02
2.710000000000000000e+03 4.939795385311741144e-02 -1.065080318346716889e-02 5.053313223349282374e-02 -2.947391759629981607e+02
2.720000000000000000e+03 4.768393812342660437e-02 -9.744167390455063874e-03 4.866936154391163921e-02 -2.958383885113545375e+02
2.730000000000000000e+03 4.586498021387323820e-02 -9.035780832134965301e-03 4.674656934220265680e-02 -2.969413319501201727e+02
2.740000000000000000e+03 4.397482501909596997e-02 -8.546925726581486304e-03 4.479771394653760119e-02 -2.980487808747934650e+02
2.750000000000000000e+03 4.205021106433517314e-02 -8.293127989474746026e-03 4.286019391469135520e-02 -2.991615354172482171e+02
2.760000000000000000e+03 4.012994440212655500e-02 -8.283606970154283947e-03 4.097597567055306922e-02 -3.002803752534194359e+02
2.770000000000000000e+03 3.825383954374880768e-02 -8.520906286739021382e-03 3.919135215562571939e-02 -3.014059831247377588e+02
2.780000000000000000e+03 3.646165879487491684e-02 -9.000730459144290485e-03 3.755616741458114860e-02 -3.025388308540384514e+02
2.790000000000000000e+03 3.479213318217425077e-02 -9.712012960130998046e-03 3.612223314115425854e-02 -3.036790293906780107e+02
2.800000000000000000e+03 3.328196672805935202e-02 -1.063712065979259547e-02 3.494048719206181708e-02 -3.048261603144633227e+02
2.810000000000000000e+03 3.196464475847070330e-02 -1.175212550182757817e-02 3.405658480156127654e-02 -3.059791349337360771e+02
2.820000000000000000e+03 3.086921483989939555e-02 -1.302725534687845452e-02 3.350548920258646785e-02 -3.071361538544164205e+02
2.830000000000000000e+03 3.001937082241241603e-02 -1.442761786996212339e-02 3.330643754554300090e-02 -3.082948305418025825e+02
2.840000000000000000e+03 2.943275425234586490e-02 -1.591421681618564871e-02 3.345966705978332956e-02 -3.094524878312443548e+02
2.850000000000000000e+03 2.912031440319872919e-02 -1.744523292182570406e-02 3.394596975544953571e-02 -3.106065532774700841e+02
2.860000000000000000e+03 2.908582654129775527e-02 -1.897741462750329039e-02 3.472934741014632037e-02 -3.117549191582803587e+02
2.870000000000000000e+03 2.932557023668376853e-02 -2.046744557295866740e-02 3.576178683998743058e-02 -3.128961557843306878e+02
2.880000000000000000e+03 2.982820744368808175e-02 -2.187333766583176090e-02 3.698871260191659294e-02 -3.140295486783310253e+02
2.890000000000000000e+03 3.057511704919651727e-02 -2.315589421626917249e-02 3.835405088810197455e-02 -3.151549996823565607e+02
2.900000000000000000e+03 3.154127411626548444e-02 -2.428008878660762107e-02 3.980420435535608065e-02 -3.162728601964371364e+02
2.910000000000000000e+03 3.269638406741410402e-02 -2.521626659352092445e-02 4.129059980188433399e-02 -3.173837619507806949e+02
2.920000000000000000e+03 3.400599039132099627e-02 -2.594112247515309444e-02 4.277089217874124188e-02 -3.184884827490539578e+02
2.930000000000000000e+03 3.543266480177630767e-02 -2.643829813483022234e-02 4.420924499718588419e-02 -3.195878511478173891e+02
2.940000000000000000e+03 3.693745582739322436e-02 -2.669869074473348383e-02 4.557626279636739497e-02 -3.206826846383064549e+02
2.950000000000000000e+03 3.848149381292342158e-02 -2.672058582447595435e-02 4.684885348519480380e-02 -3.217737554794636594e+02
2.960000000000000000e+03 4.002756213032856308e-02 -2.650940943544730088e-02 4.800994187367337018e-02 -3.228617734503524161e+02
2.970000000000000000e+03 4.154154290185548687e-02 -2.607701463937906611e-02 4.904804256205429897e-02 -3.239473771965085689e+02
2.980000000000000000e+03 4.299362361483165945e-02 -2.544070151818984479e-02 4.995679098252246014e-02 -3.250311325767012249e+02
2.990000000000000000e+03 4.435912923653921591e-02 -2.462208649531659119e-02 5.073440144524068302e-02 -3.261135363033557724e+02
3.000000000000000000e+03 4.561900344741841307e-02 -2.364587611502558945e-02 5.138308021890777150e-02 -3.271950216163591563e+02
3.010000000000000000e+03 4.676004496489763462e-02 -2.253859602084291522e-02 5.190847826424894312e-02 -3.282759633008711262e+02
3.020000000000000000e+03 4.777487752799770837e-02 -2.132729436938021403e-02 5.231913997700437385e-02 -3.293566811070955964e+02
3.030000000000000000e+03 4.866159213553786222e-02 -2.003833812848384785e-02 5.262590183661359361e-02 -3.304374430315122027e+02
3.040000000000000000e+03 4.942313234872586919e-02 -1.869647117239605152e-02 5.284131002785519282e-02 -3.315184700637779542e+02
3.050000000000000000e+03 5.006646971170047866e-02 -1.732418713163166174e-02 5.297904160292458281e-02 -3.325999428052318763e+02
3.060000000000000000e+03 5.060157865271489724e-02 -1.594131226973901153e-02 5.305322986424317044e-02 -3.336820081476635664e+02
3.070000000000000000e+03 5.104041287833989415e-02 -1.456467120129230873e-02 5.307780509773513816e-02 -3.347647827698202150e+02
3.080000000000000000e+03 5.139613300442437416e-02 -1.320783134583031378e-02 5.306608424095731608e-02 -3.358483528709717234e+02
3.090000000000000000e+03 5.168251680192993691e-02 -1.188102938040078334e-02 5.303057044874887049e-02 -3.369327737457554122e+02
3.100000000000000000e+03 5.191333842989695468e-02 -1.059127745404658642e-02 5.298273176276976221e-02 -3.380180711184415827e+02
3.110000000000000000e+03 5.210165259056726700e-02 -9.342506994457348488e-03 5.293264247711094300e-02 -3.391042421742276360e+02
3.120000000000000000e+03 5.225913358835608535e-02 -8.135783606482751770e-03 5.288863789413715544e-02 -3.401912564969609889e+02
3.130000000000000000e+03 5.239567749512485245e-02 -6.969768217898520725e-03 5.285721038027225982e-02 -3.412790601375330084e+02
3.140000000000000000e+03 5.251922142445578784e-02 -5.841358343264184926e-03 5.284307037186084660e-02 -3.423675826811313527e+02
3.150000000000000000e+03 5.263555536834828991e-02 -4.746255077569347218e-03 5.284911187707709568e-02 -3.434567435159069078e+02
3.160000000000000000e+03 5.274809181871176200e-02 -3.679385431727524251e-03 5.287626185416718222e-02 -3.445464557961165042e+02
3.170000000000000000e+03 5.285786553867469206e-02 -2.635362021020346522e-03 5.292352106848570437e-02 -3.456366309615762589e+02
3.180000000000000000e+03 5.296383477886883878e-02 -1.609095329020615280e-03 5.298827211998134723e-02 -3.467271863708023716e+02
3.190000000000000000e+03 5.306327107844695246e-02 -5.963760275346653272e-04 5.306662229604370423e-02 -3.478180531805173814e+02
3.200000000000000000e+03 5.315206917024430794e-02 4.057618117037435331e-04 5.315361793637637250e-02 -3.489091808615127661e+02
3.210000000000000000e+03 5.322494713456538129e-02 1.398866687698550578e-03 5.324332658171568311e-02 -3.500005385797116446e+02
3.220000000000000000e+03 5.327566518332678414e-02 2.382997200006059871e-03 5.332893376377568356e-02 -3.510921149251266797e+02
3.230000000000000000e+03 5.329739059541960255e-02 3.356689698295173795e-03 5.340298877414412226e-02 -3.521839173903612732e+02
3.240000000000000000e+03 5.328315200128958679e-02 4.316917571570945932e-03 5.345774092226745350e-02 -3.532759728311937693e+02
3.250000000000000000e+03 5.322627541851016053e-02 5.259063333535430630e-03 5.348545729516795966e-02 -3.543683285816999273e+02
3.260000000000000000e+03 5.312077219304302267e-02 6.177027803027897515e-03 5.347870707921566907e-02 -3.554610518749773860e+02
3.270000000000000000e+03 5.296162904149250700e-02 7.063555118350723326e-03 5.343059012998678525e-02 -3.565542259721806886e+02
3.280000000000000000e+03 5.274500642249491805e-02 7.910555132674320852e-03 5.333490962789859402e-02 -3.576479469183140054e+02
3.290000000000000000e+03 5.246841155730481293e-02 8.709343096714795493e-03 5.318634099581405483e-02 -3.587423223985339860e+02
3.300000000000000000e+03 5.213080244714233397e-02 9.450989715054114795e-03 5.298057918121544529e-02 -3.598374688703644324e+02
3.310000000000000000e+03 5.173254159329482293e-02 1.012671707037382171e-02 5.271438378967717442e-02 -3.609335076499123716e+02
3.320000000000000000e+03 5.127533552548409201e-02 1.072817475817136601e-02 5.238562557508344431e-02 -3.620305631485056779e+02
3.330000000000000000e+03 5.076219839403849771e-02 1.124773367448562121e-02 5.199338706612488537e-02 -3.631287607265023780e+02
3.340000000000000000e+03 5.019725373784834910e-02 1.167894358367756354e-02 5.153796664646999315e-02 -3.642282204666103098e+02
3.350000000000000000e+03 4.958541815401595887e-02 1.201695657388243167e-02 5.102078928051968082e-02 -3.653290502121440113e+02
3.360000000000000000e+03 4.893218908907016884e-02 1.225873626592228170e-02 5.044438267920379332e-02 -3.664313419809170114e+02
3.370000000000000000e+03 4.824353629193154497e-02 1.240309926124344257e-02 4.981240473250787837e-02 -3.675351710240963143e+02
3.380000000000000000e+03 4.752570759590336175e-02 1.245067294317679304e-02 4.912954446388915347e-02 -3.686405951070075275e+02
3.390000000000000000e+03 4.678489505767912532e-02 1.240384764909282719e-02 4.840125868259992359e-02 -3.697476521212075227e+02
3.400000000000000000e+03 4.602696891490982989e-02 1.226670531774964878e-02 4.763353783676563258e-02 -3.708563573991784779e+02
3.410000000000000000e+03 4.525734655937609791e-02 1.204487120852213919e-02 4.683274858499506671e-02 -3.719667023954783076e+02
3.420000000000000000e+03 4.448076485828854343e-02 1.174539361014211372e-02 4.600535526909366874e-02 -3.730786516300921676e+02
3.430000000000000000e+03 4.370099393231498958e-02 1.137674666298782965e-02 4.515758225709206458e-02 -3.741921361206203756e+02
3.440000000000000000e+03 4.292076134355289618e-02 1.094876166024092400e-02 4.429522701378767885e-02 -3.753070489193150365e+02
3.450000000000000000e+03 4.214183363334118165e-02 1.047234849094237467e-02 4.342354459156862884e-02 -3.764232459936636701e+02
3.460000000000000000e+03 4.136510626873741991e-02 9.959204874931952556e-03 4.254712420792747252e-02 -3.775405479857301998e+02
3.470000000000000000e+03 4.059071600132056062e-02 9.421590473247651656e-03 4.166980432573990506e-02 -3.786587413860739275e+02
3.480000000000000000e+03 3.981819684591611508e-02 8.872080710054712147e-03 4.079463955210106685e-02 -3.797775811944405291e+02
3.490000000000000000e+03 3.904675691841952984e-02 8.323365281599758372e-03 3.992402328745292550e-02 -3.808967940154599887e+02
3.500000000000000000e+03 3.827567296103506767e-02 7.788059031762587306e-03 3.905996677036899234e-02 -3.820160821260695911e+02
3.510000000000000000e+03 3.750455222929847954e-02 7.278334123050540262e-03 3.820426135298180675e-02 -3.831351319833298703e+02
3.520000000000000000e+03 3.673340812041155090e-02 6.805413781817980755e-03 3.735849205846610704e-02 -3.842536267364830564e+02
3.530000000000000000e+03 3.596279054414051185e-02 6.379138187233685496e-03 3.652417976811450639e-02 -3.853712591105958154e+02
3.540000000000000000e+03 3.519400303776048372e-02 6.007719100186991422e-03 3.570308864242204006e-02 -3.864877414384880012e+02
3.550000000000000000e+03 3.442913211773411530e-02 5.697672671736567392e-03 3.489740122494287833e-02 -3.876028112227251086e+02
3.560000000000000000e+03 3.367086703212749527e-02 5.453749974162385231e-03 3.410968594806886023e-02 -3.887162368914995909e+02
3.570000000000000000e+03 3.292235732713831575e-02 5.278747429228462969e-03 3.334286709923674208e-02 -3.898278286262767551e+02
3.580000000000000000e+03 3.218706469361688749e-02 5.173373761189578590e-03 3.260016763245311699e-02 -3.909374493429436939e+02
3.590000000000000000e+03 3.146852995128896630e-02 5.136375073988364362e-03 3.188496081534145099e-02 -3.920450188654655221e+02
3.600000000000000000e+03 3.077021373930093756e-02 5.164825725645722822e-03 3.120066470988328358e-02 -3.931505134520289175e+02
3.610000000000000000e+03 3.009548793525677543e-02 5.254370802639479580e-03 3.055072514021257152e-02 -3.942539668849607892e+02
3.620000000000000000e+03 2.944764335845934458e-02 5.399421682775606621e-03 2.993856131939947110e-02 -3.953554723454015516e+02
3.630000000000000000e+03 2.882978000811670799e-02 5.593457196276780882e-03 2.936737950044208956e-02 -3.964551789226842402e+02
3.640000000000000000e+03 2.824462920663916091e-02 5.829483387185920365e-03 2.883993681653984620e-02 -3.975532799949551759e+02
3.650000000000000000e+03 2.769439398983358086e-02 6.100486810090563657e-03 2.835833912245601385e-02 -3.986499985110390298e+02
3.660000000000000000e+03 2.718065221359481504e-02 6.399725315309099348e-03 2.792390264393222049e-02 -3.997455749053033855e+02
3.670000000000000000e+03 2.670435973576200384e-02 6.720942742369951685e-03 2.753713674736722045e-02 -4.008402558496546249e+02
3.680000000000000000e+03 2.626587289513351159e-02 7.058528469211836597e-03 2.719777386283633511e-02 -4.019342833773134203e+02
3.690000000000000000e+03 2.586494447273522332e-02 7.407586425566005904e-03 2.690478933628557764e-02 -4.030278859627323982e+02
3.700000000000000000e+03 2.550069857167047704e-02 7.764028304483096797e-03 2.665643943132712038e-02 -4.041212681218967759e+02
3.710000000000000000e+03 2.517159783913695131e-02 8.124729867392621943e-03 2.645034164606093960e-02 -4.052145977183146783e+02
3.720000000000000000e+03 2.487551977330176856e-02 8.487668978819749507e-03 2.628368331657392198e-02 -4.063079958254366488e+02
3.730000000000000000e+03 2.460997848568384841e-02 8.851929908972587871e-03 2.615354094915610730e-02 -4.074015347691711213e+02
3.740000000000000000e+03 2.437217103771584931e-02 9.217537505302618797e-03 2.605697063653669709e-02 -4.084952421299448133e+02
3.750000000000000000e+03 2.415874832269120781e-02 9.585343836858647992e-03 2.599084332971786024e-02 -4.095891002854084491e+02
3.760000000000000000e+03 2.396574795951688167e-02 9.957019200937423931e-03 2.595186518589606348e-02 -4.106830447223306351e+02
3.770000000000000000e+03 2.378881895165882443e-02 1.033493866609126559e-02 2.593682448463324047e-02 -4.117769711376727173e+02
3.780000000000000000e+03 2.362331399041682489e-02 1.072199123979656644e-02 2.594266871461179541e-02 -4.128707444086659279e+02
3.790000000000000000e+03 2.346417740539024493e-02 1.112149053410159578e-02 2.596642395501809128e-02 -4.139642010112700632e+02
3.800000000000000000e+03 2.330591053831150561e-02 1.153705181436260642e-02 2.600517315049193784e-02 -4.150571535012708750e+02
3.810000000000000000e+03 2.314263260822342627e-02 1.197225397277605977e-02 2.605602251357367824e-02 -4.161494036295213164e+02
3.820000000000000000e+03 2.296799765120502088e-02 1.243027820533343895e-02 2.611590956424353349e-02 -4.172407528868068880e+02
3.830000000000000000e+03 2.277505019964917027e-02 1.291365652529309974e-02 2.618139485302081390e-02 -4.183310066616682548e+02
3.840000000000000000e+03 2.255629909016143228e-02 1.342406508999371799e-02 2.624866000742143851e-02 -4.194199793561783167e+02
3.850000000000000000e+03 2.230393980397521458e-02 1.396220925610752207e-02 2.631366599489103064e-02 -4.205074984375810345e+02
3.860000000000000000e+03 2.201004812621645823e-02 1.452777138385890308e-02 2.637230289337725436e-02 -4.215934056200327973e+02
3.870000000000000000e+03 2.166676883803165393e-02 1.511928407064696070e-02 2.642047733652097552e-02 -4.226775601606124155e+02
3.880000000000000000e+03 2.126656633027107154e-02 1.573393907888152865e-02 2.645418081169353605e-02 -4.237598452458803422e+02
3.890000000000000000e+03 2.080256939028024901e-02 1.636747699007110035e-02 2.646962780731779846e-02 -4.248401740589964106e+02
3.900000000000000000e+03 2.026890975625009195e-02 1.701428471343917337e-02 2.646345757864947135e-02 -4.259184904924137527e+02
3.910000000000000000e+03 1.966088425106490845e-02 1.766756232179618122e-02 2.643280401183960987e-02 -4.269947654010552469e+02
3.920000000000000000e+03 1.897498304018467238e-02 1.831945945819350371e-02 2.637522656235755450e-02 -4.280689916972645506e+02
3.930000000000000000e+03 1.820900749418889047e-02 1.896124669115140798e-02 2.628872058518876356e-02 -4.291411816254064320e+02
3.940000000000000000e+03 1.736239090715218508e-02 1.958347514126551267e-02 2.617183823542636179e-02 -4.302113715357713204e+02
3.950000000000000000e+03 1.643654010228041626e-02 2.017606005511082129e-02 2.602370553709272907e-02 -4.312796319776185214e+02
3.960000000000000000e+03 1.543504060640648982e-02 2.072836762412804540e-02 2.584387166974826469e-02 -4.323460761724245458e+02
3.970000000000000000e+03 1.436363613570871417e-02 2.122942038838470519e-02 2.563205674669516779e-02 -4.334108602719242640e+02
3.980000000000000000e+03 1.322995200613922076e-02 2.166822542309089494e-02 2.538786369647178312e-02 -4.344741731450774296e+02
3.990000000000000000e+03 1.204328316900290900e-02 2.203427009076030715e-02 2.511074925049754450e-02 -4.355362247912100315e+02
4.000000000000000000e+03 1.081456677730317784e-02 2.231805923147536092e-02 2.480021416117998354e-02 -4.365972424994649259e+02
4.010000000000000000e+03 9.556204554019634423e-03 2.251141513351305815e-02 2.445577348585863814e-02 -4.376574695290231602e+02
4.020000000000000000e+03 8.281760797926931983e-03 2.260766227971367295e-02 2.407683441957575443e-02 -4.387171622990701394e+02
4.030000000000000000e+03 7.005709394925895526e-03 2.260192552336119653e-02 2.366277670709249908e-02 -4.397765882110809343e+02
4.040000000000000000e+03 5.743079418163356265e-03 2.249141274511794533e-02 2.321306977705847249e-02 -4.408360216583414513e+02
4.050000000000000000e+03 4.508874997486886013e-03 2.227555784199966582e-02 2.272730584374741195e-02 -4.418957335772789747e+02
4.060000000000000000e+03 3.317370141338320862e-03 2.195605378537084443e-02 2.220525258763656612e-02 -4.429559754922231036e+02
4.070000000000000000e+03 2.181564506527536914e-03 2.153680599894955763e-02 2.164701449005220976e-02 -4.440169687440736652e+02
4.080000000000000000e+03 1.112854678795409998e-03 2.102379071635300523e-02 2.105322354465290896e-02 -4.450789021234379561e+02
4.090000000000000000e+03 1.207365089559940937e-04 2.042482186206667424e-02 2.042517871162334922e-02 -4.461419295609186975e+02
4.100000000000000000e+03 -7.874709633219723970e-04 1.974920195221514102e-02 1.976489535179616272e-02 -4.472061659188560157e+02
4.110000000000000000e+03 -1.606728158398773023e-03 1.900725762902734720e-02 1.907504699735258422e-02 -4.482716865050514343e+02
4.120000000000000000e+03 -2.334234758012053001e-03 1.820988488674392392e-02 1.835888230513983005e-02 -4.493385285747135072e+02
4.130000000000000000e+03 -2.969315735733185461e-03 1.736815295876395840e-02 1.762014679670671768e-02 -4.504066921719971788e+02
4.140000000000000000e+03 -3.513129135425649245e-03 1.649304350488163887e-02 1.686305311549764901e-02 -4.514761481939583518e+02
4.150000000000000000e+03 -3.968307054639400554e-03 1.559539302922412912e-02 1.609235050003178860e-02 -4.525468523016717768e+02
4.160000000000000000e+03 -4.338731147058168779e-03 1.468593168736907068e-02 1.531343127755904580e-02 -4.536187553324273267e+02
4.170000000000000000e+03 -4.629376090828891434e-03 1.377523994411690607e-02 1.453232116725790453e-02 -4.546918113245073982e+02
4.180000000000000000e+03 -4.846112522084738798e-03 1.287353850309261478e-02 1.375546437483353597e-02 -4.557659859853745843e+02
4.190000000000000000e+03 -4.995368323052877015e-03 1.199050215467517728e-02 1.298945135886155067e-02 -4.568412751603335096e+02
4.200000000000000000e+03 -5.083648048312332940e-03 1.113520190047799507e-02 1.224075973310147745e-02 -4.642009256743735932e+02
