0.000000000000000000e+00 7.712109190429995709e-02 8.165274289135240338e-01
1.000000000000000000e+01 7.767167950584673297e-02 8.159748637496599954e-01
2.000000000000000000e+01 7.811540907766525987e-02 8.155292821489439348e-01
3.000000000000000000e+01 7.845743247277819910e-02 8.151850007208919502e-01
4.000000000000000000e+01 7.871028922604589306e-02 8.149296740895161095e-01
5.000000000000000000e+01 7.889376082513252508e-02 8.147437007103127682e-01
6.000000000000000000e+01 7.903348411201222001e-02 8.146016443765028425e-01
7.000000000000000000e+01 7.915828793780264883e-02 8.144748688499722222e-01
8.000000000000000000e+01 7.929668877522476345e-02 8.143349787053465461e-01
9.000000000000000000e+01 7.947352316922191851e-02 8.141571719637809013e-01
1.000000000000000000e+02 7.970747890204361863e-02 8.139227634141198431e-01
1.100000000000000000e+02 8.000969593688034287e-02 8.136206158280867573e-01
1.200000000000000000e+02 8.038329755755750650e-02 8.132475891282927583e-01
1.300000000000000000e+02 8.082365784853576263e-02 8.128082509708839387e-01
1.400000000000000000e+02 8.131926975691290693e-02 8.123140162312763035e-01
1.500000000000000000e+02 8.185310453559273280e-02 8.117818392608143752e-01
1.600000000000000000e+02 8.240425524904183840e-02 8.112326020751112754e-01
1.700000000000000000e+02 8.294965156141589913e-02 8.106893417214742215e-01
1.800000000000000000e+02 8.346578579675623111e-02 8.101754695706946396e-01
1.900000000000000000e+02 8.393037049179800924e-02 8.097131365651110135e-01
2.000000000000000000e+02 8.432374466732563134e-02 8.093218736627304510e-01
2.100000000000000000e+02 8.462992716735012744e-02 8.090175627545258541e-01
2.200000000000000000e+02 8.483728366139990651e-02 8.088117768121174667e-01
2.300000000000000000e+02 8.493880017833484175e-02 8.087115084636626872e-01
2.400000000000000000e+02 8.493199865155443007e-02 8.087192549243721329e-01
2.500000000000000000e+02 8.481856612165911136e-02 8.088333796816908894e-01
2.600000000000000000e+02 8.460377814930530871e-02 8.090486658722382263e-01
2.700000000000000000e+02 8.429580745793095742e-02 8.093569890834373393e-01
2.800000000000000000e+02 8.390499611977497718e-02 8.097480478628771294e-01
2.900000000000000000e+02 8.344313839256026211e-02 8.102100854109506312e-01
3.000000000000000000e+02 8.292280767576404310e-02 8.107305682654301071e-01
3.100000000000000000e+02 8.235676691425851403e-02 8.112967777887856169e-01
3.200000000000000000e+02 8.175749398335274698e-02 8.118962759822933029e-01
3.300000000000000000e+02 8.113682500818622523e-02 8.125172571081962225e-01
3.400000000000000000e+02 8.050569138135305058e-02 8.131488090646488143e-01
3.500000000000000000e+02 7.987392345714032504e-02 8.137811033918148640e-01
3.600000000000000000e+02 7.925011514022013703e-02 8.144055288594141961e-01
3.700000000000000000e+02 7.864155192388590232e-02 8.150147738716236878e-01
3.800000000000000000e+02 7.805418849514807189e-02 8.156028568951276814e-01
3.900000000000000000e+02 7.749266096953993932e-02 8.161651173675984472e-01
4.000000000000000000e+02 7.696033410142391618e-02 8.166981782308140314e-01
4.100000000000000000e+02 7.645937757562150383e-02 8.171998675282491353e-01
4.200000000000000000e+02 7.599086743532434962e-02 8.176691039117406357e-01
4.300000000000000000e+02 7.555491836830093011e-02 8.181057680801417931e-01
4.400000000000000000e+02 7.515083908034270177e-02 8.185105446507749960e-01
4.500000000000000000e+02 7.477730182246254687e-02 8.188847468194124790e-01
4.600000000000000000e+02 7.443251751218102341e-02 8.192301419150220809e-01
4.700000000000000000e+02 7.411440703269077390e-02 8.195487812652340054e-01
4.800000000000000000e+02 7.382075742666965867e-02 8.198428456420894239e-01
4.900000000000000000e+02 7.354935724970931843e-02 8.201145183775278014e-01
5.000000000000000000e+02 7.329811616077343273e-02 8.203658723175456524e-01
5.100000000000000000e+02 7.306517277967719548e-02 8.205987620403428773e-01
5.200000000000000000e+02 7.284899111967323149e-02 8.208147308806788001e-01
5.300000000000000000e+02 7.264844281872405440e-02 8.210149270726291304e-01
5.400000000000000000e+02 7.246287372723114739e-02 8.212000246661866898e-01
5.500000000000000000e+02 7.229215601457252005e-02 8.213701544301007518e-01
5.600000000000000000e+02 7.213672502983202450e-02 8.215248664198682160e-01
5.700000000000000000e+02 7.199758989877247384e-02 8.216631371352410840e-01
5.800000000000000000e+02 7.187630594979389775e-02 8.217834093674561968e-01
5.900000000000000000e+02 7.177491256858951896e-02 8.218836498661109546e-01
6.000000000000000000e+02 7.169584505321567602e-02 8.219614277000627522e-01
6.100000000000000000e+02 7.164182008990309380e-02 8.220140231207304637e-01
6.200000000000000000e+02 7.161569292692732125e-02 8.220385668978994476e-01
6.300000000000000000e+02 7.162029237904253554e-02 8.220322024812118933e-01
6.400000000000000000e+02 7.165824821182122106e-02 8.219922627340825461e-01
6.500000000000000000e+02 7.173182520559415187e-02 8.219164523978056414e-01
6.600000000000000000e+02 7.184277555517973313e-02 8.218030089941890104e-01
6.700000000000000000e+02 7.199222033351122818e-02 8.216508143842439216e-01
6.800000000000000000e+02 7.218057016434056838e-02 8.214594656139428963e-01
6.900000000000000000e+02 7.240749132077509143e-02 8.212293112103796755e-01
7.000000000000000000e+02 7.267191313034775113e-02 8.209614434920946557e-01
7.100000000000000000e+02 7.297207666960923989e-02 8.206576479445545358e-01
7.200000000000000000e+02 7.330562192021135293e-02 8.203203143339562464e-01
7.300000000000000000e+02 7.366970031201112989e-02 8.199523143226530308e-01
7.400000000000000000e+02 7.406109957744751171e-02 8.195568645282209630e-01
7.500000000000000000e+02 7.447637192977342446e-02 8.191373970815191141e-01
7.600000000000000000e+02 7.491195716723857145e-02 8.186974436918914577e-01
7.700000000000000000e+02 7.536429342978177848e-02 8.182405362755081901e-01
7.800000000000000000e+02 7.582990898904502786e-02 8.177701331215737612e-01
7.900000000000000000e+02 7.630548929009836612e-02 8.172895668592140561e-01
8.000000000000000000e+02 7.678791796318178153e-02 8.168020035099291531e-01
8.100000000000000000e+02 7.727429155221689216e-02 8.163104123250021216e-01
8.200000000000000000e+02 7.776190680361208529e-02 8.158175582826029393e-01
8.300000000000000000e+02 7.824822251904411941e-02 8.153260252837341016e-01
8.400000000000000000e+02 7.873080503408404207e-02 8.148382673861770398e-01
8.500000000000000000e+02 7.920726744951644971e-02 8.143566817935200541e-01
8.600000000000000000e+02 7.967520422213227038e-02 8.138836898953855092e-01
8.700000000000000000e+02 8.013212500982967723e-02 8.134218070877013984e-01
8.800000000000000000e+02 8.057539891332786419e-02 8.129736885690864723e-01
8.900000000000000000e+02 8.100221950702109208e-02 8.125421492734852258e-01
9.000000000000000000e+02 8.140960421591056373e-02 8.121301548254962199e-01
9.100000000000000000e+02 8.179443636739926193e-02 8.117407817333903708e-01
9.200000000000000000e+02 8.215354350672723904e-02 8.113771539631580154e-01
9.300000000000000000e+02 8.248380145648451234e-02 8.110423592516037283e-01
9.400000000000000000e+02 8.278225393916424646e-02 8.107393419170945137e-01
9.500000000000000000e+02 8.304623360348704908e-02 8.104707796643870754e-01
9.600000000000000000e+02 8.327347446891922300e-02 8.102389586810188060e-01
9.700000000000000000e+02 8.346221127140847351e-02 8.100456611711723820e-01
9.800000000000000000e+02 8.361125563636746805e-02 8.098920841683682204e-01
9.900000000000000000e+02 8.372003700935050363e-02 8.097787994227503283e-01
1.000000000000000000e+03 8.378860886349591419e-02 8.097057505127330801e-01
1.010000000000000000e+03 8.381762677551539420e-02 8.096722803300716587e-01
1.020000000000000000e+03 8.380829805182059278e-02 8.096771830083807631e-01
1.030000000000000000e+03 8.376230590139327470e-02 8.097187753870699334e-01
1.040000000000000000e+03 8.368172071214809160e-02 8.097949822223975413e-01
1.050000000000000000e+03 8.356890413485389135e-02 8.099034302332280832e-01
1.060000000000000000e+03 8.342640629645660388e-02 8.100415530446185564e-01
1.070000000000000000e+03 8.325686374358509667e-02 8.102067043842953176e-01
1.080000000000000000e+03 8.306291087846530419e-02 8.103962576417574892e-01
1.090000000000000000e+03 8.284711261117286285e-02 8.106076706595420900e-01
1.100000000000000000e+03 8.261191977874825232e-02 8.108385153837995851e-01
1.110000000000000000e+03 8.235964299297793278e-02 8.110864895218349302e-01
1.120000000000000000e+03 8.209243905663689278e-02 8.113494300854382502e-01
1.130000000000000000e+03 8.181230765047860232e-02 8.116253317192709815e-01
1.140000000000000000e+03 8.152109303945423435e-02 8.119123523332770764e-01
1.150000000000000000e+03 8.122048670069312304e-02 8.122087987433207479e-01
1.160000000000000000e+03 8.091203136703299659e-02 8.125131117458948005e-01
1.170000000000000000e+03 8.059712286321582542e-02 8.128238700166309227e-01
1.180000000000000000e+03 8.027699993769191189e-02 8.131398122979944798e-01
1.190000000000000000e+03 7.995271683885836478e-02 8.134598677010071999e-01
1.200000000000000000e+03 7.962511181809207861e-02 8.137831841360229079e-01
1.210000000000000000e+03 7.929479256440459534e-02 8.141091483197820944e-01
1.220000000000000000e+03 7.896214341174233320e-02 8.144373888287032015e-01
1.230000000000000000e+03 7.862734864550123548e-02 8.147677457271275125e-01
1.240000000000000000e+03 7.829043046017933327e-02 8.151002087141103747e-01
1.250000000000000000e+03 7.795130694210761213e-02 8.154348453330710900e-01
1.260000000000000000e+03 7.760987201674962588e-02 8.157717336167541466e-01
1.270000000000000000e+03 7.726608626565500959e-02 8.161108965157924944e-01
1.280000000000000000e+03 7.692006183753920256e-02 8.164522333085475481e-01
1.290000000000000000e+03 7.657212771999385992e-02 8.167954503232465191e-01
1.300000000000000000e+03 7.622286634228503388e-02 8.171400018679764177e-01
1.310000000000000000e+03 7.587311829069547098e-02 8.174850649144452808e-01
1.320000000000000000e+03 7.552395969847479351e-02 8.178295659294587683e-01
1.330000000000000000e+03 7.517665796626045449e-02 8.181722435062309673e-01
1.340000000000000000e+03 7.483260508435134184e-02 8.185117177539908973e-01
1.350000000000000000e+03 7.449322854059699239e-02 8.188465665827215911e-01
1.360000000000000000e+03 7.415988845513497851e-02 8.191754198582544833e-01
1.370000000000000000e+03 7.383377848062402937e-02 8.194970596639874483e-01
1.380000000000000000e+03 7.351584751073994561e-02 8.198105058874355366e-01
1.390000000000000000e+03 7.320674741408561559e-02 8.201150887185254534e-01
1.400000000000000000e+03 7.290680781277163180e-02 8.204104922514882103e-01
1.410000000000000000e+03 7.261604134849405923e-02 8.206967353371911189e-01
1.420000000000000000e+03 7.233418020735685183e-02 8.209741040389131328e-01
1.430000000000000000e+03 7.206074382960055147e-02 8.212430733611271183e-01
1.440000000000000000e+03 7.179513664385285543e-02 8.215042267301907453e-01
1.450000000000000000e+03 7.153676313335087522e-02 8.217581660999124793e-01
1.460000000000000000e+03 7.128513940043570973e-02 8.220054048101785860e-01
1.470000000000000000e+03 7.103998929308297239e-02 8.222462516501251040e-01
1.480000000000000000e+03 7.080132580004244724e-02 8.224807117465714468e-01
1.490000000000000000e+03 7.056951313585629881e-02 8.227084199411136556e-01
1.500000000000000000e+03 7.034529554038247701e-02 8.229286179318167083e-01
1.510000000000000000e+03 7.012978579902842680e-02 8.231401795234214447e-01
1.520000000000000000e+03 6.992441757096279353e-02 8.233416718427374326e-01
1.530000000000000000e+03 6.973086369355750713e-02 8.235314360272731893e-01
1.540000000000000000e+03 6.955092849574218139e-02 8.237076801714329211e-01
1.550000000000000000e+03 6.938643092938380497e-02 8.238685865598193159e-01
1.560000000000000000e+03 6.923909019985569069e-02 8.240124272792842541e-01
1.570000000000000000e+03 6.911041792368534387e-02 8.241376740160578640e-01
1.580000000000000000e+03 6.900162384199980126e-02 8.242430948006986835e-01
1.590000000000000000e+03 6.891354554799640486e-02 8.243278356932310924e-01
1.600000000000000000e+03 6.884660648560944618e-02 8.243914731437960164e-01
1.610000000000000000e+03 6.880080328474627582e-02 8.244340163053275328e-01
1.620000000000000000e+03 6.877572360045849931e-02 8.244558726352650968e-01
1.630000000000000000e+03 6.877059331500680328e-02 8.244577963680167487e-01
1.640000000000000000e+03 6.878434706123409681e-02 8.244408237311661169e-01
1.650000000000000000e+03 6.881570922896959597e-02 8.244062027380832935e-01
1.660000000000000000e+03 6.886327341330140961e-02 8.243553218833327145e-01
1.670000000000000000e+03 6.892557290261419611e-02 8.242896407011071069e-01
1.680000000000000000e+03 6.900113579301352107e-02 8.242106330810354820e-01
1.690000000000000000e+03 6.908852001057282088e-02 8.241197520549490285e-01
1.700000000000000000e+03 6.918632725493048530e-02 8.240184146766910134e-01
1.710000000000000000e+03 6.929319806880387955e-02 8.239080031550181094e-01
1.720000000000000000e+03 6.940779046865515334e-02 8.237898793997849856e-01
1.730000000000000000e+03 6.952874733065224355e-02 8.236654109462996365e-01
1.740000000000000000e+03 6.965466124898245237e-02 8.235360045289114028e-01
1.750000000000000000e+03 6.978404410010255465e-02 8.234031406491677529e-01
1.760000000000000000e+03 6.991530689563214829e-02 8.232683999896447391e-01
1.770000000000000000e+03 7.004675140978745829e-02 8.231334735112751932e-01
1.780000000000000000e+03 7.017657613333866395e-02 8.230001565421938281e-01
1.790000000000000000e+03 7.030289825857970187e-02 8.228703296985919735e-01
1.800000000000000000e+03 7.042378330837568978e-02 8.227459304499615822e-01
1.810000000000000000e+03 7.053727509026611053e-02 8.226289182076164108e-01
1.820000000000000000e+03 7.064142686604694965e-02 8.225212359053712952e-01
1.830000000000000000e+03 7.073433426404622526e-02 8.224247748228896704e-01
1.840000000000000000e+03 7.081416859913115813e-02 8.223413424635481750e-01
1.850000000000000000e+03 7.087920857563498322e-02 8.222726369213649855e-01
1.860000000000000000e+03 7.092786526749544906e-02 8.222202353736048908e-01
1.870000000000000000e+03 7.095869649745346897e-02 8.221855862108118362e-01
1.880000000000000000e+03 7.097041562744213494e-02 8.221699866740289631e-01
1.890000000000000000e+03 7.096190823392269087e-02 8.221745511943645557e-01
1.900000000000000000e+03 7.093226123583450116e-02 8.222001902018445385e-01
1.910000000000000000e+03 7.088079303158006939e-02 8.222475983463712890e-01
1.920000000000000000e+03 7.080707989126155955e-02 8.223172323897124381e-01
1.930000000000000000e+03 7.071098335394707113e-02 8.224092714589440467e-01
1.940000000000000000e+03 7.059267679343435298e-02 8.225235758093242255e-01
1.950000000000000000e+03 7.045266728682321455e-02 8.226596528794262175e-01
1.960000000000000000e+03 7.029180468078903565e-02 8.228166428305078162e-01
1.970000000000000000e+03 7.011126814207024882e-02 8.229933406712511834e-01
1.980000000000000000e+03 6.991252770667295835e-02 8.231882539890604811e-01
1.990000000000000000e+03 6.969728611294113974e-02 8.233996750666032760e-01
2.000000000000000000e+03 6.946740828748274033e-02 8.236257435049654241e-01
2.010000000000000000e+03 6.922484480725485390e-02 8.238645034165500425e-01
2.020000000000000000e+03 6.897156247199760781e-02 8.241139729277477954e-01
2.030000000000000000e+03 6.870949167540231495e-02 8.243722134578655991e-01
2.040000000000000000e+03 6.844048377293890373e-02 8.246373784107609017e-01
2.050000000000000000e+03 6.816627308175084166e-02 8.249077465321850156e-01
2.060000000000000000e+03 6.788845201392076922e-02 8.251817451782890167e-01
2.070000000000000000e+03 6.760846593307769103e-02 8.254579522738662023e-01
2.080000000000000000e+03 6.732762095941813296e-02 8.257350801250779027e-01
2.090000000000000000e+03 6.704709658599206090e-02 8.260119592900482255e-01
2.100000000000000000e+03 6.676796109995403183e-02 8.262875270873190070e-01
2.110000000000000000e+03 6.649118763558174716e-02 8.265608138354084700e-01
2.120000000000000000e+03 6.621766862854096269e-02 8.268309293182626307e-01
2.130000000000000000e+03 6.594822950916578996e-02 8.270970508996231541e-01
2.140000000000000000e+03 6.568364027168981101e-02 8.273584149926145326e-01
2.150000000000000000e+03 6.542461762622311938e-02 8.276143153765582738e-01
2.160000000000000000e+03 6.517181619283637928e-02 8.278641065789720255e-01
2.170000000000000000e+03 6.492581637146467577e-02 8.281072108979076196e-01
2.180000000000000000e+03 6.468711929286924400e-02 8.283431260313717237e-01
2.190000000000000000e+03 6.445615310470682868e-02 8.285714254562163150e-01
2.200000000000000000e+03 6.423329171017976014e-02 8.287917408118613549e-01
2.210000000000000000e+03 6.401888896846751054e-02 8.290037238743912518e-01
2.220000000000000000e+03 6.381332669824461845e-02 8.292069958907829497e-01
2.230000000000000000e+03 6.361706790141637147e-02 8.294010916745974127e-01
2.240000000000000000e+03 6.343070784022691866e-02 8.295854034226920470e-01
2.250000000000000000e+03 6.325501658461948895e-02 8.297591308111093023e-01
2.260000000000000000e+03 6.309096679867541579e-02 8.299212519592801263e-01
2.270000000000000000e+03 6.293974426210730000e-02 8.300705256431634149e-01
2.280000000000000000e+03 6.280273713098917521e-02 8.302055231349838582e-01
2.290000000000000000e+03 6.268150008745276835e-02 8.303246825816127386e-01
2.300000000000000000e+03 6.257769804714923001e-02 8.304263688684500044e-01
2.310000000000000000e+03 6.249303378355249017e-02 8.305089281867936712e-01
2.320000000000000000e+03 6.242916164945781082e-02 8.305707500928014575e-01
2.330000000000000000e+03 6.238759711715086143e-02 8.306103442030617900e-01
2.340000000000000000e+03 6.236963607176369134e-02 8.306264202860994539e-01
2.350000000000000000e+03 6.237629185182390346e-02 8.306179567755738180e-01
2.360000000000000000e+03 6.240825164276056491e-02 8.305842496534844299e-01
2.370000000000000000e+03 6.246585093323793469e-02 8.305249461691489588e-01
2.380000000000000000e+03 6.254906610769990494e-02 8.304400639999706124e-01
2.390000000000000000e+03 6.265752843275945727e-02 8.303299869172807712e-01
2.400000000000000000e+03 6.279055654026985400e-02 8.301954347422357827e-01
2.410000000000000000e+03 6.294719691950351192e-02 8.300374153307595870e-01
2.420000000000000000e+03 6.312626386391875788e-02 8.298571651334395449e-01
2.430000000000000000e+03 6.332637610242686232e-02 8.296560889144639628e-01
2.440000000000000000e+03 6.354598806684894075e-02 8.294357178242804940e-01
2.450000000000000000e+03 6.378341465335625460e-02 8.291976969047459844e-01
2.460000000000000000e+03 6.403685142173939915e-02 8.289437827798236125e-01
2.470000000000000000e+03 6.430439286804670584e-02 8.286758305240405909e-01
2.480000000000000000e+03 6.458405377193973673e-02 8.283957895218501122e-01
2.490000000000000000e+03 6.487379916502813981e-02 8.281057034549093032e-01
2.500000000000000000e+03 6.517158299018355194e-02 8.278076647812085964e-01
2.510000000000000000e+03 6.547539010641921509e-02 8.275037235156428306e-01
2.520000000000000000e+03 6.578327805612614598e-02 8.271958047218768151e-01
2.530000000000000000e+03 6.609341927904335834e-02 8.268856672202755664e-01
2.540000000000000000e+03 6.640414373952457927e-02 8.265748993840538184e-01
2.550000000000000000e+03 6.671397824952389477e-02 8.262649220148133855e-01
2.560000000000000000e+03 6.702167713143525329e-02 8.259569719779500385e-01
2.570000000000000000e+03 6.732624024896899373e-02 8.256520734854169152e-01
2.580000000000000000e+03 6.762691990936443853e-02 8.253510097964784631e-01
2.590000000000000000e+03 6.792321734657807975e-02 8.250542985311474231e-01
2.600000000000000000e+03 6.821486740001513061e-02 8.247621940910725424e-01
2.610000000000000000e+03 6.850181273509016455e-02 8.244747398698605290e-01
2.620000000000000000e+03 6.878416983074062130e-02 8.241918365764145937e-01
2.630000000000000000e+03 6.906219042157053789e-02 8.239132846488734785e-01
2.640000000000000000e+03 6.933622062511297923e-02 8.236388067438409344e-01
2.650000000000000000e+03 6.960665730742207624e-02 8.233680699800199898e-01
2.660000000000000000e+03 6.987390179077866692e-02 8.231007131044714153e-01
2.670000000000000000e+03 7.013831347730550836e-02 8.228363680698422833e-01
2.680000000000000000e+03 7.040017091819569806e-02 8.225746848997794736e-01
2.690000000000000000e+03 7.065964471414856729e-02 8.223153781735957901e-01
2.700000000000000000e+03 7.091678155047170806e-02 8.220582856857309162e-01
2.710000000000000000e+03 7.117149922598031697e-02 8.218034164995282609e-01
2.720000000000000000e+03 7.142358680291416295e-02 8.215509777661411661e-01
2.730000000000000000e+03 7.167269940992782029e-02 8.213013772835124904e-01
2.740000000000000000e+03 7.191834382723880092e-02 8.210552043259492505e-01
2.750000000000000000e+03 7.215985951803534360e-02 8.208132116791181376e-01
2.760000000000000000e+03 7.239639807657202719e-02 8.205763067809573874e-01
2.770000000000000000e+03 7.262690189577920841e-02 8.203455623742005320e-01
2.780000000000000000e+03 7.285009062018268922e-02 8.201222526974663030e-01
2.790000000000000000e+03 7.306446213551849589e-02 8.199078643571703351e-01
2.800000000000000000e+03 7.326830547456301967e-02 8.197040594375949452e-01
2.810000000000000000e+03 7.345972822212874787e-02 8.195126516915544057e-01
2.820000000000000000e+03 7.363670195061945700e-02 8.193356100067191727e-01
2.830000000000000000e+03 7.379712005612347470e-02 8.191750386247812488e-01
2.840000000000000000e+03 7.393885726114698964e-02 8.190331162287630695e-01
2.850000000000000000e+03 7.405982660653122329e-02 8.189119975202644452e-01
2.860000000000000000e+03 7.415803464887968377e-02 8.188136990423838801e-01
2.870000000000000000e+03 7.423163316548266055e-02 8.187400251766022707e-01
2.880000000000000000e+03 7.427896438479039687e-02 8.186925743940742795e-01
2.890000000000000000e+03 7.429859918099132599e-02 8.186727685621449924e-01
2.900000000000000000e+03 7.428937280057623660e-02 8.186818201048068344e-01
2.910000000000000000e+03 7.425042208739739136e-02 8.187206447102142182e-01
2.920000000000000000e+03 7.418122337903867991e-02 8.187897833175536988e-01
2.930000000000000000e+03 7.408162988914185343e-02 8.188893671811365849e-01
2.940000000000000000e+03 7.395190950570965094e-02 8.190191092075581603e-01
2.950000000000000000e+03 7.379277999520168774e-02 8.191782901659061533e-01
2.960000000000000000e+03 7.360543077439492266e-02 8.193657257474495914e-01
2.970000000000000000e+03 7.339152900583052752e-02 8.195797381243814517e-01
2.980000000000000000e+03 7.315321401704866222e-02 8.198181765147133371e-01
2.990000000000000000e+03 7.289307378445887553e-02 8.200784636642052261e-01
3.000000000000000000e+03 7.261409707916659240e-02 8.203576108499958108e-01
3.010000000000000000e+03 7.231960596935856078e-02 8.206522524868079538e-01
3.020000000000000000e+03 7.201317824989354743e-02 8.209587515241832945e-01
3.030000000000000000e+03 7.169856172124249027e-02 8.212733216565758498e-01
3.040000000000000000e+03 7.137957691567896334e-02 8.215921287494417635e-01
3.050000000000000000e+03 7.106001059744791737e-02 8.219113986673987071e-01
3.060000000000000000e+03 7.074350638995373364e-02 8.222275277389744508e-01
3.070000000000000000e+03 7.043345596848329948e-02 8.225371560824220607e-01
3.080000000000000000e+03 7.013289660435668982e-02 8.228372451151452216e-01
3.090000000000000000e+03 6.984442400336181300e-02 8.231251998238350298e-01
3.100000000000000000e+03 6.957012650646403340e-02 8.233989620539869936e-01
3.110000000000000000e+03 6.931154272831080432e-02 8.236570331789616617e-01
3.120000000000000000e+03 6.906964101666103473e-02 8.238984673198027631e-01
3.130000000000000000e+03 6.884482163168552382e-02 8.241228767959750678e-01
3.140000000000000000e+03 6.863694076263592014e-02 8.243304173357511866e-01
3.150000000000000000e+03 6.844535415925030730e-02 8.245217255426147140e-01
3.160000000000000000e+03 6.826898462449085270e-02 8.246978592921639928e-01
3.170000000000000000e+03 6.810641220992430522e-02 8.248602329097244334e-01
3.180000000000000000e+03 6.795597308132872438e-02 8.250104998794386413e-01
3.190000000000000000e+03 6.781585845364825060e-02 8.251504459880439901e-01
3.200000000000000000e+03 6.768420689967728776e-02 8.252819249878410313e-01
3.210000000000000000e+03 6.755917645437507779e-02 8.254067845031723971e-01
3.220000000000000000e+03 6.743899295897955171e-02 8.255267966910667665e-01
3.230000000000000000e+03 6.732197904578542114e-02 8.256436094148366100e-01
3.240000000000000000e+03 6.720656905843880313e-02 8.257587144990179429e-01
3.250000000000000000e+03 6.709131886253125177e-02 8.258734730225345544e-01
3.260000000000000000e+03 6.697490782585947822e-02 8.259891834036957592e-01
3.270000000000000000e+03 6.685612618004332930e-02 8.261071133724436910e-01
3.280000000000000000e+03 6.673386004874115596e-02 8.262284854101404896e-01
3.290000000000000000e+03 6.660709216804844290e-02 8.263544529040912634e-01
3.300000000000000000e+03 6.647491947002379109e-02 8.264860456491340823e-01
3.310000000000000000e+03 6.633657959065390741e-02 8.266240720750792637e-01
3.320000000000000000e+03 6.619148368105851055e-02 8.267690604384058117e-01
3.330000000000000000e+03 6.603925353090563111e-02 8.269212784545714179e-01
3.340000000000000000e+03 6.587975861777882469e-02 8.270807676113990370e-01
3.350000000000000000e+03 6.571314624239828206e-02 8.272473340922598117e-01
3.360000000000000000e+03 6.553985542357380900e-02 8.274205113597566941e-01
3.370000000000000000e+03 6.536060764376008803e-02 8.275995436478842393e-01
3.380000000000000000e+03 6.517638181381915641e-02 8.277834321312959043e-01
3.390000000000000000e+03 6.498838020393092607e-02 8.279709993939460277e-01
3.400000000000000000e+03 6.479797917650258199e-02 8.281609113891194029e-01
3.410000000000000000e+03 6.460666400368322848e-02 8.283517125572125162e-01
3.420000000000000000e+03 6.441595747700075425e-02 8.285419231562782816e-01
3.430000000000000000e+03 6.422734466643942319e-02 8.287301237365400919e-01
3.440000000000000000e+03 6.404219287485396483e-02 8.289149998982755507e-01
3.450000000000000000e+03 6.386167318103838642e-02 8.290954100335797827e-01
3.460000000000000000e+03 6.368668722394665860e-02 8.292704569634739009e-01
3.470000000000000000e+03 6.351780468807299851e-02 8.294395208621239135e-01
3.480000000000000000e+03 6.335522386324388133e-02 8.296023121701761038e-01
3.490000000000000000e+03 6.319876622631132035e-02 8.297589558514969488e-01
3.500000000000000000e+03 6.304790292118114814e-02 8.299099976585933014e-01
3.510000000000000000e+03 6.290180625647988355e-02 8.300563155287317141e-01
3.520000000000000000e+03 6.275942412091593814e-02 8.301989877674743612e-01
3.530000000000000000e+03 6.261957610963733711e-02 8.303391715198529255e-01
3.540000000000000000e+03 6.248106565182369454e-02 8.304780386374795986e-01
3.550000000000000000e+03 6.234279104465226262e-02 8.306167007945465253e-01
3.560000000000000000e+03 6.220384062798502839e-02 8.307560989004681984e-01
3.570000000000000000e+03 6.206356053538996526e-02 8.308969029659222238e-01
3.580000000000000000e+03 6.192158797602739101e-02 8.310394662837923274e-01
3.590000000000000000e+03 6.177784827104518955e-02 8.311838103570403646e-01
3.600000000000000000e+03 6.163252399168119705e-02 8.313296625377400995e-01
3.610000000000000000e+03 6.148600623913859364e-02 8.314765625209652455e-01
3.620000000000000000e+03 6.133882857434766467e-02 8.316239589840999091e-01
3.630000000000000000e+03 6.119159434199671066e-02 8.317712817643114764e-01
3.640000000000000000e+03 6.104491285170634413e-02 8.319179867023493991e-01
3.650000000000000000e+03 6.089935199436288804e-02 8.320635529611298820e-01
3.660000000000000000e+03 6.075541095250995560e-02 8.322074946149463637e-01
3.670000000000000000e+03 6.061350794387997815e-02 8.323494091110174020e-01
3.680000000000000000e+03 6.047397198631064563e-02 8.324889831114620220e-01
3.690000000000000000e+03 6.033704507084278190e-02 8.326259726483445922e-01
3.700000000000000000e+03 6.020290480950553358e-02 8.327602023328706249e-01
3.710000000000000000e+03 6.007169686544803350e-02 8.328915372169216624e-01
3.720000000000000000e+03 5.994356405524428610e-02 8.330198204376861870e-01
3.730000000000000000e+03 5.981867074870158424e-02 8.331448348952686933e-01
3.740000000000000000e+03 5.969722217132560071e-02 8.332663065937432334e-01
3.750000000000000000e+03 5.957947584715624773e-02 8.333839267119538263e-01
3.760000000000000000e+03 5.946574150333235748e-02 8.334973623621477756e-01
3.770000000000000000e+03 5.935636732101187696e-02 8.336062692606118762e-01
3.780000000000000000e+03 5.925171759420044815e-02 8.337103347566319211e-01
3.790000000000000000e+03 5.915214855302481506e-02 8.338093153185760498e-01
3.800000000000000000e+03 5.905798130866415224e-02 8.339030245124460228e-01
3.810000000000000000e+03 5.896947608187535356e-02 8.339913177508685438e-01
3.820000000000000000e+03 5.888681707767467327e-02 8.340740994814835885e-01
3.830000000000000000e+03 5.881010818308087668e-02 8.341513133081763787e-01
3.840000000000000000e+03 5.873937389127496106e-02 8.342229018152163000e-01
3.850000000000000000e+03 5.867456604664601089e-02 8.342887924587046866e-01
3.860000000000000000e+03 5.861558387136970444e-02 8.343489435225523998e-01
3.870000000000000000e+03 5.856229981831487935e-02 8.344033770067524891e-01
3.880000000000000000e+03 5.851457660782303366e-02 8.344521533923705547e-01
3.890000000000000000e+03 5.847227785751019785e-02 8.344953352023060100e-01
3.900000000000000000e+03 5.843527920867969128e-02 8.345329964992924676e-01
3.910000000000000000e+03 5.840347435306957047e-02 8.345652435101998945e-01
3.920000000000000000e+03 5.837677391987439873e-02 8.345922045675743250e-01
3.930000000000000000e+03 5.835510754760271646e-02 8.346140348649684348e-01
3.940000000000000000e+03 5.833842754640621714e-02 8.346309095087001140e-01
3.950000000000000000e+03 5.832670685332178029e-02 8.346429575242022558e-01
3.960000000000000000e+03 5.831993673423550156e-02 8.346502081868313327e-01
3.970000000000000000e+03 5.831812924462031339e-02 8.346526008487183956e-01
3.980000000000000000e+03 5.832132252462335353e-02 8.346500182935334688e-01
3.990000000000000000e+03 5.832958906444025288e-02 8.346423169470741366e-01
4.000000000000000000e+03 5.834304636505153324e-02 8.346293427363585815e-01
4.010000000000000000e+03 5.836186087979313569e-02 8.346109111044284212e-01
4.020000000000000000e+03 5.838623917583916217e-02 8.345868027492669983e-01
4.030000000000000000e+03 5.841641256148954325e-02 8.345567983236591436e-01
4.040000000000000000e+03 5.845262286109529498e-02 8.345207084693471167e-01
4.050000000000000000e+03 5.849510583694384619e-02 8.344783523434778916e-01
4.060000000000000000e+03 5.854407061536185536e-02 8.344295040355675930e-01
4.070000000000000000e+03 5.859968702689372089e-02 8.343739302474245667e-01
4.080000000000000000e+03 5.866208161402623744e-02 8.343115125285704980e-01
4.090000000000000000e+03 5.873132992012335130e-02 8.342422855003001070e-01
4.100000000000000000e+03 5.880744371906185958e-02 8.341663497404402383e-01
4.110000000000000000e+03 5.889035947212108851e-02 8.340837829651442936e-01
4.120000000000000000e+03 5.897993266522295192e-02 8.339946578931124455e-01
4.130000000000000000e+03 5.907594211984233679e-02 8.338991443078916932e-01
4.140000000000000000e+03 5.917809752982163690e-02 8.337975596113006427e-01
4.150000000000000000e+03 5.928603881497453848e-02 8.336902842817505155e-01
4.160000000000000000e+03 5.939933394151988844e-02 8.335776787507022112e-01
4.170000000000000000e+03 5.951748600297079167e-02 8.334601266685099930e-01
4.180000000000000000e+03 5.963994644267774092e-02 8.333381441176308524e-01
4.190000000000000000e+03 5.976612473875810017e-02 8.332123855475634944e-01
4.200000000000000000e+03 5.989539440723787300e-02 8.330835329340443574e-01
