0.000000000000000000e+00 8.404569130993571946e+00 0.000000000000000000e+00 8.404569130993571946e+00 0.000000000000000000e+00
1.000000000000000000e+01 8.396684998421129364e+00 3.025438254497500091e-04 8.396685003871660058e+00 -1.109963968658419953e+00
2.000000000000000000e+01 8.372561161520893691e+00 1.702999720251774200e-03 8.372561334718076509e+00 -2.219796597520888870e+00
3.000000000000000000e+01 8.332431030957737406e+00 5.287169762418550585e-03 8.332432708389040599e+00 -3.329365471009218425e+00
4.000000000000000000e+01 8.276821391608152112e+00 1.205322355385006310e-02 8.276830167931461091e+00 -4.438543738657251048e+00
5.000000000000000000e+01 8.206438639946295410e+00 2.288181417540608928e-02 8.206470540288533400e+00 -5.547211731436554771e+00
6.000000000000000000e+01 8.122139933892006169e+00 3.851585275582073559e-02 8.122231256042686809e+00 -6.655257953646843028e+00
7.000000000000000000e+01 8.024900661517275324e+00 5.954191494229698484e-02 8.025121548416285222e+00 -7.762580491039936526e+00
8.000000000000000000e+01 7.915779499588497359e+00 8.638114736702906526e-02 7.916250803803905001e+00 -8.869087907417309680e+00
9.000000000000000000e+01 7.795885807679900914e+00 1.192855785165760629e-01 7.796798354172495671e+00 -9.974700100337257069e+00
1.000000000000000000e+02 7.666344770660436403e+00 1.583451856123683499e-01 7.667979873502487997e+00 -1.107934834933811352e+01
1.100000000000000000e+02 7.528270121951881499e+00 2.035005333310546394e-01 7.531020083371137375e+00 -1.218297506789413198e+01
1.200000000000000000e+02 7.382738500587734620e+00 2.545540633064307112e-01 7.387125661528051168e+00 -1.328553402777249204e+01
1.300000000000000000e+02 7.230775005255821952e+00 3.111950514959131442e-01 7.237468448063029136e+00 -1.438698896325154308e+01
1.400000000000000000e+02 7.073332172079563662e+00 3.730166378277385286e-01 7.083160977181876206e+00 -1.548731317399320062e+01
1.500000000000000000e+02 6.911288773962634302e+00 4.395348089859127394e-01 6.925251140963207597e+00 -1.658648888274350952e+01
1.600000000000000000e+02 6.745442874046675641e+00 5.102098284527070149e-01 6.764710905580282763e+00 -1.768450604304763729e+01
1.700000000000000000e+02 6.576509784140500692e+00 5.844661059289461003e-01 6.602429974628695852e+00 -1.878136109666312592e+01
1.800000000000000000e+02 6.405124823038915949e+00 6.617030062242316157e-01 6.439213839216360036e+00 -1.987705681779313593e+01
1.900000000000000000e+02 6.231847380577932860e+00 7.413134006114566743e-01 6.275784200619247244e+00 -2.097160073440775463e+01
2.000000000000000000e+02 6.057165047141916503e+00 8.226940882209414774e-01 6.112779561796043204e+00 -2.206500442684463792e+01
2.100000000000000000e+02 5.881501068798024257e+00 9.052558192882960153e-01 5.950759860776405397e+00 -2.315728265689402576e+01
2.200000000000000000e+02 5.705220856144529229e+00 9.884309589329599577e-01 5.790210771462783512e+00 -2.424845258941221715e+01
2.300000000000000000e+02 5.528638483521054248e+00 1.071679344874603146e+00 5.631548641333114169e+00 -2.533853306716834197e+01
2.400000000000000000e+02 5.352023420898533779e+00 1.154492478264849353e+00 5.475126261577585751e+00 -2.642754396864262389e+01
2.500000000000000000e+02 5.175607063561008303e+00 1.236396875805130913e+00 5.321239114236766987e+00 -2.751550554152447603e+01
2.600000000000000000e+02 4.999589427984640899e+00 1.316955322917787718e+00 5.170132084480751899e+00 -2.860243800273236658e+01
2.700000000000000000e+02 4.824144563589817025e+00 1.395768271843751851e+00 5.022005559445237743e+00 -2.968836099497960035e+01
2.800000000000000000e+02 4.649425006205839317e+00 1.472474111637224192e+00 4.877020903971398980e+00 -3.077329314856036291e+01
2.900000000000000000e+02 4.475566348940235528e+00 1.546748246821239903e+00 4.735306144570888165e+00 -3.185725186107062612e+01
3.000000000000000000e+02 4.302691099536386510e+00 1.618301899265488286e+00 4.596961141362402081e+00 -3.294025312392487592e+01
3.100000000000000000e+02 4.130911457170181933e+00 1.686880608168439100e+00 4.462061816379799595e+00 -3.402231138252466991e+01
3.200000000000000000e+02 3.960332699612898910e+00 1.752262545157069029e+00 4.330664974202405482e+00 -3.510343954907926900e+01
3.300000000000000000e+02 3.791055003633514886e+00 1.814256668163891195e+00 4.202811594462907863e+00 -3.618364901885747287e+01
3.400000000000000000e+02 3.623174676100998415e+00 1.872701154135030022e+00 4.078529679460264568e+00 -3.726294964547572874e+01
3.500000000000000000e+02 3.456785930973356624e+00 1.927460791852157795e+00 3.957837045243611573e+00 -3.834135008607399442e+01
3.600000000000000000e+02 3.291981960810446584e+00 1.978425180850408971e+00 3.840743603330528000e+00 -3.941885802216314261e+01
3.700000000000000000e+02 3.128855559970678435e+00 2.025506828043768692e+00 3.727253013361362388e+00 -4.049548045303167498e+01
3.800000000000000000e+02 2.967499339879547726e+00 2.068639243376678039e+00 3.617363770955802860e+00 -4.157122402821546103e+01
3.900000000000000000e+02 2.808005826033418195e+00 2.107775204418151915e+00 3.511070069280532113e+00 -4.264609540511131769e+01
4.000000000000000000e+02 2.650467270636382100e+00 2.142885188955660158e+00 3.408362317266198094e+00 -4.372010159360608839e+01
4.100000000000000000e+02 2.494975490258864781e+00 2.173955969245501496e+00 3.309227591630803822e+00 -4.479325032391501082e+01
4.200000000000000000e+02 2.341621990075557491e+00 2.200989103291547622e+00 3.213650039629944999e+00 -4.586555055322236285e+01
4.300000000000000000e+02 2.190497335884209917e+00 2.223999633047723634e+00 3.121610633360962339e+00 -4.693701282833493593e+01
4.400000000000000000e+02 2.041691013155967571e+00 2.243014916626708821e+00 3.033087224168101947e+00 -4.800764973638263200e+01
4.500000000000000000e+02 1.895291295030375966e+00 2.258073753800311056e+00 2.948054641728973468e+00 -4.907747632591874520e+01
4.600000000000000000e+02 1.751384624361462583e+00 2.269225224543630404e+00 2.866484122083154062e+00 -5.014651048270233247e+01
4.700000000000000000e+02 1.610055143354484519e+00 2.276527791326762529e+00 2.788342939691123679e+00 -5.121477325120635271e+01
4.800000000000000000e+02 1.471384311560368641e+00 2.280048668673309464e+00 2.713594244507625319e+00 -5.228228908870261904e+01
4.900000000000000000e+02 1.335450651518894860e+00 2.279862866170798252e+00 2.642196648848599061e+00 -5.334908618468622876e+01
5.000000000000000000e+02 1.202329434493912386e+00 2.276052864510211826e+00 2.574104254123284807e+00 -5.441519658548000393e+01
5.100000000000000000e+02 1.072092211488538727e+00 2.268707908814024066e+00 2.509266284285047277e+00 -5.548065628096652802e+01
5.200000000000000000e+02 9.448069770541888124e-01 2.257922996829167417e+00 2.447626704279123100e+00 -5.654550547949092731e+01
5.300000000000000000e+02 8.205376964859810718e-01 2.243798487986970347e+00 2.389124058320776012e+00 -5.760978846498841222e+01
5.400000000000000000e+02 6.993439790739129913e-01 2.226439724773160211e+00 2.333691463993241566e+00 -5.867355340248239060e+01
5.500000000000000000e+02 5.812813303918340502e-01 2.205956586278839726e+00 2.281256768890580489e+00 -5.973685229851574263e+01
5.600000000000000000e+02 4.664008584299524363e-01 2.182462751940535295e+00 2.231742239675552408e+00 -6.079974069381049162e+01
5.700000000000000000e+02 3.547490357914059866e-01 2.156075054236011646e+00 2.185064419621021603e+00 -6.186227723315671767e+01
5.800000000000000000e+02 2.463676013523934116e-01 2.126913251216186573e+00 2.141134506096041612e+00 -6.292452314782918421e+01
5.900000000000000000e+02 1.412934728149362329e-01 2.095099696926880473e+00 2.099858706085533822e+00 -6.398654168470616099e+01
6.000000000000000000e+02 3.955874502290009087e-02 2.060758741780974290e+00 2.061138395677129420e+00 -6.504839751974247974e+01
6.100000000000000000e+02 -5.880917709199653259e-02 2.024016696689740158e+00 2.024870886696009897e+00 -6.611015616780250070e+01
6.200000000000000000e+02 -1.537876142690064174e-01 1.985001468515692702e+00 1.990949888950500180e+00 -6.717188331621748887e+01
6.300000000000000000e+02 -2.453585734645038208e-01 1.943841978502969248e+00 1.959265797936276421e+00 -6.823364416572445634e+01
6.400000000000000000e+02 -3.335088525157699491e-01 1.900667896339542695e+00 1.929706352500858646e+00 -6.929550269483364389e+01
6.500000000000000000e+02 -4.182300564120589592e-01 1.855609461319621678e+00 1.902157420674043697e+00 -7.035752100833602185e+01
6.600000000000000000e+02 -4.995184324907138707e-01 1.808797367527172684e+00 1.876503818586897854e+00 -7.141975885094034027e+01
6.700000000000000000e+02 -5.773744710394351776e-01 1.760362541866630437e+00 1.852629903303736336e+00 -7.248227331045214328e+01
6.800000000000000000e+02 -6.518027137960141770e-01 1.710435722059736818e+00 1.830419934607865340e+00 -7.354511844794653541e+01
6.900000000000000000e+02 -7.228115948704683102e-01 1.659147175549775310e+00 1.809758534118291351e+00 -7.460834498177334240e+01
7.000000000000000000e+02 -7.904133820868307625e-01 1.606626393220089488e+00 1.790531117287084806e+00 -7.567199997607362150e+01
7.100000000000000000e+02 -8.546240206242441406e-01 1.553001971680927795e+00 1.772624421774899872e+00 -7.673612668786870472e+01
7.200000000000000000e+02 -9.154628545616589896e-01 1.498401386362173016e+00 1.755926807339720286e+00 -7.780076452244807683e+01
7.300000000000000000e+02 -9.729523661484543728e-01 1.442950533882907171e+00 1.740328288003973878e+00 -7.886594895692235241e+01
7.400000000000000000e+02 -1.027118001202786068e+00 1.386773471146539150e+00 1.725720733105628346e+00 -7.993171149965294831e+01
7.500000000000000000e+02 -1.077987833410101626e+00 1.329992191414276492e+00 1.711997955081475675e+00 -8.099807977066529929e+01
7.600000000000000000e+02 -1.125592374530478113e+00 1.272726039121205188e+00 1.699055550668756576e+00 -8.206507739615342700e+01
7.700000000000000000e+02 -1.169964476306076806e+00 1.215091181355870686e+00 1.686790874657246198e+00 -8.313272386129348490e+01
7.800000000000000000e+02 -1.211139285412469180e+00 1.157200313225404509e+00 1.675103260577807118e+00 -8.420103443042070523e+01
7.900000000000000000e+02 -1.249154174932088912e+00 1.099162491322784208e+00 1.663894328099347009e+00 -8.527002015527187950e+01
8.000000000000000000e+02 -1.284048707829076763e+00 1.041083027991697385e+00 1.653068345607610512e+00 -8.633968792934696523e+01
8.100000000000000000e+02 -1.315864749652726706e+00 9.830629774979978697e-01 1.642532452375252916e+00 -8.741004032189897544e+01
8.200000000000000000e+02 -1.344646576005605221e+00 9.251988541328606264e-01 1.632197087992855122e+00 -8.848107553021650062e+01
8.300000000000000000e+02 -1.370441164909259602e+00 8.675826003451768687e-01 1.621976743020548728e+00 -8.955278742353107191e+01
8.400000000000000000e+02 -1.393298296823917370e+00 8.103014571621133255e-01 1.611790493647196509e+00 -9.062516565589757533e+01
8.500000000000000000e+02 -1.413270613496798056e+00 7.534378924064493166e-01 1.601562513512191366e+00 -9.169819584775771659e+01
8.600000000000000000e+02 -1.430413718239898380e+00 6.970697409702547587e-01 1.591222683694909268e+00 -9.277185989419677981e+01
8.700000000000000000e+02 -1.444786153195267486e+00 6.412703749777588502e-01 1.580707032403188217e+00 -9.384613635484059557e+01
8.800000000000000000e+02 -1.456449474955236800e+00 5.861088870702473308e-01 1.569958184347630681e+00 -9.492100084074506583e+01
8.900000000000000000e+02 -1.465468402345402543e+00 5.316501609704006315e-01 1.558925762162085560e+00 -9.599642633476882736e+01
9.000000000000000000e+02 -1.471910748034047645e+00 4.779549911231179560e-01 1.547566549043255080e+00 -9.707238359764033930e+01
9.100000000000000000e+02 -1.475847166276767819e+00 4.250803992040341206e-01 1.535844459570899101e+00 -9.814884171889711695e+01
9.200000000000000000e+02 -1.477350846640672177e+00 3.730800672902171988e-01 1.523730376634653716e+00 -9.922576872877561982e+01
9.300000000000000000e+02 -1.476497442326943244e+00 3.220045602575534183e-01 1.511202049371514589e+00 -1.003031320172310501e+02
9.400000000000000000e+02 -1.473365084274164571e+00 2.719014536593652442e-01 1.498243996170280701e+00 -1.013808986706373219e+02
9.500000000000000000e+02 -1.468033999381518351e+00 2.228154036286567885e-01 1.484846971049305520e+00 -1.024590358068717677e+02
9.600000000000000000e+02 -1.460585862188559902e+00 1.747883158558899142e-01 1.471007143485318691e+00 -1.035375109481486930e+02
9.700000000000000000e+02 -1.451103474010602579e+00 1.278595309598729302e-01 1.456725558210234306e+00 -1.046162923097384834e+02
9.800000000000000000e+02 -1.439670671200026009e+00 8.206591335150607847e-02 1.442007786264606128e+00 -1.056953489792116727e+02
9.900000000000000000e+02 -1.426372047489710582e+00 3.744179182952234175e-02 1.426863380157818106e+00 -1.067746509872298475e+02
1.000000000000000000e+03 -1.411292575027013774e+00 -5.981135206107517609e-03 1.411305249159349184e+00 -1.078541693170298714e+02
1.010000000000000000e+03 -1.394517342870706278e+00 -4.817367972300679035e-02 1.395349176007650627e+00 -1.089338760221376390e+02
1.020000000000000000e+03 -1.376131510174441797e+00 -8.910914190111265953e-02 1.379013550500988394e+00 -1.100137442609255203e+02
1.030000000000000000e+03 -1.356219994747382529e+00 -1.287633635018592126e-01 1.362318860595015835e+00 -1.110937482600414512e+02
1.040000000000000000e+03 -1.334867389626027911e+00 -1.671146214859841328e-01 1.345287420814381019e+00 -1.121738633815442086e+02
1.050000000000000000e+03 -1.312157862814726572e+00 -2.041437109867485500e-01 1.327943113119666840e+00 -1.132540660499432477e+02
1.060000000000000000e+03 -1.288174752339526385e+00 -2.398340869736991232e-01 1.310310872212967714e+00 -1.143343335863180101e+02
1.070000000000000000e+03 -1.263000292615490849e+00 -2.741717652787684645e-01 1.292416301360707731e+00 -1.154146441941218484e+02
1.080000000000000000e+03 -1.236715660666034777e+00 -3.071452886996042242e-01 1.274285624852995902e+00 -1.164949769297790141e+02
1.090000000000000000e+03 -1.209400985654117466e+00 -3.387455731285097804e-01 1.255945582983320818e+00 -1.175753117756469521e+02
1.100000000000000000e+03 -1.181135183622754603e+00 -3.689659585541441578e-01 1.237423209966314053e+00 -1.186556295301500370e+02
1.110000000000000000e+03 -1.151995967821443534e+00 -3.978024288480890291e-01 1.218745864515774935e+00 -1.197359115979663358e+02
1.120000000000000000e+03 -1.122059842541055952e+00 -4.252536552054632657e-01 1.199941232523020762e+00 -1.208161399213881282e+02
1.130000000000000000e+03 -1.091402014621552619e+00 -4.513208603844496847e-01 1.181037203706193139e+00 -1.218962970383580426e+02
1.140000000000000000e+03 -1.060096410817946255e+00 -4.760075745691222937e-01 1.162061793226276896e+00 -1.229763662667166102e+02
1.150000000000000000e+03 -1.028215671558193156e+00 -4.993194554835329035e-01 1.143043037624672298e+00 -1.240563318516976210e+02
1.160000000000000000e+03 -9.958310714749661896e-01 -5.212642137160561351e-01 1.124008853797868079e+00 -1.251361790170756763e+02
1.170000000000000000e+03 -9.630124016630187134e-01 -5.418515983735968655e-01 1.104986896038499200e+00 -1.262158939533412934e+02
1.180000000000000000e+03 -9.298278551967615879e-01 -5.610932370840369110e-01 1.086004355885027417e+00 -1.272954639155651364e+02
1.190000000000000000e+03 -8.963440458349989370e-01 -5.790024839955185687e-01 1.067087871253738607e+00 -1.283748773747958296e+02
1.200000000000000000e+03 -8.626259603035411061e-01 -5.955943003754727849e-01 1.048263381993931542e+00 -1.294541241232218169e+02
1.210000000000000000e+03 -8.287368505144868669e-01 -6.108851669001640339e-01 1.029555950174303236e+00 -1.305331953204147908e+02
1.220000000000000000e+03 -7.947383125858017427e-01 -6.248931746602897075e-01 1.010989844275768546e+00 -1.316120835007347125e+02
1.230000000000000000e+03 -7.606903434663923047e-01 -6.376380406250324873e-01 9.925885701010003226e-01 -1.326907826531310377e+02
1.240000000000000000e+03 -7.266511632458245717e-01 -6.491409769580006595e-01 9.743746307311667021e-01 -1.337692882771636107e+02
1.250000000000000000e+03 -6.926769924817948176e-01 -6.594242529073988113e-01 9.563690507519079231e-01 -1.348475976063921280e+02
1.260000000000000000e+03 -6.588220365427843728e-01 -6.685108472221354958e-01 9.385910870491149804e-01 -1.359257098546202087e+02
1.270000000000000000e+03 -6.251387554857299467e-01 -6.764246049307407471e-01 9.210584725010436680e-01 -1.370036262891276806e+02
1.280000000000000000e+03 -5.916778964881517222e-01 -6.831904321328142737e-01 9.037875302030149438e-01 -1.380813501415012468e+02
1.290000000000000000e+03 -5.584879632060859578e-01 -6.888341571415633746e-01 8.867927046897772225e-01 -1.391588862799147250e+02
1.300000000000000000e+03 -5.256149905008160594e-01 -6.933822592942354701e-01 8.700862461521566837e-01 -1.402362411100583302e+02
1.310000000000000000e+03 -4.931030292919780789e-01 -6.968617204859047787e-01 8.536784259752032700e-01 -1.413134229793396059e+02
1.320000000000000000e+03 -4.609942838359633588e-01 -6.993001722209903903e-01 8.375777340627791334e-01 -1.423904421240545162e+02
1.330000000000000000e+03 -4.293286336240461631e-01 -7.007258266807254721e-01 8.217905814907326967e-01 -1.434673101492836338e+02
1.340000000000000000e+03 -3.981435887809721130e-01 -7.011673224371431923e-01 8.063212333437986823e-01 -1.445440398878932342e+02
1.350000000000000000e+03 -3.674746550095545072e-01 -7.006536374774025022e-01 7.911720051826318656e-01 -1.456206456288510651e+02
1.360000000000000000e+03 -3.373551757813084695e-01 -6.992139889348158999e-01 7.763431695768143737e-01 -1.466971428044153356e+02
1.370000000000000000e+03 -3.078162257404452040e-01 -6.968778009206796353e-01 7.618329857948755723e-01 -1.477735476290366137e+02
1.380000000000000000e+03 -2.788866921317039727e-01 -6.936746888535130218e-01 7.476378541808741396e-01 -1.488498769141875755e+02
1.390000000000000000e+03 -2.505934059718276652e-01 -6.896345392127061213e-01 7.337525828177252629e-01 -1.499261479048538206e+02
1.400000000000000000e+03 -2.229609700919293613e-01 -6.847877636445278693e-01 7.201707265791966739e-01 -1.510023776784575205e+02
1.410000000000000000e+03 -1.960115138618806208e-01 -6.791653073063665946e-01 7.068847347446240992e-01 -1.520785825535300546e+02
1.420000000000000000e+03 -1.697648305422426174e-01 -6.727984085980830420e-01 6.938860110285762772e-01 -1.531547780764755942e+02
1.430000000000000000e+03 -1.442388140464480883e-01 -6.657182895684486956e-01 6.811649407768038955e-01 -1.542309794484245344e+02
1.440000000000000000e+03 -1.194497464514341634e-01 -6.579559793224235564e-01 6.687109335530871945e-01 -1.553072017266703426e+02
1.450000000000000000e+03 -9.541204603775502169e-02 -6.495423298993266981e-01 6.565125260496987858e-01 -1.563834591887566319e+02
1.460000000000000000e+03 -7.213802619058386212e-02 -6.405081709638674736e-01 6.445576870181226603e-01 -1.574597646413111818e+02
1.470000000000000000e+03 -4.963813539371485922e-02 -6.308842786405767233e-01 6.328340363169522309e-01 -1.585361295153210790e+02
1.480000000000000000e+03 -2.792114156880838582e-02 -6.207012274496349624e-01 6.213289015521400449e-01 -1.596125639380994414e+02
1.490000000000000000e+03 -6.993935902681319185e-03 -6.099895019386993855e-01 6.100295956876463643e-01 -1.606890761832400472e+02
1.500000000000000000e+03 1.313844703868073498e-02 -5.987795161503370878e-01 5.989236410026073099e-01 -1.617656724950384444e+02
1.510000000000000000e+03 3.247288715733475523e-02 -5.871016261165551420e-01 5.879989862142930290e-01 -1.628423568146918683e+02
1.520000000000000000e+03 5.100803253046316127e-02 -5.749862927198062801e-01 5.772443643711868688e-01 -1.639191309040629676e+02
1.530000000000000000e+03 6.874385644116795535e-02 -5.624639274339255923e-01 5.666492631803206059e-01 -1.649959950350526867e+02
1.540000000000000000e+03 8.568134800394495987e-02 -5.495646636307834898e-01 5.562037512525327410e-01 -1.660729484634768198e+02
1.550000000000000000e+03 1.018228482394961526e-01 -5.363186772522020584e-01 5.458989063857475621e-01 -1.671499889063381943e+02
1.560000000000000000e+03 1.171722541289024616e-01 -5.227559872678561037e-01 5.357267581165225945e-01 -1.682271121423816851e+02
1.570000000000000000e+03 1.317346139666052407e-01 -5.089058975696099107e-01 5.256797704858546805e-01 -1.693043124847723959e+02
1.580000000000000000e+03 1.455163146975483324e-01 -4.947972371085708199e-01 5.157512032883987407e-01 -1.703815824286047018e+02
1.590000000000000000e+03 1.585250523072220252e-01 -4.804583637500431381e-01 5.059352048497676169e-01 -1.714589126504968135e+02
1.600000000000000000e+03 1.707694480739380127e-01 -4.659170981792566391e-01 4.962267090466377373e-01 -1.725362926535044608e+02
1.610000000000000000e+03 1.822587426932193722e-01 -4.512008880897391272e-01 4.866215066158527947e-01 -1.736137114622846696e+02
1.620000000000000000e+03 1.930030025323846710e-01 -4.363371097717623770e-01 4.771165815086399475e-01 -1.746911575617407379e+02
1.630000000000000000e+03 2.030134309062421039e-01 -4.213529040972235351e-01 4.677100842610596998e-01 -1.757686183433342251e+02
1.640000000000000000e+03 2.123019496318518384e-01 -4.062745847431460944e-01 4.584006501148325530e-01 -1.768460804613422965e+02
1.650000000000000000e+03 2.208808181265985437e-01 -3.911275223941961809e-01 4.491871264745884718e-01 -1.779235303842170879e+02
1.660000000000000000e+03 2.287628785615372917e-01 -3.759364213399048471e-01 4.400689122144565979e-01 -1.790009541445515993e+02
1.670000000000000000e+03 2.359618169237169549e-01 -3.607254597854618883e-01 4.310462114244534293e-01 -1.800783370205151357e+02
1.680000000000000000e+03 2.424919287538273016e-01 -3.455182219822258705e-01 4.221198612154016816e-01 -1.811556639825388402e+02
1.690000000000000000e+03 2.483678130214165003e-01 -3.303374705048744975e-01 4.132909567902497971e-01 -1.822329200269831233e+02
1.700000000000000000e+03 2.536044077061894719e-01 -3.152051264552260257e-01 4.045608326959769241e-01 -1.833100900457808962e+02
1.710000000000000000e+03 2.582169816445936683e-01 -3.001423482470480519e-01 3.959311036290237285e-01 -1.843871589310677734e+02
1.720000000000000000e+03 2.622211102789533954e-01 -2.851696038447744663e-01 3.874036830399430476e-01 -1.854641117459485997e+02
1.730000000000000000e+03 2.656327185915777211e-01 -2.703066942882990098e-01 3.789808044788288144e-01 -1.865409337248328256e+02
1.740000000000000000e+03 2.684681576143049808e-01 -2.555725038617240319e-01 3.706648842053563708e-01 -1.876176097049404916e+02
1.750000000000000000e+03 2.707444973372574726e-01 -2.409847222974322856e-01 3.624585758665047619e-01 -1.886941229676153000e+02
1.760000000000000000e+03 2.724793815913545414e-01 -2.265599909701481451e-01 3.543648443353271116e-01 -1.897704556727119325e+02
1.770000000000000000e+03 2.736905195182073314e-01 -2.123142125020472393e-01 3.463868145650331742e-01 -1.908465904024425299e+02
1.780000000000000000e+03 2.743955624529145765e-01 -1.982625749706341256e-01 3.385276551891110430e-01 -1.919225104734946399e+02
1.790000000000000000e+03 2.746122414741403173e-01 -1.844195134451513118e-01 3.307906288074042300e-01 -1.929981996423234136e+02
1.800000000000000000e+03 2.743585373262384386e-01 -1.707985569375771451e-01 3.231791361702542886e-01 -1.940736414690672405e+02
1.810000000000000000e+03 2.736528150784535152e-01 -1.574122080569329285e-01 3.156967951147451878e-01 -1.951488187841606248e+02
1.820000000000000000e+03 2.725134886094312536e-01 -1.442720034865437317e-01 3.083472271062347447e-01 -1.962237143734104450e+02
1.830000000000000000e+03 2.709588814374034871e-01 -1.313886540674992498e-01 3.011340131029337508e-01 -1.972983115626498147e+02
1.840000000000000000e+03 2.690075641879058344e-01 -1.187720466437895278e-01 2.940609947855458151e-01 -1.983725937735260914e+02
1.850000000000000000e+03 2.666782636526550676e-01 -1.064313705927316528e-01 2.871322568974833400e-01 -1.994465452115971971e+02
1.860000000000000000e+03 2.639896980092625856e-01 -9.437522881517468321e-02 2.803520010075516433e-01 -2.005201516844041407e+02
1.870000000000000000e+03 2.609605401833113847e-01 -8.261181695420644067e-02 2.737245254507549297e-01 -2.015934015466598908e+02
1.880000000000000000e+03 2.576095034829259389e-01 -7.114876970002773082e-02 2.672541930719651293e-01 -2.026662854609885471e+02
1.890000000000000000e+03 2.539555223734912826e-01 -5.999276028153933960e-02 2.609454706067745877e-01 -2.037387951214807060e+02
1.900000000000000000e+03 2.500176254819028165e-01 -4.914953429465620388e-02 2.548028449075688817e-01 -2.048109237572421364e+02
1.910000000000000000e+03 2.458146310390328104e-01 -3.862421117418276401e-02 2.488305900038893792e-01 -2.058826677988869562e+02
1.920000000000000000e+03 2.413650477961615803e-01 -2.842131389831477339e-02 2.430326261664262633e-01 -2.069540273401864283e+02
1.930000000000000000e+03 2.366868362841884343e-01 -1.854471963112240898e-02 2.374122260887487623e-01 -2.080250062427751914e+02
1.940000000000000000e+03 2.317974270040575602e-01 -8.997772717939583886e-03 2.319719963262485973e-01 -2.090956126107408295e+02
1.950000000000000000e+03 2.267140797746013126e-01 2.165910052776582749e-04 2.267141832345472285e-01 -2.101658593443938798e+02
1.960000000000000000e+03 2.214540742935825757e-01 9.095950762598526210e-03 2.216407980077296502e-01 -2.112357640106662586e+02
1.970000000000000000e+03 2.160344191331201591e-01 1.763853538185599160e-02 2.167532887422971011e-01 -2.123053485199693284e+02
1.980000000000000000e+03 2.104715171491044201e-01 2.584306889986762515e-02 2.120521722152571287e-01 -2.133746396976283961e+02
1.990000000000000000e+03 2.047812049685930058e-01 3.370863758008687400e-02 2.075370187602552652e-01 -2.144436696468883099e+02
2.000000000000000000e+03 1.989788883848800927e-01 4.123473159619413242e-02 2.032065479080158443e-01 -2.155124753520742615e+02
2.010000000000000000e+03 1.930795732677484666e-01 4.842140810332458412e-02 1.990586706877260359e-01 -2.165810975994281193e+02
2.020000000000000000e+03 1.870978221097254479e-01 5.526954145202219587e-02 1.950905360352450935e-01 -2.176495792535403666e+02
2.030000000000000000e+03 1.810476186429254841e-01 6.178071708444241028e-02 1.912984506464756873e-01 -2.187179649598564879e+02
2.040000000000000000e+03 1.749422647114476925e-01 6.795693700053978548e-02 1.876777591214941199e-01 -2.197863016428386516e+02
2.050000000000000000e+03 1.687944794963971984e-01 7.380035711140094101e-02 1.842228786503727345e-01 -2.208546391187672384e+02
2.060000000000000000e+03 1.626166786309516388e-01 7.931330443166835498e-02 1.809275668018356653e-01 -2.219230298283884224e+02
2.070000000000000000e+03 1.564209955552135767e-01 8.449857245889988433e-02 1.777850854207858045e-01 -2.229915268397746786e+02
2.080000000000000000e+03 1.502189940742704732e-01 8.935963229272703146e-02 1.747881290711045255e-01 -2.240601813986565105e+02
2.090000000000000000e+03 1.440215377934441765e-01 9.390061591572437805e-02 1.719288487070766702e-01 -2.251290417328211788e+02
2.100000000000000000e+03 1.378388422529220891e-01 9.812613679603013339e-02 1.691989514037813558e-01 -2.261981531475131248e+02
2.110000000000000000e+03 1.316805610521149528e-01 1.020412382039752458e-01 1.665898689992887649e-01 -2.272675577487876808e+02
2.120000000000000000e+03 1.255558547948119330e-01 1.056513858574802539e-01 1.640929249140927471e-01 -2.283372940879512214e+02
2.130000000000000000e+03 1.194733638940794346e-01 1.089623200959738414e-01 1.616993255423923581e-01 -2.294073972404793835e+02
2.140000000000000000e+03 1.134411581223994797e-01 1.119801023447425936e-01 1.594002499285690211e-01 -2.304778978848900977e+02
2.150000000000000000e+03 1.074667759513040916e-01 1.147112257744090230e-01 1.571870645187931348e-01 -2.315488215649917834e+02
2.160000000000000000e+03 1.015572500680714807e-01 1.171624545575505882e-01 1.550513327880121972e-01 -2.326201892684556753e+02
2.170000000000000000e+03 9.571915581137591111e-02 1.193407009338015995e-01 1.529848348321281581e-01 -2.336920179849365695e+02
2.180000000000000000e+03 8.995882860300512263e-02 1.212531297443461553e-01 1.509798407616861071e-01 -2.347643213073372124e+02
2.190000000000000000e+03 8.428233046133581929e-02 1.229072052772765822e-01 1.490291660617626135e-01 -2.358371092980090964e+02
2.200000000000000000e+03 7.869527551353591721e-02 1.243107204230902291e-01 1.471261417976391650e-01 -2.369103876608810992e+02
2.210000000000000000e+03 7.320277542135647519e-02 1.254719280491021216e-01 1.452647619271398294e-01 -2.379841571372475073e+02
2.220000000000000000e+03 6.780941435758482128e-02 1.263994115173320831e-01 1.434396315787463683e-01 -2.390584140737255723e+02
2.230000000000000000e+03 6.251941122710825971e-02 1.271019149764734402e-01 1.416459444208373886e-01 -2.401331522018784881e+02
2.240000000000000000e+03 5.733670548367793274e-02 1.275882725315535537e-01 1.398794662675977019e-01 -2.412083636719380877e+02
2.250000000000000000e+03 5.226488270737524727e-02 1.278673703666983463e-01 1.381364628507263381e-01 -2.422840389499455114e+02
2.260000000000000000e+03 4.730714629809477240e-02 1.279481597957222438e-01 1.364137005068809527e-01 -2.433601667801087274e+02
2.270000000000000000e+03 4.246635525010500345e-02 1.278396955293663595e-01 1.347084966929303074e-01 -2.444367345432378045e+02
2.280000000000000000e+03 3.774514211702525990e-02 1.275510756254875644e-01 1.330186928467321783e-01 -2.455137294930486860e+02
2.290000000000000000e+03 3.314604359799598610e-02 1.270913495663798798e-01 1.313425724614986356e-01 -2.465911401877741582e+02
2.300000000000000000e+03 2.867131776534514662e-02 1.264695074056678692e-01 1.296787598870134117e-01 -2.476689554198013639e+02
2.310000000000000000e+03 2.432272560918091395e-02 1.256944857842522689e-01 1.280261642697581581e-01 -2.487471626469681496e+02
2.320000000000000000e+03 2.010175032933838452e-02 1.247751557685973511e-01 1.263840174364654068e-01 -2.498257496795298778e+02
2.330000000000000000e+03 1.600989913925196864e-02 1.237202780442577810e-01 1.247518499654312746e-01 -2.509047072327064711e+02
2.340000000000000000e+03 1.204854176263381836e-02 1.225387146582016112e-01 1.231296225475010803e-01 -2.519840277038817931e+02
2.350000000000000000e+03 8.218655560089677820e-03 1.212393854017152078e-01 1.215176319379250719e-01 -2.530637034756142327e+02
2.360000000000000000e+03 4.520698884294733003e-03 1.198307991898678732e-01 1.199160420998162391e-01 -2.541437261680578672e+02
2.370000000000000000e+03 9.551075144950075396e-04 1.183210065415535861e-01 1.183248613748210248e-01 -2.552240903626920385e+02
2.380000000000000000e+03 -2.477745160235249062e-03 1.167180607155270111e-01 1.167443571153334997e-01 -2.563047930899290350e+02
2.390000000000000000e+03 -5.777763960769930623e-03 1.150299751403964371e-01 1.151749874633663379e-01 -2.573858322087515376e+02
2.400000000000000000e+03 -8.945113885398864664e-03 1.132643648371307044e-01 1.136170383542072643e-01 -2.584672064123189443e+02
2.410000000000000000e+03 -1.198004167056486609e-02 1.114284789900247125e-01 1.120706354423800372e-01 -2.595489164853191255e+02
2.420000000000000000e+03 -1.488294214230377784e-02 1.095294933648184449e-01 1.105360207514499288e-01 -2.606309648214473782e+02
2.430000000000000000e+03 -1.765452068654280171e-02 1.075745389463436258e-01 1.090135933275752922e-01 -2.617133540907811948e+02
2.440000000000000000e+03 -2.029575727313773573e-02 1.055703934875668326e-01 1.075036080529849780e-01 -2.627960870917111720e+02
2.450000000000000000e+03 -2.280780116398662544e-02 1.035234142782845979e-01 1.060060993422986403e-01 -2.638791672532208850e+02
2.460000000000000000e+03 -2.519192779163044460e-02 1.014395588120039354e-01 1.045208941687389564e-01 -2.649625986931458215e+02
2.470000000000000000e+03 -2.744941647075514746e-02 9.932444880235286044e-02 1.030476423528271651e-01 -2.660463871683642765e+02
2.480000000000000000e+03 -2.958154750146038334e-02 9.718350483930929262e-02 1.015859319267840843e-01 -2.671305402447736697e+02
2.490000000000000000e+03 -3.158986480499993005e-02 9.502195703831811668e-02 1.001353677667893016e-01 -2.682150647735697362e+02
2.500000000000000000e+03 -3.347636272135744856e-02 9.284476580041847726e-02 9.869557942272007278e-02 -2.692999647025694685e+02
2.510000000000000000e+03 -3.524334157380071969e-02 9.065661336461418307e-02 9.726620518982291574e-02 -2.703852421385074649e+02
2.520000000000000000e+03 -3.689320033917434238e-02 8.846188411230039572e-02 9.584682139729266970e-02 -2.714708990114401672e+02
2.530000000000000000e+03 -3.842830050726180752e-02 8.626462588633067308e-02 9.443685699548143297e-02 -2.725569379938196448e+02
2.540000000000000000e+03 -3.985102713068439800e-02 8.406856086888241097e-02 9.303562376818640123e-02 -2.736433616898740979e+02
2.550000000000000000e+03 -4.116397799229584709e-02 8.187717349633398534e-02 9.164248263714265541e-02 -2.747301709451672309e+02
2.560000000000000000e+03 -4.236997373670985806e-02 7.969373431627423121e-02 9.025688873278531199e-02 -2.758173646841441951e+02
2.570000000000000000e+03 -4.347196740004087567e-02 7.752127996357989492e-02 8.887834830160802613e-02 -2.769049405357343403e+02
2.580000000000000000e+03 -4.447295959629491563e-02 7.536268849161452399e-02 8.750645091613422355e-02 -2.779928959366254162e+02
2.590000000000000000e+03 -4.537600677616523276e-02 7.322069142278567200e-02 8.614088253193945277e-02 -2.790812280764944830e+02
2.600000000000000000e+03 -4.618425624436181542e-02 7.109770926486805309e-02 8.478130564904375055e-02 -2.801699324601818830e+02
2.610000000000000000e+03 -4.690094225941449091e-02 6.899589269400972780e-02 8.342740313268917629e-02 -2.812590029232049460e+02
2.620000000000000000e+03 -4.752937922802828730e-02 6.691723420995629446e-02 8.207897492118107485e-02 -2.823484322400079236e+02
2.630000000000000000e+03 -4.807294327291469771e-02 6.486363476805377670e-02 8.073598324318809194e-02 -2.834382127192806706e+02
2.640000000000000000e+03 -4.853512393271553621e-02 6.283683119079266910e-02 7.939852397409054297e-02 -2.845283351525529270e+02
2.650000000000000000e+03 -4.891946630534640267e-02 6.083831381820920675e-02 7.806673178661206747e-02 -2.856187886265283851e+02
2.660000000000000000e+03 -4.922943142890760099e-02 5.886931519184672446e-02 7.674068796909831736e-02 -2.867095615794816013e+02
2.670000000000000000e+03 -4.946841603882341093e-02 5.693095473379438526e-02 7.542053959162230148e-02 -2.878006425913027897e+02
2.680000000000000000e+03 -4.963984123340214188e-02 5.502439210343706283e-02 7.410666342529637074e-02 -2.888920208370505520e+02
2.690000000000000000e+03 -4.974715136369863011e-02 5.315072461857672098e-02 7.279957826994960801e-02 -2.899836853436954129e+02
2.700000000000000000e+03 -4.979388601825125715e-02 5.131082575804838536e-02 7.149987359968827672e-02 -2.910756227272647152e+02
2.710000000000000000e+03 -4.978367997611853057e-02 4.950537653880833500e-02 7.020824095655565922e-02 -2.921678172481208549e+02
2.720000000000000000e+03 -4.972010659765978974e-02 4.773493806637627707e-02 6.892541847739069860e-02 -2.932602529242519154e+02
2.730000000000000000e+03 -4.960651059543255692e-02 4.600001236587525355e-02 6.765210293195207669e-02 -2.943529157769455651e+02
2.740000000000000000e+03 -4.944594007737900671e-02 4.430097634224600817e-02 6.638883562024563978e-02 -2.954457937853536578e+02
2.750000000000000000e+03 -4.924132860851730686e-02 4.263810677208357269e-02 6.513613891104987064e-02 -2.965388752224959603e+02
2.760000000000000000e+03 -4.899571219304593717e-02 4.101173740196754902e-02 6.389477614039926201e-02 -2.976321482705153016e+02
2.770000000000000000e+03 -4.871218315838796858e-02 3.942215428735924149e-02 6.266564478813485550e-02 -2.987256004081787637e+02
2.780000000000000000e+03 -4.839370925350643116e-02 3.786941678503646241e-02 6.144952256081177150e-02 -2.998192179539572066e+02
2.790000000000000000e+03 -4.804303435640414760e-02 3.635340573958867338e-02 6.024701867343967149e-02 -3.009129873383863014e+02
2.800000000000000000e+03 -4.766268554170899341e-02 3.487402002048727717e-02 5.905869000779803007e-02 -3.020068974270848230e+02
2.810000000000000000e+03 -4.725503227987475074e-02 3.343123324887918579e-02 5.788510544443164346e-02 -3.031009398408712627e+02
2.820000000000000000e+03 -4.682240386548847805e-02 3.202497481048638406e-02 5.672685885323809629e-02 -3.041951062977391871e+02
2.830000000000000000e+03 -4.636710859477740504e-02 3.065501679279613104e-02 5.558451955361756736e-02 -3.052893867214294801e+02
2.840000000000000000e+03 -4.589128581549486302e-02 2.932096247461821528e-02 5.445850672059792535e-02 -3.063837702603239563e+02
2.850000000000000000e+03 -4.539687780331311262e-02 2.802233302391817296e-02 5.334911116778158491e-02 -3.074782466079549863e+02
2.860000000000000000e+03 -4.488578007933241576e-02 2.675870472839026598e-02 5.225668887397449947e-02 -3.085728066196915051e+02
2.870000000000000000e+03 -4.435987021878858710e-02 2.552965799350655207e-02 5.118165221144369698e-02 -3.096674413603480502e+02
2.880000000000000000e+03 -4.382083625273137939e-02 2.433463244168090900e-02 5.012424588919423690e-02 -3.107621413218965358e+02
2.890000000000000000e+03 -4.327019233182445579e-02 2.317295878290375616e-02 4.908457561380393658e-02 -3.118568965022417387e+02
2.900000000000000000e+03 -4.270933016634131940e-02 2.204392459057498074e-02 4.806268297351395935e-02 -3.129516968420795138e+02
2.910000000000000000e+03 -4.213951168866889030e-02 2.094675157013243735e-02 4.705852575995456838e-02 -3.140465317409999102e+02
2.920000000000000000e+03 -4.156186950886855275e-02 1.988052822837745037e-02 4.607194807810421205e-02 -3.151413885315744778e+02
2.930000000000000000e+03 -4.097748003018991669e-02 1.884426307670598530e-02 4.510277286962208892e-02 -3.162362524579420437e+02
2.940000000000000000e+03 -4.038750034506948666e-02 1.783698810674177321e-02 4.415097200337762817e-02 -3.173311073080186588e+02
2.950000000000000000e+03 -3.979312304402246592e-02 1.685779459057232949e-02 4.321663892593501088e-02 -3.184259366953120889e+02
2.960000000000000000e+03 -3.919540250761081868e-02 1.590578382867773727e-02 4.229980540071373585e-02 -3.195207247364256204e+02
2.970000000000000000e+03 -3.859515713006200083e-02 1.497997720633383045e-02 4.140031245046897623e-02 -3.206154548386515444e+02
2.980000000000000000e+03 -3.799297232348997772e-02 1.407933097917472322e-02 4.051781715239142351e-02 -3.217101095981097956e+02
2.990000000000000000e+03 -3.738938931672537019e-02 1.320279182447075920e-02 3.965198791281426827e-02 -3.228046701090021315e+02
3.000000000000000000e+03 -3.678503200321707467e-02 1.234929372002219194e-02 3.880262407184704998e-02 -3.238991147236307597e+02
3.010000000000000000e+03 -3.618061760073985889e-02 1.151778923776467303e-02 3.796967946791932752e-02 -3.249934197441631341e+02
3.020000000000000000e+03 -3.557687036159778299e-02 1.070723913714056834e-02 3.715317852709038027e-02 -3.260875599593554170e+02
3.030000000000000000e+03 -3.497444717988128920e-02 9.916557658597717484e-03 3.635313014493524175e-02 -3.271815077874902045e+02
3.040000000000000000e+03 -3.437395526628630321e-02 9.144675963798240548e-03 3.556956422465028245e-02 -3.282752346290426999e+02
3.050000000000000000e+03 -3.377590570277941295e-02 8.390645969721948969e-03 3.480251062541692142e-02 -3.293687140808460185e+02
3.060000000000000000e+03 -3.318073240284993147e-02 7.653590450734807163e-03 3.405199626420035014e-02 -3.304619206884785854e+02
3.070000000000000000e+03 -3.258885492560789632e-02 6.932630774043731410e-03 3.331808570148555443e-02 -3.315548275922936909e+02
3.080000000000000000e+03 -3.200066103159378977e-02 6.226919903727290949e-03 3.260087173598890525e-02 -3.326474076339458747e+02
3.090000000000000000e+03 -3.141651959394321098e-02 5.535753859630601972e-03 3.190050586105230845e-02 -3.337396368454128037e+02
3.100000000000000000e+03 -3.083680034826123337e-02 4.858495448506728286e-03 3.121719452067537801e-02 -3.348314925325287277e+02
3.110000000000000000e+03 -3.026176651659564371e-02 4.194424915592654193e-03 3.055106729850028471e-02 -3.359229493013544925e+02
3.120000000000000000e+03 -2.969151757277064749e-02 3.542805309658452959e-03 2.990213512838660673e-02 -3.370139810104819276e+02
3.130000000000000000e+03 -2.912609021902596088e-02 2.902960700557408961e-03 2.927039993365004519e-02 -3.381045627003463778e+02
3.140000000000000000e+03 -2.856551332472219082e-02 2.274331380219417244e-03 2.865590924629563691e-02 -3.391946725241000991e+02
3.150000000000000000e+03 -2.800979927522024779e-02 1.656503700235506223e-03 2.805873945755622476e-02 -3.402842933837921464e+02
3.160000000000000000e+03 -2.745895561526435699e-02 1.049104678870382791e-03 2.747898950304187779e-02 -3.413734097501454130e+02
3.170000000000000000e+03 -2.691300023605157007e-02 4.517364944269977155e-04 2.691679118257057565e-02 -3.424620055295062571e+02
3.180000000000000000e+03 -2.637187032522797167e-02 -1.359835468498245671e-04 2.637222091473627808e-02 -3.435500656987815091e+02
3.190000000000000000e+03 -2.583531160609992341e-02 -7.143307205262817592e-04 2.584518512532980525e-02 -3.446375796874679054e+02
3.200000000000000000e+03 -2.530299709264638083e-02 -1.283397280620498333e-03 2.533552388347979842e-02 -3.457245443111972349e+02
3.210000000000000000e+03 -2.477474375266566081e-02 -1.843185599376266507e-03 2.484321358367299129e-02 -3.468109610832898966e+02
3.220000000000000000e+03 -2.425050826044219607e-02 -2.393745415927343856e-03 2.436836408144888930e-02 -3.478968316857545346e+02
3.230000000000000000e+03 -2.373019225200892826e-02 -2.935205944514538388e-03 2.391103214530937091e-02 -3.489821563317268556e+02
3.240000000000000000e+03 -2.321351407790405927e-02 -3.467715718239509221e-03 2.347109473687955875e-02 -3.500669350911085758e+02
3.250000000000000000e+03 -2.270009486176435484e-02 -3.991389249232051364e-03 2.304832954623795699e-02 -3.511511698008455369e+02
3.260000000000000000e+03 -2.218957756299979808e-02 -4.506268223568297461e-03 2.264252207081016502e-02 -3.522348663212683846e+02
3.270000000000000000e+03 -2.168162094345574969e-02 -5.012339313524665635e-03 2.225345438644535032e-02 -3.533180340063236713e+02
3.280000000000000000e+03 -2.117585799723246606e-02 -5.509595730876837294e-03 2.188087308670863887e-02 -3.544006826877230196e+02
3.290000000000000000e+03 -2.067190679468152228e-02 -5.998010293718889288e-03 2.152449437295932827e-02 -3.554828237365753125e+02
3.300000000000000000e+03 -2.016940374978766840e-02 -6.477491244560454504e-03 2.118402087530377870e-02 -3.565644723441359361e+02
3.310000000000000000e+03 -1.966802427636681408e-02 -6.947882901172906106e-03 2.085915280504376662e-02 -3.576456479052188797e+02
3.320000000000000000e+03 -1.916745916177420295e-02 -7.409051329730759021e-03 2.054958715704203673e-02 -3.587263698905109663e+02
3.330000000000000000e+03 -1.866734073583011314e-02 -7.860976604279434204e-03 2.025498860331970130e-02 -3.598066521051825930e+02
3.340000000000000000e+03 -1.816731392203261436e-02 -8.303676847561360791e-03 1.997504303701012549e-02 -3.608865068869715742e+02
3.350000000000000000e+03 -1.766716403343488243e-02 -8.737114239147039663e-03 1.970953703698290899e-02 -3.619659521930739743e+02
3.360000000000000000e+03 -1.716671585158363947e-02 -9.161226210074676149e-03 1.945826813468177693e-02 -3.630450087614775043e+02
3.370000000000000000e+03 -1.666560418189512796e-02 -9.575913258016627294e-03 1.922083446348412522e-02 -3.641236948684642698e+02
3.380000000000000000e+03 -1.616336695188340389e-02 -9.980934514468044888e-03 1.899667036623355412e-02 -3.652020316881834106e+02
3.390000000000000000e+03 -1.565973666803447198e-02 -1.037601673091199592e-02 1.878534204406055036e-02 -3.662800456444439874e+02
3.400000000000000000e+03 -1.515462195263378095e-02 -1.076105224396583029e-02 1.858662992380845022e-02 -3.673577604045827911e+02
3.410000000000000000e+03 -1.464796497989632497e-02 -1.113604470250769557e-02 1.840039047597954655e-02 -3.684351961979282351e+02
3.420000000000000000e+03 -1.413964970248001406e-02 -1.150095153166751441e-02 1.822639788445891765e-02 -3.695123738008547889e+02
3.430000000000000000e+03 -1.362949707723125348e-02 -1.185561164564475842e-02 1.806429400974759666e-02 -3.705893165755780956e+02
3.440000000000000000e+03 -1.311736773010262203e-02 -1.219980952461136893e-02 1.791370114196214752e-02 -3.716660505360532056e+02
3.450000000000000000e+03 -1.260325053228282186e-02 -1.253339872039217935e-02 1.777436377099938722e-02 -3.727426027518633873e+02
3.460000000000000000e+03 -1.208720818369990110e-02 -1.285630781650098746e-02 1.764611153622027556e-02 -3.738189999919636080e+02
3.470000000000000000e+03 -1.156931769926690563e-02 -1.316841635917131124e-02 1.752872788981165927e-02 -3.748952716054774896e+02
3.480000000000000000e+03 -1.104966347835068842e-02 -1.346953308883274379e-02 1.742192252927205615e-02 -3.759714495891101933e+02
3.490000000000000000e+03 -1.052831267436578691e-02 -1.375949435778514585e-02 1.732538752095122772e-02 -3.770475633219185738e+02
3.500000000000000000e+03 -1.000537256903277078e-02 -1.403818110282482531e-02 1.723885172860598405e-02 -3.781236414590810000e+02
3.510000000000000000e+03 -9.481082510424721638e-03 -1.430540932704579653e-02 1.716204130002635733e-02 -3.791997202509374461e+02
3.520000000000000000e+03 -8.955763218554410945e-03 -1.456086257767132998e-02 1.709457264258575776e-02 -3.802758431713353389e+02
3.530000000000000000e+03 -8.429692046412990553e-03 -1.480422576336134707e-02 1.703598569058832959e-02 -3.813520497219802792e+02
3.540000000000000000e+03 -7.903091896182951742e-03 -1.503531796135211193e-02 1.698586611622940334e-02 -3.824283705114410168e+02
3.550000000000000000e+03 -7.376208666174177871e-03 -1.525406061051327172e-02 1.694387262098472069e-02 -3.835048326500545954e+02
3.560000000000000000e+03 -6.849349075223679084e-03 -1.546035538543495506e-02 1.690964728781221491e-02 -3.845814654673308155e+02
3.570000000000000000e+03 -6.322865842304728132e-03 -1.565401382792851875e-02 1.688273619366129769e-02 -3.856583011452456731e+02
3.580000000000000000e+03 -5.797143094735062070e-03 -1.583480725147704340e-02 1.686262105226421851e-02 -3.867353720273642921e+02
3.590000000000000000e+03 -5.272590188685722171e-03 -1.600252665536897045e-02 1.684877047898805311e-02 -3.878127086474864313e+02
3.600000000000000000e+03 -4.749593887968779106e-03 -1.615700951896607840e-02 1.684065315528441437e-02 -3.888903365740901563e+02
3.610000000000000000e+03 -4.228499159560011184e-03 -1.629810128308966169e-02 1.683770502699962965e-02 -3.899682760432976352e+02
3.620000000000000000e+03 -3.709673243562798105e-03 -1.642559347378671347e-02 1.683929323160893513e-02 -3.910465463246165427e+02
3.630000000000000000e+03 -3.193547848154859418e-03 -1.653926966800679799e-02 1.684476740740293438e-02 -3.921251671486076589e+02
3.640000000000000000e+03 -2.680569552853142006e-03 -1.663898020736125083e-02 1.685351937930599370e-02 -3.932041550811855473e+02
3.650000000000000000e+03 -2.171154794205293771e-03 -1.672462269475811017e-02 1.686496123394354979e-02 -3.942835216032445373e+02
3.660000000000000000e+03 -1.665732077396168964e-03 -1.679607037855674126e-02 1.687846685914030920e-02 -3.953632763935243588e+02
3.670000000000000000e+03 -1.164763392310631980e-03 -1.685316811634253800e-02 1.689336998108345589e-02 -3.964434284170193337e+02
3.680000000000000000e+03 -6.686787333216858429e-04 -1.689577857330805746e-02 1.690900543635409647e-02 -3.975239817434318184e+02
3.690000000000000000e+03 -1.778487097661429490e-04 -1.692381869397618574e-02 1.692475315477727504e-02 -3.986049341069381171e+02
3.700000000000000000e+03 3.073772284842543113e-04 -1.693725520227461201e-02 1.694004411291685774e-02 -3.996862797090478807e+02
3.710000000000000000e+03 7.866391420650573106e-04 -1.693607771333561357e-02 1.695433659722409003e-02 -4.007680115311304121e+02
3.720000000000000000e+03 1.259562486578165224e-03 -1.692029697147200140e-02 1.696711369857582807e-02 -4.018501218398310471e+02
3.730000000000000000e+03 1.725769966449501851e-03 -1.688994052875903915e-02 1.697787893236715057e-02 -4.029326017005979566e+02
3.740000000000000000e+03 2.184915355051120830e-03 -1.684502431583189894e-02 1.698613255893483345e-02 -4.040154389790174605e+02
3.750000000000000000e+03 2.636708858153323336e-03 -1.678555109014396446e-02 1.699137896118197572e-02 -4.050986168485567305e+02
3.760000000000000000e+03 3.080881853974159340e-03 -1.671155327055925954e-02 1.699317056093085573e-02 -4.061821163163351684e+02
3.770000000000000000e+03 3.517126519375707132e-03 -1.662312677703062236e-02 1.699113070983000739e-02 -4.072659204267083624e+02
3.780000000000000000e+03 3.945077950941921520e-03 -1.652043876753704968e-02 1.698495031228967542e-02 -4.083500158466450785e+02
3.790000000000000000e+03 4.364338596674807377e-03 -1.640372845179272066e-02 1.697438536461863892e-02 -4.094343919252013393e+02
3.800000000000000000e+03 4.774556481634371387e-03 -1.627327611755126011e-02 1.695924247112414601e-02 -4.105190361946483222e+02
3.810000000000000000e+03 5.175465920909384093e-03 -1.612937394259295054e-02 1.693936690902262884e-02 -4.116039318855381453e+02
3.820000000000000000e+03 5.566826419658085605e-03 -1.597234075441804693e-02 1.691464529813873838e-02 -4.126890618235149191e+02
3.830000000000000000e+03 5.948360131473170651e-03 -1.580253851345379823e-02 1.688499960683713039e-02 -4.137744124335185347e+02
3.840000000000000000e+03 6.319744521031824859e-03 -1.562034744724566035e-02 1.685035385930473001e-02 -4.148599737654045612e+02
3.850000000000000000e+03 6.680657224609597850e-03 -1.542613365542637449e-02 1.681061511390367566e-02 -4.159457362489720254e+02
3.860000000000000000e+03 7.030823813223921644e-03 -1.522028351609568814e-02 1.676572437453660233e-02 -4.170316888015855739e+02
3.870000000000000000e+03 7.370027212313154386e-03 -1.500325651673153037e-02 1.671571138830422326e-02 -4.181178198932825012e+02
3.880000000000000000e+03 7.698088060353009549e-03 -1.477555191076790862e-02 1.666065707145869892e-02 -4.192041182308535099e+02
3.890000000000000000e+03 8.014836122853674291e-03 -1.453764735835216468e-02 1.660062615662444979e-02 -4.202905727757658951e+02
3.900000000000000000e+03 8.320086075825161229e-03 -1.428999334096690312e-02 1.653565063715420336e-02 -4.213771736565066135e+02
3.910000000000000000e+03 8.613634373478097628e-03 -1.403304351679002943e-02 1.646575256294367101e-02 -4.224639130180703432e+02
3.920000000000000000e+03 8.895287568926664445e-03 -1.376727169534478282e-02 1.639097040651781717e-02 -4.235507840500665111e+02
3.930000000000000000e+03 9.164879160865925523e-03 -1.349316764012150130e-02 1.631136361551959943e-02 -4.246377800901776709e+02
3.940000000000000000e+03 9.422266878086199560e-03 -1.321123344483337951e-02 1.622700841978472197e-02 -4.257248947527294263e+02
3.950000000000000000e+03 9.667319144272545905e-03 -1.292199047649570873e-02 1.613799545519406520e-02 -4.268121229541538924e+02
3.960000000000000000e+03 9.899909352350485733e-03 -1.262596502481857022e-02 1.604441329537164423e-02 -4.278994607518881139e+02
3.970000000000000000e+03 1.011992231971396879e-02 -1.232365774854647135e-02 1.594632772961707481e-02 -4.289869038163530490e+02
3.980000000000000000e+03 1.032725400927111958e-02 -1.201556450026738769e-02 1.584379896464519974e-02 -4.300744481183537573e+02
3.990000000000000000e+03 1.052182895983476418e-02 -1.170220100243415592e-02 1.573691179874210297e-02 -4.311620901125814953e+02
4.000000000000000000e+03 1.070361916067395780e-02 -1.138408290012351241e-02 1.562577379247604564e-02 -4.322498251659908988e+02
4.010000000000000000e+03 1.087262562354322955e-02 -1.106169324866988768e-02 1.551048179385146504e-02 -4.333376470527435345e+02
4.020000000000000000e+03 1.102884306847072386e-02 -1.073548784420713838e-02 1.539110388120598638e-02 -4.344255496497085005e+02
4.030000000000000000e+03 1.117226582474443661e-02 -1.040591649177996340e-02 1.526769863773354448e-02 -4.355135274609170324e+02
4.040000000000000000e+03 1.130291347974157062e-02 -1.007340903316640730e-02 1.514032439150503340e-02 -4.366015737326731028e+02
4.050000000000000000e+03 1.142083392815990833e-02 -9.738390302452274577e-03 1.500905371092744849e-02 -4.376896810046284827e+02
4.060000000000000000e+03 1.152610799122462566e-02 -9.401313975904112413e-03 1.487399979490729163e-02 -4.387778427213536929e+02
4.070000000000000000e+03 1.161884935178726826e-02 -9.062641196893856874e-03 1.473530202347970650e-02 -4.398660523993769402e+02
4.080000000000000000e+03 1.169917768702789795e-02 -8.722813212971499211e-03 1.459308839488891729e-02 -4.409543033960379717e+02
4.090000000000000000e+03 1.176719852731517024e-02 -8.382243905866634467e-03 1.444745562646539833e-02 -4.420425891779381118e+02
4.100000000000000000e+03 1.182300974036083405e-02 -8.041335571488304745e-03 1.429848373408699157e-02 -4.431309037209366011e+02
4.110000000000000000e+03 1.186672166504608265e-02 -7.700502285035438522e-03 1.414626517910328417e-02 -4.442192419961069163e+02
4.120000000000000000e+03 1.189846569280862167e-02 -7.360158647224408941e-03 1.399090494411480215e-02 -4.453075990943622742e+02
4.130000000000000000e+03 1.191838816495241135e-02 -7.020683817890492964e-03 1.383249716144077657e-02 -4.463959683036424053e+02
4.140000000000000000e+03 1.192665492819421774e-02 -6.682409733055693669e-03 1.367112642091561185e-02 -4.474843399946655040e+02
4.150000000000000000e+03 1.192344391224123105e-02 -6.345635791362951375e-03 1.350687263303348810e-02 -4.485727025674278252e+02
4.160000000000000000e+03 1.190892581248623530e-02 -6.010650143262959849e-03 1.333980618869734514e-02 -4.496610443290949775e+02
4.170000000000000000e+03 1.188326157675541339e-02 -5.677736565398496318e-03 1.316998854242685570e-02 -4.507493539110001848e+02
4.180000000000000000e+03 1.184661924616451853e-02 -5.347169781857116083e-03 1.299748484283022587e-02 -4.518376193034570178e+02
4.190000000000000000e+03 1.179920186142232111e-02 -5.019209674962659719e-03 1.282238785592725375e-02 -4.529258265306557405e+02
4.200000000000000000e+03 1.174125922416137217e-02 -4.694099709410081214e-03 1.264483057422432707e-02 -4.665803298591566204e+02
