0.000000000000000000e+00 7.057831805244367729e+01 3.625949353131839128e-14 7.057831805244367729e+01 5.137483370512675374e-16
1.000000000000000000e+01 7.044977504459490092e+01 2.059454956904609169e-02 7.044977805479233268e+01 -1.109707670479155528e+00
2.000000000000000000e+01 7.018547505539417841e+01 6.272094096630416449e-02 7.018550308053504239e+01 -2.219106354637901291e+00
3.000000000000000000e+01 6.978888458380619397e+01 1.341956575575143085e-01 6.978901360476682214e+01 -3.328077122267199872e+00
4.000000000000000000e+01 6.926497200585924929e+01 2.418964035746846708e-01 6.926539439606568749e+01 -4.436507680388003472e+00
5.000000000000000000e+01 6.861999984435357192e+01 3.915699356278495857e-01 6.862111705337920853e+01 -5.544293709028877082e+00
6.000000000000000000e+01 6.786127875320183023e+01 5.876855203124515814e-01 6.786382341343986013e+01 -6.651340115598287639e+00
7.000000000000000000e+01 6.699689765164431776e+01 8.333588062602526048e-01 6.700208042922902507e+01 -7.757561874362032484e+00
8.000000000000000000e+01 6.603545758013324019e+01 1.130337832173351931e+00 6.604513094416891761e+01 -8.862884536610218689e+00
9.000000000000000000e+01 6.498582512053614835e+01 1.479045257999774154e+00 6.500265411098318680e+01 -9.967244422838367868e+00
1.000000000000000000e+02 6.385689253585346847e+01 1.878677743812380507e+00 6.388452202529681756e+01 -1.107058835899112559e+01
1.100000000000000000e+02 6.265739219445643471e+01 2.327326061614103381e+00 6.270060002270311372e+01 -1.217287338868491808e+01
1.200000000000000000e+02 6.139574101289386476e+01 2.822127731085736446e+00 6.146056800463937009e+01 -1.327406615205572393e+01
1.300000000000000000e+02 6.007992408584140520e+01 3.359424553848494366e+00 6.017377345233940389e+01 -1.437414224091551063e+01
1.400000000000000000e+02 5.871741103205025070e+01 3.934929364214577951e+00 5.884911237570278075e+01 -1.547308535631916904e+01
1.500000000000000000e+02 5.731510908115876646e+01 4.543884145521174922e+00 5.749494423088908945e+01 -1.657088647688750527e+01
1.600000000000000000e+02 5.587934477553258006e+01 5.181208036658004445e+00 5.611903499938296136e+01 -1.766754300827545876e+01
1.700000000000000000e+02 5.441586437372444607e+01 5.841629686335900296e+00 5.472852028816286207e+01 -1.876305796576895446e+01
1.800000000000000000e+02 5.292985336758990655e+01 6.519805910352432399e+00 5.332989074265233143e+01 -1.985743914376825359e+01
1.900000000000000000e+02 5.142596726372545390e+01 7.210421566603187671e+00 5.192899275142835336e+01 -2.095069835504045130e+01
2.000000000000000000e+02 4.990837204774047819e+01 7.908276520816293953e+00 5.053104429937478415e+01 -2.204285064718020593e+01
2.100000000000000000e+02 4.838078861716523704e+01 8.608355011605596019e+00 4.914066018303641670e+01 -2.313391359527726721e+01
2.200000000000000000e+02 4.684654105966601634e+01 9.305883300538964065e+00 4.776188724556666898e+01 -2.422390659263263757e+01
2.300000000000000000e+02 4.530859790591284764e+01 9.996369628121525963e+00 4.639823757365920187e+01 -2.531285025480831052e+01
2.400000000000000000e+02 4.376961437991150916e+01 1.067563454672879963e+01 4.505272817423453091e+01 -2.640076583726888160e+01
2.500000000000000000e+02 4.223197609240065020e+01 1.133983338446733669e+01 4.372792729888509200e+01 -2.748767467353132687e+01
2.600000000000000000e+02 4.069783487998238769e+01 1.198546895323498518e+01 4.242599710021286796e+01 -2.857359766560577441e+01
2.700000000000000000e+02 3.916914510000245286e+01 1.260939512909432203e+01 4.114873963302732562e+01 -2.965855489369164033e+01
2.800000000000000000e+02 3.764769330452236318e+01 1.320881434693804302e+01 3.989763887253548091e+01 -3.074256527778100079e+01
2.900000000000000000e+02 3.613512451877129195e+01 1.378126908289059571e+01 3.867390077975252183e+01 -3.182564633498857987e+01
3.000000000000000000e+02 3.463296531939497669e+01 1.432463026374396797e+01 3.747849141851076382e+01 -3.290781399473680580e+01
3.100000000000000000e+02 3.314264346774994863e+01 1.483708317211005934e+01 3.631217224411808786e+01 -3.398908247737434607e+01
3.200000000000000000e+02 3.166550291828385255e+01 1.531710960054437010e+01 3.517553015354469181e+01 -3.506946427055127202e+01
3.300000000000000000e+02 3.020281661607129919e+01 1.576346853135156678e+01 3.406900455961318386e+01 -3.614897018409094898e+01
3.400000000000000000e+02 2.875579593282642676e+01 1.617517718349498423e+01 3.299291070287394234e+01 -3.722760943093165054e+01
3.500000000000000000e+02 2.732560102806429470e+01 1.655149207399441735e+01 3.194746251927449165e+01 -3.830538980659434145e+01
3.600000000000000000e+02 2.591334758992789489e+01 1.689188916366678228e+01 3.093279009132582402e+01 -3.938231794331414903e+01
3.700000000000000000e+02 2.452011043531256718e+01 1.719604504266620637e+01 2.994895291774537682e+01 -4.045839958117618096e+01
3.800000000000000000e+02 2.314692529598282178e+01 1.746382002128818911e+01 2.899595075857585513e+01 -4.153363983846958263e+01
3.900000000000000000e+02 2.179479034115890457e+01 1.769524226141078671e+01 2.807373300266802474e+01 -4.260804352550011487e+01
4.000000000000000000e+02 2.046466584111206188e+01 1.789049307661476718e+01 2.718220540193123824e+01 -4.368161546125280381e+01
4.100000000000000000e+02 1.915747192354025685e+01 1.804989333543322516e+01 2.632123439205976823e+01 -4.475436077293151982e+01
4.200000000000000000e+02 1.787408678434789522e+01 1.817389116254818404e+01 2.549065119534114743e+01 -4.582628521294900281e+01
4.300000000000000000e+02 1.661534719034122531e+01 1.826304955223862336e+01 2.469025599711561014e+01 -4.689739558849240808e+01
4.400000000000000000e+02 1.538204523749769059e+01 1.831803445964662558e+01 2.391981818813066596e+01 -4.796770012149559648e+01
4.500000000000000000e+02 1.417492374641803465e+01 1.833960177603247743e+01 2.317907367692288645e+01 -4.903720880072044963e+01
4.600000000000000000e+02 1.299467353873632547e+01 1.832858789475077188e+01 2.246772517621529275e+01 -5.010593368055276642e+01
4.700000000000000000e+02 1.184193062126967355e+01 1.828589997267179257e+01 2.178544143802283628e+01 -5.117388917138224969e+01
4.800000000000000000e+02 1.071727644005163427e+01 1.821250654411229419e+01 2.113185767772958812e+01 -5.224109241524173086e+01
4.900000000000000000e+02 9.621238216122677045e+00 1.810943039849790281e+01 2.050657685157177568e+01 -5.330756360610433120e+01
5.000000000000000000e+02 8.554285302830798798e+00 1.797774143161921856e+01 1.990916834085204101e+01 -5.437332612161583256e+01
5.100000000000000000e+02 7.516829553366497940e+00 1.781854987884346286e+01 1.933916870807006561e+01 -5.543840675903298632e+01
5.200000000000000000e+02 6.509224942066855313e+00 1.763299755173969885e+01 1.879607969780090926e+01 -5.650283593292226669e+01
5.300000000000000000e+02 5.531768680667317639e+00 1.742225057566559343e+01 1.827936760004820016e+01 -5.756664783862522938e+01
5.400000000000000000e+02 4.584701981207386368e+00 1.718749438799846274e+01 1.778846411565556096e+01 -5.862988048854470691e+01
5.500000000000000000e+02 3.668207349341965795e+00 1.692992624029704629e+01 1.732276385741215563e+01 -5.969257551224768577e+01
5.600000000000000000e+02 2.782408900864208778e+00 1.665075199411106155e+01 1.688162732857830406e+01 -6.075477792973017444e+01
5.700000000000000000e+02 1.927375996137869807e+00 1.635118331701405126e+01 1.646438502031239182e+01 -6.181653605062462731e+01
5.800000000000000000e+02 1.103125107128948734e+00 1.603243151852549531e+01 1.607033743884016630e+01 -6.287790125114173634e+01
5.900000000000000000e+02 3.096198847593916170e-01 1.569570393119751905e+01 1.569875747850280234e+01 -6.393892752468495644e+01
6.000000000000000000e+02 -4.532266273221872699e-01 1.534220071968833921e+01 1.534889368322418335e+01 -6.499967108763688373e+01
6.100000000000000000e+02 -1.185549774364376363e+00 1.497311092959095191e+01 1.501997267565195848e+01 -6.606018992946755475e+01
6.200000000000000000e+02 -1.887530484639396988e+00 1.458960998071191106e+01 1.471120289846250628e+01 -6.712054335190053678e+01
6.300000000000000000e+02 -2.559393036177231018e+00 1.419285713778267777e+01 1.442177819990105192e+01 -6.818079144361496446e+01
6.400000000000000000e+02 -3.201401633299988614e+00 1.378399300854667686e+01 1.415088109190941879e+01 -6.924099461587778137e+01
6.500000000000000000e+02 -3.813855482688138565e+00 1.336414097775691623e+01 1.389768893435854480e+01 -7.030121331047449473e+01
6.600000000000000000e+02 -4.397085266383327529e+00 1.293440514483269688e+01 1.366137603942296508e+01 -7.136150761325251324e+01
6.700000000000000000e+02 -4.951449389756499286e+00 1.249586824897697213e+01 1.344111507112080517e+01 -7.242193688537284402e+01
6.800000000000000000e+02 -5.477330512160428100e+00 1.204959122493544754e+01 1.323607941300916124e+01 -7.348255942604231450e+01
6.900000000000000000e+02 -5.975132771362273054e+00 1.159661114740289456e+01 1.304544371569922845e+01 -7.454343206659429200e+01
7.000000000000000000e+02 -6.445277271099784322e+00 1.113794105071565355e+01 1.286838490062262608e+01 -7.560460995317048116e+01
7.100000000000000000e+02 -6.888198405797862023e+00 1.067457113495800591e+01 1.270408383918001505e+01 -7.666614636304895214e+01
7.200000000000000000e+02 -7.304339702504539567e+00 1.020746927440662155e+01 1.255172527892239032e+01 -7.772809257667945815e+01
7.300000000000000000e+02 -7.694150172097442564e+00 9.737580637490687252e+00 1.241049650668419702e+01 -7.879049770060865399e+01
7.400000000000000000e+02 -8.058082048159221245e+00 9.265824930523837821e+00 1.227958459956944104e+01 -7.985340828081004361e+01
7.500000000000000000e+02 -8.396587731866196336e+00 8.793095651756519970e+00 1.215817489098858672e+01 -8.091686804157687618e+01
7.600000000000000000e+02 -8.710118520937218278e+00 8.320258095880832983e+00 1.204544973966701171e+01 -8.198091744610994169e+01
7.700000000000000000e+02 -8.999124473460554441e+00 7.848146255718292608e+00 1.194058796458456406e+01 -8.304559312442768260e+01
7.800000000000000000e+02 -9.264053368088031704e+00 7.377561864979837125e+00 1.184276588801737518e+01 -8.411092749569631621e+01
7.900000000000000000e+02 -9.505351857322807518e+00 6.909274617215829473e+00 1.175116120507301609e+01 -8.517694840361059505e+01
8.000000000000000000e+02 -9.723465528113351297e+00 6.444021265460937009e+00 1.166495571985258017e+01 -8.624367882211139147e+01
8.100000000000000000e+02 -9.918838036058094332e+00 5.982502597164153002e+00 1.158333653618976200e+01 -8.731113651026545597e+01
8.200000000000000000e+02 -1.009191326024616764e+01 5.525381519554676935e+00 1.150550104032713428e+01 -8.837933364423059857e+01
8.300000000000000000e+02 -1.024313805818277245e+01 5.073282882873498600e+00 1.143066386911318233e+01 -8.944827664949829682e+01
8.400000000000000000e+02 -1.037296535025006783e+01 4.626793946085204112e+00 1.135806464046666697e+01 -9.051796619117504861e+01
8.500000000000000000e+02 -1.048185802842005465e+01 4.186464711334467736e+00 1.128697632261194883e+01 -9.158839724851389974e+01
8.600000000000000000e+02 -1.057029216608288635e+01 3.752809007855480772e+00 1.121671306247041677e+01 -9.265955939569892053e+01
8.700000000000000000e+02 -1.063875878679880671e+01 3.326306092760703770e+00 1.114663629739599138e+01 -9.373143726861229652e+01
8.800000000000000000e+02 -1.068776410344031547e+01 2.907402954609752843e+00 1.107615878683855293e+01 -9.480401119424071510e+01
8.900000000000000000e+02 -1.071783097100001925e+01 2.496516408937807796e+00 1.100474874329364106e+01 -9.587725780328511860e+01
9.000000000000000000e+02 -1.072949997126157484e+01 2.094032278181601647e+00 1.093193216295127534e+01 -9.695115042005747341e+01
9.100000000000000000e+02 -1.072332866798041096e+01 1.700307096820060870e+00 1.085729349078430239e+01 -9.802565970273811047e+01
9.200000000000000000e+02 -1.069989158148897168e+01 1.315670120263780829e+00 1.078047622885804913e+01 -9.910075427812734006e+01
9.300000000000000000e+02 -1.065977970879147918e+01 9.404241368538228674e-01 1.070118222427502630e+01 -1.001764012540312905e+02
9.400000000000000000e+02 -1.060359967909189471e+01 5.748482580014210308e-01 1.061917024414643329e+01 -1.012525668871731455e+02
9.500000000000000000e+02 -1.053197370861706617e+01 2.191974265283878898e-01 1.053425449240703493e+01 -1.023292169108288903e+02
9.600000000000000000e+02 -1.044553810713683184e+01 -1.262973117695779801e-01 1.044630161150863579e+01 -1.034063169058393470e+02
9.700000000000000000e+02 -1.034494058700338037e+01 -4.614259317081508827e-01 1.035522619931996502e+01 -1.044838328718211642e+02
9.800000000000000000e+02 -1.023083910030246457e+01 -7.859983813368395245e-01 1.026098738678407507e+01 -1.055617315792171667e+02
9.900000000000000000e+02 -1.010389925790763321e+01 -1.099844125777586168e+00 1.016358388143443570e+01 -1.066399808192648777e+02
1.000000000000000000e+03 -9.964790523717296011e+00 -1.402812167226847873e+00 1.006304785629511578e+01 -1.077185495358156828e+02
1.010000000000000000e+03 -9.814182679742382120e+00 -1.694771776687056919e+00 9.959439394183307925e+00 -1.087974078154302902e+02
1.020000000000000000e+03 -9.652743234564505670e+00 -1.975612361261695815e+00 9.852842034377738756e+00 -1.098765269125060087e+02
1.030000000000000000e+03 -9.481136793029442345e+00 -2.245243958815214214e+00 9.743360576450655230e+00 -1.109558792113832482e+02
1.040000000000000000e+03 -9.300024464625522569e+00 -2.503598091723971741e+00 9.631119272832060929e+00 -1.120354381458063102e+02
1.050000000000000000e+03 -9.110062379702750235e+00 -2.750627111283251214e+00 9.516259037426513245e+00 -1.131151782383995652e+02
1.060000000000000000e+03 -8.911900142223590393e+00 -2.986304089849723287e+00 9.398934847205721255e+00 -1.141950750653136168e+02
1.070000000000000000e+03 -8.706179899272930456e+00 -3.210622497492682470e+00 9.279313835618998141e+00 -1.152751052464001731e+02
1.080000000000000000e+03 -8.493535996770576801e+00 -3.423596495438891996e+00 9.157574279907262138e+00 -1.163552463913123916e+02
1.090000000000000000e+03 -8.274593888082856452e+00 -3.625260274353053536e+00 9.033903700477470267e+00 -1.174354771165311035e+02
1.100000000000000000e+03 -8.049967922916154706e+00 -3.815665882534022835e+00 8.908495366060039444e+00 -1.185157771548142449e+02
1.110000000000000000e+03 -7.820259256287081406e+00 -3.994882071807737578e+00 8.781545285608601148e+00 -1.195961273351230432e+02
1.120000000000000000e+03 -7.586055671914713194e+00 -4.162995527697431974e+00 8.653252129749729349e+00 -1.206765093936452189e+02
1.130000000000000000e+03 -7.347930574758031241e+00 -4.320112310813639667e+00 8.523816874470465876e+00 -1.217569057236292593e+02
1.140000000000000000e+03 -7.106443064860559211e+00 -4.466357376654885414e+00 8.393442753132010381e+00 -1.228372993809668259e+02
1.150000000000000000e+03 -6.862139659813329295e+00 -4.601872664004321933e+00 8.262335791196894874e+00 -1.239176743628143527e+02
1.160000000000000000e+03 -6.615554476365585579e+00 -4.726815606814088966e+00 8.130703955413823181e+00 -1.249980157894327562e+02
1.170000000000000000e+03 -6.367207942800777509e+00 -4.841358734625630156e+00 7.998755614731655861e+00 -1.260783098859850355e+02
1.180000000000000000e+03 -6.117605634909261347e+00 -4.945688856240085585e+00 7.866697971004792400e+00 -1.271585440005554943e+02
1.190000000000000000e+03 -5.867237893873941346e+00 -5.040004614252065807e+00 7.734735096626931927e+00 -1.282387068327643078e+02
1.200000000000000000e+03 -5.616579878328670006e+00 -5.124515712844044835e+00 7.603067198232040802e+00 -1.293187885325807827e+02
1.210000000000000000e+03 -5.366091057404452691e+00 -5.199443106646937984e+00 7.471890112656528693e+00 -1.303987806651379060e+02
1.220000000000000000e+03 -5.116213818550642500e+00 -5.265018602084841959e+00 7.341393921962501956e+00 -1.314786761455260660e+02
1.230000000000000000e+03 -4.867373855542775019e+00 -5.321482538203975210e+00 7.211761549998111143e+00 -1.325584695074018384e+02
1.240000000000000000e+03 -4.619979958809451226e+00 -5.369082315998254806e+00 7.083167351952526225e+00 -1.336381570318213221e+02
1.250000000000000000e+03 -4.374422965297146249e+00 -5.408071930818799444e+00 6.955775894048719543e+00 -1.347177366784374613e+02
1.260000000000000000e+03 -4.131076783205915426e+00 -5.438711820545163889e+00 6.829742429673363979e+00 -1.357972081990199342e+02
1.270000000000000000e+03 -3.890298152495154316e+00 -5.461266801456477360e+00 6.705211017708381682e+00 -1.368765732927425915e+02
1.280000000000000000e+03 -3.652425219503055764e+00 -5.476004510082712606e+00 6.582312312440678603e+00 -1.379558355364669069e+02
1.290000000000000000e+03 -3.417777667592192259e+00 -5.483195179151547194e+00 6.461163483287100107e+00 -1.390350003409501767e+02
1.300000000000000000e+03 -3.186657119591513432e+00 -5.483112396902631858e+00 6.341869216162582035e+00 -1.401140748566811851e+02
1.310000000000000000e+03 -2.959345758007072114e+00 -5.476032073371902342e+00 6.224520430043765984e+00 -1.411930677793829148e+02
1.320000000000000000e+03 -2.736106342942292269e+00 -5.462230239007445753e+00 6.109192835703942670e+00 -1.422719893775836510e+02
1.330000000000000000e+03 -2.517181112721121217e+00 -5.441981763136167771e+00 5.995945819013591915e+00 -1.433508512334815919e+02
1.340000000000000000e+03 -2.302792178092277986e+00 -5.415560186909531559e+00 5.884823187957525903e+00 -1.444296660669808432e+02
1.350000000000000000e+03 -2.093143163349077795e+00 -5.383237278011862692e+00 5.775854213330834597e+00 -1.455084477679448014e+02
1.360000000000000000e+03 -1.888419552012760461e+00 -5.345282997806192427e+00 5.669054482985679932e+00 -1.465872112103454867e+02
1.370000000000000000e+03 -1.688788883154407783e+00 -5.301964476888949562e+00 5.564425864908097097e+00 -1.476659720882650220e+02
1.380000000000000000e+03 -1.494401660330409776e+00 -5.253544855790133639e+00 5.461956597612000586e+00 -1.487447468491828033e+02
1.390000000000000000e+03 -1.305388884739464572e+00 -5.200283216970743361e+00 5.361621552954751735e+00 -1.498235519469852477e+02
1.400000000000000000e+03 -1.121862925874010930e+00 -5.142435325148308145e+00 5.263384604775123599e+00 -1.509024035949639710e+02
1.410000000000000000e+03 -9.439196767477945338e-01 -5.080254149337293690e+00 5.167201039054940104e+00 -1.519813178099906850e+02
1.420000000000000000e+03 -7.716390026864935470e-01 -5.013986577995844129e+00 5.073015686432428062e+00 -1.530603103123981157e+02
1.430000000000000000e+03 -6.050864765350072449e-01 -4.943871750993011460e+00 4.980762746242010763e+00 -1.541393965461814446e+02
1.440000000000000000e+03 -4.443131252978442802e-01 -4.870142922073433134e+00 4.890368721756458648e+00 -1.552185912099181166e+02
1.450000000000000000e+03 -2.893547734370574553e-01 -4.793028426051818336e+00 4.801754645736449945e+00 -1.562979077660356779e+02
1.460000000000000000e+03 -1.402326061349018493e-01 -4.712752489530429578e+00 4.714838407771643425e+00 -1.573773582300244982e+02
1.470000000000000000e+03 3.046926902278331625e-03 -4.629535037524622254e+00 4.629536040191463364e+00 -1.584569528700522199e+02
1.480000000000000000e+03 1.404896933661169967e-01 -4.543590688777975117e+00 4.545762169437818301e+00 -1.595367004566034552e+02
1.490000000000000000e+03 2.721121013888879725e-01 -4.455125791190770457e+00 4.463428145613578479e+00 -1.606166083697857800e+02
1.500000000000000000e+03 3.979401983752812177e-01 -4.364338471583644186e+00 4.382443005451185591e+00 -1.616966824921497334e+02
1.510000000000000000e+03 5.180091894242643269e-01 -4.271420710136337284e+00 4.302716398196562153e+00 -1.627769270806337261e+02
1.520000000000000000e+03 6.323660919456637330e-01 -4.176559620142579199e+00 4.224161116109109493e+00 -1.638573439766292665e+02
1.530000000000000000e+03 7.410693295061538954e-01 -4.079937984510862314e+00 4.146694793276840763e+00 -1.649379325217530265e+02
1.540000000000000000e+03 8.441847125665074003e-01 -3.981734327536518236e+00 4.070240298067631990e+00 -1.660186903645767131e+02
1.550000000000000000e+03 9.417828216318572254e-01 -3.882122249769368594e+00 3.994725027492536551e+00 -1.670996139713734294e+02
1.560000000000000000e+03 1.033938003925118698e+00 -3.781269365978794372e+00 3.920079822407999348e+00 -1.681806987304393033e+02
1.570000000000000000e+03 1.120730385441794263e+00 -3.679336854055282213e+00 3.846239238849025632e+00 -1.692619383135544240e+02
1.580000000000000000e+03 1.202247423986829489e+00 -3.576480710476623859e+00 3.773143668202198597e+00 -1.703433242362581268e+02
1.590000000000000000e+03 1.278581709479145845e+00 -3.472853369473152263e+00 3.700740697978668337e+00 -1.714248464443880380e+02
1.600000000000000000e+03 1.349829882759314259e+00 -3.368603185915620912e+00 3.628984449753249297e+00 -1.725064935163365476e+02
1.610000000000000000e+03 1.416092327182667754e+00 -3.263873594305675141e+00 3.557834779569094774e+00 -1.735882526176827696e+02
1.620000000000000000e+03 1.477472587087903966e+00 -3.158801788981027148e+00 3.487255939512607927e+00 -1.746701094232121534e+02
1.630000000000000000e+03 1.534078019136448479e+00 -3.053519204624463690e+00 3.417217420915448223e+00 -1.757520478769508827e+02
1.640000000000000000e+03 1.586018697525293231e+00 -2.948153807689900763e+00 3.347695652638735364e+00 -1.768340506803835410e+02
1.650000000000000000e+03 1.633405336979881994e+00 -2.842830565993230252e+00 3.278673302087256047e+00 -1.779160999090071869e+02
1.660000000000000000e+03 1.676349234489087792e+00 -2.737671393654913299e+00 3.210138846780398403e+00 -1.789981770526494813e+02
1.670000000000000000e+03 1.714962169067191233e+00 -2.632794275969733366e+00 3.142085444559176377e+00 -1.800802629186012780e+02
1.680000000000000000e+03 1.749356598458701839e+00 -2.528312726267099908e+00 3.074510326926090276e+00 -1.811623374553605288e+02
1.690000000000000000e+03 1.779646645909311875e+00 -2.424335834210561647e+00 3.007415239260066819e+00 -1.822443794360474101e+02
1.700000000000000000e+03 1.805948556293050622e+00 -2.320967842780014667e+00 2.940806337587680730e+00 -1.833263661795327550e+02
1.710000000000000000e+03 1.828380025931588104e+00 -2.218308679659287463e+00 2.874694230257772265e+00 -1.844082737500957307e+02
1.720000000000000000e+03 1.847058237255264190e+00 -2.116454794480526314e+00 2.809093275221051123e+00 -1.854900776136094578e+02
1.730000000000000000e+03 1.862098770446907858e+00 -2.015498812350663638e+00 2.744020279350504410e+00 -1.865717528259930873e+02
1.740000000000000000e+03 1.873616759570582602e+00 -1.915529402410556026e+00 2.679494850385630400e+00 -1.876532736418996876e+02
1.750000000000000000e+03 1.881727923335888120e+00 -1.816632978286504274e+00 2.615541120927003860e+00 -1.887346136478181222e+02
1.760000000000000000e+03 1.886548435694946013e+00 -1.718892306376814227e+00 2.552186466766182882e+00 -1.898157454600883511e+02
1.770000000000000000e+03 1.888194973156906542e+00 -1.622384536627028195e+00 2.489460150583155507e+00 -1.908966400890998329e+02
1.780000000000000000e+03 1.886782760477553111e+00 -1.527181909799198323e+00 2.427392380900381230e+00 -1.919772675046729375e+02
1.790000000000000000e+03 1.882423616215563866e+00 -1.433351368794109959e+00 2.366012429660932614e+00 -1.930575968612149893e+02
1.800000000000000000e+03 1.875228910991899589e+00 -1.340955517978524192e+00 2.305351420026221732e+00 -1.941375958649448137e+02
1.810000000000000000e+03 1.865313702184917322e+00 -1.250054971326741926e+00 2.245447091092886094e+00 -1.952172305064089528e+02
1.820000000000000000e+03 1.852795824004742187e+00 -1.160707114350091551e+00 2.186342464197301272e+00 -1.962964650064002399e+02
1.830000000000000000e+03 1.837791999989398128e+00 -1.072965055680129121e+00 2.128082105073884289e+00 -1.973752624523985162e+02
1.840000000000000000e+03 1.820416970671912882e+00 -9.868783356046748612e-01 2.070711664234341498e+00 -1.984535852812352061e+02
1.850000000000000000e+03 1.800783797954817356e+00 -9.024921579230432700e-01 2.014277632822538244e+00 -1.995313949086033176e+02
1.860000000000000000e+03 1.779005076328280976e+00 -8.198488775640563331e-01 1.958829049111952436e+00 -2.006086521568643093e+02
1.870000000000000000e+03 1.755192418184970515e+00 -7.389898443140965334e-01 1.904417605162632698e+00 -2.016853184860978274e+02
1.880000000000000000e+03 1.729455063647494351e+00 -6.599545858546140842e-01 1.851095587096056594e+00 -2.027613563129843328e+02
1.890000000000000000e+03 1.701901100228700559e+00 -5.827811986271818068e-01 1.798916696357281797e+00 -2.038367293661159465e+02
1.900000000000000000e+03 1.672638784691852010e+00 -5.075035888542883677e-01 1.747936039091653404e+00 -2.049114015034786291e+02
1.910000000000000000e+03 1.641776786124498511e+00 -4.341504303015747968e-01 1.698210119975831933e+00 -2.059853365139431105e+02
1.920000000000000000e+03 1.609424807228424958e+00 -3.627465345240898364e-01 1.649797944728835564e+00 -2.070584992930834574e+02
1.930000000000000000e+03 1.575692033187776619e+00 -2.933151768945999049e-01 1.602759862377436617e+00 -2.081308582379873258e+02
1.940000000000000000e+03 1.540685106378180125e+00 -2.258786689704763151e-01 1.557155024431227996e+00 -2.092023868533003395e+02
1.950000000000000000e+03 1.504508098763636559e+00 -1.604568611502772690e-01 1.513040324490914523e+00 -2.102730637812982479e+02
1.960000000000000000e+03 1.467261995362395322e+00 -9.706520849383033778e-02 1.470469114852395842e+00 -2.113428724128499141e+02
1.970000000000000000e+03 1.429045694597905314e+00 -3.571581115781521931e-02 1.429491943459448189e+00 -2.124118022615087114e+02
1.980000000000000000e+03 1.389956685933883218e+00 2.358023218307097463e-02 1.390156687615504483e+00 -2.134798515955762923e+02
1.990000000000000000e+03 1.350088726169500264e+00 8.081281761330454116e-02 1.352505186688977235e+00 -2.145470286150690242e+02
2.000000000000000000e+03 1.309531915261709312e+00 1.359735321533580288e-01 1.316572306611095700e+00 -2.156133517651552722e+02
2.010000000000000000e+03 1.268375669744750356e+00 1.890567071285002843e-01 1.282388115240747029e+00 -2.166788498715886817e+02
2.020000000000000000e+03 1.226707739042373735e+00 2.400601465370026943e-01 1.249976300168055054e+00 -2.177435622953994425e+02
2.030000000000000000e+03 1.184612190031532508e+00 2.889843820190617363e-01 1.219351472637091094e+00 -2.188075396064905931e+02
2.040000000000000000e+03 1.142168431666564565e+00 3.358334111432987878e-01 1.190517873169405272e+00 -2.198708426105305307e+02
2.050000000000000000e+03 1.099451986567465012e+00 3.806144017347570241e-01 1.163469807762561592e+00 -2.209335420715053715e+02
2.060000000000000000e+03 1.056536010627323829e+00 4.233362778911549107e-01 1.138192402861237573e+00 -2.219957194496378179e+02
2.070000000000000000e+03 1.013490985657608423e+00 4.640089721519752297e-01 1.114660622901321840e+00 -2.230574664941439664e+02
2.080000000000000000e+03 9.703831314753927906e-01 5.026437558620420187e-01 1.092837667340895269e+00 -2.241188829456586120e+02
2.090000000000000000e+03 9.272747993912827669e-01 5.392538436290953419e-01 1.072675748516249694e+00 -2.251800741164266810e+02
2.100000000000000000e+03 8.842252121364760908e-01 5.738567876322701045e-01 1.054118512544687469e+00 -2.262411470584345921e+02
2.110000000000000000e+03 8.412896949531548652e-01 6.064739106615034681e-01 1.037101227049428198e+00 -2.273022084169635662e+02
2.120000000000000000e+03 7.985201084329356380e-01 6.371287590235408249e-01 1.021551476503570255e+00 -2.283633635357772107e+02
2.130000000000000000e+03 7.559659125234148291e-01 6.658463535753140761e-01 1.007390603225432724e+00 -2.294247154379324911e+02
2.140000000000000000e+03 7.136736844551038184e-01 6.926527087463879573e-01 9.945340129012338881e-01 -2.304863628537448221e+02
2.150000000000000000e+03 6.716873545054895533e-01 7.175760479396755542e-01 9.828933242113849778e-01 -2.315483975818199269e+02
2.160000000000000000e+03 6.300483670114933599e-01 7.406471318622454003e-01 9.723780739556089348e-01 -2.326109028937480616e+02
2.170000000000000000e+03 5.887938092286717495e-01 7.618994386431400256e-01 9.628961025940137031e-01 -2.336739507997430678e+02
2.180000000000000000e+03 5.479574417790137320e-01 7.813680041592530046e-01 9.543549213604001213e-01 -2.347376026065108476e+02
2.190000000000000000e+03 5.075713687595353463e-01 7.990890154622207753e-01 9.466635880907269263e-01 -2.358019100183493038e+02
2.200000000000000000e+03 4.676647824048493773e-01 8.151001863729617769e-01 9.397332932949710171e-01 -2.368669136998267959e+02
2.210000000000000000e+03 4.282657940126856078e-01 8.294409052033299146e-01 9.334794082066488752e-01 -2.379326450099338217e+02
2.220000000000000000e+03 3.894022038902891780e-01 8.421528004216121133e-01 9.278229441292007440e-01 -2.389991271026315189e+02
2.230000000000000000e+03 3.510982024995646933e-01 8.532772315262299179e-01 9.226873693941479715e-01 -2.400663736218733675e+02
2.240000000000000000e+03 3.133746716966162027e-01 8.628568638151402626e-01 9.180008999417492710e-01 -2.411343886160730108e+02
2.250000000000000000e+03 2.762520435601283353e-01 8.709374063034300839e-01 9.136997084763096577e-01 -2.422031696332755359e+02
2.260000000000000000e+03 2.397490137847324010e-01 8.775670459817828117e-01 9.097271622876522690e-01 -2.432727079201326319e+02
2.270000000000000000e+03 2.038814922136457097e-01 8.827937810928266904e-01 9.060311930631486099e-01 -2.443429891252086747e+02
2.280000000000000000e+03 1.686645127236699460e-01 8.866648682812342530e-01 9.025642949377575830e-01 -2.454139960362215902e+02
2.290000000000000000e+03 1.341135294840754277e-01 8.892282056351815678e-01 8.992848494708675089e-01 -2.464857103175982047e+02
2.300000000000000000e+03 1.002424747161457103e-01 8.905317234971293905e-01 8.961558482161374739e-01 -2.475581112619701685e+02
2.310000000000000000e+03 6.706450903069285929e-02 8.906233449081492060e-01 8.931447759836632638e-01 -2.486311771666788673e+02
2.320000000000000000e+03 3.459231877964002999e-02 8.895525689681854642e-01 8.902249162298540019e-01 -2.497048861054700239e+02
2.330000000000000000e+03 2.836597619562071949e-03 8.873703552311511533e-01 8.873748890007620016e-01 -2.507792149884290041e+02
2.340000000000000000e+03 -2.819472466050026299e-02 8.841278368767793161e-01 8.845772857354490259e-01 -2.518541392964621934e+02
2.350000000000000000e+03 -5.849458926657315899e-02 8.798750978417947399e-01 8.818173307298813324e-01 -2.529296354876859141e+02
2.360000000000000000e+03 -8.805597900185097027e-02 8.746591897760466194e-01 8.790805160493916359e-01 -2.540056818205466982e+02
2.370000000000000000e+03 -1.168719310639546871e-01 8.685250023164811095e-01 8.763530840474410555e-01 -2.550822581612699480e+02
2.380000000000000000e+03 -1.449356066687410294e-01 8.615178192772863230e-01 8.736242230002135845e-01 -2.561593462129447403e+02
2.390000000000000000e+03 -1.722405967776515778e-01 8.536829943519598229e-01 8.708854563167591767e-01 -2.572369293664950192e+02
2.400000000000000000e+03 -1.987809205815814217e-01 8.450663994192734174e-01 8.681307930345034674e-01 -2.583149929934212423e+02
2.410000000000000000e+03 -2.245512935483613137e-01 8.357136795356318038e-01 8.653557867127410486e-01 -2.593935241457585335e+02
2.420000000000000000e+03 -2.495471249827590776e-01 8.256678917792615868e-01 8.625550620698780868e-01 -2.604725108339835629e+02
2.430000000000000000e+03 -2.737646890154618595e-01 8.149692537267445580e-01 8.597220419831397287e-01 -2.615519413813490814e+02
2.440000000000000000e+03 -2.972012579384533670e-01 8.036560278046565031e-01 8.568498110794900979e-01 -2.626318042404115545e+02
2.450000000000000000e+03 -3.198542663735738367e-01 7.917663380336196211e-01 8.539324831393552140e-01 -2.637120894692470188e+02
2.460000000000000000e+03 -3.417220059473717320e-01 7.793379506188883310e-01 8.509650819061522764e-01 -2.647927879217454574e+02
2.470000000000000000e+03 -3.628030925251018446e-01 7.664058902202459667e-01 8.479410784424028513e-01 -2.658738906381835818e+02
2.480000000000000000e+03 -3.830962920856151865e-01 7.530030927864391765e-01 8.448529024366843165e-01 -2.669553889880458541e+02
2.490000000000000000e+03 -4.026019061077835137e-01 7.391621659036063940e-01 8.416941263338666435e-01 -2.680372739380495659e+02
2.500000000000000000e+03 -4.213216664891011320e-01 7.249154567555184947e-01 8.384595196526875016e-01 -2.691195362773278816e+02
2.510000000000000000e+03 -4.392578136357911389e-01 7.102934139246335210e-01 8.351431977240826310e-01 -2.702021666082173397e+02
2.520000000000000000e+03 -4.564132482012058234e-01 6.953233597926187226e-01 8.317377157535127408e-01 -2.712851541631094960e+02
2.530000000000000000e+03 -4.727910685758908715e-01 6.800296541779987658e-01 8.282341004127886652e-01 -2.723684869925217527e+02
2.540000000000000000e+03 -4.883936941608115756e-01 6.644355931313663532e-01 8.246229792552927096e-01 -2.734521538108323284e+02
2.550000000000000000e+03 -5.032230479434851578e-01 6.485654873480438676e-01 8.208962342224118691e-01 -2.745361452167913399e+02
2.560000000000000000e+03 -5.172817775086731018e-01 6.324438851547458107e-01 8.170469418657423377e-01 -2.756204520781155907e+02
2.570000000000000000e+03 -5.305741529986842675e-01 6.160924830131955243e-01 8.130675737327346386e-01 -2.767050623278520902e+02
2.580000000000000000e+03 -5.431062248909781509e-01 5.995306222542067243e-01 8.089507639750679324e-01 -2.777899609896182369e+02
2.590000000000000000e+03 -5.548852442322137479e-01 5.827778743182935317e-01 8.046910494479184717e-01 -2.788751327695123337e+02
2.600000000000000000e+03 -5.659183992876942737e-01 5.658538137567913351e-01 8.002838079053278264e-01 -2.799605631367891192e+02
2.610000000000000000e+03 -5.762127313992546629e-01 5.487760438998657841e-01 7.957237323248421701e-01 -2.810462366262657952e+02
2.620000000000000000e+03 -5.857757255399450580e-01 5.315607593963135313e-01 7.910057152523201074e-01 -2.821321366169467524e+02
2.630000000000000000e+03 -5.946152097104672185e-01 5.142236987125771153e-01 7.861254734052740556e-01 -2.832182462104174192e+02
2.640000000000000000e+03 -6.027398230755779407e-01 4.967806930368823815e-01 7.810802463866207690e-01 -2.843045483839903227e+02
2.650000000000000000e+03 -6.101592185885149622e-01 4.792491767513226142e-01 7.758698637306179480e-01 -2.853910274620122891e+02
2.660000000000000000e+03 -6.168828836665020132e-01 4.616478958821281231e-01 7.704954717148539967e-01 -2.864776700417124857e+02
2.670000000000000000e+03 -6.229199431964810296e-01 4.439948809046566081e-01 7.649579791736584866e-01 -2.875644631468053944e+02
2.680000000000000000e+03 -6.282804433257541676e-01 4.263065925006289669e-01 7.592586030300239042e-01 -2.886513922282276212e+02
2.690000000000000000e+03 -6.329755609168220554e-01 4.085986029931174546e-01 7.533995481057130794e-01 -2.897384416692007107e+02
2.700000000000000000e+03 -6.370165810977961307e-01 3.908864844509999936e-01 7.473836821338736280e-01 -2.908255965212971432e+02
2.710000000000000000e+03 -6.404145592714669544e-01 3.731858266981693539e-01 7.412141856273821716e-01 -2.919128427759735018e+02
2.720000000000000000e+03 -6.431808564982897103e-01 3.555120830777753760e-01 7.348948600855584878e-01 -2.930001668158370762e+02
2.730000000000000000e+03 -6.453272571990639195e-01 3.378811234670370256e-01 7.284304513674685344e-01 -2.940875560352556590e+02
2.740000000000000000e+03 -6.468654643776460267e-01 3.203094449920776410e-01 7.218262045365494428e-01 -2.951749995200065086e+02
2.750000000000000000e+03 -6.478066324223671346e-01 3.028134790671614396e-01 7.150870129677688869e-01 -2.962624875271359315e+02
2.760000000000000000e+03 -6.481617645097902392e-01 2.854091526060826278e-01 7.082175212205407133e-01 -2.973500106308150066e+02
2.770000000000000000e+03 -6.479428483876614742e-01 2.681121354716705096e-01 7.012232540096594580e-01 -2.984375593547995322e+02
2.780000000000000000e+03 -6.471628027711296971e-01 2.509380486748357675e-01 6.941106522474052021e-01 -2.995251245740165587e+02
2.790000000000000000e+03 -6.458338555527058933e-01 2.339020877706510515e-01 6.868854021170800461e-01 -3.006126979265395676e+02
2.800000000000000000e+03 -6.439663482431522423e-01 2.170185176718604225e-01 6.795510979184070655e-01 -3.017002715470999306e+02
2.810000000000000000e+03 -6.415701600513262770e-01 2.003009837670740034e-01 6.721106712189162113e-01 -3.027878375226529784e+02
2.820000000000000000e+03 -6.386568937392281819e-01 1.837633076154409351e-01 6.645687181521614528e-01 -3.038753879905672193e+02
2.830000000000000000e+03 -6.352398349408554523e-01 1.674199046209502717e-01 6.569315583521416757e-01 -3.049629160292545293e+02
2.840000000000000000e+03 -6.313322883761715021e-01 1.512854626612334663e-01 6.492054756076205413e-01 -3.060504161029020338e+02
2.850000000000000000e+03 -6.269468913128531939e-01 1.353740152934168328e-01 6.413957659226577901e-01 -3.071378829358877169e+02
2.860000000000000000e+03 -6.220959099614280507e-01 1.196979924747735707e-01 6.335068512598961421e-01 -3.082253097879589632e+02
2.870000000000000000e+03 -6.167907740130823546e-01 1.042684201690358275e-01 6.255419748923358725e-01 -3.093126886406724907e+02
2.880000000000000000e+03 -6.110420057048477904e-01 8.909630356010675434e-02 6.175034283660925105e-01 -3.104000121205639857e+02
2.890000000000000000e+03 -6.048603333971355189e-01 7.419311650027365923e-02 6.093936670603962158e-01 -3.114872739181964221e+02
2.900000000000000000e+03 -5.982573153458016213e-01 5.956952313697414653e-02 6.012157212278570473e-01 -3.125744666560841551e+02
2.910000000000000000e+03 -5.912445149928899912e-01 4.523434990716421189e-02 5.929723626955151206e-01 -3.136615802977014482e+02
2.920000000000000000e+03 -5.838334768588198109e-01 3.119608723870207628e-02 5.846663360927005781e-01 -3.147486044673540277e+02
2.930000000000000000e+03 -5.760367836903975691e-01 1.746447875861206755e-02 5.763014698772578326e-01 -3.158355310942702090e+02
2.940000000000000000e+03 -5.678675253802693002e-01 4.048875508788219411e-03 5.678819593669061083e-01 -3.169223518832873197e+02
2.950000000000000000e+03 -5.593377387541874635e-01 -9.044157439350683156e-03 5.594108532898118824e-01 -3.180090540449415357e+02
2.960000000000000000e+03 -5.504583842595828225e-01 -2.180952977651174490e-02 5.508902689199938196e-01 -3.190956220822580462e+02
2.970000000000000000e+03 -5.412408009914739804e-01 -3.424115972495535981e-02 5.423228389780410108e-01 -3.201820420512041210e+02
2.980000000000000000e+03 -5.316979206327312468e-01 -4.633239646421777325e-02 5.337128158169781589e-01 -3.212683011547785554e+02
2.990000000000000000e+03 -5.218437350193103619e-01 -5.807754491297811156e-02 5.250656006653103836e-01 -3.223543851696310867e+02
3.000000000000000000e+03 -5.116919975156434264e-01 -6.947222235267629109e-02 5.163865703135287477e-01 -3.234402775547615647e+02
3.010000000000000000e+03 -5.012557006816149574e-01 -8.051316900048648140e-02 5.076806553812324152e-01 -3.245259594362722737e+02
3.020000000000000000e+03 -4.905477184030209714e-01 -9.119789969492518578e-02 4.989530247820682107e-01 -3.256114101889138510e+02
3.030000000000000000e+03 -4.795815961081360546e-01 -1.015239903870451543e-01 4.902097795329425911e-01 -3.266966090587362146e+02
3.040000000000000000e+03 -4.683720678044576702e-01 -1.114885648311338684e-01 4.814582993235545505e-01 -3.277815366340533387e+02
3.050000000000000000e+03 -4.569353171927457713e-01 -1.210888402389726365e-01 4.727075113941544005e-01 -3.288661743023304211e+02
3.060000000000000000e+03 -4.452884135562935608e-01 -1.303229098995887514e-01 4.639674903397619232e-01 -3.299505027838040974e+02
3.070000000000000000e+03 -4.334480995511265089e-01 -1.391892051803874097e-01 4.552481629213139813e-01 -3.310345027250282897e+02
3.080000000000000000e+03 -4.214303377123992944e-01 -1.476860438562762334e-01 4.465587274864358247e-01 -3.321181552992532033e+02
3.090000000000000000e+03 -4.092505222675299481e-01 -1.558125604518187657e-01 4.379081455862606775e-01 -3.332014402634611656e+02
3.100000000000000000e+03 -3.969239629305758577e-01 -1.635686225436642771e-01 4.293056331209094134e-01 -3.342843364031513147e+02
3.110000000000000000e+03 -3.844662997607599664e-01 -1.709540881902333886e-01 4.207607822987839419e-01 -3.353668235802138042e+02
3.120000000000000000e+03 -3.718935660049451641e-01 -1.779687658868172317e-01 4.122835263106582881e-01 -3.364488831784552758e+02
3.130000000000000000e+03 -3.592222480484399405e-01 -1.846125614105599000e-01 4.038841682011596879e-01 -3.375304982024035780e+02
3.140000000000000000e+03 -3.464692325099412717e-01 -1.908855219073133935e-01 3.955732695087664230e-01 -3.386116535222399193e+02
3.150000000000000000e+03 -3.336514630389554870e-01 -1.967874841146642628e-01 3.873610882525692078e-01 -3.396923366298289011e+02
3.160000000000000000e+03 -3.207854644877075612e-01 -2.023182114581662250e-01 3.792571329773845590e-01 -3.407725369777918445e+02
3.170000000000000000e+03 -3.078870805240933595e-01 -2.074783304142162332e-01 3.712704027324562062e-01 -3.418522435757231506e+02
3.180000000000000000e+03 -2.949715432739289378e-01 -2.122696552496969313e-01 3.634097107690279493e-01 -3.429314443067277693e+02
3.190000000000000000e+03 -2.820534209749451793e-01 -2.166937455862524564e-01 3.556828807517578017e-01 -3.440101290421480371e+02
3.200000000000000000e+03 -2.691466206106509218e-01 -2.207519772246548384e-01 3.480967377536425267e-01 -3.450882894348980017e+02
3.210000000000000000e+03 -2.562649702525827689e-01 -2.244463529785510059e-01 3.406580401868264385e-01 -3.461659181605161848e+02
3.220000000000000000e+03 -2.434223484313940700e-01 -2.277790271662426536e-01 3.333732516754379649e-01 -3.472430104892907821e+02
3.230000000000000000e+03 -2.306323986060814513e-01 -2.307523799248237528e-01 3.262483166665610113e-01 -3.483195638297249843e+02
3.240000000000000000e+03 -2.179085857814040406e-01 -2.333695034015799974e-01 3.192890177803671126e-01 -3.493955769822355251e+02
3.250000000000000000e+03 -2.052644393055515493e-01 -2.356338567197563405e-01 3.125008871604192939e-01 -3.504710517256615958e+02
3.260000000000000000e+03 -1.927123276334769819e-01 -2.375484146199219604e-01 3.058877089886923306e-01 -3.515459918516982611e+02
3.270000000000000000e+03 -1.802628036430106995e-01 -2.391164692159810645e-01 2.994517727908048710e-01 -3.526203992131343625e+02
3.280000000000000000e+03 -1.679264564166532414e-01 -2.403427120144958351e-01 2.931960333686952080e-01 -3.536942758746656068e+02
3.290000000000000000e+03 -1.557135879939156864e-01 -2.412319710071402501e-01 2.871229446107166905e-01 -3.547676261547178456e+02
3.300000000000000000e+03 -1.436339636203471659e-01 -2.417888297879517145e-01 2.812339839271176811e-01 -3.558404566147005994e+02
3.310000000000000000e+03 -1.316970981466717150e-01 -2.420179390441491718e-01 2.755300500479604398e-01 -3.569127761493514868e+02
3.320000000000000000e+03 -1.199114030127894082e-01 -2.419242322481149066e-01 2.700112566567094974e-01 -3.579845927692337568e+02
3.330000000000000000e+03 -1.082843240395200690e-01 -2.415136311358294374e-01 2.646777830818243804e-01 -3.590559124680601144e+02
3.340000000000000000e+03 -9.682334851555984834e-02 -2.407929679265877754e-01 2.595303724434970261e-01 -3.601267428959789640e+02
3.350000000000000000e+03 -8.553537578659924090e-02 -2.397690937344523765e-01 2.545692809849518512e-01 -3.611970928745465130e+02
3.360000000000000000e+03 -7.442640922347858179e-02 -2.384484662859369108e-01 2.497938379224281247e-01 -3.622669715123765286e+02
3.370000000000000000e+03 -6.350260363577825418e-02 -2.368368100458528025e-01 2.452024780894722644e-01 -3.633363920148097463e+02
3.380000000000000000e+03 -5.277130095568446921e-02 -2.349397430413860122e-01 2.407934655776770017e-01 -3.644053749344739686e+02
3.390000000000000000e+03 -4.224016282810590800e-02 -2.327649676813649537e-01 2.365666112016904521e-01 -3.654739434165803118e+02
3.400000000000000000e+03 -3.191593864743512421e-02 -2.303224926574135578e-01 2.325232843473340472e-01 -3.665421195111791235e+02
3.410000000000000000e+03 -2.180463498354059254e-02 -2.276226921137912140e-01 2.286646716742558594e-01 -3.676099271954984147e+02
3.420000000000000000e+03 -1.191208053696208094e-02 -2.246745721127612339e-01 2.249901353765791645e-01 -3.686773953806331292e+02
3.430000000000000000e+03 -2.244023055427130705e-03 -2.214856508264509416e-01 2.214970184031600786e-01 -3.697445570517256783e+02
3.440000000000000000e+03 7.193975981883176350e-03 -2.180635094292414367e-01 2.181821427959327320e-01 -3.708114473941985239e+02
3.450000000000000000e+03 1.639682364570885231e-02 -2.144171270274415342e-01 2.150431588969304308e-01 -3.718781026444799522e+02
3.460000000000000000e+03 2.536013801795830927e-02 -2.105562919849420789e-01 2.120780250161201363e-01 -3.729445595992045241e+02
3.470000000000000000e+03 3.407959510009259813e-02 -2.064904538114719079e-01 2.092838415106476058e-01 -3.740108582182454597e+02
3.480000000000000000e+03 4.255047102891160171e-02 -2.022292293111330186e-01 2.066572132120170491e-01 -3.750770436196229980e+02
3.490000000000000000e+03 5.076716428973124945e-02 -1.977826365790531782e-01 2.041942122151908512e-01 -3.761431684348726208e+02
3.500000000000000000e+03 5.872439748217607447e-02 -1.931611470224153249e-01 2.018905237465586366e-01 -3.772092870908599593e+02
3.510000000000000000e+03 6.641804351023750108e-02 -1.883760455237474818e-01 1.997420612462302292e-01 -3.782754523329226686e+02
3.520000000000000000e+03 7.384496514104400833e-02 -1.834390035499391947e-01 1.977446507495881911e-01 -3.793417155152671967e+02
3.530000000000000000e+03 8.100255608794706963e-02 -1.783611138916404160e-01 1.958930857418089977e-01 -3.804081266761650681e+02
3.540000000000000000e+03 8.788774742886333591e-02 -1.731523673538742092e-01 1.941803246170184793e-01 -3.814747367837458114e+02
3.550000000000000000e+03 9.449714767116686176e-02 -1.678229510936248559e-01 1.925986859554330299e-01 -3.825415984807115706e+02
3.560000000000000000e+03 1.008284487362611642e-01 -1.623837504887561678e-01 1.911409388314169178e-01 -3.836087606869269280e+02
3.570000000000000000e+03 1.068806161437540897e-01 -1.568450084353899265e-01 1.897994277609025005e-01 -3.846762643620904214e+02
3.580000000000000000e+03 1.126531525058039607e-01 -1.512164044600367296e-01 1.885659930828391395e-01 -3.857441453419708068e+02
3.590000000000000000e+03 1.181456744801004655e-01 -1.455079641584723082e-01 1.874325692933357934e-01 -3.868124385404158829e+02
3.600000000000000000e+03 1.233577691098154128e-01 -1.397302112009152497e-01 1.863911776935885667e-01 -3.878811792114798891e+02
3.610000000000000000e+03 1.282896430149881861e-01 -1.338937814951693672e-01 1.854340239222275755e-01 -3.889503991717546114e+02
3.620000000000000000e+03 1.329423424965136546e-01 -1.280092289505571634e-01 1.845535941805970526e-01 -3.900201254746424979e+02
3.630000000000000000e+03 1.373171158348515941e-01 -1.220866716125912910e-01 1.837420629214844559e-01 -3.910903816077342867e+02
3.640000000000000000e+03 1.414154362893781103e-01 -1.161355119456534829e-01 1.829912095041567321e-01 -3.921611859185653088e+02
3.650000000000000000e+03 1.452393606189152087e-01 -1.101651378450910490e-01 1.822932512997099685e-01 -3.932325530690056894e+02
3.660000000000000000e+03 1.487910097530401599e-01 -1.041851284576260639e-01 1.816405945130695199e-01 -3.943044970672648333e+02
3.670000000000000000e+03 1.520720044862148290e-01 -9.820470872480385749e-02 1.810250241380426117e-01 -3.953770306496099920e+02
3.680000000000000000e+03 1.550845161976264208e-01 -9.223253199832776028e-02 1.804384857037832912e-01 -3.964501606723070495e+02
3.690000000000000000e+03 1.578326923462029796e-01 -8.627691396879133556e-02 1.798745803531710263e-01 -3.975238856289394676e+02
3.700000000000000000e+03 1.603216983304844023e-01 -8.034597888692439349e-02 1.793279768437399946e-01 -3.985982003591014404e+02
3.710000000000000000e+03 1.625563009718444529e-01 -7.444774563803133183e-02 1.787932264271605010e-01 -3.996731007039515475e+02
3.720000000000000000e+03 1.645410142596115122e-01 -6.859033260847811897e-02 1.782649127027619296e-01 -4.007485840130790393e+02
3.730000000000000000e+03 1.662806070193675878e-01 -6.278182420111778905e-02 1.777380030290354462e-01 -4.018246473814348860e+02
3.740000000000000000e+03 1.677802153067333712e-01 -5.702983662658950986e-02 1.772077958613257342e-01 -4.029012854190121971e+02
3.750000000000000000e+03 1.690446097736822417e-01 -5.134084287886380576e-02 1.766690755085583153e-01 -4.039784880136731431e+02
3.760000000000000000e+03 1.700779767143456023e-01 -4.572010345345424442e-02 1.761160016098481662e-01 -4.050562396548730817e+02
3.770000000000000000e+03 1.708848623505287156e-01 -4.017205724764726094e-02 1.755432435728228047e-01 -4.061345196190067099e+02
3.780000000000000000e+03 1.714709562081708771e-01 -3.470145756121073566e-02 1.749470776544065631e-01 -4.072133076805613427e+02
3.790000000000000000e+03 1.718422596711171590e-01 -2.931410007402526080e-02 1.743246358723448686e-01 -4.082925902513657661e+02
3.800000000000000000e+03 1.720042811333403476e-01 -2.401530981659690672e-02 1.736727031913314623e-01 -4.093723530235919839e+02
3.810000000000000000e+03 1.719620952457433793e-01 -1.880934199827837341e-02 1.729877265811488596e-01 -4.104525770191872311e+02
3.820000000000000000e+03 1.717204493909181562e-01 -1.370012480811934157e-02 1.722660911461594835e-01 -4.115332423136566717e+02
3.830000000000000000e+03 1.712842837001645746e-01 -8.691886588968886912e-03 1.715046784643321776e-01 -4.126143312778373797e+02
3.840000000000000000e+03 1.706593005998646162e-01 -3.788959697143424749e-03 1.707013564586454257e-01 -4.136958276327412136e+02
3.850000000000000000e+03 1.698519752296871188e-01 1.004988294508081179e-03 1.698549483850804453e-01 -4.147777126068369284e+02
3.860000000000000000e+03 1.688689272412607356e-01 5.686992774177395890e-03 1.689646604305993782e-01 -4.158599651444794176e+02
3.870000000000000000e+03 1.677166140086870372e-01 1.025429790545535035e-02 1.680297986670005461e-01 -4.169425647791724145e+02
3.880000000000000000e+03 1.664014772003439835e-01 1.470426579729280578e-02 1.670498938853121063e-01 -4.180254921214985870e+02
3.890000000000000000e+03 1.649297880728569088e-01 1.903462086957855015e-02 1.660245517548717409e-01 -4.191087272862552027e+02
3.900000000000000000e+03 1.633076367446611443e-01 2.324324311326499484e-02 1.649534254556374313e-01 -4.201922509666752603e+02
3.910000000000000000e+03 1.615414007803204210e-01 2.732788463249625696e-02 1.638366181430608304e-01 -4.212760464718821254e+02
3.920000000000000000e+03 1.596379074331043535e-01 3.128648270662717779e-02 1.626748459036383432e-01 -4.223600982870485723e+02
3.930000000000000000e+03 1.576041078099035542e-01 3.511739652502666315e-02 1.614691498003617276e-01 -4.234443905673246036e+02
3.940000000000000000e+03 1.554469661672955305e-01 3.881924602698660215e-02 1.602207638002017542e-01 -4.245289080343909518e+02
3.950000000000000000e+03 1.531734578790136803e-01 4.239100164485400807e-02 1.589311335738469999e-01 -4.256136354437965110e+02
3.960000000000000000e+03 1.507903936342742668e-01 4.583216331995366294e-02 1.576018083873604869e-01 -4.266985561910083788e+02
3.970000000000000000e+03 1.483044807253483255e-01 4.914250952503106118e-02 1.562344560128558213e-01 -4.277836538351202762e+02
3.980000000000000000e+03 1.457227266167377966e-01 5.232176398466294176e-02 1.548311339462553893e-01 -4.288689149497758422e+02
3.990000000000000000e+03 1.430524412291981073e-01 5.536953283357903127e-02 1.533942179739574418e-01 -4.299543298081519538e+02
4.000000000000000000e+03 1.403008311907218142e-01 5.828556621608192018e-02 1.519260690662951607e-01 -4.310398900739565420e+02
4.010000000000000000e+03 1.374746348171598243e-01 6.106991370864087859e-02 1.504287524992888314e-01 -4.321255868357107488e+02
4.020000000000000000e+03 1.345801210061881859e-01 6.372266216060699928e-02 1.489039510653599463e-01 -4.332114118481411538e+02
4.030000000000000000e+03 1.316234669729714202e-01 6.624373342164233125e-02 1.473532126409957399e-01 -4.342973595539928056e+02
4.040000000000000000e+03 1.286111937251501192e-01 6.863327933816325277e-02 1.457784832686855880e-01 -4.353834260615416838e+02
4.050000000000000000e+03 1.255500590240139491e-01 7.089203197610960405e-02 1.441821678247179328e-01 -4.364696070370017651e+02
4.060000000000000000e+03 1.224464245989989875e-01 7.302096388528270254e-02 1.425664338608990667e-01 -4.375558977987463436e+02
4.070000000000000000e+03 1.193059208544637179e-01 7.502089245240187165e-02 1.409327394727229732e-01 -4.386422941662193011e+02
4.080000000000000000e+03 1.161336853659568485e-01 7.689248093620457136e-02 1.392820394063916944e-01 -4.397287927854349618e+02
4.090000000000000000e+03 1.129347332317115343e-01 7.863641037950570845e-02 1.376151845091662940e-01 -4.408153912261806795e+02
4.100000000000000000e+03 1.097139544729330424e-01 8.025374576139149285e-02 1.359331288348167577e-01 -4.419020857357993464e+02
4.110000000000000000e+03 1.064759330328860359e-01 8.174617168758147034e-02 1.342369580287007813e-01 -4.429888690119911416e+02
4.120000000000000000e+03 1.032250269175472301e-01 8.311575023467193679e-02 1.325278616714263558e-01 -4.440757318654563619e+02
4.130000000000000000e+03 9.996544514109644008e-02 8.436439163511438855e-02 1.308068836041151317e-01 -4.451626666077607410e+02
4.140000000000000000e+03 9.670118887008834208e-02 8.549366458279644698e-02 1.290747326655538874e-01 -4.462496677545513535e+02
4.150000000000000000e+03 9.343598390549283372e-02 8.650511343407447928e-02 1.273319195591962050e-01 -4.473367296313943484e+02
4.160000000000000000e+03 9.017329812831989533e-02 8.740053326779073650e-02 1.255789668329575504e-01 -4.484238446688895010e+02
4.170000000000000000e+03 8.691649062911448176e-02 8.818199273638230307e-02 1.238165586108753297e-01 -4.495110039747586370e+02
4.180000000000000000e+03 8.366895725852195598e-02 8.885173466844555057e-02 1.220455864106532173e-01 -4.505981987718767527e+02
4.190000000000000000e+03 8.043417466512617353e-02 8.941198686459757294e-02 1.202670355880404857e-01 -4.516854218757656554e+02
4.200000000000000000e+03 7.721543472961336918e-02 8.986491127789075772e-02 1.184817523480572038e-01 -4.653390370478513205e+02
