0.000000000000000000e+00 1.771725531775312490e+01 -1.015832685636797012e-15 1.771725531775312490e+01 -5.733578183630439409e-17
1.000000000000000000e+01 1.752239947267255005e+01 2.252719640229965403e+00 1.766661340091510368e+01 -9.821390805224796683e-01
2.000000000000000000e+01 1.699609795316247229e+01 4.441244027587357479e+00 1.756678667673954308e+01 -1.964405630630467581e+00
3.000000000000000000e+01 1.615344032258752449e+01 6.507715513971374932e+00 1.741505083157038314e+01 -2.947023054011996823e+00
4.000000000000000000e+01 1.502417641720075103e+01 8.400627867651312641e+00 1.721326307200151362e+01 -3.930166107249092988e+00
5.000000000000000000e+01 1.364745117263714569e+01 1.007632865519106602e+01 1.696423657807623186e+01 -4.914009336880372558e+00
6.000000000000000000e+01 1.206943558972951003e+01 1.150069251582461227e+01 1.667144876122569030e+01 -5.898726980371102435e+00
7.000000000000000000e+01 1.034085397095727998e+01 1.265020674434132708e+01 1.633894095476330932e+01 -6.884491934307005678e+00
8.000000000000000000e+01 8.514394012973571790e+00 1.351236120161955334e+01 1.597118688924506991e+01 -7.871475520909077872e+00
9.000000000000000000e+01 6.642204530201489376e+00 1.408537950531860261e+01 1.557295080676358268e+01 -8.859847519398231341e+00
1.000000000000000000e+02 4.773633785107444183e+00 1.437737663741303074e+01 1.514914316020378848e+01 -9.849775345321837960e+00
1.100000000000000000e+02 2.953349072843689083e+00 1.440504746388871560e+01 1.470468167567572237e+01 -1.084142321163428413e+01
1.200000000000000000e+02 1.219935712381948978e+00 1.419202738326033142e+01 1.424436324970533541e+01 -1.183495211727909791e+01
1.300000000000000000e+02 -3.950073554852010504e-01 1.376708621603249050e+01 1.377275185613097541e+01 -1.283051938899610711e+01
1.400000000000000000e+02 -1.867293727154939020e+00 1.316229617909948502e+01 1.329408991130303441e+01 -1.382827722277495752e+01
1.500000000000000000e+02 -3.180136892283651484e+00 1.241129040630214320e+01 1.281223634668168110e+01 -1.482837073876319067e+01
1.600000000000000000e+02 -4.323766549042284524e+00 1.154770490128499993e+01 1.233063038363321517e+01 -1.583093590591592736e+01
1.700000000000000000e+02 -5.294760355415753850e+00 1.060386765972481804e+01 1.185227811714862867e+01 -1.683609740746750916e+01
1.800000000000000000e+02 -6.095182388625957515e+00 9.609768288652839274e+00 1.137975812186769531e+01 -1.784396644206331572e+01
1.900000000000000000e+02 -6.731613792201115665e+00 8.592314968461895575e+00 1.091524167229505871e+01 -1.885463852740005919e+01
2.000000000000000000e+02 -7.214149761141267270e+00 7.574865107382346530e+00 1.046052284406535726e+01 -1.986819143706511426e+01
2.100000000000000000e+02 -7.555423391878560047e+00 6.577001583636810977e+00 1.001705408100140104e+01 -2.088468339826845011e+01
2.200000000000000000e+02 -7.769702438822388757e+00 5.614517576318531766e+00 9.585983705527164389e+00 -2.190415166025136529e+01
2.300000000000000000e+02 -7.872090972548670074e+00 4.699568773517462716e+00 9.168193002827912608e+00 -2.292661153215466641e+01
2.400000000000000000e+02 -7.877855094751613052e+00 3.840950787998839822e+00 8.764331340708933382e+00 -2.395205595668059928e+01
2.500000000000000000e+02 -7.801880555998695677e+00 3.044461330283222633e+00 8.374848356935212124e+00 -2.498045564086649151e+01
2.600000000000000000e+02 -7.658260758865998774e+00 2.313310707573480229e+00 8.000022767502661836e+00 -2.601175973230626326e+01
2.700000000000000000e+02 -7.460006451603111266e+00 1.648549736379606667e+00 7.639987728476879347e+00 -2.704589701077723163e+01
2.800000000000000000e+02 -7.218863502333553228e+00 1.049490345165798200e+00 7.294752925899524953e+00 -2.808277754676468518e+01
2.900000000000000000e+02 -6.945222328722003624e+00 5.141003506608007312e-01 6.964223744677381589e+00 -2.912229475197737472e+01
3.000000000000000000e+02 -6.648101460214173919e+00 3.935959115546352333e-02 6.648217971961941863e+00 -3.016432770300081145e+01
3.100000000000000000e+02 -6.335187856201276446e+00 -3.784302267667691844e-01 6.346480489995291130e+00 -3.120874359403831733e+01
3.200000000000000000e+02 -6.012917798382019008e+00 -7.433849519401639627e-01 6.058696364472339724e+00 -3.225540020353290060e+01
3.300000000000000000e+02 -5.686584184319763757e+00 -1.059826185195917425e+00 5.784502677688255545e+00 -3.330414826955533414e+01
3.400000000000000000e+02 -5.360458335012193487e+00 -1.332115229332337503e+00 5.523499302581728720e+00 -3.435483368323453135e+01
3.500000000000000000e+02 -5.037916822271257367e+00 -1.564527963327615234e+00 5.275258634053669127e+00 -3.540729945146798485e+01
3.600000000000000000e+02 -4.721566209792626090e+00 -1.761165097553881509e+00 5.039334278880244433e+00 -3.646138736659442259e+01
3.700000000000000000e+02 -4.413360836469604642e+00 -1.925892020436263730e+00 4.815268834370908024e+00 -3.751693933288019878e+01
3.800000000000000000e+02 -4.114710557557714310e+00 -2.062302277248639459e+00 4.602600749057193852e+00 -3.857379838297784858e+01
3.900000000000000000e+02 -3.826576661333924712e+00 -2.173699110268437096e+00 4.400870001152871858e+00 -3.963180944397094407e+01
4.000000000000000000e+02 -3.549555331525963364e+00 -2.263090442656973345e+00 4.209622477516210992e+00 -4.069081986083361357e+01
4.100000000000000000e+02 -3.283949062821588161e+00 -2.333193519577958952e+00 4.028413266660630043e+00 -4.175067968973140609e+01
4.200000000000000000e+02 -3.029827115770818757e+00 -2.386446004274966004e+00 3.856809158200606547e+00 -4.281124184343143213e+01
4.300000000000000000e+02 -2.787076278908668492e+00 -2.425020946044780246e+00 3.694390446773501147e+00 -4.387236220058779423e+01
4.400000000000000000e+02 -2.555443197870493233e+00 -2.450843747040905907e+00 3.540752040167749914e+00 -4.493389976224561622e+01
4.500000000000000000e+02 -2.334569478716777446e+00 -2.465609920630607022e+00 3.395503928972545715e+00 -4.599571688966302929e+01
4.600000000000000000e+02 -2.124020613297993521e+00 -2.470802860814528490e+00 3.258271066489717871e+00 -4.705767961756902906e+01
4.700000000000000000e+02 -1.923309658457950100e+00 -2.467711123794138484e+00 3.128692735443185935e+00 -4.811965801436976875e+01
4.800000000000000000e+02 -1.731916573727966036e+00 -2.457444923817493798e+00 3.006421555928241229e+00 -4.918152656663576749e+01
4.900000000000000000e+02 -1.549304066192518592e+00 -2.440951695961086632e+00 2.891122320403614054e+00 -5.024316457932785340e+01
5.000000000000000000e+02 -1.374930662914791935e+00 -2.419030644617085279e+00 2.782470770272324145e+00 -5.130445659485337018e+01
5.100000000000000000e+02 -1.208261524543267296e+00 -2.392346250432124233e+00 2.680152326575536925e+00 -5.236529281065649855e+01
5.200000000000000000e+02 -1.048777344267947331e+00 -2.361440797903200828e+00 2.583860785694816364e+00 -5.342556943153171289e+01
5.300000000000000000e+02 -8.959816619818616878e-01 -2.326746015784058041e+00 2.493297046197016531e+00 -5.448518889873029281e+01
5.400000000000000000e+02 -7.494069181306486360e-01 -2.288593864545051204e+00 2.408167894017219091e+00 -5.554405996764541698e+01
5.500000000000000000e+02 -6.086195401104037561e-01 -2.247226543464028836e+00 2.328184890049217248e+00 -5.660209761306754928e+01
5.600000000000000000e+02 -4.732243961102417518e-01 -2.202805867693436781e+00 2.253063474431765467e+00 -5.765922278069136553e+01
5.700000000000000000e+02 -3.428689292246016596e-01 -2.155422140093139483e+00 2.182522326261821632e+00 -5.871536204723019381e+01
5.800000000000000000e+02 -2.172471645630277559e-01 -2.105102719100836239e+00 2.116283012377222050e+00 -5.977044723991605935e+01
5.900000000000000000e+02 -9.610368554329953850e-02 -2.051820558507172709e+00 2.054069989724715217e+00 -6.082441506365776007e+01
6.000000000000000000e+02 2.076243408268734283e-02 -1.995502852197921451e+00 1.995610861816270454e+00 -6.187720678246306250e+01
6.100000000000000000e+02 1.334938025666801698e-01 -1.936039902656039979e+00 1.940636776936920826e+00 -6.292876799427457968e+01
6.200000000000000000e+02 2.421710372658770205e-01 -1.873294504700892427e+00 1.888883033073512685e+00 -6.397904856527830475e+01
6.300000000000000000e+02 3.468093339812287068e-01 -1.807112179391421991e+00 1.840089982321875040e+00 -6.502800283445918694e+01
6.400000000000000000e+02 4.473555417722147043e-01 -1.737332407775685983e+00 1.794004145999103850e+00 -6.607559016163959598e+01
6.500000000000000000e+02 5.436862473427569453e-01 -1.663800769136878799e+00 1.750379311729351572e+00 -6.712177575363649851e+01
6.600000000000000000e+02 6.356073944202930148e-01 -1.586381827445181081e+00 1.708977490281854417e+00 -6.816653165047586072e+01
6.700000000000000000e+02 7.228558447427270162e-01 -1.504972635210220178e+00 1.669569766439940040e+00 -6.920983780787354078e+01
6.800000000000000000e+02 8.051032898015140216e-01 -1.419516633417225115e+00 1.631937124952243190e+00 -7.025168321224934687e+01
6.900000000000000000e+02 8.819628704631952143e-01 -1.330017535535719775e+00 1.595871282312012918e+00 -7.129206696393234211e+01
7.000000000000000000e+02 9.529986990147959469e-01 -1.236552595791931441e+00 1.561175468191726923e+00 -7.233099928455524719e+01
7.100000000000000000e+02 1.017738402811953602e+00 -1.139284513445990799e+00 1.527665100451042646e+00 -7.336850234178282903e+01
7.200000000000000000e+02 1.075688624471444532e+00 -1.038471155073076302e+00 1.495168337257072100e+00 -7.440461076864643530e+01
7.300000000000000000e+02 1.126353113685457874e+00 -9.344723570033770521e-01 1.463526536388176646e+00 -7.543937183700407445e+01
7.400000000000000000e+02 1.169252756899394230e+00 -8.277531452266557732e-01 1.432594596858949076e+00 -7.647284530334734143e+01
7.500000000000000000e+02 1.203946687047942943e+00 -7.188828626497638652e-01 1.402241133138390161e+00 -7.750510296665585486e+01
7.600000000000000000e+02 1.230053602141699010e+00 -6.085299313820692335e-01 1.372348549578289667e+00 -7.853622795896957598e+01
7.700000000000000000e+02 1.247272347439366103e+00 -4.974522009421591950e-01 1.342813092321155866e+00 -7.956631382063996227e+01
7.800000000000000000e+02 1.255400687869879350e+00 -3.864830333523033290e-01 1.313544830667519925e+00 -8.059546344310940924e+01
7.900000000000000000e+02 1.254351294021304630e+00 -2.765134728174086787e-01 1.284467543172058912e+00 -8.162378789526974288e+01
8.000000000000000000e+02 1.244164079206275364e+00 -1.684711397534619237e-01 1.255518530694401669e+00 -8.265140517777535933e+01
8.100000000000000000e+02 1.225014122458549570e+00 -6.329672225263330287e-02 1.226648309529189129e+00 -8.367843898114108470e+01
8.200000000000000000e+02 1.197214667744428862e+00 3.808095959605645175e-02 1.197820153506426566e+00 -8.470501745072751021e+01
8.300000000000000000e+02 1.161214951664155004e+00 1.347702146929459777e-01 1.169009484451160708e+00 -8.573127196140565331e+01
8.400000000000000000e+02 1.117592919913739102e+00 2.259408573287747246e-01 1.140203142274120784e+00 -8.675733596369637723e+01
8.500000000000000000e+02 1.067043142589809479e+00 3.108466153783385755e-01 1.111398527279978454e+00 -8.778334389623071843e+01
8.600000000000000000e+02 1.010360457609746687e+00 3.888446405487364088e-01 1.082602608894349894e+00 -8.880943009846204461e+01
8.700000000000000000e+02 9.484201235014785292e-01 4.594112825230532438e-01 1.053830848462900427e+00 -8.983572771308112692e+01
8.800000000000000000e+02 8.821554216508608048e-01 5.221534654714264923e-01 1.025106057660293057e+00 -9.086236760256532818e+01
8.900000000000000000e+02 8.125337545650100912e-01 5.768153084024526533e-01 9.964572255319987804e-01 -9.188947725636107577e+01
9.000000000000000000e+02 7.405323261399390233e-01 6.232798409318633936e-01 9.679183261878442357e-01 -9.291717970879361133e+01
9.100000000000000000e+02 6.671144814932317146e-01 6.615658846496127454e-01 9.395270890986635592e-01 -9.394559252594633847e+01
9.200000000000000000e+02 5.932077053448092663e-01 6.918205299361080973e-01 9.113237774367195509e-01 -9.497482682806186460e+01
9.300000000000000000e+02 5.196841165856123101e-01 7.143078432583712667e-01 8.833500302664817339e-01 -9.600498631790276249e+01
9.400000000000000000e+02 4.473441253300941001e-01 7.293945254685160196e-01 8.556477898357411904e-01 -9.703616636305279997e+01
9.500000000000000000e+02 3.769037034370736894e-01 7.375334136191571410e-01 8.282583762747638412e-01 -9.806845314205818909e+01
9.600000000000000000e+02 3.089854445292357643e-01 7.392457488417321088e-01 8.012217434090906920e-01 -9.910192284240484639e+01
9.700000000000000000e+02 2.441134280176769644e-01 7.351030238524834948e-01 7.745758977760710540e-01 -1.001366410061369123e+02
9.800000000000000000e+02 1.827116989703620742e-01 7.257091475420786031e-01 7.483564202750495609e-01 -1.011726620958147578e+02
9.900000000000000000e+02 1.251060296780014680e-01 7.116836143650918656e-01 7.225960736245069516e-01 -1.022100293194549181e+02
1.000000000000000000e+03 7.152848665143089757e-02 6.936462800625528002e-01 6.973245200387415688e-01 -1.032487747103813547e+02
1.010000000000000000e+03 2.212415141327473203e-02 6.722041432082516144e-01 6.725681290561552617e-01 -1.042889193353554873e+02
1.020000000000000000e+03 -2.304060293672265114e-02 6.479403546782407375e-01 6.483498844021275964e-01 -1.053304735839403605e+02
1.030000000000000000e+03 -6.396877752973875730e-02 6.214054729877497296e-01 6.246893358764643578e-01 -1.063734376106076951e+02
1.040000000000000000e+03 -1.007228187527715590e-01 5.931108739279647990e-01 6.016025224258104709e-01 -1.074178019616626756e+02
1.050000000000000000e+03 -1.334145454623036076e-01 5.635242595313225689e-01 5.791019185093746469e-01 -1.084635483416820136e+02
1.060000000000000000e+03 -1.621953188452851247e-01 5.330671428326944072e-01 5.571964646541971433e-01 -1.095106505113275404e+02
1.070000000000000000e+03 -1.872467504792920956e-01 5.021140568238701141e-01 5.358916603430016190e-01 -1.105590753419769214e+02
1.080000000000000000e+03 -2.087722362829769751e-01 4.709931504461911667e-01 5.151896683842016600e-01 -1.116087838761340834e+02
1.090000000000000000e+03 -2.269894851122065960e-01 4.399878608571390348e-01 4.950894303589461476e-01 -1.126597322708884121e+02
1.100000000000000000e+03 -2.421240343083932711e-01 4.093394599596501537e-01 4.755868390418621083e-01 -1.137118727729437495e+02
1.110000000000000000e+03 -2.544037538560821043e-01 3.792502898703154490e-01 4.566749964063987477e-01 -1.147651548441889986e+02
1.120000000000000000e+03 -2.640543980111079714e-01 3.498874258539987347e-01 4.383445401504917904e-01 -1.158195263112271221e+02
1.130000000000000000e+03 -2.712961818291148575e-01 3.213865479601782926e-01 4.205840361744798139e-01 -1.168749344766575291e+02
1.140000000000000000e+03 -2.763412735449632951e-01 2.938558753914238264e-01 4.033804345360744170e-01 -1.179313272949814575e+02
1.150000000000000000e+03 -2.793921042100274144e-01 2.673799778644867509e-01 3.867195372071602910e-01 -1.189886545705651031e+02
1.160000000000000000e+03 -2.806403872097570362e-01 2.420232834182655390e-01 3.705864226463247979e-01 -1.200468690224691102e+02
1.170000000000000000e+03 -2.802666903142668198e-01 2.178332365456238928e-01 3.549658246136589423e-01 -1.211059272726865430e+02
1.180000000000000000e+03 -2.784404611338824886e-01 1.948430632638972204e-01 3.398424777724353141e-01 -1.221657906875287978e+02
1.190000000000000000e+03 -2.753204117945566298e-01 1.730741164055563663e-01 3.252014436011751997e-01 -1.232264259916111087e+02
1.200000000000000000e+03 -2.710551169986335496e-01 1.525377950836159235e-01 3.110283835602694613e-01 -1.242878056715747448e+02
1.210000000000000000e+03 -2.657837155745626512e-01 1.332370308338542142e-01 2.973097540445678311e-01 -1.253499080676231188e+02
1.220000000000000000e+03 -2.596366500576036129e-01 1.151674076787783108e-01 2.840329590814848482e-01 -1.264127171448382825e+02
1.230000000000000000e+03 -2.527363474811080146e-01 9.831795557890947446e-02 2.711864335237066936e-01 -1.274762219237909449e+02
1.240000000000000000e+03 -2.451977976015104199e-01 8.267173493184089283e-02 2.587596871718464420e-01 -1.285404157271116219e+02
1.250000000000000000e+03 -2.371290348735382303e-01 6.820628242431177324e-02 2.467433406238164206e-01 -1.296052952749457461e+02
1.260000000000000000e+03 -2.286314896822405907e-01 5.489391898365555966e-02 2.351291143514656901e-01 -1.306708594968009436e+02
1.270000000000000000e+03 -2.198001930295262474e-01 4.270198436685569005e-02 2.239097682654425658e-01 -1.317371081033297173e+02
1.280000000000000000e+03 -2.107238780501680953e-01 3.159306479012524704e-02 2.130790335141755920e-01 -1.328040399701641547e+02
1.290000000000000000e+03 -2.014849931303055453e-01 2.152525671000588697e-02 2.026315353866493529e-01 -1.338716514125802917e+02
1.300000000000000000e+03 -1.921596591454474701e-01 1.245249583851289372e-02 1.925627151228989364e-01 -1.349399344176437978e+02
1.310000000000000000e+03 -1.828175748966672232e-01 4.324947345657791445e-03 1.828687257587837123e-01 -1.360088748022803884e+02
1.320000000000000000e+03 -1.735218613971868662e-01 -2.910546490877042539e-03 1.735462695180166881e-01 -1.370784502413909820e+02
1.330000000000000000e+03 -1.643289051560789249e-01 -9.309939632871019194e-03 1.645924179473747251e-01 -1.381486282340986804e+02
1.340000000000000000e+03 -1.552882538524143485e-01 -1.493133837088318761e-02 1.560044443279667847e-01 -1.392193643245725525e+02
1.350000000000000000e+03 -1.464425374022775839e-01 -1.983432590819517172e-02 1.477796239170000581e-01 -1.402906002152440124e+02
1.360000000000000000e+03 -1.378274390982142106e-01 -2.407929861889794229e-02 1.399150298943970250e-01 -1.413622615237697460e+02
1.370000000000000000e+03 -1.294717696838007526e-01 -2.772674551774250568e-02 1.324073697422496199e-01 -1.424342557625043355e+02
1.380000000000000000e+03 -1.213976685045759507e-01 -3.083646993662877284e-02 1.252528714101976970e-01 -1.435064709136707393e+02
1.390000000000000000e+03 -1.136209073477431886e-01 -3.346680636993515368e-02 1.184471937832516641e-01 -1.445787745921381315e+02
1.400000000000000000e+03 -1.061512531583102409e-01 -3.567385749439867804e-02 1.119853233937837811e-01 -1.456510138465958448e+02
1.410000000000000000e+03 -9.899287824931012059e-02 -3.751077461795010448e-02 1.058614573700994571e-01 -1.467230156203035563e+02
1.420000000000000000e+03 -9.214487052412535795e-02 -3.902707827622484832e-02 1.000689262592859424e-01 -1.477945883082114733e+02
1.430000000000000000e+03 -8.560184075175114593e-02 -4.026805561528040006e-02 9.460016618972441615e-02 -1.488655244907747885e+02
1.440000000000000000e+03 -7.935463043303522812e-02 -4.127425108277964910e-02 8.944675049216677110e-02 -1.499356051125728300e+02
1.450000000000000000e+03 -7.339108233891684929e-02 -4.208106206612980543e-02 8.459944888408636732e-02 -1.510046052307628486e+02
1.460000000000000000e+03 -6.769685484021696620e-02 -4.271846493606661771e-02 8.004830667635237651e-02 -1.520723012635129692e+02
1.470000000000000000e+03 -6.225624267158769848e-02 -4.321095409925149178e-02 7.578275731161565609e-02 -1.531384787586090113e+02
1.480000000000000000e+03 -5.705294582659652808e-02 -4.357769240992610815e-02 7.179173979829915619e-02 -1.542029400520981994e+02
1.490000000000000000e+03 -5.207078235130128963e-02 -4.383281502015858727e-02 6.806380864503565331e-02 -1.552655119563661401e+02
1.500000000000000000e+03 -4.729435773931132264e-02 -4.398588163913082216e-02 6.458725925092023701e-02 -1.563260532773010425e+02
1.510000000000000000e+03 -4.270967316439749917e-02 -4.404246163726948521e-02 6.135026168550555131e-02 -1.573844619065555435e+02
1.520000000000000000e+03 -3.830461679896275673e-02 -4.400481522592258193e-02 5.834095843558766842e-02 -1.584406809881911613e+02
1.530000000000000000e+03 -3.406927684519892724e-02 -4.387264846129988044e-02 5.554750136382019532e-02 -1.594947030233485634e+02
1.540000000000000000e+03 -2.999609131962577627e-02 -4.364387280183822798e-02 5.295803175721661149e-02 -1.605465719076451308e+02
1.550000000000000000e+03 -2.607988004388170356e-02 -4.331533819237497890e-02 5.056064344747876471e-02 -1.615963830694566070e+02
1.560000000000000000e+03 -2.231775451777018998e-02 -4.288355740616863615e-02 4.834337247776175628e-02 -1.626442809389564275e+02
1.570000000000000000e+03 -1.870891772489346322e-02 -4.234539214503982990e-02 4.629423115631183666e-02 -1.636904539236173264e+02
1.580000000000000000e+03 -1.525441755461589242e-02 -4.169862131733097915e-02 4.440126433669139283e-02 -1.647351287955707733e+02
1.590000000000000000e+03 -1.195687354056932522e-02 -4.094238262239274784e-02 4.265261445285124103e-02 -1.657785652041055755e+02
1.600000000000000000e+03 -8.820145288364231520e-03 -4.007749481041030654e-02 4.103657579752870849e-02 -1.668210497104829813e+02
1.610000000000000000e+03 -5.848896948979814131e-03 -3.910668162079981858e-02 3.954165073577970563e-02 -1.678628878567693619e+02
1.620000000000000000e+03 -3.048105494640700099e-03 -3.803472260860415316e-02 3.815666483092990113e-02 -1.689043948800915871e+02
1.630000000000000000e+03 -4.226080790962156238e-04 -3.686849412554038530e-02 3.687091613553321323e-02 -1.699458877908755312e+02
1.640000000000000000e+03 2.023284653791856784e-03 -3.561686592628343639e-02 3.567428792843831825e-02 -1.709876797745890542e+02
1.650000000000000000e+03 4.286161102227219015e-03 -3.429048789089277072e-02 3.455732537089219875e-02 -1.720300750216569554e+02
1.660000000000000000e+03 6.363857758361936290e-03 -3.290153422626710539e-02 3.351133599262925977e-02 -1.730733637470133885e+02
1.670000000000000000e+03 8.255750622192536275e-03 -3.146343040003971719e-02 3.252852395781240941e-02 -1.741178184762840715e+02
1.680000000000000000e+03 9.962951102716803217e-03 -2.999050500787898976e-02 3.160206931994708618e-02 -1.751636923412853548e+02
1.690000000000000000e+03 1.148842908177684884e-02 -2.849754534403547632e-02 3.072611419301786786e-02 -1.762112175267561156e+02
1.700000000000000000e+03 1.283710783698211247e-02 -2.699934634554941593e-02 2.989575288741262021e-02 -1.772606021657988435e+02
1.710000000000000000e+03 1.401590788147642416e-02 -2.551027288639299076e-02 2.910703860718692748e-02 -1.783120262895571955e+02
1.720000000000000000e+03 1.503363198495119221e-02 -2.404380778552879516e-02 2.835691773600231350e-02 -1.793656394308504787e+02
1.730000000000000000e+03 1.590073140973560784e-02 -2.261210281535807123e-02 2.764309051276424983e-02 -1.804215582623036767e+02
1.740000000000000000e+03 1.662900352957857875e-02 -2.122556117186558122e-02 2.696383143114762515e-02 -1.814798627560880107e+02
1.750000000000000000e+03 1.723119028301928896e-02 -1.989247900579111869e-02 2.631776281459840758e-02 -1.825405922395421499e+02
1.760000000000000000e+03 1.772052464761012316e-02 -1.861882698910954231e-02 2.570365172960744488e-02 -1.836037423387361116e+02
1.770000000000000000e+03 1.811027235292919299e-02 -1.740820077354756495e-02 2.512025913221066845e-02 -1.846692637443579486e+02
1.780000000000000000e+03 1.841327921741023332e-02 -1.626189942584631634e-02 2.456620085553833446e-02 -1.857370631784621366e+02
1.790000000000000000e+03 1.864152436420865241e-02 -1.517909805862451868e-02 2.403978886127586950e-02 -1.868070067956161893e+02
1.800000000000000000e+03 1.880578025969075959e-02 -1.415711987277013494e-02 2.353893400873875025e-02 -1.878789244484439394e+02
1.810000000000000000e+03 1.891533179003260581e-02 -1.319180577720392711e-02 2.306108229009404265e-02 -1.889526172637413595e+02
1.820000000000000000e+03 1.897773668314031714e-02 -1.227795833216101078e-02 2.260315797451523459e-02 -1.900278690787576465e+02
1.830000000000000000e+03 1.899870108653754427e-02 -1.140981392151528377e-02 2.216155447389029157e-02 -1.911044587693426990e+02
1.840000000000000000e+03 1.898208481590235239e-02 -1.058150362962817503e-02 2.173218265664875540e-02 -1.921821719737532987e+02
1.850000000000000000e+03 1.893003383889377278e-02 -9.787491902996487206e-03 2.131058842202357070e-02 -1.932608120127632958e+02
1.860000000000000000e+03 1.884318129525834953e-02 -9.022954961821087749e-03 2.089208456734334418e-02 -1.943402098654194958e+02
1.870000000000000000e+03 1.872091906682953749e-02 -8.284107960925301758e-03 2.047191381906068169e-02 -1.954202333565661718e+02
1.880000000000000000e+03 1.856176866929881361e-02 -7.568462499618190328e-03 2.004547032974507079e-02 -1.965007943335133405e+02
1.890000000000000000e+03 1.836374905986437947e-02 -6.875013528573637248e-03 1.960849536684904429e-02 -1.975818560566036126e+02
1.900000000000000000e+03 1.812472260470338048e-02 -6.204334971268731826e-03 1.915722688525544129e-02 -1.986634400886494518e+02
1.910000000000000000e+03 1.784272121611677267e-02 -5.558539059734152882e-03 1.868850065881834735e-02 -1.997456301108158527e+02
1.920000000000000000e+03 1.751624844886344110e-02 -4.941099120650584153e-03 1.819981923653102643e-02 -2.008285719501495521e+02
1.930000000000000000e+03 1.714453330794380934e-02 -4.356615856214801630e-03 1.768940711459309617e-02 -2.019124735410911171e+02
1.940000000000000000e+03 1.672769262376538890e-02 -3.810571823780063271e-03 1.715622796943901476e-02 -2.029976075005944836e+02
1.950000000000000000e+03 1.626681126153782173e-02 -3.309030265421708181e-03 1.659996475646772704e-02 -2.040843133305622246e+02
1.960000000000000000e+03 1.576396284150647503e-02 -2.858282353855462476e-03 1.602099567700954186e-02 -2.051729981840699395e+02
1.970000000000000000e+03 1.522218402811026904e-02 -2.464474075924739070e-03 1.542039296051045741e-02 -2.062641368297228439e+02
1.980000000000000000e+03 1.464538751924862083e-02 -2.133258158141692305e-03 1.479993803900007433e-02 -2.073582728922166893e+02
1.990000000000000000e+03 1.403823093179629340e-02 -1.869555867557158016e-03 1.416217380335235178e-02 -2.084560263593454010e+02
2.000000000000000000e+03 1.340591744329662841e-02 -1.677400033945003607e-03 1.351045126449755204e-02 -2.095581063251952116e+02
2.010000000000000000e+03 1.275393167250338591e-02 -1.559807061314313296e-03 1.284895992582321851e-02 -2.106653251352718996e+02
2.020000000000000000e+03 1.208780097177518907e-02 -1.518690363393380982e-03 1.218283024395863147e-02 -2.117786127780411789e+02
2.030000000000000000e+03 1.141288967801727672e-02 -1.554821342550123317e-03 1.151831238549478990e-02 -2.128990296323810014e+02
2.040000000000000000e+03 1.073419224394279656e-02 -1.667844777089521995e-03 1.086299173019967222e-02 -2.140277736550567056e+02
2.050000000000000000e+03 1.005615761453082166e-02 -1.856370758938888713e-03 1.022606563458936489e-02 -2.151661747519295602e+02
2.060000000000000000e+03 9.382582579021109259e-03 -2.118119799360843481e-03 9.618694679455981611e-03 -2.163156577547549944e+02
2.070000000000000000e+03 8.716554274225822227e-03 -2.450091598365710874e-03 9.054350736298361763e-03 -2.174776438125259972e+02
2.080000000000000000e+03 8.060428996278960062e-03 -2.848717929734297539e-03 8.549018039941447961e-03 -2.186533478435542577e+02
2.090000000000000000e+03 7.415848798384064647e-03 -3.310006999119554771e-03 8.121019624081375274e-03 -2.198434374045005768e+02
2.100000000000000000e+03 6.783803536158188735e-03 -3.829706213962433270e-03 7.790163034395032084e-03 -2.210475646832011591e+02
2.110000000000000000e+03 6.164730430798498646e-03 -4.403476549913887782e-03 7.575916248880695814e-03 -2.222638893624968262e+02
2.120000000000000000e+03 5.558641571698320211e-03 -5.027045821308268742e-03 7.494643808223690716e-03 -2.234888513505920002e+02
2.130000000000000000e+03 4.965250301850250569e-03 -5.696298682184837078e-03 7.556555381699039953e-03 -2.247174890725899274e+02
2.140000000000000000e+03 4.384100708618006437e-03 -6.407312454179111064e-03 7.763632649010619897e-03 -2.259443595446693678e+02
2.150000000000000000e+03 3.814680782228315522e-03 -7.156357841900174918e-03 8.109577487861384729e-03 -2.271646907159053512e+02
2.160000000000000000e+03 3.256528803614658178e-03 -7.939821694459319595e-03 8.581710108630957734e-03 -2.283751988954965100e+02
2.170000000000000000e+03 2.709335004253847056e-03 -8.754108864444077112e-03 9.163782962063951598e-03 -2.295742827005286983e+02
2.180000000000000000e+03 2.173007059590724085e-03 -9.595559178078281320e-03 9.838532188341585910e-03 -2.307617223806748825e+02
2.190000000000000000e+03 1.647687759709991207e-03 -1.046036848507353109e-02 1.058934293509364299e-02 -2.319381922285686244e+02
2.200000000000000000e+03 1.133715680702942563e-03 -1.134452437136445994e-02 1.140103260486320658e-02 -2.331048213611423137e+02
2.210000000000000000e+03 6.315431116670528096e-04 -1.224378976821963866e-02 1.226006666336908711e-02 -2.342628906952294585e+02
2.220000000000000000e+03 1.416543561227663498e-04 -1.315369605475825987e-02 1.315445878238901724e-02 -2.354136569612198002e+02
2.230000000000000000e+03 -3.355329866902074425e-04 -1.406951212382490796e-02 1.407351248934015503e-02 -2.365582694246623987e+02
2.240000000000000000e+03 -7.997780647904692260e-04 -1.498626062603418928e-02 1.500758649831286651e-02 -2.376977425538999853e+02
2.250000000000000000e+03 -1.251102834070950791e-03 -1.589876530210453109e-02 1.594791511241589604e-02 -2.388329557063489403e+02
2.260000000000000000e+03 -1.689853129166165018e-03 -1.680173948975188791e-02 1.688650507001495174e-02 -2.399646647105811894e+02
2.270000000000000000e+03 -2.116729285086916667e-03 -1.768992209237568031e-02 1.781611311427567720e-02 -2.410935168436732852e+02
2.280000000000000000e+03 -2.532775769293732146e-03 -1.855821989711929978e-02 1.873025570693993835e-02 -2.422200650146824614e+02
2.290000000000000000e+03 -2.939361355610397176e-03 -1.940189062478266113e-02 1.962328221768430692e-02 -2.433447810655655132e+02
2.300000000000000000e+03 -3.338127012911086024e-03 -2.021671709679111542e-02 2.049045490285691246e-02 -2.444680663888472623e+02
2.310000000000000000e+03 -3.730874064799221453e-03 -2.099915426533383728e-02 2.132800743498275767e-02 -2.455902587516613380e+02
2.320000000000000000e+03 -4.119430966933364420e-03 -2.174646023538509207e-02 2.213319326849414598e-02 -2.467116374173568545e+02
2.330000000000000000e+03 -4.505509483125212135e-03 -2.245680496777041277e-02 2.290431629765466576e-02 -2.478324269981292218e+02
2.340000000000000000e+03 -4.890540540039191829e-03 -2.312935555125084433e-02 2.364073761518335412e-02 -2.489527995651717447e+02
2.350000000000000000e+03 -5.275525933603289822e-03 -2.376430513019565233e-02 2.434282999565096431e-02 -2.500728768759224181e+02
2.360000000000000000e+03 -5.660893077082162876e-03 -2.436281998530370405e-02 2.501185135223840672e-02 -2.511927323539011923e+02
2.370000000000000000e+03 -6.046303006029478400e-03 -2.492694848430195356e-02 2.564976687573913491e-02 -2.523123907059347175e+02
2.380000000000000000e+03 -6.430432127106294922e-03 -2.545952238577896959e-02 2.625905058171945985e-02 -2.534318261839144100e+02
2.390000000000000000e+03 -6.810822516191580162e-03 -2.596401041738801221e-02 2.684245034085553511e-02 -2.545509635959223260e+02
2.400000000000000000e+03 -7.183826729789818781e-03 -2.644426643476842365e-02 2.740267493798119111e-02 -2.556696833090376231e+02
2.410000000000000000e+03 -7.544563737359764183e-03 -2.690423079379706747e-02 2.794204853966477178e-02 -2.567878265728361384e+02
2.420000000000000000e+03 -7.886962556887516101e-03 -2.734762686099610068e-02 2.846220078107139506e-02 -2.579052034843863908e+02
2.430000000000000000e+03 -8.203881954159717924e-03 -2.777765260477260689e-02 2.896379918707519749e-02 -2.590216028078649515e+02
2.440000000000000000e+03 -8.487285045473844103e-03 -2.819667531514815154e-02 2.944633264552665858e-02 -2.601368024747431491e+02
2.450000000000000000e+03 -8.728521593873486348e-03 -2.860594773203717703e-02 2.990798112315103466e-02 -2.612505818991946285e+02
2.460000000000000000e+03 -8.918664543957944418e-03 -2.900536491775650497e-02 3.034557251494643393e-02 -2.623627336769289400e+02
2.470000000000000000e+03 -9.048855634316333579e-03 -2.939328353000145860e-02 3.075462412330466980e-02 -2.634730728341344275e+02
2.480000000000000000e+03 -9.110692896870236160e-03 -2.976644504742298122e-02 3.112950330188925252e-02 -2.645814443361195458e+02
2.490000000000000000e+03 -9.096646012100530546e-03 -3.011998068482218613e-02 3.146366483935916086e-02 -2.656877288883813435e+02
2.500000000000000000e+03 -9.000456375978028653e-03 -3.044752482958178186e-02 3.174996036570569558e-02 -2.667918460126580271e+02
2.510000000000000000e+03 -8.817498848081282287e-03 -3.074142531816155197e-02 3.198098679728345745e-02 -2.678937546476844886e+02
2.520000000000000000e+03 -8.545100016202995460e-03 -3.099300804546305591e-02 3.214942117664096322e-02 -2.689934524175857291e+02
2.530000000000000000e+03 -8.182804737387978922e-03 -3.119292542235015467e-02 3.224836259059547100e-02 -2.700909739336918847e+02
2.540000000000000000e+03 -7.732565172031485683e-03 -3.133158424792264335e-02 3.227167079071656397e-02 -2.711863882500999239e+02
2.550000000000000000e+03 -7.198785353810133181e-03 -3.139959620838664311e-02 3.221423835231806282e-02 -2.722797946132499760e+02
2.560000000000000000e+03 -6.588237227064026695e-03 -3.138824552017178277e-02 3.207221268629054794e-02 -2.733713173831982317e+02
2.570000000000000000e+03 -5.909902025433462491e-03 -3.128991179955990104e-02 3.184313932975924716e-02 -2.744611022479368216e+02
2.580000000000000000e+03 -5.174746666524493617e-03 -3.109842704358754123e-02 3.152602365741742629e-02 -2.755493139306275907e+02
2.590000000000000000e+03 -4.395399539992369750e-03 -3.080938942088891352e-02 3.112134337724107441e-02 -2.766361337620970176e+02
2.600000000000000000e+03 -3.585760866183069183e-03 -3.042041976446719503e-02 3.063102380978860451e-02 -2.777217577853021453e+02
2.610000000000000000e+03 -2.760591152224703502e-03 -2.993138546728455612e-02 3.005842144060320506e-02 -2.788063961698646267e+02
2.620000000000000000e+03 -1.935072282478331228e-03 -2.934451631060651031e-02 2.940824956099678117e-02 -2.798902736093275507e+02
2.630000000000000000e+03 -1.124301924594293131e-03 -2.866438776206235023e-02 2.868642850881782808e-02 -2.809736285696016580e+02
2.640000000000000000e+03 -3.427844548692707250e-04 -2.789781784554830682e-02 2.789992368673960277e-02 -2.820567122363435146e+02
2.650000000000000000e+03 3.960301405856090327e-04 -2.705369551811155973e-02 2.705659404025092044e-02 -2.831397880872198130e+02
2.660000000000000000e+03 1.080139359759223639e-03 -2.614274278150203676e-02 2.616504731844140549e-02 -2.842231322121847370e+02
2.670000000000000000e+03 1.699301503858639774e-03 -2.517720308448817557e-02 2.523448396061582152e-02 -2.853070342631622793e+02
2.680000000000000000e+03 2.245292409401058488e-03 -2.417048076521613117e-02 2.427454383557798093e-02 -2.863917975501586852e+02
2.690000000000000000e+03 2.712085013952063393e-03 -2.313675285336976722e-02 2.329516554396678443e-02 -2.874777384371963649e+02
2.700000000000000000e+03 3.095946105388120567e-03 -2.209057159971299436e-02 2.230646175191202882e-02 -2.885651847664776142e+02
2.710000000000000000e+03 3.395474233990401595e-03 -2.104646425008951591e-02 2.131860461437353957e-02 -2.896544716880574128e+02
2.720000000000000000e+03 3.611561676182854612e-03 -2.001851565169836256e-02 2.034168986682682173e-02 -2.907459346408169267e+02
2.730000000000000000e+03 3.747254590574599416e-03 -1.901996214286287568e-02 1.938558425435043045e-02 -2.918399001256116208e+02
2.740000000000000000e+03 3.807590224955994824e-03 -1.806283706603387801e-02 1.845978944070781821e-02 -2.929366703907969054e+02
2.750000000000000000e+03 3.799416372693301906e-03 -1.715765530280594434e-02 1.757329508837186804e-02 -2.940365009025817358e+02
2.760000000000000000e+03 3.731112052322926344e-03 -1.631313326787379656e-02 1.673438120046272237e-02 -2.951395749726280542e+02
2.770000000000000000e+03 3.612250880745694701e-03 -1.553599826464014365e-02 1.595041060613643438e-02 -2.962459762133995582e+02
2.780000000000000000e+03 3.453263674936545274e-03 -1.483087541284529992e-02 1.522760307861928397e-02 -2.973556589636417016e+02
2.790000000000000000e+03 3.265067441940252158e-03 -1.420021961625519621e-02 1.457075504393293662e-02 -2.984684230764065660e+02
2.800000000000000000e+03 3.058655994190002426e-03 -1.364432046750161873e-02 1.398294881313230133e-02 -2.995839008109484212e+02
2.810000000000000000e+03 2.844706360766497202e-03 -1.316140301976446124e-02 1.346532152336699442e-02 -3.007015601245959147e+02
2.820000000000000000e+03 2.633215745814873349e-03 -1.274781263090329214e-02 1.301693328079332572e-02 -3.018207284168555589e+02
2.830000000000000000e+03 2.433166638634546349e-03 -1.239827892060259978e-02 1.263477819688271775e-02 -3.029406381665840513e+02
2.840000000000000000e+03 2.252255086101788342e-03 -1.210623268593714365e-02 1.231395642427421562e-02 -3.040604876269718488e+02
2.850000000000000000e+03 2.096727640610627531e-03 -1.186413415782912144e-02 1.204798514747874166e-02 -3.051795036466135116e+02
2.860000000000000000e+03 1.971261973548519338e-03 -1.166380407280192925e-02 1.182920957702032240e-02 -3.062970010352290160e+02
2.870000000000000000e+03 1.878914065093277531e-03 -1.149675194448485267e-02 1.164927565718236295e-02 -3.074124278764619476e+02
2.880000000000000000e+03 1.821169475215221861e-03 -1.135447196815920698e-02 1.149959529432096651e-02 -3.085253880001389462e+02
2.890000000000000000e+03 1.798054571887849461e-03 -1.122872725837933787e-02 1.137177717362409385e-02 -3.096356438300803120e+02
2.900000000000000000e+03 1.808295654665828837e-03 -1.111181532198092167e-02 1.125799151378669913e-02 -3.107431036007884586e+02
2.910000000000000000e+03 1.849486276182081340e-03 -1.099673110298719780e-02 1.115117457657227758e-02 -3.118478000090887576e+02
2.920000000000000000e+03 1.918246165481391147e-03 -1.087727466958729461e-02 1.104512438087636335e-02 -3.129498670046750703e+02
2.930000000000000000e+03 2.010439272411716598e-03 -1.074814641731381901e-02 1.093455611701139168e-02 -3.140495126510149930e+02
2.940000000000000000e+03 2.121402224495934092e-03 -1.060499376647512475e-02 1.081509316580641158e-02 -3.151469935707407899e+02
2.950000000000000000e+03 2.246125977692294603e-03 -1.044443858643645355e-02 1.068322887958068901e-02 -3.162425972358603303e+02
2.960000000000000000e+03 2.379449239452756295e-03 -1.026410541358605683e-02 1.053630099343877413e-02 -3.173366272050818111e+02
2.970000000000000000e+03 2.516238509897816746e-03 -1.006259987370367905e-02 1.037243329489055330e-02 -3.184293920025248781e+02
2.980000000000000000e+03 2.651534446564800425e-03 -9.839467758947581175e-03 1.019047401746791398e-02 -3.195211991136494589e+02
2.990000000000000000e+03 2.780694852408424015e-03 -9.595138632161586550e-03 9.989942403868525347e-03 -3.206123505087480794e+02
3.000000000000000000e+03 2.899548485170537915e-03 -9.330818171290491611e-03 9.770954362985204492e-03 -3.217031362622350343e+02
3.010000000000000000e+03 3.004515222093405869e-03 -9.048397449154876176e-03 9.534181040743008873e-03 -3.227938311151000903e+02
3.020000000000000000e+03 3.092694280931427859e-03 -8.750369138160287927e-03 9.280825284928812674e-03 -3.238846932744893934e+02
3.030000000000000000e+03 3.161939102552321131e-03 -8.439704921079793296e-03 9.012573330805573324e-03 -3.249759615471338634e+02
3.040000000000000000e+03 3.210893255712316159e-03 -8.119726778864974973e-03 8.731540440437519229e-03 -3.260678535052686584e+02
3.050000000000000000e+03 3.239016519403395671e-03 -7.793980677647193399e-03 8.440222912726055154e-03 -3.271605615202227568e+02
3.060000000000000000e+03 3.246595351736170261e-03 -7.466122641479012653e-03 8.141459861445024884e-03 -3.282542471115950775e+02
3.070000000000000000e+03 3.234707760905439645e-03 -7.139779148169036679e-03 7.838353180553378832e-03 -3.293490347195663048e+02
3.080000000000000000e+03 3.205136360913645246e-03 -6.818383754084810129e-03 7.534139374209799893e-03 -3.304450052445459960e+02
3.090000000000000000e+03 3.160304081925590508e-03 -6.505034021980039133e-03 7.232080580120312137e-03 -3.315421827798851382e+02
3.100000000000000000e+03 3.103217832745515901e-03 -6.202386827199591647e-03 6.935384868317603750e-03 -3.326405170226752261e+02
3.110000000000000000e+03 3.037395130216104418e-03 -5.912562290984774149e-03 6.647116820233838971e-03 -3.337398632969079699e+02
3.120000000000000000e+03 2.966721964537971483e-03 -5.637073997808279835e-03 6.370089675321554540e-03 -3.348399698833908928e+02
3.130000000000000000e+03 2.895290347927885737e-03 -5.376788505773256142e-03 6.106763531906224222e-03 -3.359404704248258327e+02
3.140000000000000000e+03 2.827277884974458300e-03 -5.131882946155207938e-03 5.859157175900327544e-03 -3.370408733128140852e+02
3.150000000000000000e+03 2.766839309242359254e-03 -4.901860362459480036e-03 5.628821792899480446e-03 -3.381405586209939997e+02
3.160000000000000000e+03 2.717978176044611414e-03 -4.685576747522397605e-03 5.416828852970837459e-03 -3.392387870382937649e+02
3.170000000000000000e+03 2.684385441855947300e-03 -4.481274787024827622e-03 5.223767693654892894e-03 -3.403347251053271521e+02
3.180000000000000000e+03 2.669303752425835220e-03 -4.286647501051440989e-03 5.049804879496356570e-03 -3.414274806353849954e+02
3.190000000000000000e+03 2.675440453410532493e-03 -4.098892899023973135e-03 4.894783408631551112e-03 -3.425161388455946394e+02
3.200000000000000000e+03 2.704881029592502185e-03 -3.914825787402662419e-03 4.758386525910044546e-03 -3.435998111629207870e+02
3.210000000000000000e+03 2.758988782625712479e-03 -3.731002602176259567e-03 4.640301662618555832e-03 -3.446776937271536667e+02
3.220000000000000000e+03 2.838307101517870915e-03 -3.543842679519557549e-03 4.540353305604215989e-03 -3.457491287526628412e+02
3.230000000000000000e+03 2.942503614880394389e-03 -3.349755083625817042e-03 4.458608150966082706e-03 -3.468136600207890865e+02
3.240000000000000000e+03 3.070366404209827656e-03 -3.145251246595516092e-03 4.395424354975413853e-03 -3.478710748183059991e+02
3.250000000000000000e+03 3.219830705662019617e-03 -2.927100808479591188e-03 4.351462847839316500e-03 -3.489214413824445273e+02
3.260000000000000000e+03 3.388013450136062588e-03 -2.692496331921939972e-03 4.327605762510717755e-03 -3.499651378609210042e+02
3.270000000000000000e+03 3.571271153393985875e-03 -2.439198414258456158e-03 4.324773584268311322e-03 -3.510028584656462272e+02
3.280000000000000000e+03 3.765315215400362459e-03 -2.165689732425593855e-03 4.343709323660955961e-03 -3.520355900944725818e+02
3.290000000000000000e+03 3.965358350322335801e-03 -1.871305910826354633e-03 4.384729485198001105e-03 -3.530645563575961319e+02
3.300000000000000000e+03 4.166303354723000646e-03 -1.556298631426288222e-03 4.447487950939886699e-03 -3.540911231650907212e+02
3.310000000000000000e+03 4.362931460280818248e-03 -1.221882158265828050e-03 4.530802019046569450e-03 -3.551166936351971799e+02
3.320000000000000000e+03 4.550074098294856068e-03 -8.702724076771989163e-04 4.632553115026099080e-03 -3.561426124999375133e+02
3.330000000000000000e+03 4.722796870968875606e-03 -5.046646526161751222e-04 4.749683852219388144e-03 -3.571700825933390320e+02
3.340000000000000000e+03 4.876618510772894564e-03 -1.291217752483265796e-04 4.878327636850165495e-03 -3.582001009279974824e+02
3.350000000000000000e+03 5.007702821610661610e-03 2.515660277249126943e-04 5.014017652130143242e-03 -3.592334357667125460e+02
3.360000000000000000e+03 5.113003555863253509e-03 6.320207624222495303e-04 5.151917663006958144e-03 -3.602706427788461383e+02
3.370000000000000000e+03 5.190423137541195879e-03 1.006444491487728989e-03 5.287099664387742703e-03 -3.613121020495800053e+02
3.380000000000000000e+03 5.238938677190638042e-03 1.368819452534653916e-03 5.414807951996197799e-03 -3.623580646166972770e+02
3.390000000000000000e+03 5.258655347263863598e-03 1.713127951595734772e-03 5.530665732065663878e-03 -3.634086984894552188e+02
3.400000000000000000e+03 5.250809185453172295e-03 2.033581831034574506e-03 5.630848263410525960e-03 -3.644641283657495592e+02
3.410000000000000000e+03 5.217770944600119525e-03 2.324861623423697329e-03 5.712277584149906377e-03 -3.655244688421831825e+02
3.420000000000000000e+03 5.162987577329223449e-03 2.582346132710608682e-03 5.772776825132019431e-03 -3.665898497154645952e+02
3.430000000000000000e+03 5.090887186186635223e-03 2.802311257858181893e-03 5.811203036239396928e-03 -3.676604358656238105e+02
3.440000000000000000e+03 5.006748845717537769e-03 2.982165750488021717e-03 5.827593548582268856e-03 -3.687364299156519110e+02
3.450000000000000000e+03 4.916532604918469850e-03 3.120658868589507723e-03 5.823298432102956036e-03 -3.698180655145246192e+02
3.460000000000000000e+03 4.826649874815360473e-03 3.217974569073031067e-03 5.801026576499705538e-03 -3.709055969503564256e+02
3.470000000000000000e+03 4.743684148686555004e-03 3.275780138897362633e-03 5.764830857960579619e-03 -3.719992697531105819e+02
3.480000000000000000e+03 4.674073693855812159e-03 3.297276723332102574e-03 5.720052332437405504e-03 -3.730992619982096699e+02
3.490000000000000000e+03 4.623832409797106434e-03 3.287193700301848948e-03 5.673223825762057498e-03 -3.742056094024101753e+02
3.500000000000000000e+03 4.598266672649106712e-03 3.251722275467296835e-03 5.631851751383882415e-03 -3.753181124567460643e+02
3.510000000000000000e+03 4.601647755963349587e-03 3.198402019000436136e-03 5.604010844485278128e-03 -3.764362293812349662e+02
3.520000000000000000e+03 4.636918488788928025e-03 3.135912263722127717e-03 5.597763731833940194e-03 -3.775589924544145788e+02
3.530000000000000000e+03 4.705461293668092640e-03 3.073730683862242654e-03 5.620425811548876785e-03 -3.786849895160369783e+02
3.540000000000000000e+03 4.806900615948390618e-03 3.021779890904538121e-03 5.677803029401430439e-03 -3.798124213133301055e+02
3.550000000000000000e+03 4.938947662043792139e-03 2.990051073406672748e-03 5.773526602518450242e-03 -3.809392469531750294e+02
3.560000000000000000e+03 5.097358029453033512e-03 2.988139858573013799e-03 5.908641019288789382e-03 -3.820634087322413279e+02
3.570000000000000000e+03 5.275976907664987371e-03 3.024799856649945315e-03 6.081557900982587604e-03 -3.831830618999097737e+02
3.580000000000000000e+03 5.466846535121988419e-03 3.107510268823014590e-03 6.288324984398927474e-03 -3.842967479393808503e+02
3.590000000000000000e+03 5.660427173051254743e-03 3.242038555106670737e-03 6.523131899188852438e-03 -3.854034838412314912e+02
3.600000000000000000e+03 5.845892313167060962e-03 3.432009161502096173e-03 6.778874819745534311e-03 -3.865027637113062156e+02
3.610000000000000000e+03 6.011546205195195461e-03 3.678546590043749523e-03 7.047722525207646659e-03 -3.875944959428546781e+02
3.620000000000000000e+03 6.145349578844166646e-03 3.980038275202045159e-03 7.321613628038114822e-03 -3.886789076600935573e+02
3.630000000000000000e+03 6.235489570578462391e-03 4.332028121615321900e-03 7.592614690029960388e-03 -3.897564440731678701e+02
3.640000000000000000e+03 6.270941950799163722e-03 4.727231454353840283e-03 7.853115953131288227e-03 -3.908276808391290729e+02
3.650000000000000000e+03 6.242078272976980292e-03 5.155665879283467465e-03 8.095951570061363234e-03 -3.918932623072306569e+02
3.660000000000000000e+03 6.141266421037059643e-03 5.604915608525748265e-03 8.314459226723821747e-03 -3.929538612417999275e+02
3.670000000000000000e+03 5.963406018934571881e-03 6.060548252261746885e-03 8.502497072311050730e-03 -3.940101523392329455e+02
3.680000000000000000e+03 5.706399691665537365e-03 6.506651357688610950e-03 8.654450261660274341e-03 -3.950628004524813832e+02
3.690000000000000000e+03 5.371532577190922704e-03 6.926510026088215227e-03 8.765266873822149044e-03 -3.961124575979197289e+02
3.700000000000000000e+03 4.963671190728873896e-03 7.303376246257711583e-03 8.830477692858591451e-03 -3.971597639320215194e+02
3.710000000000000000e+03 4.491271347391496450e-03 7.621259003241146086e-03 8.846191672713409060e-03 -3.982053539368098996e+02
3.720000000000000000e+03 3.966213713766144830e-03 7.865731413721276793e-03 8.809119246330382111e-03 -3.992498666387141952e+02
3.730000000000000000e+03 3.403448524486731713e-03 8.024761296173693256e-03 8.716665401367555688e-03 -4.002939567043265470e+02
3.740000000000000000e+03 2.820445315136593887e-03 8.089469961713533636e-03 8.567055272212355591e-03 -4.013383103884956995e+02
3.750000000000000000e+03 2.236458800503568142e-03 8.054737709850769492e-03 8.359458567445732929e-03 -4.023836682974085761e+02
3.760000000000000000e+03 1.671677025915781125e-03 7.919620702753246699e-03 8.094127263297289793e-03 -4.034308598333726650e+02
3.770000000000000000e+03 1.146307910090679305e-03 7.687559646686122246e-03 7.772553965466776592e-03 -4.044808544995364628e+02
3.780000000000000000e+03 6.796017358520518728e-04 7.366376994297666771e-03 7.397659666508796944e-03 -4.055348298983291215e+02
3.790000000000000000e+03 2.888429086923823908e-04 6.968022832614498979e-03 6.974006912940283742e-03 -4.065942619755384158e+02
3.800000000000000000e+03 -1.157224093880628896e-05 6.508033907235168808e-03 6.508044195799764578e-03 -4.076610549137244561e+02
3.810000000000000000e+03 -2.108318793038571853e-04 6.004816176375192723e-03 6.008516238921884217e-03 -4.087377370120763089e+02
3.820000000000000000e+03 -3.022388503273270807e-04 5.478805646765416183e-03 5.487135831895889604e-03 -4.098277238181643156e+02
3.830000000000000000e+03 -2.835805294217188860e-04 4.951563981573043303e-03 4.959677789965653665e-03 -4.109356246504895012e+02
3.840000000000000000e+03 -1.572898300190380295e-04 4.444763009014143611e-03 4.447545198975259677e-03 -4.120674601443343477e+02
3.850000000000000000e+03 6.969796457759004963e-05 3.979097779123017854e-03 3.979708147853054656e-03 -4.132303472898910854e+02
3.860000000000000000e+03 3.863425704318773743e-04 3.573317172949593782e-03 3.594141928224925658e-03 -4.144305334442877324e+02
3.870000000000000000e+03 7.781190650734430211e-04 3.243408681959160725e-03 3.335441373737339007e-03 -4.156682908661302349e+02
3.880000000000000000e+03 1.227807121593101720e-03 3.001995417379396593e-03 3.243375836038992540e-03 -4.169310713288872989e+02
3.890000000000000000e+03 1.716362483661937246e-03 2.857890106238944374e-03 3.333682053624883318e-03 -4.181936714228770029e+02
3.900000000000000000e+03 2.223856427968138542e-03 2.815842777449317855e-03 3.588106458778598639e-03 -4.194313024301837345e+02
3.910000000000000000e+03 2.730373176966609250e-03 2.876482158429039936e-03 3.965991338021217227e-03 -4.206321781294833499e+02
3.920000000000000000e+03 3.216879333648904257e-03 3.036496882254578061e-03 4.423643968856353324e-03 -4.217970688357024756e+02
3.930000000000000000e+03 3.666003066515329412e-03 3.289040912586254847e-03 4.925177012896696065e-03 -4.229323780659366321e+02
3.940000000000000000e+03 4.062652639779007480e-03 3.624201688957650117e-03 5.444261598577609072e-03 -4.240452085454419944e+02
3.950000000000000000e+03 4.394511797660063251e-03 4.029573781843567154e-03 5.962314886274838917e-03 -4.251415249396657714e+02
3.960000000000000000e+03 4.652363625526497425e-03 4.490918220864874993e-03 6.466284386772529896e-03 -4.262258866584501220e+02
3.970000000000000000e+03 4.830288157815928150e-03 4.992840838729223352e-03 6.946952089112111081e-03 -4.273016847790598831e+02
3.980000000000000000e+03 4.925741985297504150e-03 5.519525984856334458e-03 7.397844361922389401e-03 -4.283714451623575314e+02
3.990000000000000000e+03 4.939489067990708582e-03 6.055485384839466058e-03 7.814566878516306797e-03 -4.294370770658241554e+02
4.000000000000000000e+03 4.875371711572535141e-03 6.586236188511573192e-03 8.194373463350395834e-03 -4.305000561181925036e+02
4.010000000000000000e+03 4.739909640066306863e-03 7.098872712584757688e-03 8.535850114984094503e-03 -4.315615499585608177e+02
4.020000000000000000e+03 4.541754845996980212e-03 7.582507421061836055e-03 8.838662561247311381e-03 -4.326225007221218561e+02
4.030000000000000000e+03 4.291085554339073814e-03 8.028595728115837937e-03 9.103393026788272543e-03 -4.336836789840174333e+02
4.040000000000000000e+03 3.998947644638466831e-03 8.431128039327844340e-03 9.331425522400085826e-03 -4.347457162627950993e+02
4.050000000000000000e+03 3.676619892857206032e-03 8.786604333548756265e-03 9.524807061084812274e-03 -4.358091296975694604e+02
4.060000000000000000e+03 3.335082415533140946e-03 9.093884338546950885e-03 9.686150271458103533e-03 -4.368743416479593407e+02
4.070000000000000000e+03 2.984521515142092140e-03 9.353951110451098894e-03 9.818542155078593611e-03 -4.379416879250290435e+02
4.080000000000000000e+03 2.633915916748532249e-03 9.569563426588304292e-03 9.925424788491309103e-03 -4.390114213407406965e+02
4.090000000000000000e+03 2.290728512696849940e-03 9.744854809161564851e-03 1.001047613105998137e-02 -4.400837118889143653e+02
4.100000000000000000e+03 1.960709289929970806e-03 9.884944344525475532e-03 1.007752477615331266e-02 -4.411586445543961190e+02
4.110000000000000000e+03 1.647790816720593170e-03 9.995523454268930713e-03 1.013043452673719272e-02 -4.422362164523183878e+02
4.120000000000000000e+03 1.354156072359312358e-03 1.008242369714025879e-02 1.017295464832921811e-02 -4.433163426863353607e+02
4.130000000000000000e+03 1.080442841384525021e-03 1.015122225935195972e-02 1.020855866869862030e-02 -4.443988686121800242e+02
4.140000000000000000e+03 8.259423000952463697e-04 1.020693307589957272e-02 1.024029606500609542e-02 -4.454835768617176655e+02
4.150000000000000000e+03 5.889019261454935938e-04 1.025376633941361276e-02 1.027066354340894216e-02 -4.465702027787668271e+02
4.160000000000000000e+03 3.669110795373700554e-04 1.029494828029734431e-02 1.030148454516554256e-02 -4.476584578951499225e+02
4.170000000000000000e+03 1.572774135145014410e-04 1.033262615318769791e-02 1.033382307794846085e-02 -4.487480533200094328e+02
4.180000000000000000e+03 -4.261537670359156289e-05 1.036785375066620087e-02 1.036794133208395439e-02 -4.498387227446249881e+02
4.190000000000000000e+03 -2.349466975217437436e-04 1.040061928494168120e-02 1.040327263225265982e-02 -4.509302472166600069e+02
4.200000000000000000e+03 -4.211189861351342196e-04 1.042995532712457339e-02 1.043845339723743423e-02 -4.645888496775822318e+02
