0.000000000000000000e+00 8.404569130993571946e+00 0.000000000000000000e+00 8.404569130993571946e+00 0.000000000000000000e+00
1.000000000000000000e+01 8.396700897502693550e+00 5.809291464319183427e-04 8.396700917598602487e+00 -1.109930814595804227e+00
2.000000000000000000e+01 8.372730864309001930e+00 2.261841612253892662e-03 8.372731169820278652e+00 -2.219729856173106697e+00
3.000000000000000000e+01 8.332751881582160181e+00 6.070487782804663383e-03 8.332754092785467748e+00 -3.329271490763777486e+00
4.000000000000000000e+01 8.277277145968904293e+00 1.297214096204629859e-02 8.277287310926224606e+00 -4.438432802223128526e+00
5.000000000000000000e+01 8.206994783539254712e+00 2.382236283037575050e-02 8.207029357935267555e+00 -5.547097318013102907e+00
6.000000000000000000e+01 8.122743080337061272e+00 3.934432706893859627e-02 8.122838366312363334e+00 -6.655156313699733595e+00
7.000000000000000000e+01 8.025477965990733153e+00 6.011056930199552839e-02 8.025703075939489395e+00 -7.762510172536184250e+00
8.000000000000000000e+01 7.916239580721767588e+00 8.653274426145102227e-02 7.916712513108921101e+00 -8.869069393732445405e+00
9.000000000000000000e+01 7.796119170189474090e+00 1.188599722282881049e-01 7.797025189698564063e+00 -9.974755137578805275e+00
1.000000000000000000e+02 7.666227735781570019e+00 1.571835085009661570e-01 7.667838962329040164e+00 -1.107949950178359977e+01
1.100000000000000000e+02 7.527667240679399185e+00 2.014474058436538095e-01 7.530362218626600601e+00 -1.218324545156343319e+01
1.200000000000000000e+02 7.381508429775678337e+00 2.514639249782724684e-01 7.385790465780550207e+00 -1.328594642994180930e+01
1.300000000000000000e+02 7.228772140504892363e+00 3.069320541371219346e-01 7.235285339583817255e+00 -1.438756571124509875e+01
1.400000000000000000e+02 7.070414920934187997e+00 3.674553529050150202e-01 7.079956962478468618e+00 -1.548807588185521311e+01
1.500000000000000000e+02 6.907322270995387647e+00 4.325612997069838705e-01 6.920853287954678024e+00 -1.658745808446994374e+01
1.600000000000000000e+02 6.740301150576569533e+00 5.017224445908483599e-01 6.758948513775647982e+00 -1.768570081625551893e+01
1.700000000000000000e+02 6.570080475715972312e+00 5.743723700280908284e-01 6.595139200717138550e+00 -1.878279927278624939e+01
1.800000000000000000e+02 6.397311435094402476e+00 6.499222474812592631e-01 6.430240471814463454e+00 -1.987875434090871707e+01
1.900000000000000000e+02 6.222570344366061157e+00 7.277732946262268632e-01 6.264984888964623799e+00 -2.097357192667950088e+01
2.000000000000000000e+02 6.046364994541076676e+00 8.073308842859977519e-01 6.100025639612814743e+00 -2.206726177883440698e+01
2.100000000000000000e+02 5.869138667833571965e+00 8.880119118561861091e-01 5.935937487697938053e+00 -2.315983703103970726e+01
2.200000000000000000e+02 5.691276682675298737e+00 9.692526730388741907e-01 5.773221026684892010e+00 -2.425131345927637483e+01
2.300000000000000000e+02 5.513113268483534668e+00 1.050515684233411351e+00 5.612308002413053387e+00 -2.534170867911275238e+01
2.400000000000000000e+02 5.334938072670689202e+00 1.131294849528818869e+00 5.453566931449698174e+00 -2.643104139564153598e+01
2.500000000000000000e+02 5.157003040532209148e+00 1.211118003407405608e+00 5.297309428213155869e+00 -2.751933095874948165e+01
2.600000000000000000e+02 4.979526531996585348e+00 1.289549037386670260e+00 5.143794436277836724e+00 -2.860659676615999913e+01
2.700000000000000000e+02 4.802699543296276019e+00 1.366188876545694431e+00 4.993234918324537475e+00 -2.969285785011924261e+01
2.800000000000000000e+02 4.626690650015017781e+00 1.440675964083085514e+00 4.845803710884616144e+00 -3.077813245722594715e+01
2.900000000000000000e+02 4.451650018764532035e+00 1.512686286306673011e+00 4.701638830274665892e+00 -3.186243763629612147e+01
3.000000000000000000e+02 4.277712797382244858e+00 1.581931629538661399e+00 4.560847997623104000e+00 -3.294578913307395851e+01
3.100000000000000000e+02 4.105002859163951356e+00 1.648158645638999387e+00 4.423513919378891046e+00 -3.402820118914554826e+01
3.200000000000000000e+02 3.933635618957103564e+00 1.711147539731826983e+00 4.289698717329495814e+00 -3.510968641410456570e+01
3.300000000000000000e+02 3.763720215754083220e+00 1.770709636620239724e+00 4.159447376719141332e+00 -3.619025592018838466e+01
3.400000000000000000e+02 3.595360833894903241e+00 1.826685272651239478e+00 4.032790424907595650e+00 -3.726991939850194768e+01
3.500000000000000000e+02 3.428658001990871451e+00 1.878942535581126672e+00 3.909746890353909876e+00 -3.834868508209056870e+01
3.600000000000000000e+02 3.263710005075299403e+00 1.927374824598676373e+00 3.790326728888340657e+00 -3.942656007799507734e+01
3.700000000000000000e+02 3.100613527672874792e+00 1.971899006512048746e+00 3.674532615159543436e+00 -4.050355059065887531e+01
3.800000000000000000e+02 2.939463898293094957e+00 2.012453590652261148e+00 3.562361220300043652e+00 -4.157966217469846271e+01
3.900000000000000000e+02 2.780355525850414455e+00 2.048996855298808484e+00 3.453804418775235252e+00 -4.265490011173953633e+01
4.000000000000000000e+02 2.623381422558536791e+00 2.081505305514590010e+00 3.348849716710297297e+00 -4.372926964346813605e+01
4.100000000000000000e+02 2.468633819383154293e+00 2.109971860291204315e+00 3.247481206323292291e+00 -4.480277651647979553e+01
4.200000000000000000e+02 2.316203543203624537e+00 2.134404630936983072e+00 3.149679663412497721e+00 -4.587542724555064666e+01
4.300000000000000000e+02 2.166179701423296855e+00 2.154825528198898166e+00 3.055422647660383184e+00 -4.694722949995609440e+01
4.400000000000000000e+02 2.018649717429964241e+00 2.171269043081167194e+00 2.964684795913839377e+00 -4.801819256729631036e+01
4.500000000000000000e+02 1.873698765689810086e+00 2.183781153400626618e+00 2.877437608445279515e+00 -4.908832768769903510e+01
4.600000000000000000e+02 1.731409446714333722e+00 2.192418234927240750e+00 2.793649295994955928e+00 -5.015764844344685258e+01
4.700000000000000000e+02 1.591861500757199233e+00 2.197246317726154530e+00 2.713284802292989628e+00 -5.122617108312590517e+01
4.800000000000000000e+02 1.455131164094156881e+00 2.198339886357739026e+00 2.636305172143273090e+00 -5.229391482601051422e+01
4.900000000000000000e+02 1.321291552760130550e+00 2.195781287499755319e+00 2.562667912533608039e+00 -5.336090231226211245e+01
5.000000000000000000e+02 1.190412099184648742e+00 2.189659913468631203e+00 2.492326524060733295e+00 -5.442715980488993921e+01
5.100000000000000000e+02 1.062558274453177187e+00 2.180071367004218885e+00 2.425230144097783924e+00 -5.549271741408391279e+01
5.200000000000000000e+02 9.377914202535081456e-01 2.167117010577112257e+00 2.361323545267308699e+00 -5.655760922085682552e+01
5.300000000000000000e+02 8.161683033551844213e-01 2.150903366586089493e+00 2.300546889718410704e+00 -5.762187325394956616e+01
5.400000000000000000e+02 6.977412675118017660e-01 2.131541539006330144e+00 2.242835751654242316e+00 -5.868555160677196625e+01
5.500000000000000000e+02 5.825582193087677219e-01 2.109146923655908168e+00 2.188121300214269205e+00 -5.974869038722994219e+01
5.600000000000000000e+02 4.706621015485634718e-01 2.083838423940984175e+00 2.136329888132204147e+00 -6.081133942671107206e+01
5.700000000000000000e+02 3.620909472898652948e-01 2.055737816842611920e+00 2.087383008866868117e+00 -6.187355208340672874e+01
5.800000000000000000e+02 2.568779313503642414e-01 2.024969443024037918e+00 2.041197569270531087e+00 -6.293538492063714784e+01
5.900000000000000000e+02 1.550510244924751257e-01 1.991659894439693934e+00 1.997686150353878531e+00 -6.399689712006529163e+01
6.000000000000000000e+02 5.663312220879823666e-02 1.955937594297195270e+00 1.956757313341697113e+00 -6.505815004858946793e+01
6.100000000000000000e+02 -3.835807343271236541e-02 1.917932554216585928e+00 1.918316090825812559e+00 -6.611920664029607053e+01
6.200000000000000000e+02 -1.299097087556325136e-01 1.877775734779324468e+00 1.882264126671654214e+00 -6.718013097233672681e+01
6.300000000000000000e+02 -2.180135831624602782e-01 1.835598983791425720e+00 1.848500352106931421e+00 -6.824098773545617291e+01
6.400000000000000000e+02 -3.026663935966276697e-01 1.791534846445595131e+00 1.816921586596854432e+00 -6.930184148232470420e+01
6.500000000000000000e+02 -3.838695483010166054e-01 1.745716047028392559e+00 1.787422822659838317e+00 -7.036275608126496195e+01
6.600000000000000000e+02 -4.616290531298505861e-01 1.698275397335703651e+00 1.759897925417637676e+00 -7.142379417732368552e+01
6.700000000000000000e+02 -5.359554899673739659e-01 1.649345627216851851e+00 1.734240261683921869e+00 -7.248501665346243783e+01
6.800000000000000000e+02 -6.068637621554812123e-01 1.599059034046110384e+00 1.710343070901853890e+00 -7.354648224377321242e+01
6.900000000000000000e+02 -6.743727888348605148e-01 1.547547373720705721e+00 1.688099976965452331e+00 -7.460824726743136637e+01
7.000000000000000000e+02 -7.385051177629800012e-01 1.494941541883610503e+00 1.667405176497740005e+00 -7.567036542608886407e+01
7.100000000000000000e+02 -7.992866051681013495e-01 1.441371299089725166e+00 1.648153602987521893e+00 -7.673288760870292435e+01
7.200000000000000000e+02 -8.567462800533890421e-01 1.386964962277536184e+00 1.630241084922977812e+00 -7.779586162130567573e+01
7.300000000000000000e+02 -9.109160538936296181e-01 1.331848982977292373e+00 1.613564306341333854e+00 -7.885933198694216628e+01
7.400000000000000000e+02 -9.618304042307307400e-01 1.276147689723806655e+00 1.598020854835774607e+00 -7.992333982111476587e+01
7.500000000000000000e+02 -1.009526240082984749e+00 1.219983028284817639e+00 1.583509336479921759e+00 -8.098792263808641678e+01
7.600000000000000000e+02 -1.054042705030649563e+00 1.163474270117313303e+00 1.569929425564519976e+00 -8.205311420201884687e+01
7.700000000000000000e+02 -1.095420863476333606e+00 1.106737598162271130e+00 1.557181742548129355e+00 -8.311894439298295367e+01
7.800000000000000000e+02 -1.133703524307570598e+00 1.049885570502326226e+00 1.545167755350985050e+00 -8.418543894007677864e+01
7.900000000000000000e+02 -1.168935217202576204e+00 9.930267802036129021e-01 1.533789988302827645e+00 -8.525261916914665505e+01
8.000000000000000000e+02 -1.201162202040249927e+00 9.362656400658437850e-01 1.522952390712883242e+00 -8.632050182854712261e+01
8.100000000000000000e+02 -1.230432516143771915e+00 8.797020679726709202e-01 1.512560711237498579e+00 -8.738909889348802551e+01
8.200000000000000000e+02 -1.256796015630399888e+00 8.234311128071677421e-01 1.502522885830128940e+00 -8.845841737648117942e+01
8.300000000000000000e+02 -1.280304487929150303e+00 7.675426038067389989e-01 1.492749553833446097e+00 -8.952845915488811102e+01
8.400000000000000000e+02 -1.301011773135122285e+00 7.121212975395491140e-01 1.483154872643314359e+00 -9.059922112706198050e+01
8.500000000000000000e+02 -1.318973951405622014e+00 6.572469762346236921e-01 1.473657311675993453e+00 -9.167069540116898452e+01
8.600000000000000000e+02 -1.334249514828497629e+00 6.029942741468281575e-01 1.464180269800799294e+00 -9.274286939111068762e+01
8.700000000000000000e+02 -1.346899297382455396e+00 5.494329280008459770e-01 1.454652625083024731e+00 -9.381572627952490961e+01
8.800000000000000000e+02 -1.356986613566186772e+00 4.966278414779238815e-01 1.445009301813953373e+00 -9.488924533985884580e+01
8.900000000000000000e+02 -1.364577227886132782e+00 4.446392558848546450e-01 1.435191652267821638e+00 -9.596340239442847064e+01
9.000000000000000000e+02 -1.369739347020322073e+00 3.935229639433918125e-01 1.425147782486591908e+00 -9.703817030361442164e+01
9.100000000000000000e+02 -1.372543748807070640e+00 3.433303572559378014e-01 1.414832879389950060e+00 -9.811351932221360528e+01
9.200000000000000000e+02 -1.373063750951396544e+00 2.941088224284958419e-01 1.404209408744648391e+00 -9.918941772908897292e+01
9.300000000000000000e+02 -1.371374912459083273e+00 2.459022278470799072e-01 1.393246947307732464e+00 -1.002658325597615487e+02
9.400000000000000000e+02 -1.367554605775051169e+00 1.987512420800321700e-01 1.381921725715646643e+00 -1.013427302024253578e+02
9.500000000000000000e+02 -1.361681852941539095e+00 1.526933713471093357e-01 1.370216309304355562e+00 -1.024200767095014015e+02
9.600000000000000000e+02 -1.353837280051076952e+00 1.077630216046845529e-01 1.358119379760656331e+00 -1.034978380826468509e+02
9.700000000000000000e+02 -1.344102648347696993e+00 6.399169124106604545e-02 1.345625083685342505e+00 -1.045759806536164120e+02
9.800000000000000000e+02 -1.332560474994099353e+00 2.140812998164989128e-02 1.332732429089129367e+00 -1.056544713741780726e+02
9.900000000000000000e+02 -1.319293859937248570e+00 -1.996136517566125465e-02 1.319444862420480424e+00 -1.067332781604435183e+02
1.000000000000000000e+03 -1.304386238591469738e+00 -6.009273844183822544e-02 1.305769733391091370e+00 -1.078123701553628564e+02
1.010000000000000000e+03 -1.287921134170044501e+00 -9.896428140813866292e-02 1.291717762065879072e+00 -1.088917177185816456e+02
1.020000000000000000e+03 -1.269981769319727727e+00 -1.365567356902669394e-01 1.277302406036584292e+00 -1.099712923685226542e+02
1.030000000000000000e+03 -1.250650843168541471e+00 -1.728534512064751894e-01 1.262539443784697291e+00 -1.110510666419884558e+02
1.040000000000000000e+03 -1.230010334741918676e+00 -2.078404680488082357e-01 1.247446625603947146e+00 -1.121310139847765868e+02
1.050000000000000000e+03 -1.208141448582147337e+00 -2.415062903407968475e-01 1.232043444062076221e+00 -1.132111088855960475e+02
1.060000000000000000e+03 -1.185124410807175011e+00 -2.738418446340694645e-01 1.216350782037666667e+00 -1.142913268427327580e+02
1.070000000000000000e+03 -1.161038441910322350e+00 -3.048403485558824344e-01 1.200390728763439219e+00 -1.153716444194165121e+02
1.080000000000000000e+03 -1.135961767410630596e+00 -3.344972419405551900e-01 1.184186447264332642e+00 -1.164520392668944737e+02
1.090000000000000000e+03 -1.109971425137875167e+00 -3.628103267571388679e-01 1.167761918296802204e+00 -1.175324899376926311e+02
1.100000000000000000e+03 -1.083143150474145333e+00 -3.897797950810996115e-01 1.151141769319713681e+00 -1.186129757899960424e+02
1.110000000000000000e+03 -1.055551103668924018e+00 -4.154081320521851861e-01 1.134350937158236539e+00 -1.196934769361984792e+02
1.120000000000000000e+03 -1.027267979583981861e+00 -4.396998853229396875e-01 1.117414645971477549e+00 -1.207739744029515663e+02
1.130000000000000000e+03 -9.983650818692784146e-01 -4.626616628029192047e-01 1.100358419299553914e+00 -1.218544501233203903e+02
1.140000000000000000e+03 -9.689119715573426550e-01 -4.843021096782690327e-01 1.083207709567264310e+00 -1.229348867961142133e+02
1.150000000000000000e+03 -9.389765853906624216e-01 -5.046318057837696491e-01 1.065987939575535837e+00 -1.240152679677697876e+02
1.160000000000000000e+03 -9.086253256885424845e-01 -5.236633752453927482e-01 1.048724612591888539e+00 -1.250955779595724664e+02
1.170000000000000000e+03 -8.779229703640822891e-01 -5.414112332767279101e-01 1.031443098484410292e+00 -1.261758020341669493e+02
1.180000000000000000e+03 -8.469326337095469670e-01 -5.578915913735411625e-01 1.014168582518454764e+00 -1.272559263729435628e+02
1.190000000000000000e+03 -8.157158117223223259e-01 -5.731222419718146055e-01 9.969259700382001599e-01 -1.283359382895643535e+02
1.200000000000000000e+03 -7.843327196737016616e-01 -5.871221389871538188e-01 9.797398742725521581e-01 -1.294158268092559467e+02
1.210000000000000000e+03 -7.528420689380543873e-01 -5.999117073009441192e-01 9.626345294657073781e-01 -1.304955823675945510e+02
1.220000000000000000e+03 -7.213004807208255320e-01 -6.115128943844776455e-01 9.456333345893509490e-01 -1.315751964428743577e+02
1.230000000000000000e+03 -6.897626400290443049e-01 -6.219487811804943478e-01 9.287587340056293606e-01 -1.326546619609668198e+02
1.240000000000000000e+03 -6.582816084027073300e-01 -6.312433503596340811e-01 9.120322600294964444e-01 -1.337339737223426823e+02
1.250000000000000000e+03 -6.269086015302468562e-01 -6.394212389153324239e-01 8.954741288550041034e-01 -1.348131284791179780e+02
1.260000000000000000e+03 -5.956926354881538765e-01 -6.465079086589703428e-01 8.791030610420021985e-01 -1.358921245152925792e+02
1.270000000000000000e+03 -5.646806720971608851e-01 -6.525296903377358904e-01 8.629364160889043678e-01 -1.369709616841917352e+02
1.280000000000000000e+03 -5.339179303389535169e-01 -6.575133620360467113e-01 8.469900693593621632e-01 -1.380496419792229403e+02
1.290000000000000000e+03 -5.034477285226662824e-01 -6.614861501186580783e-01 8.312782579578489317e-01 -1.391281693819667851e+02
1.300000000000000000e+03 -4.733113453720151909e-01 -6.644758140378909106e-01 8.158135430962057955e-01 -1.402065496200340817e+02
1.310000000000000000e+03 -4.435480286796140148e-01 -6.665105508936924883e-01 8.006067500328641895e-01 -1.412847901656719785e+02
1.320000000000000000e+03 -4.141948776761663620e-01 -6.676188668084241939e-01 7.856668174307342989e-01 -1.423629000988262305e+02
1.330000000000000000e+03 -3.852869261966039294e-01 -6.678294829849455994e-01 7.710008001565024083e-01 -1.434408901124527915e+02
1.340000000000000000e+03 -3.568571425498005545e-01 -6.671713268277594810e-01 7.566139038703437736e-01 -1.445187723578405041e+02
1.350000000000000000e+03 -3.289363491803692918e-01 -6.656735362634921271e-01 7.425095142108635304e-01 -1.455965601654512795e+02
1.360000000000000000e+03 -3.015534798282226703e-01 -6.633652922331256807e-01 7.286892425005672136e-01 -1.466742682484968441e+02
1.370000000000000000e+03 -2.747356734903847464e-01 -6.602756535119496117e-01 7.151528710065054861e-01 -1.477519127134721941e+02
1.380000000000000000e+03 -2.485080451683735203e-01 -6.564336173850765510e-01 7.018983847727984227e-01 -1.488295104992292011e+02
1.390000000000000000e+03 -2.228933310595425099e-01 -6.518682980282947126e-01 6.889221400166527509e-01 -1.499070785238058363e+02
1.400000000000000000e+03 -1.979119126289273500e-01 -6.466090169401732535e-01 6.762191552660848926e-01 -1.509846333436532007e+02
1.410000000000000000e+03 -1.735819746935757246e-01 -6.406850843231908232e-01 6.637831567708956104e-01 -1.520621911543478575e+02
1.420000000000000000e+03 -1.499198947796674120e-01 -6.341256376034888342e-01 6.516067058562072800e-01 -1.531397681062383924e+02
1.430000000000000000e+03 -1.269406207450208268e-01 -6.269597001029920680e-01 6.396814728819062434e-01 -1.542173805857198943e+02
1.440000000000000000e+03 -1.046574947262633726e-01 -6.192160717555853511e-01 6.279981964327573385e-01 -1.552950447720805585e+02
1.450000000000000000e+03 -8.308208670224782877e-02 -6.109232832590806295e-01 6.165467469372089004e-01 -1.563727761256968734e+02
1.460000000000000000e+03 -6.222397380480512025e-02 -6.021095593501930576e-01 6.053162350184775331e-01 -1.574505887379874309e+02
1.470000000000000000e+03 -4.209064829324852403e-02 -5.928027019513966156e-01 5.942951001940216527e-01 -1.585284948557610107e+02
1.480000000000000000e+03 -2.268756556308739944e-02 -5.830303764952738943e-01 5.834716321702368980e-01 -1.596065045754760661e+02
1.490000000000000000e+03 -4.018462804941199187e-03 -5.728202733746594610e-01 5.728343684105678957e-01 -1.606846261290186817e+02
1.500000000000000000e+03 1.391425701298108601e-02 -5.621998818994354830e-01 5.623720421179937423e-01 -1.617628664092643760e+02
1.510000000000000000e+03 3.110956824886348601e-02 -5.511963466428178027e-01 5.520735619362876490e-01 -1.628412307507164769e+02
1.520000000000000000e+03 4.756775054074480896e-02 -5.398364816144096689e-01 5.419281481648018373e-01 -1.639197229037682177e+02
1.530000000000000000e+03 6.329012902939448737e-02 -5.281467604992644560e-01 5.319254092994851746e-01 -1.649983453854407855e+02
1.540000000000000000e+03 7.827937875174288684e-02 -5.161534151397594306e-01 5.220555613133487372e-01 -1.660770988456022792e+02
1.550000000000000000e+03 9.253967129400003655e-02 -5.038823385760597962e-01 5.123094786279877022e-01 -1.671559816682029975e+02
1.560000000000000000e+03 1.060762824141824739e-01 -4.913588362951133992e-01 5.026785092841163927e-01 -1.682349905152555607e+02
1.570000000000000000e+03 1.188955954709974144e-01 -4.786076748218825450e-01 4.931546096517925859e-01 -1.693141202095267488e+02
1.580000000000000000e+03 1.310051302838252940e-01 -4.656533035748234850e-01 4.837306515932485174e-01 -1.703933636903395836e+02
1.590000000000000000e+03 1.424134088373089357e-01 -4.525200113579181393e-01 4.744006109777187397e-01 -1.714727123580856301e+02
1.600000000000000000e+03 1.531299441739253642e-01 -4.392316732556343362e-01 4.651593733266629616e-01 -1.725521559811657255e+02
1.610000000000000000e+03 1.631649659386970319e-01 -4.258114790097465852e-01 4.560024361406899707e-01 -1.736316830317637994e+02
1.620000000000000000e+03 1.725292020997641340e-01 -4.122822071193629756e-01 4.469261056197036952e-01 -1.747112812884615778e+02
1.630000000000000000e+03 1.812339953550141380e-01 -3.986663409649996437e-01 4.379276338514876410e-01 -1.757909377466353931e+02
1.640000000000000000e+03 1.892912878414979572e-01 -3.849857968688436549e-01 4.290049596956093114e-01 -1.768706384589326319e+02
1.650000000000000000e+03 1.967134956297091342e-01 -3.712618451738434744e-01 4.201565863398389333e-01 -1.779503686966554312e+02
1.660000000000000000e+03 2.035137080448722879e-01 -3.575152065056094730e-01 4.113817597377429358e-01 -1.790301126059644048e+02
1.670000000000000000e+03 2.097058489004497150e-01 -3.437659508402446384e-01 4.026804837835523121e-01 -1.801098527334079336e+02
1.680000000000000000e+03 2.153044313789380659e-01 -3.300336312562124341e-01 3.940535444981677071e-01 -1.811895706902490986e+02
1.690000000000000000e+03 2.203241052058703964e-01 -3.163372144023017807e-01 3.855021978544030392e-01 -1.822692480549414995e+02
1.700000000000000000e+03 2.247794721533977746e-01 -3.026947393189157731e-01 3.770277394475192723e-01 -1.833488662521796186e+02
1.710000000000000000e+03 2.286852868767497438e-01 -2.891234601140489913e-01 3.686317072936366457e-01 -1.844284062164398676e+02
1.720000000000000000e+03 2.320566895342117686e-01 -2.756400304390029254e-01 3.603161577531487914e-01 -1.855078481361618969e+02
1.730000000000000000e+03 2.349091349806051165e-01 -2.622604388792759145e-01 3.520835689129593327e-01 -1.865871714901063001e+02
1.740000000000000000e+03 2.372582880464279842e-01 -2.489998297899858881e-01 3.439366373071698901e-01 -1.876663548912522970e+02
1.750000000000000000e+03 2.391200223110136192e-01 -2.358725242927743604e-01 3.358783005587962500e-01 -1.887453760175290824e+02
1.760000000000000000e+03 2.405104282887970124e-01 -2.228921736357581951e-01 3.279118588641367626e-01 -1.898242118328025754e+02
1.770000000000000000e+03 2.414458231277532563e-01 -2.100718159722649581e-01 3.200410182644147228e-01 -1.909028386916734803e+02
1.780000000000000000e+03 2.419426409838552894e-01 -1.974237755955227380e-01 3.122697370809954243e-01 -1.919812323529258151e+02
1.790000000000000000e+03 2.420172003227797630e-01 -1.849594228405146146e-01 3.046018932140324154e-01 -1.930593677996292286e+02
1.800000000000000000e+03 2.416856148124749692e-01 -1.726891711899172510e-01 2.970412197886760919e-01 -1.941372192027790788e+02
1.810000000000000000e+03 2.409639964088373942e-01 -1.606226920708458683e-01 2.895916034235177516e-01 -1.952147599125345891e+02
1.820000000000000000e+03 2.398686976732139764e-01 -1.487692682234335040e-01 2.822574840304143962e-01 -1.962919630091516012e+02
1.830000000000000000e+03 2.384164942774300300e-01 -1.371380134930896555e-01 2.750441046239142096e-01 -1.973688019311649668e+02
1.840000000000000000e+03 2.366243104091330929e-01 -1.257374217391393767e-01 2.679570180125983581e-01 -1.984452500102977979e+02
1.850000000000000000e+03 2.345088565726696217e-01 -1.145749155279271597e-01 2.610015614498361058e-01 -1.995212797408542826e+02
1.860000000000000000e+03 2.320865197576069128e-01 -1.036570794178942739e-01 2.541828923563616005e-01 -2.005968635881495459e+02
1.870000000000000000e+03 2.293736269009095663e-01 -9.299000115240554920e-02 2.475063656393549083e-01 -2.016719747937973750e+02
1.880000000000000000e+03 2.263866514716049994e-01 -8.257938586977203732e-02 2.409777395012963619e-01 -2.027465878473963699e+02
1.890000000000000000e+03 2.231421401909796931e-01 -7.243043707667433384e-02 2.346030326831452517e-01 -2.038206786750342872e+02
1.900000000000000000e+03 2.196564219159072018e-01 -6.254755712944698454e-02 2.283881358384460269e-01 -2.048942242619864089e+02
1.910000000000000000e+03 2.159454353355499956e-01 -5.293446603403580836e-02 2.223386802528266593e-01 -2.059672035585600156e+02
1.920000000000000000e+03 2.120248570059063975e-01 -4.359458738628403662e-02 2.164602227610315788e-01 -2.070395993263669254e+02
1.930000000000000000e+03 2.079102130631860501e-01 -3.453111163975901982e-02 2.107582842192850248e-01 -2.081113989806540587e+02
1.940000000000000000e+03 2.036168569038823706e-01 -2.574681452538531493e-02 2.052382100721517888e-01 -2.091825945280158692e+02
1.950000000000000000e+03 1.991599277634312493e-01 -1.724390764593588393e-02 1.999050504055280841e-01 -2.102531825183804699e+02
1.960000000000000000e+03 1.945541857129952090e-01 -9.024019665703909843e-03 1.947633541233402543e-01 -2.113231645391711311e+02
1.970000000000000000e+03 1.898138445509171546e-01 -1.088293496054866397e-03 1.898169643786700445e-01 -2.123925481079661495e+02
1.980000000000000000e+03 1.849527901473897173e-01 6.562469884685116425e-03 1.850691778613926253e-01 -2.134613477069503915e+02
1.990000000000000000e+03 1.799847087555098146e-01 1.392764248938585525e-02 1.805227814186282642e-01 -2.145295862308930168e+02
2.000000000000000000e+03 1.749229446883924233e-01 2.100681971472440415e-02 1.761798031926058439e-01 -2.155972952234558591e+02
2.010000000000000000e+03 1.697803662331388019e-01 2.779991402981350085e-02 1.720412973048150440e-01 -2.166645144864495194e+02
2.020000000000000000e+03 1.645692067552630145e-01 3.430724828832712459e-02 1.681071417197182449e-01 -2.177312912036842931e+02
2.030000000000000000e+03 1.593011721889458221e-01 4.052967248480415785e-02 1.643761473343917368e-01 -2.187976787939386156e+02
2.040000000000000000e+03 1.539876007655464896e-01 4.646847918844469738e-02 1.608462021547796827e-01 -2.198637369745768240e+02
2.050000000000000000e+03 1.486392588969564776e-01 5.212535257333509447e-02 1.575140681537079423e-01 -2.209295309925633433e+02
2.060000000000000000e+03 1.432661969516448863e-01 5.750240273828899351e-02 1.543752878852826249e-01 -2.219951299478977660e+02
2.070000000000000000e+03 1.378779407932600176e-01 6.260214892138638021e-02 1.514244220955297260e-01 -2.230606058908152249e+02
2.080000000000000000e+03 1.324836592659709988e-01 6.742746282020230242e-02 1.486552478551351753e-01 -2.241260333191449661e+02
2.090000000000000000e+03 1.270921324050985068e-01 7.198145645010704807e-02 1.460607414466794651e-01 -2.251914885720470068e+02
2.100000000000000000e+03 1.217116718179838963e-01 7.626735572761109139e-02 1.436330066746866752e-01 -2.262570489930901090e+02
2.110000000000000000e+03 1.163500491754358018e-01 8.028854330006782170e-02 1.413633054522042132e-01 -2.273227909028996123e+02
2.120000000000000000e+03 1.110146040719427463e-01 8.404887585718721910e-02 1.392424355220314158e-01 -2.283887866566349487e+02
2.130000000000000000e+03 1.057122997910668327e-01 8.755278631162992375e-02 1.372609948894671361e-01 -2.294551031488787771e+02
2.140000000000000000e+03 1.004496109763973744e-01 9.080504159974647771e-02 1.354093051649009061e-01 -2.305218017430968018e+02
2.150000000000000000e+03 9.523235792388454191e-02 9.381058796348314133e-02 1.336773294534165379e-01 -2.315889372710607290e+02
2.160000000000000000e+03 9.006591278250167254e-02 9.657466047808378751e-02 1.320550403877199797e-01 -2.326565574899635465e+02
2.170000000000000000e+03 8.495527765454380376e-02 9.910278277743300723e-02 1.305326041860488673e-01 -2.337247030093778051e+02
2.180000000000000000e+03 7.990504879242125991e-02 1.014005745037905443e-01 1.291003227425013000e-01 -2.347934077778937194e+02
2.190000000000000000e+03 7.491959403633538517e-02 1.034737142546508781e-01 1.277487969110568111e-01 -2.358627001021108640e+02
2.200000000000000000e+03 7.000305779842715126e-02 1.053281326113725408e-01 1.264691409812243872e-01 -2.369326018799779661e+02
2.210000000000000000e+03 6.515916465764354237e-02 1.069699867524286502e-01 1.252529233379272022e-01 -2.380031277288939577e+02
2.220000000000000000e+03 6.039137812821642609e-02 1.084056487179377859e-01 1.240923173535821433e-01 -2.390742863677909895e+02
2.230000000000000000e+03 5.570295518732047008e-02 1.096417773149523101e-01 1.229802364178172458e-01 -2.401460812310311610e+02
2.240000000000000000e+03 5.109677828054250137e-02 1.106852675238806649e-01 1.219102505841241912e-01 -2.412185100793871584e+02
2.250000000000000000e+03 4.657537321633634098e-02 1.115431406782279727e-01 1.208765387600256175e-01 -2.422915659952695648e+02
2.260000000000000000e+03 4.214082806828511191e-02 1.122222561018464682e-01 1.198736174263093784e-01 -2.433652380266988757e+02
2.270000000000000000e+03 3.779481206965511902e-02 1.127296153647510540e-01 1.188966526007577129e-01 -2.444395105391545826e+02
2.280000000000000000e+03 3.353898455771346654e-02 1.130723433217671881e-01 1.179415885489004806e-01 -2.455143670255760071e+02
2.290000000000000000e+03 2.937502920667782111e-02 1.132574952563350640e-01 1.170049254203938821e-01 -2.465897915319050639e+02
2.300000000000000000e+03 2.530454687506077105e-02 1.132919876390134223e-01 1.160835671219252185e-01 -2.476657683305577393e+02
2.310000000000000000e+03 2.132915911783295204e-02 1.131827620265856982e-01 1.151749566904219230e-01 -2.487422827641676975e+02
2.320000000000000000e+03 1.745034100374273991e-02 1.129368380083006079e-01 1.142770483538144144e-01 -2.498193201927371945e+02
2.330000000000000000e+03 1.366900513651663103e-02 1.125613159443421135e-01 1.133882337305953669e-01 -2.508968627461190124e+02
2.340000000000000000e+03 9.985602704419076561e-03 1.120632032904902431e-01 1.125072166267401946e-01 -2.519748905285703131e+02
2.350000000000000000e+03 6.400676781461652441e-03 1.114490489350699193e-01 1.116326975925617943e-01 -2.530533867641859445e+02
2.360000000000000000e+03 2.915001255968075258e-03 1.107253281743049572e-01 1.107636922986491301e-01 -2.541323387042953357e+02
2.370000000000000000e+03 -4.710267406582021275e-04 1.098986341300684511e-01 1.098996435382984249e-01 -2.552117323813981216e+02
2.380000000000000000e+03 -3.757164903022812679e-03 1.089755143093549816e-01 1.090402632383879467e-01 -2.562915548692794232e+02
2.390000000000000000e+03 -6.943099824768335544e-03 1.079623858904399103e-01 1.081854121512367123e-01 -2.573717964461321799e+02
2.400000000000000000e+03 -1.002884733403638408e-02 1.068653692783068654e-01 1.073349194336973567e-01 -2.584524467941820376e+02
2.410000000000000000e+03 -1.301472858156276641e-02 1.056901863628755822e-01 1.064884907089546362e-01 -2.595334948095901382e+02
2.420000000000000000e+03 -1.590082273439963334e-02 1.044422223068187938e-01 1.056457001681457841e-01 -2.606149333904463674e+02
2.430000000000000000e+03 -1.868726431231469698e-02 1.031267302400213776e-01 1.048061846337154379e-01 -2.616967567518549345e+02
2.440000000000000000e+03 -2.137434371374869260e-02 1.017489686872309895e-01 1.039697802157366346e-01 -2.627789597142549951e+02
2.450000000000000000e+03 -2.396231071457884804e-02 1.003141838760032156e-01 1.031364524379746322e-01 -2.638615396486825944e+02
2.460000000000000000e+03 -2.645176166984417043e-02 9.882743998134584096e-02 1.023062001479125988e-01 -2.649444925090433003e+02
2.470000000000000000e+03 -2.884351495828593043e-02 9.729344758694329076e-02 1.014788810467584235e-01 -2.660278133835159906e+02
2.480000000000000000e+03 -3.113829818265880303e-02 9.571656887865473418e-02 1.006541363860146004e-01 -2.671114991058538521e+02
2.490000000000000000e+03 -3.333689049268565713e-02 9.410091211447582649e-02 9.983150769420252868e-02 -2.681955468766113313e+02
2.500000000000000000e+03 -3.544006084112494293e-02 9.245028576719652169e-02 9.901036941077907827e-02 -2.692799544504929941e+02
2.510000000000000000e+03 -3.744861845942178136e-02 9.076826636774690260e-02 9.819000562137471244e-02 -2.703647196269790243e+02
2.520000000000000000e+03 -3.936360920392113771e-02 8.905836145025841644e-02 9.736983862451401017e-02 -2.714498388766585890e+02
2.530000000000000000e+03 -4.118621562380182094e-02 8.732401916706686307e-02 9.654941056733881699e-02 -2.725353083556660749e+02
2.540000000000000000e+03 -4.291763619688012538e-02 8.556833242481813595e-02 9.572806804011003978e-02 -2.736211236910734215e+02
2.550000000000000000e+03 -4.455921396704166926e-02 8.379409535869329628e-02 9.490507871732885292e-02 -2.747072786984335266e+02
2.560000000000000000e+03 -4.611243285974363226e-02 8.200403442202555682e-02 9.407984973273031404e-02 -2.757937663541997040e+02
2.570000000000000000e+03 -4.757878708051294092e-02 8.020079834151612463e-02 9.325185807622989043e-02 -2.768805799880992140e+02
2.580000000000000000e+03 -4.895975177183895660e-02 7.838688984573823071e-02 9.242057018460764217e-02 -2.779677131633637259e+02
2.590000000000000000e+03 -5.025689779126711609e-02 7.656455716818569290e-02 9.158540926349700850e-02 -2.790551578809840407e+02
2.600000000000000000e+03 -5.147175364985795420e-02 7.473555711248418276e-02 9.074549531907934175e-02 -2.801429041388527139e+02
2.610000000000000000e+03 -5.260586267022882706e-02 7.290124610867854127e-02 8.989976902905308376e-02 -2.812309394536629270e+02
2.620000000000000000e+03 -5.366094107645885680e-02 7.106308237304677367e-02 8.904750571222992683e-02 -2.823192504172186545e+02
2.630000000000000000e+03 -5.463884342709789815e-02 6.922278545791318849e-02 8.818841895398282782e-02 -2.834078243918579574e+02
2.640000000000000000e+03 -5.554151158554739703e-02 6.738206377939336134e-02 8.732240278632814878e-02 -2.844966484395811221e+02
2.650000000000000000e+03 -5.637093347612355532e-02 6.554249578651427655e-02 8.644941234557231013e-02 -2.855857088824639050e+02
2.660000000000000000e+03 -5.712901239714811286e-02 6.370547964755897408e-02 8.556934144072311788e-02 -2.866749919735905792e+02
2.670000000000000000e+03 -5.781765132164258525e-02 6.187222048001828067e-02 8.468206700051097990e-02 -2.877644828780020703e+02
2.680000000000000000e+03 -5.843891980660616270e-02 6.004379040232809411e-02 8.378761313011401368e-02 -2.888541645624255807e+02
2.690000000000000000e+03 -5.899493536987684278e-02 5.822126688560862878e-02 8.288617687564804604e-02 -2.899440199440051060e+02
2.700000000000000000e+03 -5.948759494687809457e-02 5.640582409485753873e-02 8.197799060957670914e-02 -2.910340350452629536e+02
2.710000000000000000e+03 -5.991856058052316691e-02 5.459864411772129972e-02 8.106322126300809228e-02 -2.921241984052742851e+02
2.720000000000000000e+03 -6.028949217403112293e-02 5.280079680554029820e-02 8.014204271106717403e-02 -2.932144980062262789e+02
2.730000000000000000e+03 -6.060229339196205461e-02 5.101318412205215619e-02 7.921478977208638861e-02 -2.943049186367164225e+02
2.740000000000000000e+03 -6.085907201269085548e-02 4.923657872738334412e-02 7.828197321876671777e-02 -2.953954425300110529e+02
2.750000000000000000e+03 -6.106196033575880117e-02 4.747172633519372575e-02 7.734421634026235337e-02 -2.964860518120900110e+02
2.760000000000000000e+03 -6.121290282352094547e-02 4.571934082099479019e-02 7.640207848735595941e-02 -2.975767301506979834e+02
2.770000000000000000e+03 -6.131352367269305575e-02 4.398015266530645034e-02 7.545596075609635467e-02 -2.986674642192362512e+02
2.780000000000000000e+03 -6.136534803661430199e-02 4.225496875409157083e-02 7.450629721079995993e-02 -2.997582425767441237e+02
2.790000000000000000e+03 -6.136999101745974072e-02 4.054447752353081830e-02 7.355358900243538778e-02 -3.008490521408353970e+02
2.800000000000000000e+03 -6.132905073478038538e-02 3.884930428016825782e-02 7.259835333588748885e-02 -3.019398795491562737e+02
2.810000000000000000e+03 -6.124396805420832812e-02 3.717013865203300932e-02 7.164106943950689088e-02 -3.030307136426023362e+02
2.820000000000000000e+03 -6.111599394385257289e-02 3.550769116360761452e-02 7.068211122706481719e-02 -3.041215452077532291e+02
2.830000000000000000e+03 -6.094639476100588427e-02 3.386268665023608321e-02 6.972190890628600368e-02 -3.052123654094029348e+02
2.840000000000000000e+03 -6.073658948115827350e-02 3.223579183799282766e-02 6.876103240371796155e-02 -3.063031639970222386e+02
2.850000000000000000e+03 -6.048788677658775009e-02 3.062756020803816120e-02 6.779994019904664326e-02 -3.073939304016496976e+02
2.860000000000000000e+03 -6.020138872668123059e-02 2.903856226007349786e-02 6.683895049111070186e-02 -3.084846559028698039e+02
2.870000000000000000e+03 -5.987813138780497674e-02 2.746940339896263017e-02 6.587836322792313404e-02 -3.095753328825139192e+02
2.880000000000000000e+03 -5.951920558732207850e-02 2.592059531378778162e-02 6.491851119031510908e-02 -3.106659522957336321e+02
2.890000000000000000e+03 -5.912570194648027189e-02 2.439249956437000363e-02 6.395969563453075823e-02 -3.117565031107737923e+02
2.900000000000000000e+03 -5.869864001282883159e-02 2.288544902481503759e-02 6.300217548960573843e-02 -3.128469742951479020e+02
2.910000000000000000e+03 -5.823907996475065352e-02 2.139982357823012535e-02 6.204629629816750536e-02 -3.139373552463562760e+02
2.920000000000000000e+03 -5.774811549810012629e-02 1.993588089023903484e-02 6.109242334734896890e-02 -3.150276333593631648e+02
2.930000000000000000e+03 -5.722665930344827262e-02 1.849374437062032556e-02 6.014074422451715779e-02 -3.161177947894416320e+02
2.940000000000000000e+03 -5.667543623366610994e-02 1.707361527703131140e-02 5.919132884894907215e-02 -3.172078274942821849e+02
2.950000000000000000e+03 -5.609517711475250912e-02 1.567585828991092251e-02 5.824432529148932530e-02 -3.182977216640974234e+02
2.960000000000000000e+03 -5.548676288778565946e-02 1.430086486037116487e-02 5.730004879160180420e-02 -3.193874670789913353e+02
2.970000000000000000e+03 -5.485107896856741133e-02 1.294884420926397002e-02 5.635879195273624243e-02 -3.204770503497402956e+02
2.980000000000000000e+03 -5.418885817767089136e-02 1.161980323131401975e-02 5.542068366354014480e-02 -3.215664548434390326e+02
2.990000000000000000e+03 -5.350068136840287203e-02 1.031371527959699767e-02 5.448573785635982963e-02 -3.226556631183525496e+02
3.000000000000000000e+03 -5.278713863023785230e-02 9.030710292433430722e-03 5.355404497471514397e-02 -3.237446595865345671e+02
3.010000000000000000e+03 -5.204907268930103470e-02 7.771010619327714183e-03 5.262598762837470551e-02 -3.248334288999895421e+02
3.020000000000000000e+03 -5.128763550839134100e-02 6.534795419290796888e-03 5.170227371415678924e-02 -3.259219538108955021e+02
3.030000000000000000e+03 -5.050398772631541078e-02 5.322186615586397412e-03 5.078364349503632080e-02 -3.270102160341198783e+02
3.040000000000000000e+03 -4.969897281661924543e-02 4.133239997183573919e-03 4.987054814117623802e-02 -3.280981965944102399e+02
3.050000000000000000e+03 -4.887330575000909533e-02 2.967928668360214281e-03 4.896333950533140328e-02 -3.291858745433116837e+02
3.060000000000000000e+03 -4.802776869780187030e-02 1.826161253945082817e-03 4.806247424982371119e-02 -3.302732267604169465e+02
3.070000000000000000e+03 -4.716322493871002997e-02 7.078597123145034158e-04 4.716853667426706975e-02 -3.313602296340077373e+02
3.080000000000000000e+03 -4.628069113263726803e-02 -3.869994391231809184e-04 4.628230915026228243e-02 -3.324468602276423326e+02
3.090000000000000000e+03 -4.538130648071416612e-02 -1.458345221942474812e-03 4.540473266833394694e-02 -3.335330977210163041e+02
3.100000000000000000e+03 -4.446617034117748835e-02 -2.505897863963533079e-03 4.453672449692758217e-02 -3.346189264316127492e+02
3.110000000000000000e+03 -4.353626019481286052e-02 -3.529183809273269898e-03 4.367906924500662008e-02 -3.357043358129752164e+02
3.120000000000000000e+03 -4.259240724902667308e-02 -4.527794216608782910e-03 4.283239516691654536e-02 -3.367893145937824215e+02
3.130000000000000000e+03 -4.163537557241889231e-02 -5.501590521061279840e-03 4.199728559464060290e-02 -3.378738457284058541e+02
3.140000000000000000e+03 -4.066596443801473448e-02 -6.450511915234873918e-03 4.117438241968501139e-02 -3.389579107815244470e+02
3.150000000000000000e+03 -3.968505261929271971e-02 -7.374351130183245603e-03 4.036439589523503624e-02 -3.400414957068830972e+02
3.160000000000000000e+03 -3.869361316150874558e-02 -8.272858352337545546e-03 3.956811702381506785e-02 -3.411245890927842197e+02
3.170000000000000000e+03 -3.769264751419256626e-02 -9.145887794037873761e-03 3.878637570294881515e-02 -3.422071787374289897e+02
3.180000000000000000e+03 -3.668300214061599035e-02 -9.993263051107368830e-03 3.801983630234440081e-02 -3.432892539921502362e+02
3.190000000000000000e+03 -3.566540970973540448e-02 -1.081456089997089379e-02 3.726897070248207794e-02 -3.443708112918209281e+02
3.200000000000000000e+03 -3.464070576272587632e-02 -1.160930543434490064e-02 3.653429167792445614e-02 -3.454518510566246050e+02
3.210000000000000000e+03 -3.360971356915014308e-02 -1.237714372942068895e-02 3.581628865612757756e-02 -3.465323726616913973e+02
3.220000000000000000e+03 -3.257315859186801082e-02 -1.311773855493520748e-02 3.511532038080555918e-02 -3.476123763082694040e+02
3.230000000000000000e+03 -3.153186902817665255e-02 -1.383069254141729501e-02 3.443177051191678023e-02 -3.486918670210224036e+02
3.240000000000000000e+03 -3.048688303746377448e-02 -1.451562976566424940e-02 3.376615975845986828e-02 -3.497708545307379495e+02
3.250000000000000000e+03 -2.943905330353535979e-02 -1.517229191615796988e-02 3.311882095421738587e-02 -3.508493464690866972e+02
3.260000000000000000e+03 -2.838894508451839799e-02 -1.580045294153405860e-02 3.248979095299681791e-02 -3.519273482019497692e+02
3.270000000000000000e+03 -2.733708497011698435e-02 -1.639983809381442836e-02 3.187900412758721408e-02 -3.530048674416967742e+02
3.280000000000000000e+03 -2.628417129626379328e-02 -1.697016885344122122e-02 3.128648736508533174e-02 -3.540819164367945291e+02
3.290000000000000000e+03 -2.523097107778534895e-02 -1.751127540239371533e-02 3.071232110646344299e-02 -3.551585080274484767e+02
3.300000000000000000e+03 -2.417812872421718981e-02 -1.802317821558933192e-02 3.015653928413719945e-02 -3.562346501388438469e+02
3.310000000000000000e+03 -2.312620813180547505e-02 -1.850598719393472744e-02 2.961913342043723252e-02 -3.573103487332745090e+02
3.320000000000000000e+03 -2.207580807460222949e-02 -1.895970680952030127e-02 2.910003066063064289e-02 -3.583856151110368273e+02
3.330000000000000000e+03 -2.102755874390171975e-02 -1.938422094265601636e-02 2.859906026921062855e-02 -3.594604663045678876e+02
3.340000000000000000e+03 -1.998203482739268136e-02 -1.977939459784688880e-02 2.811594150122788752e-02 -3.605349202337380348e+02
3.350000000000000000e+03 -1.893975385194210381e-02 -2.014514871811686966e-02 2.765033983239991930e-02 -3.616089932266096980e+02
3.360000000000000000e+03 -1.790122929790656514e-02 -2.048153901712569669e-02 2.720197512840328083e-02 -3.626826991405761191e+02
3.370000000000000000e+03 -1.686706767255890041e-02 -2.078878798819855725e-02 2.677072426903968211e-02 -3.637560516236912349e+02
3.380000000000000000e+03 -1.583795774468175696e-02 -2.106717017469538281e-02 2.635652793316865458e-02 -3.648290674911049791e+02
3.390000000000000000e+03 -1.481459294933906191e-02 -2.131690698087338603e-02 2.595925051856881258e-02 -3.659017672884394869e+02
3.400000000000000000e+03 -1.379759843327707687e-02 -2.153822278327140877e-02 2.557867790148274367e-02 -3.669741714494574580e+02
3.410000000000000000e+03 -1.278748486228401676e-02 -2.173140496907213434e-02 2.521455395268684674e-02 -3.680462969578209140e+02
3.420000000000000000e+03 -1.178471557438262249e-02 -2.189682055305438788e-02 2.486664978443540314e-02 -3.691181588801996440e+02
3.430000000000000000e+03 -1.078977833306338230e-02 -2.203486549641712686e-02 2.453476337611263866e-02 -3.701897739694725828e+02
3.440000000000000000e+03 -9.803213610895273461e-03 -2.214587254781520340e-02 2.421864298438121399e-02 -3.712611635463414359e+02
3.450000000000000000e+03 -8.825711711351769129e-03 -2.223013842582911154e-02 2.391803172594718016e-02 -3.723323566849432495e+02
3.460000000000000000e+03 -7.858061043175174759e-03 -2.228802287029583301e-02 2.363271221897938340e-02 -3.734033871422408311e+02
3.470000000000000000e+03 -6.900981762784052544e-03 -2.231997283785998668e-02 2.336246427012967503e-02 -3.744742868873137240e+02
3.480000000000000000e+03 -5.955069716705320426e-03 -2.232647229549866025e-02 2.310701669390685317e-02 -3.755450842948519039e+02
3.490000000000000000e+03 -5.020852465773056536e-03 -2.230800360993372491e-02 2.286604435716583367e-02 -3.766158063581157194e+02
3.500000000000000000e+03 -4.098920011103267431e-03 -2.226503335131893579e-02 2.263918848794645514e-02 -3.776864839668600666e+02
3.510000000000000000e+03 -3.189962188952853109e-03 -2.219804132422152285e-02 2.242607628183751825e-02 -3.787571532442832449e+02
3.520000000000000000e+03 -2.294679530571672090e-03 -2.210755226871460172e-02 2.222632271568944842e-02 -3.798278515316378616e+02
3.530000000000000000e+03 -1.413736251589480441e-03 -2.199409885056860178e-02 2.203948807113362274e-02 -3.808986153866023869e+02
3.540000000000000000e+03 -5.477608394328078783e-04 -2.185821433371745032e-02 2.186507662451579737e-02 -3.819694801936258841e+02
3.550000000000000000e+03 3.026872687901502367e-04 -2.170044704507643335e-02 2.170255794921082879e-02 -3.830404781822169866e+02
3.560000000000000000e+03 1.137100269758675513e-03 -2.152137084805052017e-02 2.155138975107647251e-02 -3.841116389301262757e+02
3.570000000000000000e+03 1.954948832338873361e-03 -2.132159359283907277e-02 2.141102936047819746e-02 -3.851829926779123525e+02
3.580000000000000000e+03 2.755659328920168159e-03 -2.110173079379523003e-02 2.128089990650937346e-02 -3.862545712888282878e+02
3.590000000000000000e+03 3.538625506003412451e-03 -2.086237426819765109e-02 2.116035279899873209e-02 -3.873264072540069947e+02
3.600000000000000000e+03 4.303241174424642448e-03 -2.060415458907127739e-02 2.104873086282426156e-02 -3.883985322470983306e+02
3.610000000000000000e+03 5.049007632370377738e-03 -2.032780381043660864e-02 2.094545501600133391e-02 -3.894709729043182733e+02
3.620000000000000000e+03 5.775526299879170551e-03 -2.003406353050581068e-02 2.084994977415866382e-02 -3.905437506824965794e+02
3.630000000000000000e+03 6.482420969083356119e-03 -1.972361461935433907e-02 2.076156919101299070e-02 -3.916168843939503290e+02
3.640000000000000000e+03 7.169319100909956992e-03 -1.939712420771988813e-02 2.067964129041858362e-02 -3.926903912325099668e+02
3.650000000000000000e+03 7.835845878351597321e-03 -1.905528404410182855e-02 2.060350287282920745e-02 -3.937642875512642604e+02
3.660000000000000000e+03 8.481619576829293669e-03 -1.869882000526194854e-02 2.053250448034136741e-02 -3.948385893861881186e+02
3.670000000000000000e+03 9.106264185910111289e-03 -1.832848601420455220e-02 2.046600710926489014e-02 -3.959133119582015752e+02
3.680000000000000000e+03 9.709426627882336569e-03 -1.794503286937056824e-02 2.040336173587628879e-02 -3.969884683687305937e+02
3.690000000000000000e+03 1.029078863661042967e-02 -1.754921351029222268e-02 2.034392355454604437e-02 -3.980640692101317768e+02
3.700000000000000000e+03 1.085005655250363514e-02 -1.714178365745130592e-02 2.028705188417951819e-02 -3.991401231034551529e+02
3.710000000000000000e+03 1.138699785142840808e-02 -1.672345850167424389e-02 2.023209787257998840e-02 -4.002166340911722955e+02
3.720000000000000000e+03 1.190144745998726779e-02 -1.629495616560085874e-02 2.017845504694774222e-02 -4.012936026101528455e+02
3.730000000000000000e+03 1.239323360312189447e-02 -1.585705661349225831e-02 2.012556790714359681e-02 -4.023710305402468066e+02
3.740000000000000000e+03 1.286217126203187573e-02 -1.541058152326785571e-02 2.007290393687777286e-02 -4.034489212398820541e+02
3.750000000000000000e+03 1.330812016711325520e-02 -1.495635989679085405e-02 2.001995913444031688e-02 -4.045272764600528035e+02
3.760000000000000000e+03 1.373096904860774889e-02 -1.449520856905889277e-02 1.996623606177044125e-02 -4.056060964941089537e+02
3.770000000000000000e+03 1.413059098373092154e-02 -1.402792087172979700e-02 1.991120703355299046e-02 -4.066853814168296140e+02
3.780000000000000000e+03 1.450685788819957266e-02 -1.355524479204712682e-02 1.985430903256869481e-02 -4.077651295696853140e+02
3.790000000000000000e+03 1.485968717523887019e-02 -1.307788349583204231e-02 1.979498268947246786e-02 -4.088453357675297184e+02
3.800000000000000000e+03 1.518906560233143285e-02 -1.259654354692826828e-02 1.973272974531370058e-02 -4.099259924159063075e+02
3.810000000000000000e+03 1.549503814246192858e-02 -1.211196550621959980e-02 1.966712778878002346e-02 -4.110070914970237368e+02
3.820000000000000000e+03 1.577769209845829648e-02 -1.162490242114276248e-02 1.959780406716130421e-02 -4.120886246775772861e+02
3.830000000000000000e+03 1.603714899714227260e-02 -1.113607791631699220e-02 1.952440471089514351e-02 -4.131705820858369975e+02
3.840000000000000000e+03 1.627355949357481985e-02 -1.064617101347475892e-02 1.944658571161193145e-02 -4.142529518516455482e+02
3.850000000000000000e+03 1.648709263157554714e-02 -1.015581849005894703e-02 1.936400972539457921e-02 -4.153357204594278755e+02
3.860000000000000000e+03 1.667792975681178097e-02 -9.665625974772145551e-03 1.927634992568193206e-02 -4.164188733260993445e+02
3.870000000000000000e+03 1.684628663297792206e-02 -9.176197377046170847e-03 1.918332535362312144e-02 -4.175023955408560710e+02
3.880000000000000000e+03 1.699245692169493518e-02 -8.688142938557841949e-03 1.908474312000218304e-02 -4.185862713961168993e+02
3.890000000000000000e+03 1.711681928306768227e-02 -8.202043141769402648e-03 1.898049035374597959e-02 -4.196704829674613393e+02
3.900000000000000000e+03 1.721978155078449785e-02 -7.718426728034620023e-03 1.887047926823209529e-02 -4.207550105992900171e+02
3.910000000000000000e+03 1.730174355854977725e-02 -7.237799929822230117e-03 1.875462817519860451e-02 -4.218398350545589324e+02
3.920000000000000000e+03 1.736313238318167376e-02 -6.760670841150956921e-03 1.863290198488364371e-02 -4.229249379144902150e+02
3.930000000000000000e+03 1.740442434944802080e-02 -6.287526662229559263e-03 1.850532297648184096e-02 -4.240103001767674868e+02
3.940000000000000000e+03 1.742613009575350383e-02 -5.818820763319016223e-03 1.837195376626445109e-02 -4.250959020337989500e+02
3.950000000000000000e+03 1.742879348956930669e-02 -5.354991913289644349e-03 1.823290379762507532e-02 -4.261817239567762954e+02
3.960000000000000000e+03 1.741299324724882372e-02 -4.896475596361204302e-03 1.808833345265654577e-02 -4.272677474089718430e+02
3.970000000000000000e+03 1.737933819877648250e-02 -4.443711276553533908e-03 1.793844937938673598e-02 -4.283539554993827778e+02
3.980000000000000000e+03 1.732845612866413740e-02 -3.997148146883529492e-03 1.778349192681718746e-02 -4.294403336440190060e+02
3.990000000000000000e+03 1.726097653861517756e-02 -3.557241339916581476e-03 1.762371348544440955e-02 -4.305268697236520552e+02
4.000000000000000000e+03 1.717752509616233755e-02 -3.124423041979700836e-03 1.745936389948215053e-02 -4.316135525737344665e+02
4.010000000000000000e+03 1.707874642128542897e-02 -2.699083469133065419e-03 1.729070938093394544e-02 -4.327003706118849209e+02
4.020000000000000000e+03 1.696531818505542591e-02 -2.281568724104131134e-03 1.711804828136030340e-02 -4.337873115968910156e+02
4.030000000000000000e+03 1.683791957852979332e-02 -1.872195381288876883e-03 1.694168383835433292e-02 -4.348743637763939205e+02
4.040000000000000000e+03 1.669720506534975654e-02 -1.471267973333443852e-03 1.676189984589152374e-02 -4.359615170216154070e+02
4.050000000000000000e+03 1.654380888569876445e-02 -1.079075379261424435e-03 1.657896305927043096e-02 -4.370487624531554047e+02
4.060000000000000000e+03 1.637835543978742592e-02 -6.958872910821466270e-04 1.639313228257199481e-02 -4.381360920734588831e+02
4.070000000000000000e+03 1.620146114296277390e-02 -3.219918486972845836e-04 1.620466049991668711e-02 -4.392235010170844589e+02
4.080000000000000000e+03 1.601371665499880595e-02 4.228361439793224441e-05 1.601377247904542736e-02 -4.403109889295217840e+02
4.090000000000000000e+03 1.581568100757578185e-02 3.966202765796082090e-04 1.582065338022382167e-02 -4.413985569803257931e+02
4.100000000000000000e+03 1.560789495198354644e-02 7.407521657256602035e-04 1.562546314843757389e-02 -4.424862048772896514e+02
4.110000000000000000e+03 1.539089417083363935e-02 1.074453349354612033e-03 1.542835290553532315e-02 -4.435739314884060036e+02
4.120000000000000000e+03 1.516521903915326111e-02 1.397521042640497563e-03 1.522947581402982892e-02 -4.446617358842535168e+02
4.130000000000000000e+03 1.493140987239219807e-02 1.709800699955861753e-03 1.502898596748765241e-02 -4.457496156624786749e+02
4.140000000000000000e+03 1.468999374295828358e-02 2.011211186589589427e-03 1.482703229258021914e-02 -4.468375650446296277e+02
4.150000000000000000e+03 1.444148771845740406e-02 2.301722923277944085e-03 1.462376476622552837e-02 -4.479255760986762311e+02
4.160000000000000000e+03 1.418640585735708899e-02 2.581323387215470142e-03 1.441933915195287540e-02 -4.490136409989004846e+02
4.170000000000000000e+03 1.392525947796288688e-02 2.850007471266202599e-03 1.421391550962887787e-02 -4.501017526963365185e+02
4.180000000000000000e+03 1.365855212145625393e-02 3.107781446878900202e-03 1.400765332152755123e-02 -4.511899046056767020e+02
4.190000000000000000e+03 1.338676356574007402e-02 3.354665677769969219e-03 1.380069638006117989e-02 -4.522780901218496865e+02
4.200000000000000000e+03 1.311033860135235422e-02 3.590690652194035871e-03 1.359316142778651745e-02 -4.659326731342554240e+02
