0.000000000000000000e+00 8.839886296776846564e-01 7.800623113295583437e-03
1.000000000000000000e+01 8.831234146425265275e-01 8.666322418272741704e-03
2.000000000000000000e+01 8.805425435747592511e-01 1.124718980941671193e-02
3.000000000000000000e+01 8.762967838746852367e-01 1.549296135290433377e-02
4.000000000000000000e+01 8.704685421925145716e-01 2.132121438859918561e-02
5.000000000000000000e+01 8.631679275590339318e-01 2.862185376551311042e-02
6.000000000000000000e+01 8.545279019778604379e-01 3.726189539430675018e-02
7.000000000000000000e+01 8.446988274448169465e-01 4.709099286856904126e-02
8.000000000000000000e+01 8.338425601419532374e-01 5.794727887547632128e-02
9.000000000000000000e+01 8.221266933396612631e-01 6.966316252526720543e-02
1.000000000000000000e+02 8.097190621393544063e-01 8.207081160385568119e-02
1.100000000000000000e+02 7.967828529937972526e-01 9.500704834226643414e-02
1.200000000000000000e+02 7.834724737252068971e-01 1.083174664420055444e-01
1.300000000000000000e+02 7.699302520437752984e-01 1.218597302151222528e-01
1.400000000000000000e+02 7.562839708522669513e-01 1.355060635835821925e-01
1.500000000000000000e+02 7.426452167207422406e-01 1.491448655382344723e-01
1.600000000000000000e+02 7.291084560641389878e-01 1.626816735526666613e-01
1.700000000000000000e+02 7.157507605171433696e-01 1.760394106807313397e-01
1.800000000000000000e+02 7.026320875801034260e-01 1.891581277466249933e-01
1.900000000000000000e+02 6.897959843642178512e-01 2.019942725041318499e-01
2.000000000000000000e+02 6.772707197608014429e-01 2.145195746361625577e-01
2.100000000000000000e+02 6.650706736515659134e-01 2.267196519439512448e-01
2.200000000000000000e+02 6.531979925141532251e-01 2.385923694033509901e-01
2.300000000000000000e+02 6.416443854490274656e-01 2.501460109363999873e-01
2.400000000000000000e+02 6.303930600657230432e-01 2.613973693946006760e-01
2.500000000000000000e+02 6.194206913381813395e-01 2.723697754214877143e-01
2.600000000000000000e+02 6.086993983709947376e-01 2.830911149626440526e-01
2.700000000000000000e+02 5.981985988965841106e-01 2.935919657972709262e-01
2.800000000000000000e+02 5.878867625670469721e-01 3.039038526762744552e-01
2.900000000000000000e+02 5.777329826446554462e-01 3.140576850222194238e-01
3.000000000000000000e+02 5.677083139192592443e-01 3.240824199205664113e-01
3.100000000000000000e+02 5.577868530403924385e-01 3.340039583049249639e-01
3.200000000000000000e+02 5.479465670988801218e-01 3.438443273091377761e-01
3.300000000000000000e+02 5.381698670950109120e-01 3.536211067550772968e-01
3.400000000000000000e+02 5.284439652438255308e-01 3.633470794142991123e-01
3.500000000000000000e+02 5.187609917831614847e-01 3.730301180629727043e-01
3.600000000000000000e+02 5.091179109620663779e-01 3.826732518253742610e-01
3.700000000000000000e+02 4.995163119365015336e-01 3.922748886130669743e-01
3.800000000000000000e+02 4.899620462658490494e-01 4.018291827574584918e-01
3.900000000000000000e+02 4.804647492127636088e-01 4.113265063678717692e-01
4.000000000000000000e+02 4.710372933648951932e-01 4.207539894551993176e-01
4.100000000000000000e+02 4.616951529143740185e-01 4.300961531038995922e-01
4.200000000000000000e+02 4.524557654216533886e-01 4.393355690107131895e-01
4.300000000000000000e+02 4.433378162459075122e-01 4.484535468028439387e-01
4.400000000000000000e+02 4.343605544280462749e-01 4.574308336070215253e-01
4.500000000000000000e+02 4.255431320148908014e-01 4.662482870392806733e-01
4.600000000000000000e+02 4.169039631187537731e-01 4.748874874757323394e-01
4.700000000000000000e+02 4.084601815097059219e-01 4.833312879858172040e-01
4.800000000000000000e+02 4.002271810670905983e-01 4.915642797276498777e-01
4.900000000000000000e+02 3.922182793139066259e-01 4.995731481222089321e-01
5.000000000000000000e+02 3.844444634441824271e-01 5.073469185129846348e-01
5.100000000000000000e+02 3.769142572501168464e-01 5.148770793145136526e-01
5.200000000000000000e+02 3.696337068497751455e-01 5.221575929835593488e-01
5.300000000000000000e+02 3.626064688378555778e-01 5.291848078437263458e-01
5.400000000000000000e+02 3.558339737039981077e-01 5.359572912848445947e-01
5.500000000000000000e+02 3.493156605081206845e-01 5.424756017473681968e-01
5.600000000000000000e+02 3.430492529311607863e-01 5.487420137056261416e-01
5.700000000000000000e+02 3.370310528344479528e-01 5.547602205117241336e-01
5.800000000000000000e+02 3.312562512568938966e-01 5.605350255929354431e-01
5.900000000000000000e+02 3.257192255607522235e-01 5.660720484860006785e-01
6.000000000000000000e+02 3.204138094772758794e-01 5.713774526992904113e-01
6.100000000000000000e+02 3.153335407713337979e-01 5.764577033554839636e-01
6.200000000000000000e+02 3.104718862413626268e-01 5.813193398307452409e-01
6.300000000000000000e+02 3.058224183922044759e-01 5.859687976507561569e-01
6.400000000000000000e+02 3.013789485704099769e-01 5.904122719753488457e-01
6.500000000000000000e+02 2.971356191162259353e-01 5.946556208066700044e-01
6.600000000000000000e+02 2.930869633358608728e-01 5.987043046537083857e-01
6.700000000000000000e+02 2.892279336952092716e-01 6.025633642633003717e-01
6.800000000000000000e+02 2.855538960181477348e-01 6.062374328155627490e-01
6.900000000000000000e+02 2.820605798981299928e-01 6.097307771137406851e-01
7.000000000000000000e+02 2.787440060509682183e-01 6.130473724303456828e-01
7.100000000000000000e+02 2.756003999835620055e-01 6.161909969427465938e-01
7.200000000000000000e+02 2.726260801410145262e-01 6.191653313649485568e-01
7.300000000000000000e+02 2.698173532149601983e-01 6.219740633818280351e-01
7.400000000000000000e+02 2.671704078226140311e-01 6.246210052587571893e-01
7.500000000000000000e+02 2.646812095459267211e-01 6.271101987586890081e-01
7.600000000000000000e+02 2.623454138966327398e-01 6.294459909879318582e-01
7.700000000000000000e+02 2.601582977621964554e-01 6.316331077118401138e-01
7.800000000000000000e+02 2.581147002191330198e-01 6.336767096261919363e-01
7.900000000000000000e+02 2.562089986377297235e-01 6.355824189900259880e-01
8.000000000000000000e+02 2.544350877594063753e-01 6.373563452050577949e-01
8.100000000000000000e+02 2.527863688350464044e-01 6.390050858076152807e-01
8.200000000000000000e+02 2.512557576645501056e-01 6.405357195800425174e-01
8.300000000000000000e+02 2.498357113251856720e-01 6.419557865438961786e-01
8.400000000000000000e+02 2.485182637362258751e-01 6.432732467663765386e-01
8.500000000000000000e+02 2.472950716168806073e-01 6.444964429744379775e-01
8.600000000000000000e+02 2.461574646709334957e-01 6.456340471342227882e-01
8.700000000000000000e+02 2.450964974173222288e-01 6.466950055181193147e-01
8.800000000000000000e+02 2.441030079415787424e-01 6.476884851121662567e-01
8.900000000000000000e+02 2.431676734286042918e-01 6.486238106733314135e-01
9.000000000000000000e+02 2.422810657651225386e-01 6.495104072842614595e-01
9.100000000000000000e+02 2.414337078834800920e-01 6.503577548302120759e-01
9.200000000000000000e+02 2.406161298805665205e-01 6.511753268760085422e-01
9.300000000000000000e+02 2.398189163017880876e-01 6.519725385511235816e-01
9.400000000000000000e+02 2.390327463930426721e-01 6.527587070956170079e-01
9.500000000000000000e+02 2.382484337621047499e-01 6.535430174778159573e-01
9.600000000000000000e+02 2.374569638451016484e-01 6.543344842777356618e-01
9.700000000000000000e+02 2.366495302175848636e-01 6.551419140191696577e-01
9.800000000000000000e+02 2.358175686129948823e-01 6.559738741472767032e-01
9.900000000000000000e+02 2.349527885113469050e-01 6.568386539723857220e-01
1.000000000000000000e+03 2.340472173417231239e-01 6.577442280625225290e-01
1.010000000000000000e+03 2.330932500047086797e-01 6.586982054276012688e-01
1.020000000000000000e+03 2.320837010474001150e-01 6.597077624911932281e-01
1.030000000000000000e+03 2.310118624935772191e-01 6.607796006761499363e-01
1.040000000000000000e+03 2.298715683823323863e-01 6.619198868281240822e-01
1.050000000000000000e+03 2.286572760604916044e-01 6.631341677505748766e-01
1.060000000000000000e+03 2.273641208881848064e-01 6.644273145841361750e-01
1.070000000000000000e+03 2.259879840865835487e-01 6.658034518559797776e-01
1.080000000000000000e+03 2.245255589367182447e-01 6.672658861680441644e-01
1.090000000000000000e+03 2.229743927900953993e-01 6.688170719417764198e-01
1.100000000000000000e+03 2.213329387958914429e-01 6.704585515971972498e-01
1.110000000000000000e+03 2.196005934076681043e-01 6.721909244838532027e-01
1.120000000000000000e+03 2.177777099210994882e-01 6.740138365121032260e-01
1.130000000000000000e+03 2.158656036621771079e-01 6.759259688749985617e-01
1.140000000000000000e+03 2.138665352761137395e-01 6.779250591352322663e-01
1.150000000000000000e+03 2.117836771807934393e-01 6.800079362831413787e-01
1.160000000000000000e+03 2.096210691697238948e-01 6.821705603246525085e-01
1.170000000000000000e+03 2.073835540371852804e-01 6.844080892573485286e-01
1.180000000000000000e+03 2.050766986411118320e-01 6.867149589563487089e-01
1.190000000000000000e+03 2.027066966747470833e-01 6.890849811650030521e-01
1.200000000000000000e+03 2.002802754925366857e-01 6.915114288651601493e-01
1.210000000000000000e+03 1.978046116854690895e-01 6.939871238758213989e-01
1.220000000000000000e+03 1.952872144239332919e-01 6.965045604532518198e-01
1.230000000000000000e+03 1.927358022289052120e-01 6.990560202543654178e-01
1.240000000000000000e+03 1.901582031142889373e-01 7.016336719346502049e-01
1.250000000000000000e+03 1.875622445771060742e-01 7.042296875378625254e-01
1.260000000000000000e+03 1.849556468406582110e-01 7.068363426831600904e-01
1.270000000000000000e+03 1.823459481907697133e-01 7.094460964578073181e-01
1.280000000000000000e+03 1.797404333395018483e-01 7.120516651953568976e-01
1.290000000000000000e+03 1.771460672542534698e-01 7.146460830253047458e-01
1.300000000000000000e+03 1.745694474205958802e-01 7.172227547863591068e-01
1.310000000000000000e+03 1.720167633288400000e-01 7.197754932960169771e-01
1.320000000000000000e+03 1.694937648963356636e-01 7.222985468837440637e-01
1.330000000000000000e+03 1.670057535866918408e-01 7.247866126828957922e-01
1.340000000000000000e+03 1.645575804407234111e-01 7.272348397666987818e-01
1.350000000000000000e+03 1.621536559293160484e-01 7.296388190508683591e-01
1.360000000000000000e+03 1.597979742001385262e-01 7.319945587697858080e-01
1.370000000000000000e+03 1.574941328272471686e-01 7.342984616380340279e-01
1.380000000000000000e+03 1.552453484019548080e-01 7.365473036743623858e-01
1.390000000000000000e+03 1.530544753400215618e-01 7.387382208003216988e-01
1.400000000000000000e+03 1.509240389639393276e-01 7.408686849288350640e-01
1.410000000000000000e+03 1.488562751500882575e-01 7.429364641885879417e-01
1.420000000000000000e+03 1.468531545030428154e-01 7.449395930408830857e-01
1.430000000000000000e+03 1.449163971623423641e-01 7.468763524175067170e-01
1.440000000000000000e+03 1.430474809459901520e-01 7.487452677938587486e-01
1.450000000000000000e+03 1.412476576429463337e-01 7.505450917657632282e-01
1.460000000000000000e+03 1.395179784853628480e-01 7.522747776213853932e-01
1.470000000000000000e+03 1.378593038872841514e-01 7.539334673356976602e-01
1.480000000000000000e+03 1.362723089440447399e-01 7.555204850873898925e-01
1.490000000000000000e+03 1.347574889148944188e-01 7.570353345154331448e-01
1.500000000000000000e+03 1.333151676779507355e-01 7.584776923798327575e-01
1.510000000000000000e+03 1.319455116554544560e-01 7.598473942607054665e-01
1.520000000000000000e+03 1.306485369857328105e-01 7.611444240340563550e-01
1.530000000000000000e+03 1.294241186635765872e-01 7.623689097702178730e-01
1.540000000000000000e+03 1.282720000229439217e-01 7.635211067619004366e-01
1.550000000000000000e+03 1.271917947477806954e-01 7.646013941620406484e-01
1.560000000000000000e+03 1.261829910785315645e-01 7.656102794769816811e-01
1.570000000000000000e+03 1.252449672018292604e-01 7.665483801471674186e-01
1.580000000000000000e+03 1.243770128460070096e-01 7.674164011865608481e-01
1.590000000000000000e+03 1.235783413354057253e-01 7.682151259897821438e-01
1.600000000000000000e+03 1.228480890760142580e-01 7.689454171153357054e-01
1.610000000000000000e+03 1.221853097705983271e-01 7.696082271223986249e-01
1.620000000000000000e+03 1.215889670190145322e-01 7.702045947503320944e-01
1.630000000000000000e+03 1.210579329822702860e-01 7.707356454235945176e-01
1.640000000000000000e+03 1.205909942339262186e-01 7.712025931712696014e-01
1.650000000000000000e+03 1.201868424757847470e-01 7.716067446451749801e-01
1.660000000000000000e+03 1.198440554429879706e-01 7.719495187111430345e-01
1.670000000000000000e+03 1.195610768170342064e-01 7.722324747929056876e-01
1.680000000000000000e+03 1.193361955237811911e-01 7.724573270544990988e-01
1.690000000000000000e+03 1.191675281044087403e-01 7.726259584238049927e-01
1.700000000000000000e+03 1.190530177214164653e-01 7.727404283556783549e-01
1.710000000000000000e+03 1.189904330353442202e-01 7.728029715536260946e-01
1.720000000000000000e+03 1.189773600826885547e-01 7.728160019019991722e-01
1.730000000000000000e+03 1.190111933256263604e-01 7.727821280506711465e-01
1.740000000000000000e+03 1.190891290827075233e-01 7.727041587556133795e-01
1.750000000000000000e+03 1.192081737498804223e-01 7.725850909214447837e-01
1.760000000000000000e+03 1.193651641455907297e-01 7.724280865449155709e-01
1.770000000000000000e+03 1.195567904351588495e-01 7.722364535466088586e-01
1.780000000000000000e+03 1.197796159124735055e-01 7.720136267205472969e-01
1.790000000000000000e+03 1.200301016945287819e-01 7.717631437115056725e-01
1.800000000000000000e+03 1.203046456079004539e-01 7.714886051542791945e-01
1.810000000000000000e+03 1.205996169326150058e-01 7.711936397748070382e-01
1.820000000000000000e+03 1.209113813920510011e-01 7.708818828596059047e-01
1.830000000000000000e+03 1.212363319018415209e-01 7.705569413527715295e-01
1.840000000000000000e+03 1.215709191372052744e-01 7.702223595180379689e-01
1.850000000000000000e+03 1.219116931969382450e-01 7.698815845018318615e-01
1.860000000000000000e+03 1.222553573637747415e-01 7.695379152966891345e-01
1.870000000000000000e+03 1.225988061091332765e-01 7.691944566535648953e-01
1.880000000000000000e+03 1.229391520533589799e-01 7.688540952637613612e-01
1.890000000000000000e+03 1.232737677901173390e-01 7.685194606355035818e-01
1.900000000000000000e+03 1.236003211795555362e-01 7.681928878577918285e-01
1.910000000000000000e+03 1.239167930207061702e-01 7.678764020368887833e-01
1.920000000000000000e+03 1.242214991268527496e-01 7.675716897596543964e-01
1.930000000000000000e+03 1.245131219630367936e-01 7.672800609149313944e-01
1.940000000000000000e+03 1.247907296029249213e-01 7.670024408252439363e-01
1.950000000000000000e+03 1.250537709453239388e-01 7.667393830310221814e-01
1.960000000000000000e+03 1.253020637427888495e-01 7.664910747380191403e-01
1.970000000000000000e+03 1.255357799625559656e-01 7.662573496939104611e-01
1.980000000000000000e+03 1.257554339039770874e-01 7.660376911819199997e-01
1.990000000000000000e+03 1.259618713114036559e-01 7.658312501087563007e-01
2.000000000000000000e+03 1.261562422156453089e-01 7.656368817358228940e-01
2.010000000000000000e+03 1.263399538880110584e-01 7.654531801044022199e-01
2.020000000000000000e+03 1.265146167293531021e-01 7.652785325250933690e-01
2.030000000000000000e+03 1.266819923349607468e-01 7.651111792113478582e-01
2.040000000000000000e+03 1.268439504908155102e-01 7.649492496509470163e-01
2.050000000000000000e+03 1.270024361127955748e-01 7.647908003418630862e-01
2.060000000000000000e+03 1.271594334229328438e-01 7.646338486542466617e-01
2.070000000000000000e+03 1.273169268385888619e-01 7.644764084470899723e-01
2.080000000000000000e+03 1.274768596424245004e-01 7.643165327419187971e-01
2.090000000000000000e+03 1.276410984103103496e-01 7.641523519371437034e-01
2.100000000000000000e+03 1.278114121836296246e-01 7.639820955069697161e-01
2.110000000000000000e+03 1.279894513895897257e-01 7.638041128846665417e-01
2.120000000000000000e+03 1.281767279748211863e-01 7.636168935112528366e-01
2.130000000000000000e+03 1.283746109379455547e-01 7.634190692874119888e-01
2.140000000000000000e+03 1.285843337511228812e-01 7.632094085992029431e-01
2.150000000000000000e+03 1.288069960129264724e-01 7.629868147454371696e-01
2.160000000000000000e+03 1.290435588303853187e-01 7.627503287250168018e-01
2.170000000000000000e+03 1.292948525123084891e-01 7.624991210594440627e-01
2.180000000000000000e+03 1.295615940912038244e-01 7.622324728902373225e-01
2.190000000000000000e+03 1.298443921963158831e-01 7.619497706446257679e-01
2.200000000000000000e+03 1.301437471485153430e-01 7.616505097763647258e-01
2.210000000000000000e+03 1.304600630426627494e-01 7.613342860140671631e-01
2.220000000000000000e+03 1.307936680030394871e-01 7.610007726535974459e-01
2.230000000000000000e+03 1.311448443570499278e-01 7.606496889190592636e-01
2.240000000000000000e+03 1.315138463067446195e-01 7.602807825072521730e-01
2.250000000000000000e+03 1.319008961149822079e-01 7.598938320559315285e-01
2.260000000000000000e+03 1.323061822525730680e-01 7.594886470713522186e-01
2.270000000000000000e+03 1.327298451677010604e-01 7.590650846405535557e-01
2.280000000000000000e+03 1.331719776063647609e-01 7.586230510774970570e-01
2.290000000000000000e+03 1.336326497573694927e-01 7.581624766151929817e-01
2.300000000000000000e+03 1.341119065337825211e-01 7.576833169661565393e-01
2.310000000000000000e+03 1.346097349780514540e-01 7.571855856939723184e-01
2.320000000000000000e+03 1.351260489539522491e-01 7.566693689267960377e-01
2.330000000000000000e+03 1.356606893961149751e-01 7.561348237548677353e-01
2.340000000000000000e+03 1.362134243791684740e-01 7.555821806196301171e-01
2.350000000000000000e+03 1.367839439623472209e-01 7.550117523561163946e-01
2.360000000000000000e+03 1.373718590710612808e-01 7.544239322132827441e-01
2.370000000000000000e+03 1.379767082717014703e-01 7.538191822529439756e-01
2.380000000000000000e+03 1.385979444131369975e-01 7.531980473139572307e-01
2.390000000000000000e+03 1.392349012456984836e-01 7.525611932234326229e-01
2.400000000000000000e+03 1.398867607564819038e-01 7.519094388589934175e-01
2.410000000000000000e+03 1.405525408123858011e-01 7.512437658677426633e-01
2.420000000000000000e+03 1.412311030053694516e-01 7.505653104002957265e-01
2.430000000000000000e+03 1.419211474179879473e-01 7.498753706944233377e-01
2.440000000000000000e+03 1.426211849188860348e-01 7.491754359809760233e-01
2.450000000000000000e+03 1.433295046410084650e-01 7.484672194541932555e-01
2.460000000000000000e+03 1.440441626317304491e-01 7.477526669553374861e-01
2.470000000000000000e+03 1.447629787874998852e-01 7.470339573640282227e-01
2.480000000000000000e+03 1.454835240108837136e-01 7.463135165060128529e-01
2.490000000000000000e+03 1.462031118631910986e-01 7.455940294219089992e-01
2.500000000000000000e+03 1.469188026654961732e-01 7.448784382833983919e-01
2.510000000000000000e+03 1.476274082622067441e-01 7.441699321223096408e-01
2.520000000000000000e+03 1.483255079448773106e-01 7.434719296180101189e-01
2.530000000000000000e+03 1.490094779833645022e-01 7.427880554323087470e-01
2.540000000000000000e+03 1.496755112753063444e-01 7.421221183859387782e-01
2.550000000000000000e+03 1.503196598183209332e-01 7.414780672419800656e-01
2.560000000000000000e+03 1.509378916006879623e-01 7.408599341461431509e-01
2.570000000000000000e+03 1.515261450816616506e-01 7.402717791374114897e-01
2.580000000000000000e+03 1.520803772028949119e-01 7.397176412949141300e-01
2.590000000000000000e+03 1.525966095253879218e-01 7.392014955665049403e-01
2.600000000000000000e+03 1.530709821899558232e-01 7.387272025986192370e-01
2.610000000000000000e+03 1.534998147485486797e-01 7.382984471527505033e-01
2.620000000000000000e+03 1.538796586498636654e-01 7.379186811432963955e-01
2.630000000000000000e+03 1.542073424801564119e-01 7.375910766760314097e-01
2.640000000000000000e+03 1.544800269653692493e-01 7.373184726633016384e-01
2.650000000000000000e+03 1.546952567952461777e-01 7.371033245916014387e-01
2.660000000000000000e+03 1.548509851195385700e-01 7.369476799350690444e-01
2.670000000000000000e+03 1.549455831935071248e-01 7.368531672921850850e-01
2.680000000000000000e+03 1.549778487521832893e-01 7.368209879564779907e-01
2.690000000000000000e+03 1.549470217483022993e-01 7.368519013829395448e-01
2.700000000000000000e+03 1.548527997141408707e-01 7.369462106855727557e-01
2.710000000000000000e+03 1.546953269020406585e-01 7.371037724044847694e-01
2.720000000000000000e+03 1.544751797423122852e-01 7.373240102070474089e-01
2.730000000000000000e+03 1.541933507665993464e-01 7.376059316763567963e-01
2.740000000000000000e+03 1.538512122864413856e-01 7.379481651913779583e-01
2.750000000000000000e+03 1.534504705023010396e-01 7.383490043623827104e-01
2.760000000000000000e+03 1.529931284967549765e-01 7.388064443484292365e-01
2.770000000000000000e+03 1.524814591053369472e-01 7.393182111708344051e-01
2.780000000000000000e+03 1.519179723809143123e-01 7.398817947468789846e-01
2.790000000000000000e+03 1.513053675196877890e-01 7.404944956485778329e-01
2.800000000000000000e+03 1.506464726791342523e-01 7.411534850132898145e-01
2.810000000000000000e+03 1.499442013810163010e-01 7.418558488912034843e-01
2.820000000000000000e+03 1.492015299938135864e-01 7.425986110475747415e-01
2.830000000000000000e+03 1.484214684424213504e-01 7.433787609684020525e-01
2.840000000000000000e+03 1.476070313266980016e-01 7.441932829244839454e-01
2.850000000000000000e+03 1.467612087791799746e-01 7.450391862967228329e-01
2.860000000000000000e+03 1.458869408527136424e-01 7.459135321095532456e-01
2.870000000000000000e+03 1.449871050185241872e-01 7.468134450866942275e-01
2.880000000000000000e+03 1.440645092391220350e-01 7.477361192244804666e-01
2.890000000000000000e+03 1.431218882816174265e-01 7.486788197042338888e-01
2.900000000000000000e+03 1.421619058667493996e-01 7.496388810596457120e-01
2.910000000000000000e+03 1.411871567881806955e-01 7.506137086385403778e-01
2.920000000000000000e+03 1.402001683211643313e-01 7.516007774500373939e-01
2.930000000000000000e+03 1.392034130791091062e-01 7.525976167966981212e-01
2.940000000000000000e+03 1.381993249023153458e-01 7.536017924610843854e-01
2.950000000000000000e+03 1.371903055238231639e-01 7.546109005962028382e-01
2.960000000000000000e+03 1.361787302115236575e-01 7.556225647977601323e-01
2.970000000000000000e+03 1.351669597647289223e-01 7.566344252074850285e-01
2.980000000000000000e+03 1.341573533983090871e-01 7.576441237864994793e-01
2.990000000000000000e+03 1.331522788222357645e-01 7.586492919386976785e-01
3.000000000000000000e+03 1.321541213183569097e-01 7.596475418724039086e-01
3.010000000000000000e+03 1.311652927589767592e-01 7.606364604012683106e-01
3.020000000000000000e+03 1.301882394472685389e-01 7.616136018187253942e-01
3.030000000000000000e+03 1.292254405307118881e-01 7.625764864132635878e-01
3.040000000000000000e+03 1.282793892005340552e-01 7.635226191753728964e-01
3.050000000000000000e+03 1.273525673915924805e-01 7.644495186420842137e-01
3.060000000000000000e+03 1.264474291321140420e-01 7.653547337680188800e-01
3.070000000000000000e+03 1.255663853595137269e-01 7.662358552065346995e-01
3.080000000000000000e+03 1.247117795527242917e-01 7.670905389371875938e-01
3.090000000000000000e+03 1.238858571469726860e-01 7.679165387066857473e-01
3.100000000000000000e+03 1.230907354468620818e-01 7.687117389761873865e-01
3.110000000000000000e+03 1.223283745871573264e-01 7.694741815529627660e-01
3.120000000000000000e+03 1.216005494147154586e-01 7.702020897998947957e-01
3.130000000000000000e+03 1.209088243600050239e-01 7.708938966628268163e-01
3.140000000000000000e+03 1.202545328727439439e-01 7.715482680952190364e-01
3.150000000000000000e+03 1.196387603497784807e-01 7.721641189676494710e-01
3.160000000000000000e+03 1.190623291310351495e-01 7.727406269829628638e-01
3.170000000000000000e+03 1.185257877324121800e-01 7.732772436486562428e-01
3.180000000000000000e+03 1.180294045011025111e-01 7.737737013193839442e-01
3.190000000000000000e+03 1.175731631380782516e-01 7.742300166256130822e-01
3.200000000000000000e+03 1.171567624999346469e-01 7.746464905263293899e-01
3.210000000000000000e+03 1.167796198841003913e-01 7.750237062725950921e-01
3.220000000000000000e+03 1.164408659380974376e-01 7.753625343045403850e-01
3.230000000000000000e+03 1.161393417356717250e-01 7.756641339700626192e-01
3.240000000000000000e+03 1.158736068364280003e-01 7.759299455221019270e-01
3.250000000000000000e+03 1.156419513866801529e-01 7.761616773841907291e-01
3.260000000000000000e+03 1.154424090875174058e-01 7.763612940118398420e-01
3.270000000000000000e+03 1.152727710047981996e-01 7.765310038196751030e-01
3.280000000000000000e+03 1.151306001321943939e-01 7.766732444009292191e-01
3.290000000000000000e+03 1.150132484305154135e-01 7.767906642328364919e-01
3.300000000000000000e+03 1.149178814110939501e-01 7.768860979927587618e-01
3.310000000000000000e+03 1.148415125455178737e-01 7.769625326965879930e-01
3.320000000000000000e+03 1.147810454150654663e-01 7.770230655263480335e-01
3.330000000000000000e+03 1.147333222297572258e-01 7.770708555018713826e-01
3.340000000000000000e+03 1.146951705636852226e-01 7.771090753901804815e-01
3.350000000000000000e+03 1.146634441568673141e-01 7.771408708364286877e-01
3.360000000000000000e+03 1.146350625784866156e-01 7.771693222412360269e-01
3.370000000000000000e+03 1.146070551822285372e-01 7.771974005327996204e-01
3.380000000000000000e+03 1.145766043632538422e-01 7.772279231218996998e-01
3.390000000000000000e+03 1.145410826107978453e-01 7.772635162327908853e-01
3.400000000000000000e+03 1.144980831099358803e-01 7.773065844007146508e-01
3.410000000000000000e+03 1.144454503545680318e-01 7.773592816639588454e-01
3.420000000000000000e+03 1.143813109136904288e-01 7.774234812093011593e-01
3.430000000000000000e+03 1.143040963804245053e-01 7.775007512051855807e-01
3.440000000000000000e+03 1.142125570097788506e-01 7.775923425585976601e-01
3.450000000000000000e+03 1.141057699916457613e-01 7.776991801029047302e-01
3.460000000000000000e+03 1.139831447397900988e-01 7.778218552104593231e-01
3.470000000000000000e+03 1.138444210724668809e-01 7.779606279475772546e-01
3.480000000000000000e+03 1.136896581370706316e-01 7.781154384507813493e-01
3.490000000000000000e+03 1.135192194823254480e-01 7.782859223625332445e-01
3.500000000000000000e+03 1.133337529314428216e-01 7.784714309665445864e-01
3.510000000000000000e+03 1.131341595381161746e-01 7.786710631749138578e-01
3.520000000000000000e+03 1.129215558719843387e-01 7.788837042879800387e-01
3.530000000000000000e+03 1.126972384674779504e-01 7.791080591233540131e-01
3.540000000000000000e+03 1.124626467277054370e-01 7.793426873644170305e-01
3.550000000000000000e+03 1.122193197139292747e-01 7.795860486139648549e-01
3.560000000000000000e+03 1.119688515352091490e-01 7.798365495085063381e-01
3.570000000000000000e+03 1.117128492840890192e-01 7.800925851084272722e-01
3.580000000000000000e+03 1.114528957687884736e-01 7.803525732807640169e-01
3.590000000000000000e+03 1.111905205654924317e-01 7.806149833607815003e-01
3.600000000000000000e+03 1.109271778006760550e-01 7.808783600018888160e-01
3.610000000000000000e+03 1.106642265284351195e-01 7.811413441913015454e-01
3.620000000000000000e+03 1.104029139724817948e-01 7.814026893107591798e-01
3.630000000000000000e+03 1.101443685833505409e-01 7.816612669726636931e-01
3.640000000000000000e+03 1.098896014912714852e-01 7.819160662461217548e-01
3.650000000000000000e+03 1.096395101603020311e-01 7.821661907174654038e-01
3.660000000000000000e+03 1.093948829892893576e-01 7.824108527638382604e-01
3.670000000000000000e+03 1.091564060989763107e-01 7.826493658493410832e-01
3.680000000000000000e+03 1.089246720820198910e-01 7.828811360388320262e-01
3.690000000000000000e+03 1.087001912694939287e-01 7.831056510311945607e-01
3.700000000000000000e+03 1.084834047032505883e-01 7.833224686434320239e-01
3.710000000000000000e+03 1.082746966227006863e-01 7.835312054292978834e-01
3.720000000000000000e+03 1.080744100859922646e-01 7.837315204649304423e-01
3.730000000000000000e+03 1.078828665454756447e-01 7.839230936595902310e-01
3.740000000000000000e+03 1.077003872631754344e-01 7.841056029706346964e-01
3.750000000000000000e+03 1.075273127405400597e-01 7.842787067701657566e-01
3.760000000000000000e+03 1.073640204067081994e-01 7.844420278848646122e-01
3.770000000000000000e+03 1.072109443376974974e-01 7.845951334337246674e-01
3.780000000000000000e+03 1.070685922167467635e-01 7.847375156003136842e-01
3.790000000000000000e+03 1.069375582002386887e-01 7.848685786902315220e-01
3.800000000000000000e+03 1.068185314583719459e-01 7.849876320074572478e-01
3.810000000000000000e+03 1.067123019126425265e-01 7.850938856183038439e-01
3.820000000000000000e+03 1.066197602549930484e-01 7.851864497888862982e-01
3.830000000000000000e+03 1.065418907959022193e-01 7.852643406730186459e-01
3.840000000000000000e+03 1.064797586470487695e-01 7.853264926079797092e-01
3.850000000000000000e+03 1.064344931369928249e-01 7.853717753447122529e-01
3.860000000000000000e+03 1.064072689793532506e-01 7.853990135410665596e-01
3.870000000000000000e+03 1.063992856232496009e-01 7.854070092930410807e-01
3.880000000000000000e+03 1.064117432713169720e-01 7.853945648597298046e-01
3.890000000000000000e+03 1.064458180287299743e-01 7.853605048120089194e-01
3.900000000000000000e+03 1.065026367282698172e-01 7.853037011419041757e-01
3.910000000000000000e+03 1.065832514155256455e-01 7.852231012102991459e-01
3.920000000000000000e+03 1.066886162181528708e-01 7.851177514794835943e-01
3.930000000000000000e+03 1.068195713861726515e-01 7.849868125048448109e-01
3.940000000000000000e+03 1.069768316446860767e-01 7.848295704518779559e-01
3.950000000000000000e+03 1.071609767776561667e-01 7.846454453992530720e-01
3.960000000000000000e+03 1.073724445343363920e-01 7.844339979167328503e-01
3.970000000000000000e+03 1.076115230363792891e-01 7.841949378784796032e-01
3.980000000000000000e+03 1.078783420236407303e-01 7.839281355984443200e-01
3.990000000000000000e+03 1.081728628310521106e-01 7.836336307020534964e-01
4.000000000000000000e+03 1.084948709964534824e-01 7.833116375758547578e-01
4.010000000000000000e+03 1.088439764649341279e-01 7.829625454732477285e-01
4.020000000000000000e+03 1.092196147118972005e-01 7.825869190542003029e-01
4.030000000000000000e+03 1.096210460120218139e-01 7.821854986636904705e-01
4.040000000000000000e+03 1.100473545096908867e-01 7.817591999047261986e-01
4.050000000000000000e+03 1.104974454085095731e-01 7.813091178809163928e-01
4.060000000000000000e+03 1.109700434486608905e-01 7.808365285504730302e-01
4.070000000000000000e+03 1.114636992932378362e-01 7.803428817556891106e-01
4.080000000000000000e+03 1.119767980672945473e-01 7.798297922239820767e-01
4.090000000000000000e+03 1.125075676041092654e-01 7.792990317650182464e-01
4.100000000000000000e+03 1.130540892820109389e-01 7.787525190675924636e-01
4.110000000000000000e+03 1.136143128197358299e-01 7.781923044329234207e-01
4.120000000000000000e+03 1.141860757981570107e-01 7.776205500747771504e-01
4.130000000000000000e+03 1.147671252082713700e-01 7.770395092393251879e-01
4.140000000000000000e+03 1.153551417030405091e-01 7.764515017256967688e-01
4.150000000000000000e+03 1.159477675903723831e-01 7.758588850404047887e-01
4.160000000000000000e+03 1.165426359662579542e-01 7.752640253859203190e-01
4.170000000000000000e+03 1.171373969036936524e-01 7.746692722785076812e-01
4.180000000000000000e+03 1.177297409348102841e-01 7.740769350938950799e-01
4.190000000000000000e+03 1.183174236464984153e-01 7.734892582485030088e-01
4.200000000000000000e+03 1.188982920734810433e-01 7.729083959122491354e-01
