0.000000000000000000e+00 1.188982920734810433e-01 7.729083959122491354e-01
1.000000000000000000e+01 1.194012989081465331e-01 7.723993136674734972e-01
2.000000000000000000e+01 1.197567320101113747e-01 7.720383561719781351e-01
3.000000000000000000e+01 1.199807270461263897e-01 7.718091119942044331e-01
4.000000000000000000e+01 1.200984529113837823e-01 7.716867347331793914e-01
5.000000000000000000e+01 1.201454660210620751e-01 7.716356753900599497e-01
6.000000000000000000e+01 1.201638278064827148e-01 7.716137245707685999e-01
7.000000000000000000e+01 1.201983685699386517e-01 7.715760658071075806e-01
8.000000000000000000e+01 1.202922554901169339e-01 7.714796385551385693e-01
9.000000000000000000e+01 1.204828296143075350e-01 7.712871814589215003e-01
1.000000000000000000e+02 1.207983868048611159e-01 7.709704421123920737e-01
1.100000000000000000e+02 1.212561022892240936e-01 7.705122704660324340e-01
1.200000000000000000e+02 1.218611011281092310e-01 7.699075074191695789e-01
1.300000000000000000e+02 1.226066099223711015e-01 7.691628498958363869e-01
1.400000000000000000e+02 1.234750593559744425e-01 7.682957833769440414e-01
1.500000000000000000e+02 1.244399727840517639e-01 7.673326700765289443e-01
1.600000000000000000e+02 1.254684271534630968e-01 7.663063176659642428e-01
1.700000000000000000e+02 1.265237949723334587e-01 7.652532621067654750e-01
1.800000000000000000e+02 1.275684825538223044e-01 7.642110069811131057e-01
1.900000000000000000e+02 1.285664385578082769e-01 7.632155003599307985e-01
2.000000000000000000e+02 1.294852785545531904e-01 7.622990148505609520e-01
2.100000000000000000e+02 1.302979323621727137e-01 7.614885034747790327e-01
2.200000000000000000e+02 1.309837753372338487e-01 7.608044904556116039e-01
2.300000000000000000e+02 1.315292333389995461e-01 7.602604721577146396e-01
2.400000000000000000e+02 1.319279067651489001e-01 7.598627814433880356e-01
2.500000000000000000e+02 1.321802788924478778e-01 7.596109027322913709e-01
2.600000000000000000e+02 1.322930803744510608e-01 7.594981407850376343e-01
2.700000000000000000e+02 1.322783800963172884e-01 7.595124991862662878e-01
2.800000000000000000e+02 1.321524886643005159e-01 7.596377640908076323e-01
2.900000000000000000e+02 1.319347606020888075e-01 7.598546918821011964e-01
3.000000000000000000e+02 1.316463792909092767e-01 7.601422048628004857e-01
3.100000000000000000e+02 1.313091986258081156e-01 7.604785489697698520e-01
3.200000000000000000e+02 1.309446994753066806e-01 7.608423413691273174e-01
3.300000000000000000e+02 1.305730961937884016e-01 7.612134486304423797e-01
3.400000000000000000e+02 1.302126304050419681e-01 7.615736877539388550e-01
3.500000000000000000e+02 1.298790650314320394e-01 7.619073345229420147e-01
3.600000000000000000e+02 1.295853748768372726e-01 7.622014301890606136e-01
3.700000000000000000e+02 1.293416242794967475e-01 7.624459112218582302e-01
3.800000000000000000e+02 1.291550093502257801e-01 7.626335771827827958e-01
3.900000000000000000e+02 1.290300364733115990e-01 7.627599005163480106e-01
4.000000000000000000e+02 1.289688093667083479e-01 7.628227311507038699e-01
4.100000000000000000e+02 1.289713923883138158e-01 7.628219457307359175e-01
4.200000000000000000e+02 1.290362125574600061e-01 7.627590508056347751e-01
4.300000000000000000e+02 1.291604670513358533e-01 7.626367839189380771e-01
4.400000000000000000e+02 1.293405063647668496e-01 7.624587353835744485e-01
4.500000000000000000e+02 1.295721724438209654e-01 7.622290044488543304e-01
4.600000000000000000e+02 1.298510869120561295e-01 7.619519313721048182e-01
4.700000000000000000e+02 1.301728850689439498e-01 7.616318725585592420e-01
4.800000000000000000e+02 1.305333890249313067e-01 7.612730001066138064e-01
4.900000000000000000e+02 1.309287316321745831e-01 7.608791767744531587e-01
5.000000000000000000e+02 1.313554336290818914e-01 7.604538849258419830e-01
5.100000000000000000e+02 1.318104359930989122e-01 7.600001800477625968e-01
5.200000000000000000e+02 1.322910987669090599e-01 7.595206886081854458e-01
5.300000000000000000e+02 1.327951646772032313e-01 7.590176382577515923e-01
5.400000000000000000e+02 1.333207092438015162e-01 7.584929168561471702e-01
5.500000000000000000e+02 1.338660803427389745e-01 7.579481414879514212e-01
5.600000000000000000e+02 1.344298256047682660e-01 7.573847329869139999e-01
5.700000000000000000e+02 1.350106181410952733e-01 7.568040076978871378e-01
5.800000000000000000e+02 1.356071789091483071e-01 7.562072372845712875e-01
5.900000000000000000e+02 1.362182069952700136e-01 7.555957104712863748e-01
6.000000000000000000e+02 1.368423217130676772e-01 7.549708037620470602e-01
6.100000000000000000e+02 1.374780053232790566e-01 7.543340304169955379e-01
6.200000000000000000e+02 1.381235560470197299e-01 7.536870732624626479e-01
6.300000000000000000e+02 1.387770560373005335e-01 7.530318279616722288e-01
6.400000000000000000e+02 1.394363480450987458e-01 7.523704212941648706e-01
6.500000000000000000e+02 1.400990322276431388e-01 7.517052277869912258e-01
6.600000000000000000e+02 1.407624718059895252e-01 7.510388782342646286e-01
6.700000000000000000e+02 1.414238050745446895e-01 7.503742322450626112e-01
6.800000000000000000e+02 1.420799760465120409e-01 7.497143440353220001e-01
6.900000000000000000e+02 1.427277808106834356e-01 7.490624185398655488e-01
7.000000000000000000e+02 1.433639257191179350e-01 7.484217529389391999e-01
7.100000000000000000e+02 1.439850927528308344e-01 7.477956747552133576e-01
7.200000000000000000e+02 1.445880179482789407e-01 7.471874719808890841e-01
7.300000000000000000e+02 1.451695721572134889e-01 7.466003072718957467e-01
7.400000000000000000e+02 1.457268340138196949e-01 7.460371276767769899e-01
7.500000000000000000e+02 1.462571575092431186e-01 7.455005962695808730e-01
7.600000000000000000e+02 1.467582329237515082e-01 7.449930431470247472e-01
7.700000000000000000e+02 1.472281333364769129e-01 7.445164240902674146e-01
7.800000000000000000e+02 1.476653393919415136e-01 7.440722982346918979e-01
7.900000000000000000e+02 1.480687349434281763e-01 7.436618287807230665e-01
8.000000000000000000e+02 1.484375754072579379e-01 7.432858070467290856e-01
8.100000000000000000e+02 1.487714395726690564e-01 7.429446973930001752e-01
8.200000000000000000e+02 1.490701735004652806e-01 7.426386947322318743e-01
8.300000000000000000e+02 1.493338305417652723e-01 7.423677879758747711e-01
8.400000000000000000e+02 1.495626037218631965e-01 7.421318284194308168e-01
8.500000000000000000e+02 1.497567472884388518e-01 7.419306028832378663e-01
8.600000000000000000e+02 1.499164962080324348e-01 7.417639082824627472e-01
8.700000000000000000e+02 1.500419955569538555e-01 7.416316236329248968e-01
8.800000000000000000e+02 1.501332430982522670e-01 7.415337730129846205e-01
8.900000000000000000e+02 1.501900431072858422e-01 7.414705711598436055e-01
9.000000000000000000e+02 1.502119684388207865e-01 7.414424533172474518e-01
9.100000000000000000e+02 1.501983316268855340e-01 7.414500995487512958e-01
9.200000000000000000e+02 1.501481728694213091e-01 7.414944521867000704e-01
9.300000000000000000e+02 1.500602714230071522e-01 7.415767136679355387e-01
9.400000000000000000e+02 1.499331797334086391e-01 7.416983209893204254e-01
9.500000000000000000e+02 1.497652736189560574e-01 7.418609003635766586e-01
9.600000000000000000e+02 1.495548145929603834e-01 7.420662024562074688e-01
9.700000000000000000e+02 1.493000265495833812e-01 7.423160209428241174e-01
9.800000000000000000e+02 1.489991838693304205e-01 7.426121014248657781e-01
9.900000000000000000e+02 1.486507052769400761e-01 7.429560431204104143e-01
1.000000000000000000e+03 1.482532552400637749e-01 7.433491949773429752e-01
1.010000000000000000e+03 1.478058517152329165e-01 7.437925518045722661e-01
1.020000000000000000e+03 1.473079696268221050e-01 7.442866558490196516e-01
1.030000000000000000e+03 1.467596267770515384e-01 7.448315087364708598e-01
1.040000000000000000e+03 1.461614499832088465e-01 7.454264985412952793e-01
1.050000000000000000e+03 1.455147222716995370e-01 7.460703471827012656e-01
1.060000000000000000e+03 1.448214081147849164e-01 7.467610838252658478e-01
1.070000000000000000e+03 1.440841546444993071e-01 7.474960465778538454e-01
1.080000000000000000e+03 1.433062646819472929e-01 7.482719124124928012e-01
1.090000000000000000e+03 1.424916387881176583e-01 7.490847591482366896e-01
1.100000000000000000e+03 1.416446871026123822e-01 7.499301593064235938e-01
1.110000000000000000e+03 1.407702139991152679e-01 7.508032970034378417e-01
1.120000000000000000e+03 1.398732824026633903e-01 7.516991008757545334e-01
1.130000000000000000e+03 1.389590694523412107e-01 7.526123878213660801e-01
1.140000000000000000e+03 1.380327226046092204e-01 7.535380082503405630e-01
1.150000000000000000e+03 1.370992209850546428e-01 7.544709840906448362e-01
1.160000000000000000e+03 1.361632498081735143e-01 7.554066319191936607e-01
1.170000000000000000e+03 1.352290970918699209e-01 7.563406635385028220e-01
1.180000000000000000e+03 1.343005812715410696e-01 7.572692574564399148e-01
1.190000000000000000e+03 1.333810140855128668e-01 7.581890965491316914e-01
1.200000000000000000e+03 1.324731961547439274e-01 7.590973711889292819e-01
1.210000000000000000e+03 1.315794454609827413e-01 7.599917496654458038e-01
1.220000000000000000e+03 1.307016597961880577e-01 7.608703201036136621e-01
1.230000000000000000e+03 1.298414041055904466e-01 7.617315087075563484e-01
1.240000000000000000e+03 1.290000081820913136e-01 7.625739809761804544e-01
1.250000000000000000e+03 1.281786684154982425e-01 7.633965353057999836e-01
1.260000000000000000e+03 1.273785532434963119e-01 7.641979946027313009e-01
1.270000000000000000e+03 1.266009067489542728e-01 7.649771020224890306e-01
1.280000000000000000e+03 1.258471369110892857e-01 7.657324329467214419e-01
1.290000000000000000e+03 1.251188752256729986e-01 7.664623364219240731e-01
1.300000000000000000e+03 1.244180004240524884e-01 7.671649166975159639e-01
1.310000000000000000e+03 1.237466217585368594e-01 7.678380544184071343e-01
1.320000000000000000e+03 1.231070216253859484e-01 7.684794614050204364e-01
1.330000000000000000e+03 1.225015645936425174e-01 7.690867678051528378e-01
1.340000000000000000e+03 1.219325786122475302e-01 7.696576415122385884e-01
1.350000000000000000e+03 1.214022139981521253e-01 7.701899283767690285e-01
1.360000000000000000e+03 1.209122939970231625e-01 7.706817987610616871e-01
1.370000000000000000e+03 1.204641734078552712e-01 7.711318909051856352e-01
1.380000000000000000e+03 1.200586163566375736e-01 7.715394370113536349e-01
1.390000000000000000e+03 1.196957030032152758e-01 7.719043570082514405e-01
1.400000000000000000e+03 1.193747770904356326e-01 7.722273104607856320e-01
1.410000000000000000e+03 1.190944404136825008e-01 7.725097002504136556e-01
1.420000000000000000e+03 1.188525963324039009e-01 7.727536236886104470e-01
1.430000000000000000e+03 1.186465462204284449e-01 7.729617729804298953e-01
1.440000000000000000e+03 1.184731351788228942e-01 7.731372955728997853e-01
1.450000000000000000e+03 1.183289242424027110e-01 7.732836268160723225e-01
1.460000000000000000e+03 1.182103676001632353e-01 7.734043069928056013e-01
1.470000000000000000e+03 1.181139914358233373e-01 7.735027993078072983e-01
1.480000000000000000e+03 1.180365640243356551e-01 7.735823260196044160e-01
1.490000000000000000e+03 1.179752349451334420e-01 7.736457360034248998e-01
1.500000000000000000e+03 1.179276259234395829e-01 7.736954137237533891e-01
1.510000000000000000e+03 1.178918681858699830e-01 7.737332373370209293e-01
1.520000000000000000e+03 1.178665899229218578e-01 7.737605866499743801e-01
1.530000000000000000e+03 1.178508684639398146e-01 7.737783892921556994e-01
1.540000000000000000e+03 1.178441613197075688e-01 7.737871909317375341e-01
1.550000000000000000e+03 1.178462207381263394e-01 7.737872429739584001e-01
1.560000000000000000e+03 1.178569966299507082e-01 7.737785993351483649e-01
1.570000000000000000e+03 1.178765412870624169e-01 7.737612101162052447e-01
1.580000000000000000e+03 1.179049297323574302e-01 7.737350023429768742e-01
1.590000000000000000e+03 1.179422005938820794e-01 7.736999402113049484e-01
1.600000000000000000e+03 1.179883162199169555e-01 7.736560609437385105e-01
1.610000000000000000e+03 1.180431411167737199e-01 7.736034925745306490e-01
1.620000000000000000e+03 1.181064362601844941e-01 7.735424613863091103e-01
1.630000000000000000e+03 1.181778633772732068e-01 7.734732915878569370e-01
1.640000000000000000e+03 1.182569931311966277e-01 7.733964003433718704e-01
1.650000000000000000e+03 1.183433136851479300e-01 7.733122922103362606e-01
1.660000000000000000e+03 1.184362361704326683e-01 7.732215544974621046e-01
1.670000000000000000e+03 1.185350941242788447e-01 7.731248564216570696e-01
1.680000000000000000e+03 1.186391338560165432e-01 7.730229591903667874e-01
1.690000000000000000e+03 1.187474925766482808e-01 7.729167375834000708e-01
1.700000000000000000e+03 1.188591672007198036e-01 7.728072078910313003e-01
1.710000000000000000e+03 1.189729831522485098e-01 7.726955581484586943e-01
1.720000000000000000e+03 1.190875716990812683e-01 7.725831721915942252e-01
1.730000000000000000e+03 1.192013586566228328e-01 7.724716402725279041e-01
1.740000000000000000e+03 1.193125667789365213e-01 7.723627525685988759e-01
1.750000000000000000e+03 1.194192390909115387e-01 7.722584710989823797e-01
1.760000000000000000e+03 1.195192904981477872e-01 7.721608789095018022e-01
1.770000000000000000e+03 1.196105864483116704e-01 7.720721068520306485e-01
1.780000000000000000e+03 1.196910380878586228e-01 7.719942393964405181e-01
1.790000000000000000e+03 1.197587050126019542e-01 7.719292124858323501e-01
1.800000000000000000e+03 1.198118958763864789e-01 7.718787136099776180e-01
1.810000000000000000e+03 1.198492540491228053e-01 7.718440944544627813e-01
1.820000000000000000e+03 1.198698202730325291e-01 7.718263069458376480e-01
1.830000000000000000e+03 1.198730659974574231e-01 7.718258661446615321e-01
1.840000000000000000e+03 1.198588943571465698e-01 7.718428465110643844e-01
1.850000000000000000e+03 1.198276138082279701e-01 7.718769140088742597e-01
1.860000000000000000e+03 1.197798879980527809e-01 7.719273862173137157e-01
1.870000000000000000e+03 1.197166643585897833e-01 7.719933073064214613e-01
1.880000000000000000e+03 1.196390924053180455e-01 7.720735264889941885e-01
1.890000000000000000e+03 1.195484435464156253e-01 7.721667745465004007e-01
1.900000000000000000e+03 1.194460398610418528e-01 7.722717348697921702e-01
1.910000000000000000e+03 1.193331944582484150e-01 7.723871012640118883e-01
1.920000000000000000e+03 1.192111637606488861e-01 7.725116217526883933e-01
1.930000000000000000e+03 1.190811134824260736e-01 7.726441342650938182e-01
1.940000000000000000e+03 1.189440979281063127e-01 7.727835905112822035e-01
1.950000000000000000e+03 1.188010489600854064e-01 7.729290665602793764e-01
1.960000000000000000e+03 1.186527700475020070e-01 7.730797668130993117e-01
1.970000000000000000e+03 1.184999318645565680e-01 7.732350248063754039e-01
1.980000000000000000e+03 1.183430699502585476e-01 7.733942995040264945e-01
1.990000000000000000e+03 1.181825889246424371e-01 7.735571703977673907e-01
2.000000000000000000e+03 1.180187758375673551e-01 7.737233314545935992e-01
2.010000000000000000e+03 1.178518223866541065e-01 7.738925767937065991e-01
2.020000000000000000e+03 1.176818557781166563e-01 7.740647786748294790e-01
2.030000000000000000e+03 1.175089740222207135e-01 7.742398535339050092e-01
2.040000000000000000e+03 1.173332809523267850e-01 7.744177165245389460e-01
2.050000000000000000e+03 1.171549211162119936e-01 7.745982379021904007e-01
2.060000000000000000e+03 1.169741137527307157e-01 7.747812082185395743e-01
2.070000000000000000e+03 1.167911844064634386e-01 7.749663120040241049e-01
2.080000000000000000e+03 1.166065933942964095e-01 7.751531033883541921e-01
2.090000000000000000e+03 1.164209609602839951e-01 7.753409796902422935e-01
2.100000000000000000e+03 1.162350883604918172e-01 7.755291528744924223e-01
2.110000000000000000e+03 1.160499730831703186e-01 7.757166234231177571e-01
2.120000000000000000e+03 1.158668171403499508e-01 7.759021700897045237e-01
2.130000000000000000e+03 1.156870286874625009e-01 7.760843614897469100e-01
2.140000000000000000e+03 1.155122157766074048e-01 7.762615773683241294e-01
2.150000000000000000e+03 1.153441700665607250e-01 7.764320275018018469e-01
2.160000000000000000e+03 1.151848421544452161e-01 7.765937694245703682e-01
2.170000000000000000e+03 1.150363056680555468e-01 7.767447307721560001e-01
2.180000000000000000e+03 1.149007060303900152e-01 7.768827521437010608e-01
2.190000000000000000e+03 1.147801976424032422e-01 7.770056579216882975e-01
2.200000000000000000e+03 1.146768752393650254e-01 7.771113372302371758e-01
2.210000000000000000e+03 1.145927038808267906e-01 7.771978162805478485e-01
2.220000000000000000e+03 1.145294521266377596e-01 7.772633236745758456e-01
2.230000000000000000e+03 1.144886327112818458e-01 7.773063493792682355e-01
2.240000000000000000e+03 1.144714561944086967e-01 7.773256939240916763e-01
2.250000000000000000e+03 1.144788006478145576e-01 7.773205011542647647e-01
2.260000000000000000e+03 1.145111960939913798e-01 7.772902678624592498e-01
2.270000000000000000e+03 1.145688238510942369e-01 7.772348375490125694e-01
2.280000000000000000e+03 1.146515289678442240e-01 7.771543843240449334e-01
2.290000000000000000e+03 1.147588413703097415e-01 7.770493939988623033e-01
2.300000000000000000e+03 1.148900034676874765e-01 7.769206415144626066e-01
2.310000000000000000e+03 1.150440030962791016e-01 7.767691562426485286e-01
2.320000000000000000e+03 1.152196090633654524e-01 7.765961806268854017e-01
2.330000000000000000e+03 1.154154072282641275e-01 7.764031305697571828e-01
2.340000000000000000e+03 1.156298412777784501e-01 7.761915607092673142e-01
2.350000000000000000e+03 1.158612586186853061e-01 7.759631175101523448e-01
2.360000000000000000e+03 1.161079583077495037e-01 7.757194839022533150e-01
2.370000000000000000e+03 1.163682418427284260e-01 7.754623451309640147e-01
2.380000000000000000e+03 1.166404649349735839e-01 7.751933624329526706e-01
2.390000000000000000e+03 1.169230823661940033e-01 7.749141208349298315e-01
2.400000000000000000e+03 1.172146817578224864e-01 7.746260664061004331e-01
2.410000000000000000e+03 1.175140088893650014e-01 7.743304596147009278e-01
2.420000000000000000e+03 1.178199869070351846e-01 7.740283565696784995e-01
2.430000000000000000e+03 1.181317278544101179e-01 7.737206178052785654e-01
2.440000000000000000e+03 1.184485308460392072e-01 7.734079290486592928e-01
2.450000000000000000e+03 1.187698634353970273e-01 7.730908137286217618e-01
2.460000000000000000e+03 1.190953284563401465e-01 7.727696566233404063e-01
2.470000000000000000e+03 1.194246204174745779e-01 7.724447449901118423e-01
2.480000000000000000e+03 1.197574731776083756e-01 7.721163095237233431e-01
2.490000000000000000e+03 1.200936024402499552e-01 7.717845721159796168e-01
2.500000000000000000e+03 1.204326498729078321e-01 7.714498074953867190e-01
2.510000000000000000e+03 1.207741357136688926e-01 7.711124029045752781e-01
2.520000000000000000e+03 1.211174250143237791e-01 7.707728991079076941e-01
2.530000000000000000e+03 1.214617119474183105e-01 7.704320329929380540e-01
2.540000000000000000e+03 1.218060192059594177e-01 7.700907568106338807e-01
2.550000000000000000e+03 1.221492122641867628e-01 7.697502092309915778e-01
2.560000000000000000e+03 1.224900341478094845e-01 7.694116817836417210e-01
2.570000000000000000e+03 1.228271581467186152e-01 7.690765728396867784e-01
2.580000000000000000e+03 1.231592534848168080e-01 7.687463025096502589e-01
2.590000000000000000e+03 1.234850558746500016e-01 7.684222220608186715e-01
2.600000000000000000e+03 1.238034290125985953e-01 7.681055378524703769e-01
2.610000000000000000e+03 1.241134159504283935e-01 7.677972364236266278e-01
2.620000000000000000e+03 1.244142904257156679e-01 7.674980546432975670e-01
2.630000000000000000e+03 1.247055991679289766e-01 7.672084893024680996e-01
2.640000000000000000e+03 1.249871785515231232e-01 7.669287713251359273e-01
2.650000000000000000e+03 1.252591518458832098e-01 7.666588237561450248e-01
2.660000000000000000e+03 1.255219163679722749e-01 7.663982723499122018e-01
2.670000000000000000e+03 1.257761149814060064e-01 7.661464880259277743e-01
2.680000000000000000e+03 1.260225927523333789e-01 7.659026065082435997e-01
2.690000000000000000e+03 1.262623554891970645e-01 7.656655519636033080e-01
2.700000000000000000e+03 1.264965376623862214e-01 7.654341115317757627e-01
2.710000000000000000e+03 1.267263715024062876e-01 7.652070154145189651e-01
2.720000000000000000e+03 1.269531508861458380e-01 7.649829828726687486e-01
2.730000000000000000e+03 1.271781883541433789e-01 7.647607415097662509e-01
2.740000000000000000e+03 1.274027729372097795e-01 7.645390519651927841e-01
2.750000000000000000e+03 1.276281284636979763e-01 7.643167066253062636e-01
2.760000000000000000e+03 1.278553811254863060e-01 7.640925397430157195e-01
2.770000000000000000e+03 1.280855420168704739e-01 7.638654880578611417e-01
2.780000000000000000e+03 1.283194882825931527e-01 7.636346486868325067e-01
2.790000000000000000e+03 1.285579341658208974e-01 7.633993157366061322e-01
2.800000000000000000e+03 1.288013996707172981e-01 7.631589716271341972e-01
2.810000000000000000e+03 1.290501875487882755e-01 7.629132671733517279e-01
2.820000000000000000e+03 1.293043815726670209e-01 7.626620440666008749e-01
2.830000000000000000e+03 1.295638689105527985e-01 7.624053935128374260e-01
2.840000000000000000e+03 1.298283588654897402e-01 7.621436616383638896e-01
2.850000000000000000e+03 1.300973897883887787e-01 7.618773509441622016e-01
2.860000000000000000e+03 1.303703546465408702e-01 7.616070590068477753e-01
2.870000000000000000e+03 1.306465483555240004e-01 7.613334742055181126e-01
2.880000000000000000e+03 1.309252184933420160e-01 7.610573531308170159e-01
2.890000000000000000e+03 1.312056120094547695e-01 7.607794793538728007e-01
2.900000000000000000e+03 1.314870224245890951e-01 7.605006251316729360e-01
2.910000000000000000e+03 1.317688328284391808e-01 7.602214756586268551e-01
2.920000000000000000e+03 1.320505500789012632e-01 7.599425223440944288e-01
2.930000000000000000e+03 1.323318434155368317e-01 7.596640195659114525e-01
2.940000000000000000e+03 1.326125854571418572e-01 7.593859975399080975e-01
2.950000000000000000e+03 1.328928868092863480e-01 7.591083046057623962e-01
2.960000000000000000e+03 1.331731125177829100e-01 7.588305964731685282e-01
2.970000000000000000e+03 1.334538779818818521e-01 7.585523241581358933e-01
2.980000000000000000e+03 1.337360194668345270e-01 7.582727127780616305e-01
2.990000000000000000e+03 1.340205488250574839e-01 7.579907614164611562e-01
3.000000000000000000e+03 1.343086097777231591e-01 7.577053420047770160e-01
3.010000000000000000e+03 1.346014150468142767e-01 7.574152669271251304e-01
3.020000000000000000e+03 1.349001747855532451e-01 7.571193252604199175e-01
3.030000000000000000e+03 1.352060502712898182e-01 7.568163985781486414e-01
3.040000000000000000e+03 1.355201023905100721e-01 7.565054800894142062e-01
3.050000000000000000e+03 1.358432475137297257e-01 7.561856427680738735e-01
3.060000000000000000e+03 1.361762423211932138e-01 7.558560792183141031e-01
3.070000000000000000e+03 1.365196694783880060e-01 7.555161352225890914e-01
3.080000000000000000e+03 1.368739335551608094e-01 7.551653567374221332e-01
3.090000000000000000e+03 1.372392749353672781e-01 7.548035564939942210e-01
3.100000000000000000e+03 1.376157711134461392e-01 7.544307736604083381e-01
3.110000000000000000e+03 1.380033135851626847e-01 7.540471328226568959e-01
3.120000000000000000e+03 1.384015933648645724e-01 7.536528375884432585e-01
3.130000000000000000e+03 1.388100932571980917e-01 7.532482635601071008e-01
3.140000000000000000e+03 1.392280785938100895e-01 7.528340358606626648e-01
3.150000000000000000e+03 1.396545904003597405e-01 7.524111187469716411e-01
3.160000000000000000e+03 1.400884234280424523e-01 7.519808080958229057e-01
3.170000000000000000e+03 1.405281066963952885e-01 7.515446700667214319e-01
3.180000000000000000e+03 1.409718916079242268e-01 7.511044665034571910e-01
3.190000000000000000e+03 1.414177834036721704e-01 7.506622039826333914e-01
3.200000000000000000e+03 1.418635971583978306e-01 7.502201830607251321e-01
3.210000000000000000e+03 1.423069849202113768e-01 7.497808674612701507e-01
3.220000000000000000e+03 1.427454726606595392e-01 7.493467539497276064e-01
3.230000000000000000e+03 1.431765296683883693e-01 7.489203136872225608e-01
3.240000000000000000e+03 1.435976437735709821e-01 7.485038978807144749e-01
3.250000000000000000e+03 1.440064013167658696e-01 7.480997094238919232e-01
3.260000000000000000e+03 1.444005671386624501e-01 7.477098773220520744e-01
3.270000000000000000e+03 1.447781278009907802e-01 7.473364441211580722e-01
3.280000000000000000e+03 1.451372967315452123e-01 7.469812627452646625e-01
3.290000000000000000e+03 1.454765173029326508e-01 7.466459554855015002e-01
3.300000000000000000e+03 1.457944575081878968e-01 7.463319001912005479e-01
3.310000000000000000e+03 1.460899829461896893e-01 7.460401890645875778e-01
3.320000000000000000e+03 1.463621179056110722e-01 7.457716761496935298e-01
3.330000000000000000e+03 1.466100129649152706e-01 7.455271575426657416e-01
3.340000000000000000e+03 1.468329122225647543e-01 7.453075043718544457e-01
3.350000000000000000e+03 1.470301181872422924e-01 7.451136788834410440e-01
3.360000000000000000e+03 1.472009258221411432e-01 7.449465549527036767e-01
3.370000000000000000e+03 1.473445862835481013e-01 7.448068736146589153e-01
3.380000000000000000e+03 1.474603044300356047e-01 7.446953482149928361e-01
3.390000000000000000e+03 1.475472321398487441e-01 7.446126616282192634e-01
3.400000000000000000e+03 1.476044924604859865e-01 7.445595425460149741e-01
3.410000000000000000e+03 1.476312183603488426e-01 7.445369137933887105e-01
3.420000000000000000e+03 1.476265538695248625e-01 7.445457906929935366e-01
3.430000000000000000e+03 1.475896423607274133e-01 7.445870441936351947e-01
3.440000000000000000e+03 1.475196812583060013e-01 7.446614697391631399e-01
3.450000000000000000e+03 1.474159791604099656e-01 7.447698489061372884e-01
3.460000000000000000e+03 1.472779583203153164e-01 7.449128136553889723e-01
3.470000000000000000e+03 1.471051378020797051e-01 7.450907503902354234e-01
3.480000000000000000e+03 1.468971364654951539e-01 7.453038669041128772e-01
3.490000000000000000e+03 1.466536606501310236e-01 7.455521946975035563e-01
3.500000000000000000e+03 1.463745217603326931e-01 7.458357273581965874e-01
3.510000000000000000e+03 1.460596568396855810e-01 7.461546442715172311e-01
3.520000000000000000e+03 1.457090789085312144e-01 7.465091429397330280e-01
3.530000000000000000e+03 1.453228416434127201e-01 7.468991910076012708e-01
3.540000000000000000e+03 1.449010726603976174e-01 7.473246600278666829e-01
3.550000000000000000e+03 1.444439933869645920e-01 7.477853991292746638e-01
3.560000000000000000e+03 1.439519196135798373e-01 7.482811936148424659e-01
3.570000000000000000e+03 1.434252652722566024e-01 7.488117068788764374e-01
3.580000000000000000e+03 1.428645683074923900e-01 7.493764321615399293e-01
3.590000000000000000e+03 1.422705251006073368e-01 7.499747062146078225e-01
3.600000000000000000e+03 1.416440057427991450e-01 7.506057258973033441e-01
3.610000000000000000e+03 1.409860488562109937e-01 7.512685051791887503e-01
3.620000000000000000e+03 1.402978312609584333e-01 7.519617560078172280e-01
3.630000000000000000e+03 1.395806429127079418e-01 7.526839378000477199e-01
3.640000000000000000e+03 1.388358968191062692e-01 7.534334865885937704e-01
3.650000000000000000e+03 1.380651136646922628e-01 7.542088623439686668e-01
3.660000000000000000e+03 1.372698864882847813e-01 7.550084713017789495e-01
3.670000000000000000e+03 1.364518680632413328e-01 7.558307137278598153e-01
3.680000000000000000e+03 1.356127576035764115e-01 7.566740382529210107e-01
3.690000000000000000e+03 1.347542736907118843e-01 7.575368628600471776e-01
3.700000000000000000e+03 1.338781357771280378e-01 7.584174225734960917e-01
3.710000000000000000e+03 1.329861008817131984e-01 7.593138534076767643e-01
3.720000000000000000e+03 1.320799980495513393e-01 7.602242452812785212e-01
3.730000000000000000e+03 1.311617575777224709e-01 7.611466170976070034e-01
3.740000000000000000e+03 1.302334398674396543e-01 7.620788880363130735e-01
3.750000000000000000e+03 1.292972620349158441e-01 7.630189341113335910e-01
3.760000000000000000e+03 1.283555940021983977e-01 7.639645081762179712e-01
3.770000000000000000e+03 1.274109266224058845e-01 7.649130867638557207e-01
3.780000000000000000e+03 1.264658778764534974e-01 7.658620442661518979e-01
3.790000000000000000e+03 1.255231859044474430e-01 7.668088003877947534e-01
3.800000000000000000e+03 1.245856257507631376e-01 7.677506623398315799e-01
3.810000000000000000e+03 1.236559496916885270e-01 7.686847669899434798e-01
3.820000000000000000e+03 1.227368902925228267e-01 7.696083594608694733e-01
3.830000000000000000e+03 1.218310924217326091e-01 7.705188394347153302e-01
3.840000000000000000e+03 1.209410414215869589e-01 7.714137232821076662e-01
3.850000000000000000e+03 1.200690379978897743e-01 7.722907277912153257e-01
3.860000000000000000e+03 1.192171615210368824e-01 7.731477497990106862e-01
3.870000000000000000e+03 1.183872499087620517e-01 7.739828717181924667e-01
3.880000000000000000e+03 1.175809013272230280e-01 7.747944755770892478e-01
3.890000000000000000e+03 1.167994573973880623e-01 7.755812562572422797e-01
3.900000000000000000e+03 1.160439588799634658e-01 7.763421393885897581e-01
3.910000000000000000e+03 1.153151108427514504e-01 7.770762841543721322e-01
3.920000000000000000e+03 1.146132992456041499e-01 7.777833407194403303e-01
3.930000000000000000e+03 1.139385936584993986e-01 7.784634959131255805e-01
3.940000000000000000e+03 1.132907164824609736e-01 7.791171854009489861e-01
3.950000000000000000e+03 1.126690360963188836e-01 7.797449726999602371e-01
3.960000000000000000e+03 1.120725909067116915e-01 7.803475501120039626e-01
3.970000000000000000e+03 1.115001647755165803e-01 7.809259156313080874e-01
3.980000000000000000e+03 1.109503677428059498e-01 7.814813847849360062e-01
3.990000000000000000e+03 1.104217081232585357e-01 7.820154806795568403e-01
4.000000000000000000e+03 1.099126644474091030e-01 7.825298369513233876e-01
4.010000000000000000e+03 1.094217907562800018e-01 7.830262082773381538e-01
4.020000000000000000e+03 1.089477777348210191e-01 7.835061648184895589e-01
4.030000000000000000e+03 1.084894769086383048e-01 7.839706142970452873e-01
4.040000000000000000e+03 1.080460270061075895e-01 7.844201117721705252e-01
4.050000000000000000e+03 1.076169596081350127e-01 7.848551604783519098e-01
4.060000000000000000e+03 1.072022001782202000e-01 7.852758853501868863e-01
4.070000000000000000e+03 1.068020980228347738e-01 7.856820172838961946e-01
4.080000000000000000e+03 1.064174093526680243e-01 7.860728964628589388e-01
4.090000000000000000e+03 1.060492214136003614e-01 7.864474366719078624e-01
4.100000000000000000e+03 1.056988800479765067e-01 7.868042842005900095e-01
4.110000000000000000e+03 1.053678782561556504e-01 7.871418487637013017e-01
4.120000000000000000e+03 1.050577272868535306e-01 7.874582571173516232e-01
4.130000000000000000e+03 1.047699092538998678e-01 7.877518615133478619e-01
4.140000000000000000e+03 1.045057906227590816e-01 7.880214966331127169e-01
4.150000000000000000e+03 1.042664665876238822e-01 7.882662752110659588e-01
4.160000000000000000e+03 1.040526454836362413e-01 7.884855412794947727e-01
4.170000000000000000e+03 1.038646061787022457e-01 7.886790378348380592e-01
4.180000000000000000e+03 1.037021915317381110e-01 7.888469618047807552e-01
4.190000000000000000e+03 1.035648181577630972e-01 7.889898522577020179e-01
4.200000000000000000e+03 1.034515125326681551e-01 7.891085442775406245e-01
