0.000000000000000000e+00 1.759637428022967498e+01 -2.310887407467490293e-15 1.759637428022967498e+01 -1.313274752324333714e-16
1.000000000000000000e+01 1.742893228646526183e+01 2.094052272931916647e+00 1.755427969379440256e+01 -9.904251256423285410e-01
2.000000000000000000e+01 1.696092720287920841e+01 4.138679041468588338e+00 1.745857141319584827e+01 -1.980664477329806328e+00
3.000000000000000000e+01 1.620405624912819675e+01 6.081852799255028863e+00 1.730781246711197596e+01 -2.970940891672025685e+00
4.000000000000000000e+01 1.518217829400689922e+01 7.876309724917932797e+00 1.710364851819198861e+01 -3.961436362990762294e+00
5.000000000000000000e+01 1.392805715650139753e+01 9.481043535355775376e+00 1.684876739331638262e+01 -4.952334282443049851e+00
6.000000000000000000e+01 1.248146787207815400e+01 1.086305524940288691e+01 1.654669180208837886e+01 -5.943818381363766612e+00
7.000000000000000000e+01 1.088702098853347522e+01 1.199855828982786576e+01 1.620162420991072949e+01 -6.936070641854634289e+00
8.000000000000000000e+01 9.191832625603044704e+00 1.287354271295321517e+01 1.581827705533480177e+01 -7.929270279341701588e+00
9.000000000000000000e+01 7.443222100999873803e+00 1.348371933410209778e+01 1.540169608600467477e+01 -8.923592977647244240e+00
1.000000000000000000e+02 5.686595829623086296e+00 1.383390683241599461e+01 1.495708361872235592e+01 -9.919209883572703390e+00
1.100000000000000000e+02 3.963652476237113476e+00 1.393696734677679316e+01 1.448963766895166927e+01 -1.091628641997939120e+01
1.200000000000000000e+02 2.310998114386627389e+00 1.381242351187422734e+01 1.400441914383008246e+01 -1.191498115649332945e+01
1.300000000000000000e+02 7.592042410088104543e-01 1.348489350076314075e+01 1.350624832462700375e+01 -1.291544465172822953e+01
1.400000000000000000e+02 -6.676985796610457324e-01 1.298246850639839245e+01 1.299962729900005520e+01 -1.391781816078866996e+01
1.500000000000000000e+02 -1.952326068442910900e+00 1.233514081469568602e+01 1.248868591949901941e+01 -1.492223225524997865e+01
1.600000000000000000e+02 -3.083701549235733363e+00 1.157337156255697508e+01 1.197715093708688805e+01 -1.592880545460242736e+01
1.700000000000000000e+02 -4.056745697549951402e+00 1.072686049043971579e+01 1.146833560879461800e+01 -1.693764295280375975e+01
1.800000000000000000e+02 -4.871572546407966442e+00 9.823551676835712954e+00 1.096514416787930557e+01 -1.794883545400927005e+01
1.900000000000000000e+02 -5.532665786138128539e+00 8.888886911338229169e+00 1.047008601796869343e+01 -1.896245815816738300e+01
2.000000000000000000e+02 -6.048001391894413992e+00 7.945301236924282584e+00 9.985295818443603366e+00 -1.997856997900479925e+01
2.100000000000000000e+02 -6.428173054723378854e+00 7.011941394057616961e+00 9.512556487883284007e+00 -2.099721300072302199e+01
2.200000000000000000e+02 -6.685566006337747780e+00 6.104580008313054584e+00 9.053324798271310314e+00 -2.201841221312202634e+01
2.300000000000000000e+02 -6.833611758361691990e+00 5.235691117004349415e+00 8.608757816125240936e+00 -2.304217560330419445e+01
2.400000000000000000e+02 -6.886145387659041717e+00 4.414650128695108755e+00 8.179739241489647483e+00 -2.406849457473204978e+01
2.500000000000000000e+02 -6.856875965243625970e+00 3.648021873881301946e+00 7.766904891593056526e+00 -2.509734466125608066e+01
2.600000000000000000e+02 -6.758972011311865202e+00 2.939903629242583083e+00 7.370667269584950887e+00 -2.612868649945149713e+01
2.700000000000000000e+02 -6.604757770958600283e+00 2.292294682599297140e+00 6.991240242253947024e+00 -2.716246702690259340e+01
2.800000000000000000e+02 -6.405510246376643124e+00 1.705467928933089405e+00 6.628663694369739900e+00 -2.819862081406181886e+01
2.900000000000000000e+02 -6.171342701461207447e+00 1.178324910530688108e+00 6.282827415555489736e+00 -2.923707149670831029e+01
3.000000000000000000e+02 -5.911159262589453789e+00 7.087214910656890465e-01 5.953493930424005320e+00 -3.027773327055382424e+01
3.100000000000000000e+02 -5.632665719894053957e+00 2.937556683822452053e-01 5.640320514365854798e+00 -3.132051229870270248e+01
3.200000000000000000e+02 -5.342422203821295845e+00 -6.998631077983551163e-02 5.342880598289593053e+00 -3.236530798716725599e+01
3.300000000000000000e+02 -5.045924154973649323e+00 -3.862257056248923903e-01 5.060683834565441686e+00 -3.341201418738760509e+01
3.400000000000000000e+02 -4.747700022088515048e+00 -6.588273362216521267e-01 4.793194024728417268e+00 -3.446052023583071389e+01
3.500000000000000000e+02 -4.451416587073537379e+00 -8.916722586695942088e-01 4.539844606212238176e+00 -3.551071178312567866e+01
3.600000000000000000e+02 -4.159985274738809302e+00 -1.088561881143174093e+00 4.300051680517537278e+00 -3.656247149893327730e+01
3.700000000000000000e+02 -3.875664837203779189e+00 -1.253148569459471062e+00 4.073224676773442354e+00 -3.761567967119945877e+01
3.800000000000000000e+02 -3.600157123997427711e+00 -1.388888285021733004e+00 3.858774674134269667e+00 -3.867021461680138827e+01
3.900000000000000000e+02 -3.334694144696364937e+00 -1.499010483860439003e+00 3.656120549078726523e+00 -3.972595296673164000e+01
4.000000000000000000e+02 -3.080115848966253900e+00 -1.586501168287274499e+00 3.464693290903250400e+00 -4.078276990399578494e+01
4.100000000000000000e+02 -2.836938600057155924e+00 -1.654095927346262762e+00 3.283938787090549205e+00 -4.184053935727091300e+01
4.200000000000000000e+02 -2.605414716468244851e+00 -1.704280132708733797e+00 3.113319228016138140e+00 -4.289913420861886095e+01
4.300000000000000000e+02 -2.385583840749968765e+00 -1.739294359640301879e+00 2.952313521752718550e+00 -4.395842649301089722e+01
4.400000000000000000e+02 -2.177317039796086373e+00 -1.761143601797213742e+00 2.800417161413216061e+00 -4.501828755966366202e+01
4.500000000000000000e+02 -1.980354479611768248e+00 -1.771609160921002957e+00 2.657141863728321507e+00 -4.607858816901806875e+01
4.600000000000000000e+02 -1.794337554393652168e+00 -1.772262062435795427e+00 2.522015082638597416e+00 -4.713919861059980576e+01
4.700000000000000000e+02 -1.618836175204007688e+00 -1.764477228653944074e+00 2.394579389493579402e+00 -4.819998887223047035e+01
4.800000000000000000e+02 -1.453371751713329330e+00 -1.749448151130450269e+00 2.274391848862465260e+00 -4.926082875357209900e+01
4.900000000000000000e+02 -1.297436421986338573e+00 -1.728201913900033082e+00 2.161023628816781450e+00 -5.032158782394200358e+01
5.000000000000000000e+02 -1.150509059996637440e+00 -1.701614235317006951e+00 2.054059907346382552e+00 -5.138213521812058104e+01
5.100000000000000000e+02 -1.012068483483693049e+00 -1.670424109023058046e+00 1.953099925571259554e+00 -5.244233929948146056e+01
5.200000000000000000e+02 -8.816043429317129698e-01 -1.635247879856841058e+00 1.857757208585758990e+00 -5.350206721097593032e+01
5.300000000000000000e+02 -7.586260532970956483e-01 -1.596592855762898111e+00 1.767660101890138336e+00 -5.456118426879659467e+01
5.400000000000000000e+02 -6.426700043256556860e-01 -1.554870269742724576e+00 1.682452462980678520e+00 -5.561955321296100863e+01
5.500000000000000000e+02 -5.333052963762353604e-01 -1.510407387348666530e+00 1.601794311046324193e+00 -5.667703334788161129e+01
5.600000000000000000e+02 -4.301383641714802142e-01 -1.463458773029373106e+00 1.525362446334888489e+00 -5.773347963605547761e+01
5.700000000000000000e+02 -3.328167649223485736e-01 -1.414216711106145663e+00 1.452850957595190229e+00 -5.878874181455389447e+01
5.800000000000000000e+02 -2.410323623456405162e-01 -1.362821114261680622e+00 1.383971816611656580e+00 -5.984266356249120378e+01
5.900000000000000000e+02 -1.545237896946934364e-01 -1.309369240660206657e+00 1.318455691317951040e+00 -6.089508159623005668e+01
6.000000000000000000e+02 -7.307840860209043055e-02 -1.253925314352563936e+00 1.256053003570307247e+00 -6.194582488484481786e+01
6.100000000000000000e+02 3.466060328341342804e-03 -1.196529970565449075e+00 1.196534990727623482e+00 -6.299471426757497738e+01
6.200000000000000000e+02 7.522079703081385738e-02 -1.137209619050096432e+00 1.139694645931977890e+00 -6.404156217371692605e+01
6.300000000000000000e+02 1.422460651884136229e-01 -1.075985862300592233e+00 1.085347648881378246e+00 -6.508617251870593634e+01
6.400000000000000000e+02 2.045523185160249280e-01 -1.012884955885459792e+00 1.033333239990551711e+00 -6.612834097351445450e+01
6.500000000000000000e+02 2.621025022960448703e-01 -9.479472479741535285e-01 9.835149753062326639e-01 -6.716785561963484952e+01
6.600000000000000000e+02 3.148158216927650632e-01 -8.812366055559123224e-01 9.357814683780596443e-01 -6.820449805316812331e+01
6.700000000000000000e+02 3.625732304265968931e-01 -8.128495352263067630e-01 8.900470292853075449e-01 -6.923804502815275441e+01
6.800000000000000000e+02 4.052247096905567392e-01 -7.429234234957631244e-01 8.462519001588481027e-01 -7.026827078016653161e+01
6.900000000000000000e+02 4.425980693363180118e-01 -6.716434447812267283e-01 8.043618389119594481e-01 -7.129495043626062056e+01
7.000000000000000000e+02 4.745090078588247717e-01 -5.992479855724466287e-01 7.643670235899776566e-01 -7.231786503474299366e+01
7.100000000000000000e+02 5.007724412199038300e-01 -5.260322569185862385e-01 7.262802304924756980e-01 -7.333680830461656797e+01
7.200000000000000000e+02 5.212149030392539961e-01 -4.523497494933570451e-01 6.901342413015904009e-01 -7.435159541697430541e+01
7.300000000000000000e+02 5.356875358533548237e-01 -3.786112092748731284e-01 6.559783409970341150e-01 -7.536207399001568774e+01
7.400000000000000000e+02 5.440792175130558794e-01 -3.052809369638116999e-01 6.238739018448535845e-01 -7.636813734275101240e+01
7.500000000000000000e+02 5.463288710220886024e-01 -2.328705108181216010e-01 5.938888028250429718e-01 -7.736974026294319629e+01
7.600000000000000000e+02 5.424364459007866568e-01 -1.619300293177004524e-01 5.660906572593371600e-01 -7.836691635528622157e+01
7.700000000000000000e+02 5.324724304270558317e-01 -9.303690063681935296e-02 5.405393177605133381e-01 -7.935979471252719009e+01
7.800000000000000000e+02 5.165852669527822849e-01 -2.678277725016229432e-02 5.172790882975157878e-01 -8.034861411556201460e+01
7.900000000000000000e+02 4.950061955513296863e-01 3.624109896241520246e-02 4.963310899875251758e-01 -8.133373166173764446e+01
8.000000000000000000e+02 4.680514620473492093e-01 9.545933556298949463e-02 4.776867759011009240e-01 -8.231562346511869066e+01
8.100000000000000000e+02 4.361212847602644604e-01 1.503279062831096302e-01 4.613027795585097901e-01 -8.329487561181589683e+01
8.200000000000000000e+02 3.996957316864412912e-01 2.003497101616964204e-01 4.470980701034566462e-01 -8.427216313567150507e+01
8.300000000000000000e+02 3.593274560301255027e-01 2.450891335164399332e-01 4.349539102306370641e-01 -8.524821887151489364e+01
8.400000000000000000e+02 3.156314449810709299e-01 2.841850388569442387e-01 4.247167825398022734e-01 -8.622379528794489545e+01
8.500000000000000000e+02 2.692722548670150595e-01 3.173616487250717766e-01 4.162042327063272262e-01 -8.719962427909017322e+01
8.600000000000000000e+02 2.209492200651775873e-01 3.444366376541765362e-01 4.092128482903790165e-01 -8.817638080674976209e+01
8.700000000000000000e+02 1.713802772797062557e-01 3.653261522611653822e-01 4.035274426435173645e-01 -8.915465480293367762e+01
8.800000000000000000e+02 1.212851299090410145e-01 3.800464921154481646e-01 3.989303434264061532e-01 -9.013493405639249545e+01
8.900000000000000000e+02 7.136838308160703415e-02 3.887124174886012473e-01 3.952098045513492419e-01 -9.111759807261046262e+01
9.000000000000000000e+02 2.230347219948472168e-02 3.915323820008427824e-01 3.921671212983147137e-01 -9.210292143572542045e+01
9.100000000000000000e+02 -2.528192576442143263e-02 3.888008258335805545e-01 3.896219423225955047e-01 -9.309108439208795005e+01
9.200000000000000000e+02 -7.081860972662216980e-02 3.808877529100617720e-01 3.874154821383470892e-01 -9.408218714532198135e+01
9.300000000000000000e+02 -1.138061873813611957e-01 3.682263796239176323e-01 3.854121364685069162e-01 -9.507626519870903792e+01
9.400000000000000000e+02 -1.538204270145645813e-01 3.512995495578390415e-01 3.834998008949725423e-01 -9.607330483007640964e+01
9.500000000000000000e+02 -1.905175273692051585e-01 3.306254169163911905e-01 3.815889077869183965e-01 -9.707325737664464782e+01
9.600000000000000000e+02 -2.236356206910738997e-01 3.067431331130662797e-01 3.796106433622510878e-01 -9.807605096666968336e+01
9.700000000000000000e+02 -2.529936705790448714e-01 2.801991203850149326e-01 3.775146943068499739e-01 -9.908159965707253036e+01
9.800000000000000000e+02 -2.784879689948523973e-01 2.515344643488338638e-01 3.752667526308887669e-01 -1.000898104551604462e+02
9.900000000000000000e+02 -3.000865971831979118e-01 2.212737104231586316e-01 3.728458404400171733e-01 -1.011005883558552654e+02
1.000000000000000000e+03 -3.178224662544507084e-01 1.899155277541811349e-01 3.702418503332795541e-01 -1.021138397748017752e+02
1.010000000000000000e+03 -3.317854521849940008e-01 1.579253227885414057e-01 3.674533900503109130e-01 -1.031294747830883267e+02
1.020000000000000000e+03 -3.421138111394919079e-01 1.257295770197888463e-01 3.644856462331033664e-01 -1.041474082947205204e+02
1.030000000000000000e+03 -3.489854138838861530e-01 9.371207333402988005e-02 3.613485461327745618e-01 -1.051675606302556503e+02
1.040000000000000000e+03 -3.526090076100767967e-01 6.221187979757782788e-02 3.580550659266134028e-01 -1.061898578255741938e+02
1.050000000000000000e+03 -3.532159876388157316e-01 3.152285454290456451e-02 3.546198306386674215e-01 -1.072142314926924200e+02
1.060000000000000000e+03 -3.510530103457945583e-01 1.894397079229557515e-03 3.510581217022878397e-01 -1.082406183145372438e+02
1.070000000000000000e+03 -3.463753979704062846e-01 -2.646673194351426353e-02 3.473850949867123838e-01 -1.092689596877583256e+02
1.080000000000000000e+03 -3.394412971462661410e-01 -5.339379547333358150e-02 3.436150340182861362e-01 -1.102992014072190159e+02
1.090000000000000000e+03 -3.305068881707828310e-01 -7.875696832140918757e-02 3.397608911977860191e-01 -1.113312931733154159e+02
1.100000000000000000e+03 -3.198224350762635115e-01 -1.024598209467859206e-01 3.358338947851425837e-01 -1.123651882990278210e+02
1.110000000000000000e+03 -3.076292714300601916e-01 -1.244356100371523388e-01 3.318433209903551839e-01 -1.134008435833920032e+02
1.120000000000000000e+03 -2.941577233645861766e-01 -1.446435682412598733e-01 3.277964735145886266e-01 -1.144382194336934759e+02
1.130000000000000000e+03 -2.796256316428809008e-01 -1.630653113150180300e-01 3.236986092431412554e-01 -1.154772800547546012e+02
1.140000000000000000e+03 -2.642374250577904649e-01 -1.797015456425089253e-01 3.195529100281800927e-01 -1.165179933759354185e+02
1.150000000000000000e+03 -2.481838058013064452e-01 -1.945691634201214271e-01 3.153606836877839159e-01 -1.175603309412056205e+02
1.160000000000000000e+03 -2.316419073944908924e-01 -2.076987097279663907e-01 3.111217242238477065e-01 -1.186042680470290804e+02
1.170000000000000000e+03 -2.147756039641633696e-01 -2.191321899098697679e-01 3.068346080755336991e-01 -1.196497838635949620e+02
1.180000000000000000e+03 -1.977359734006894632e-01 -2.289212924729508436e-01 3.024970633315379187e-01 -1.206968614224541909e+02
1.190000000000000000e+03 -1.806617685579707810e-01 -2.371258772896033262e-01 2.981062835615140294e-01 -1.217454875808338954e+02
1.200000000000000000e+03 -1.636797903893454365e-01 -2.438128402785690596e-01 2.936592836376931137e-01 -1.227956524233720188e+02
1.210000000000000000e+03 -1.469053058069323681e-01 -2.490552109030132744e-01 2.891533623393868768e-01 -1.238473488146639454e+02
1.220000000000000000e+03 -1.304424516791338751e-01 -2.529313355358563387e-01 2.845865311219333282e-01 -1.249005722835762526e+02
1.230000000000000000e+03 -1.143844297640373153e-01 -2.555242358823109905e-01 2.799579127220427344e-01 -1.259553204169339296e+02
1.240000000000000000e+03 -9.881356313635657196e-02 -2.569210099466373576e-01 2.752680977005923513e-01 -1.270115920531256961e+02
1.250000000000000000e+03 -8.380124193014155953e-02 -2.572121876436319066e-01 2.705194218932478467e-01 -1.280693863254049063e+02
1.260000000000000000e+03 -6.940775958248780741e-02 -2.564910566448648233e-01 2.657162005393342574e-01 -1.291287013430778927e+02
1.270000000000000000e+03 -5.568217015824558636e-02 -2.548528665433049123e-01 2.608648839128628327e-01 -1.301895329026038723e+02
1.280000000000000000e+03 -4.266219514599256524e-02 -2.523938334188581822e-01 2.559740417357609377e-01 -1.312518732165886490e+02
1.290000000000000000e+03 -3.037414743485443436e-02 -2.492100166817104445e-01 2.510542197352848004e-01 -1.323157092391311096e+02
1.300000000000000000e+03 -1.883296817876753057e-02 -2.453961594262624724e-01 2.461177680533896406e-01 -1.333810207336226483e+02
1.310000000000000000e+03 -8.042512811349896915e-03 -2.410444036454471306e-01 2.411785366509838768e-01 -1.344477786144808817e+02
1.320000000000000000e+03 2.003902010573380393e-03 -2.362429339118620186e-01 2.362514326867720671e-01 -1.355159435372497114e+02
1.330000000000000000e+03 1.132269082009681668e-02 -2.310746744150316279e-01 2.313519148038770401e-01 -1.365854647351957851e+02
1.340000000000000000e+03 1.993898382197176883e-02 -2.256161040331061685e-01 2.264954513338628683e-01 -1.376562790075595331e+02
1.350000000000000000e+03 2.788539862352898413e-02 -2.199362203533849480e-01 2.216969473847707484e-01 -1.387283100548502546e+02
1.360000000000000000e+03 3.520074677331383461e-02 -2.140957442139315159e-01 2.169702289806510476e-01 -1.398014677557759171e+02
1.370000000000000000e+03 4.192852391134365558e-02 -2.081465043459084507e-01 2.123275026670012056e-01 -1.408756482664779810e+02
1.380000000000000000e+03 4.811533514093262881e-02 -2.021311656694917414e-01 2.077789537239798923e-01 -1.419507346548949727e+02
1.390000000000000000e+03 5.380926183319026390e-02 -1.960831536954862064e-01 2.033323383581679411e-01 -1.430265982204438728e+02
1.400000000000000000e+03 5.905831715934757586e-02 -1.900269299951772572e-01 1.989927610469438279e-01 -1.441031001977731023e+02
1.410000000000000000e+03 6.390900561425881532e-02 -1.839785546152173101e-01 1.947625979414627229e-01 -1.451800939768048977e+02
1.420000000000000000e+03 6.840504291062970976e-02 -1.779464674545284397e-01 1.906415358077841460e-01 -1.462574276682761081e+02
1.430000000000000000e+03 7.258628689532807543e-02 -1.719323930803270950e-01 1.866266777167160107e-01 -1.473349466987668279e+02
1.440000000000000000e+03 7.648784558840794612e-02 -1.659323771382979484e-01 1.827127371190155336e-01 -1.484124966246018573e+02
1.450000000000000000e+03 8.013940378750458726e-02 -1.599379657716769043e-01 1.788923613086897402e-01 -1.494899260317997971e+02
1.460000000000000000e+03 8.356479996647575570e-02 -1.539374014227040954e-01 1.751564995945393000e-01 -1.505670891071861490e+02
1.470000000000000000e+03 8.678180776315500000e-02 -1.479168299947599130e-01 1.714948126164167475e-01 -1.516438480387066079e+02
1.480000000000000000e+03 8.980215161240699684e-02 -1.418615945106391218e-01 1.678962132727201406e-01 -1.527200753271338556e+02
1.490000000000000000e+03 9.263169865545024806e-02 -1.357574310556038111e-01 1.643493586315783739e-01 -1.537956558464365173e+02
1.500000000000000000e+03 9.527079143854062793e-02 -1.295915084878569712e-01 1.608430376904272929e-01 -1.548704885575130845e+02
1.510000000000000000e+03 9.771475514686218944e-02 -1.233533987705272977e-01 1.573665604938099816e-01 -1.559444879234254984e+02
1.520000000000000000e+03 9.995457317838984945e-02 -1.170359085985403363e-01 1.539101055836165077e-01 -1.570175848346014220e+02
1.530000000000000000e+03 1.019777006927677643e-01 -1.106357175121789743e-01 1.504649907055405078e-01 -1.580897269360715711e+02
1.540000000000000000e+03 1.037689927167571718e-01 -1.041538516432761047e-01 1.470239050684614690e-01 -1.591608785168248232e+02
1.550000000000000000e+03 1.053116778551026617e-01 -9.759599474702404520e-02 1.435810840024481227e-01 -1.602310202750208816e+02
1.560000000000000000e+03 1.065883078813766593e-01 -9.097261374756110408e-02 1.401323796596564142e-01 -1.613001491219539787e+02
1.570000000000000000e+03 1.075816869541575127e-01 -8.429891956590067348e-02 1.366752618723686141e-01 -1.623682779857233243e+02
1.580000000000000000e+03 1.082758552896811860e-01 -7.759469584399808495e-02 1.332088497879722333e-01 -1.634354353652684040e+02
1.590000000000000000e+03 1.086570327366574856e-01 -7.088387491669601026e-02 1.297338602152146858e-01 -1.645016642768014776e+02
1.600000000000000000e+03 1.087144370085430661e-01 -6.419399022067356908e-02 1.262525136167055029e-01 -1.655670214518881664e+02
1.610000000000000000e+03 1.084409540054400434e-01 -5.755544931505297140e-02 1.227683601400116203e-01 -1.666315762805330678e+02
1.620000000000000000e+03 1.078336667122207770e-01 -5.100066642826411867e-02 1.192860748483634964e-01 -1.676954093383567965e+02
1.630000000000000000e+03 1.068942151817392910e-01 -4.456314743149341479e-02 1.158112574334680123e-01 -1.687586109300801525e+02
1.640000000000000000e+03 1.056289680417640403e-01 -3.827655098270599937e-02 1.123502258328825110e-01 -1.698212796417821551e+02
1.650000000000000000e+03 1.040490231958950545e-01 -3.217371218439554065e-02 1.089098112372995919e-01 -1.708835204184387919e+02
1.660000000000000000e+03 1.021699890145340989e-01 -2.628567226786084760e-02 1.054971242347553656e-01 -1.719454422756158465e+02
1.670000000000000000e+03 1.000116091416902303e-01 -2.064077545491142113e-02 1.021193594500586777e-01 -1.730071556068427583e+02
1.680000000000000000e+03 9.759721682715090385e-02 -1.526388281412672208e-02 9.878361630842080743e-02 -1.740687693299047680e+02
1.690000000000000000e+03 9.495305709651416515e-02 -1.017577172082832423e-02 9.549675063628232374e-02 -1.751303882758244868e+02
1.700000000000000000e+03 9.210750658927424617e-02 -5.392729274975889900e-03 9.226523884500803518e-02 -1.761921108299688967e+02
1.710000000000000000e+03 8.909025213853188907e-02 -9.263347440472580619e-04 8.909506788911053521e-02 -1.772540267225123500e+02
1.720000000000000000e+03 8.593145265296314728e-02 3.216597805330716903e-03 8.599163364240562657e-02 -1.783162147180197223e+02
1.730000000000000000e+03 8.266090430078010254e-02 7.033936439545143519e-03 8.295963694266197952e-02 -1.793787400128612148e+02
1.740000000000000000e+03 7.930725227738551208e-02 1.052795160273797999e-02 8.000298762382854201e-02 -1.804416521084988290e+02
1.750000000000000000e+03 7.589728845591631190e-02 1.370480789967874931e-02 7.712470521517514332e-02 -1.815049839502401312e+02
1.760000000000000000e+03 7.245539380185815614e-02 1.657390764510728240e-02 7.432683570293363573e-02 -1.825687519769544167e+02
1.770000000000000000e+03 6.900315994915007245e-02 1.914717768504691983e-02 7.161040773707930129e-02 -1.836329565698275132e+02
1.780000000000000000e+03 6.555917844506579939e-02 2.143833346637829748e-02 6.897541605679240184e-02 -1.846975829762873218e+02
1.790000000000000000e+03 6.213896953360083936e-02 2.346215695170195126e-02 6.642081257801706051e-02 -1.857626025940658110e+02
1.800000000000000000e+03 5.875503865650585911e-02 2.523380118676335146e-02 6.394450163900410045e-02 -1.868279747606879084e+02
1.810000000000000000e+03 5.541708291369834560e-02 2.676810683058147497e-02 6.154335562802161486e-02 -1.878936498076240866e+02
1.820000000000000000e+03 5.213235806443269199e-02 2.807899124618480971e-02 5.921327981763502279e-02 -1.889595732016911995e+02
1.830000000000000000e+03 4.890612419901554930e-02 2.917901074415865659e-02 5.694930774098365400e-02 -1.900256892511898172e+02
1.840000000000000000e+03 4.574211166561815284e-02 3.007910167672419796e-02 5.474571341492037724e-02 -1.910919439015846706e+02
1.850000000000000000e+03 4.264303272943422568e-02 3.078844113523598533e-02 5.259616286290749732e-02 -1.921582877617047416e+02
1.860000000000000000e+03 3.961113920329992905e-02 3.131442230315154007e-02 5.049391441711881257e-02 -1.932246798039024611e+02
1.870000000000000000e+03 3.664879307221031307e-02 3.166276834971488985e-02 4.843206513475754177e-02 -1.942910914896270640e+02
1.880000000000000000e+03 3.375899682852579603e-02 3.183777917706499816e-02 4.640381503492970600e-02 -1.953575111458638958e+02
1.890000000000000000e+03 3.094580540967528659e-02 3.184269765180165052e-02 4.440270561798619758e-02 -1.964239478549939975e+02
1.900000000000000000e+03 2.821455763245550932e-02 3.168015914607006517e-02 4.242279747866092854e-02 -1.974904341094821234e+02
1.910000000000000000e+03 2.557195210141295638e-02 3.135268134095332837e-02 4.045881067881657023e-02 -1.985570275841566001e+02
1.920000000000000000e+03 2.302602708608728066e-02 3.086317333195385051e-02 3.850627729977870034e-02 -1.996238129570740512e+02
1.930000000000000000e+03 2.058603655106188909e-02 3.021543885109859162e-02 3.656169643009107156e-02 -2.006909039624743230e+02
1.940000000000000000e+03 1.826219818869356110e-02 2.941462998167992601e-02 3.462265644982005092e-02 -2.017584456081867756e+02
1.950000000000000000e+03 1.606532872246387370e-02 2.846760925288250449e-02 3.268791158112772932e-02 -2.028266169833863444e+02
1.960000000000000000e+03 1.400641219777812307e-02 2.738322215880380564e-02 3.075744525236892221e-02 -2.038956352192271311e+02
1.970000000000000000e+03 1.209613165047211669e-02 2.617248378854440671e-02 2.883253905862563984e-02 -2.049657611802927590e+02
1.980000000000000000e+03 1.034436425373859783e-02 2.484863909475476876e-02 2.691580830432926258e-02 -2.060373074518059298e+02
1.990000000000000000e+03 8.759650761605777478e-03 2.342708511207661909e-02 2.501119346040453495e-02 -2.071106488701971671e+02
2.000000000000000000e+03 7.348676908259479078e-03 2.192518057662193667e-02 2.312393988098624190e-02 -2.081862362809958995e+02
2.010000000000000000e+03 6.115807018575512670e-03 2.036194185845826080e-02 2.126056847160235491e-02 -2.092646153281016836e+02
2.020000000000000000e+03 5.062696134848865791e-03 1.875758795418968825e-02 1.942879301482662233e-02 -2.103464528358005623e+02
2.030000000000000000e+03 4.188014305960587914e-03 1.713293205725702553e-02 1.763737011874264710e-02 -2.114325741986062894e+02
2.040000000000000000e+03 3.487324395681725645e-03 1.550871369834807938e-02 1.589596275845053461e-02 -2.125240163934165025e+02
2.050000000000000000e+03 2.953111684662904947e-03 1.390498045866574509e-02 1.421510992493441213e-02 -2.136221017023862601e+02
2.060000000000000000e+03 2.574929812597520195e-03 1.234053805062009651e-02 1.260631361336873695e-02 -2.147285378672250431e+02
2.070000000000000000e+03 2.339668222670077298e-03 1.083243223875593984e-02 1.108222160035663567e-02 -2.158455527436376258e+02
2.080000000000000000e+03 2.231951678580402186e-03 9.395446845914090517e-03 9.656916160447646252e-03 -2.169760665646739142e+02
2.090000000000000000e+03 2.234621355908650211e-03 8.041647174963037839e-03 8.346353808153236103e-03 -2.181238757805753323e+02
2.100000000000000000e+03 2.329279207584303551e-03 6.780036019183715949e-03 7.168990866803578652e-03 -2.192937499740764906e+02
2.110000000000000000e+03 2.496904102987666883e-03 5.616358170371777564e-03 6.146381797237986805e-03 -2.204911681386209352e+02
2.120000000000000000e+03 2.718515603945191941e-03 4.553074634581003033e-03 5.302906346236790566e-03 -2.217210971969588797e+02
2.130000000000000000e+03 2.975856636448896003e-03 3.589510602195670249e-03 4.662650435532569165e-03 -2.229850336561692075e+02
2.140000000000000000e+03 3.252054878123017759e-03 2.722164656854575947e-03 4.240995325315969483e-03 -2.242766958644839121e+02
2.150000000000000000e+03 3.532195029443670285e-03 1.945144307657311082e-03 4.032367555622653164e-03 -2.255802566161916900e+02
2.160000000000000000e+03 3.803746536415906262e-03 1.250641796652743809e-03 4.004072004451319534e-03 -2.268759714976862938e+02
2.170000000000000000e+03 4.056845621962452790e-03 6.294308709087130353e-04 4.105384223393569385e-03 -2.281497038946887415e+02
2.180000000000000000e+03 4.284441992101152043e-03 7.143399995898447677e-05 4.285037456082481898e-03 -2.293969580473427641e+02
2.190000000000000000e+03 4.482318851474437725e-03 -4.336447085360607256e-04 4.503246608783983106e-03 -2.306200748505916067e+02
2.200000000000000000e+03 4.648994871640233992e-03 -8.956713184395617309e-04 4.734488401845806868e-03 -2.318239565580124975e+02
2.210000000000000000e+03 4.785520939833557037e-03 -1.323485764509656866e-03 4.965161148889848421e-03 -2.330134457432624515e+02
2.220000000000000000e+03 4.895173913015325728e-03 -1.724413909092956674e-03 5.190022251256638623e-03 -2.341923234071162199e+02
2.230000000000000000e+03 4.983038259643053983e-03 -2.103901689710074678e-03 5.408980737350742828e-03 -2.353631367388078672e+02
2.240000000000000000e+03 5.055483480583037280e-03 -2.465254262969635707e-03 5.624534807745253974e-03 -2.365273399206334375e+02
2.250000000000000000e+03 5.119554847562494265e-03 -2.809477223054229929e-03 5.839777744406129609e-03 -2.376855306370153187e+02
2.260000000000000000e+03 5.182315916838014201e-03 -3.135234285156743902e-03 6.056904513423911132e-03 -2.388377078055585230e+02
2.270000000000000000e+03 5.250224327276372185e-03 -3.438925358101062053e-03 6.276230007362313713e-03 -2.399835153064918245e+02
2.280000000000000000e+03 5.328612284772658511e-03 -3.714897108938800679e-03 6.495734709132752055e-03 -2.411224469889251623e+02
2.290000000000000000e+03 5.421269082813822034e-03 -3.955804459918371881e-03 6.711076470536086504e-03 -2.422539999014070418e+02
2.300000000000000000e+03 5.530080161209397979e-03 -4.153095131115197569e-03 6.915922625181293582e-03 -2.433777707573041766e+02
2.310000000000000000e+03 5.654726240319152275e-03 -4.297567975999241029e-03 7.102465724048810138e-03 -2.444934971484737787e+02
2.320000000000000000e+03 5.792515749153221045e-03 -4.379968715251960666e-03 7.262049617757649310e-03 -2.456010502687542498e+02
2.330000000000000000e+03 5.938400556762168415e-03 -4.391590986534726210e-03 7.385842711943321238e-03 -2.467003922083123655e+02
2.340000000000000000e+03 6.085125024382959449e-03 -4.324868336304050521e-03 7.465469354885671815e-03 -2.477915190775601673e+02
2.350000000000000000e+03 6.223480199788040262e-03 -4.173927149233995840e-03 7.493555474156871586e-03 -2.488744012556112466e+02
2.360000000000000000e+03 6.342694199460067669e-03 -3.935043228980254944e-03 7.464203569156439844e-03 -2.499489180646883710e+02
2.370000000000000000e+03 6.430937069432787062e-03 -3.606982725641894125e-03 7.373416845268127018e-03 -2.510147872221812975e+02
2.380000000000000000e+03 6.475910305129501179e-03 -3.191210693605212208e-03 7.219504136092916302e-03 -2.520714857729680034e+02
2.390000000000000000e+03 6.465487581922517782e-03 -2.691963800628316156e-03 7.003513316606710740e-03 -2.531181583039472969e+02
2.400000000000000000e+03 6.388356754954105723e-03 -2.116204488711422894e-03 6.729741708758971673e-03 -2.541535124183275514e+02
2.410000000000000000e+03 6.234609296871235391e-03 -1.473444694253428370e-03 6.406355621697629871e-03 -2.551757043259511590e+02
2.420000000000000000e+03 5.996259491771002703e-03 -7.754152486779965995e-04 6.046188609408096118e-03 -2.561822321833633396e+02
2.430000000000000000e+03 5.667680027893991397e-03 -3.561126464987010852e-05 5.667791903445149569e-03 -2.571699125201607217e+02
2.440000000000000000e+03 5.245909966735815520e-03 7.312432107916194213e-04 5.296629873082222585e-03 -2.581351288097312704e+02
2.450000000000000000e+03 4.730817717750388646e-03 1.509780359231235316e-03 4.965890958498927511e-03 -2.590747092087936494e+02
2.460000000000000000e+03 4.125127162048348832e-03 2.284576689226716899e-03 4.715502598029945765e-03 -2.599878583139928878e+02
2.470000000000000000e+03 3.434309721313122052e-03 3.040695888795053557e-03 4.586972285728458179e-03 -2.608789462356416493e+02
2.480000000000000000e+03 2.666359942719655467e-03 3.764178457653003570e-03 4.612864056657090851e-03 -2.617591418254162932e+02
2.490000000000000000e+03 1.831483242062578818e-03 4.442497138816000474e-03 4.805217132902986875e-03 -2.626438672468780737e+02
2.500000000000000000e+03 9.417147828670612876e-04 5.064969423054941668e-03 5.151770762441964559e-03 -2.635466610402094716e+02
2.510000000000000000e+03 1.048407611124829710e-05 5.623082396279811650e-03 5.623092169901166594e-03 -2.644746975280505694e+02
2.520000000000000000e+03 -9.478593562885486920e-04 6.110697140863853571e-03 6.183773678480270278e-03 -2.654289446873680163e+02
2.530000000000000000e+03 -1.918548156833171404e-03 6.524132202714130399e-03 6.800377050471502656e-03 -2.664068259508624124e+02
2.540000000000000000e+03 -2.886916679933551090e-03 6.862131152924223244e-03 7.444671374668709180e-03 -2.674046079388541557e+02
2.550000000000000000e+03 -3.838914945525285366e-03 7.125725334100685773e-03 8.094024307847223418e-03 -2.684186756608352766e+02
2.560000000000000000e+03 -4.761575281018705363e-03 7.318014215636055309e-03 8.730746315009946246e-03 -2.694459905355874980e+02
2.570000000000000000e+03 -5.643391386310941775e-03 7.443880650709783740e-03 9.341264661762884239e-03 -2.704841522515075098e+02
2.580000000000000000e+03 -6.474605453107152089e-03 7.509660247470109108e-03 9.915417933997422092e-03 -2.715313158474293687e+02
2.590000000000000000e+03 -7.247410605932222069e-03 7.522786289302286176e-03 1.044592140720450313e-02 -2.725860767446532691e+02
2.600000000000000000e+03 -7.956063581345079044e-03 7.491422177742356608e-03 1.092796202205953415e-02 -2.736473651895128114e+02
2.610000000000000000e+03 -8.596898958630454918e-03 7.424084380407413100e-03 1.135886000408098742e-02 -2.747143603380011996e+02
2.620000000000000000e+03 -9.168236698740946794e-03 7.329268445546700990e-03 1.173774851115097148e-02 -2.757864236936597422e+02
2.630000000000000000e+03 -9.670192647273737410e-03 7.215103080227259352e-03 1.206525334560745559e-02 -2.768630486137773232e+02
2.640000000000000000e+03 -1.010442655874723740e-02 7.089061256727553079e-03 1.234318539043921872e-02 -2.779438221577731838e+02
2.650000000000000000e+03 -1.047387307851961949e-02 6.957753165718502837e-03 1.257427319490092392e-02 -2.790283963864276302e+02
2.660000000000000000e+03 -1.078248316393154785e-02 6.826808246701189173e-03 1.276194554202824717e-02 -2.801164672577673400e+02
2.670000000000000000e+03 -1.103497613460709646e-02 6.700828988130218961e-03 1.291014358632445319e-02 -2.812077594570066026e+02
2.680000000000000000e+03 -1.123659096223970401e-02 6.583401321838438722e-03 1.302313900014397813e-02 -2.823020162942460729e+02
2.690000000000000000e+03 -1.139283123556631035e-02 6.477163726832962931e-03 1.310535209394604779e-02 -2.833989948676362474e+02
2.700000000000000000e+03 -1.150923359107889656e-02 6.383911243603361367e-03 1.316118462070281318e-02 -2.844984639082917397e+02
2.710000000000000000e+03 -1.159118664669689380e-02 6.304702850042031258e-03 1.319488104932713991e-02 -2.856002016540721797e+02
2.720000000000000000e+03 -1.164380480627261009e-02 6.239973861516389698e-03 1.321043012770533806e-02 -2.867039941257545479e+02
2.730000000000000000e+03 -1.167185184741658700e-02 6.189666403122295012e-03 1.321151375618944378e-02 -2.878096350677095643e+02
2.740000000000000000e+03 -1.167969669789696921e-02 6.153375450684702222e-03 1.320149023375597960e-02 -2.889169280229066885e+02
2.750000000000000000e+03 -1.167128470506796113e-02 6.130492439265089119e-03 1.318339198441128603e-02 -2.900256897787265871e+02
2.760000000000000000e+03 -1.165014264911840361e-02 6.120326519616162315e-03 1.315994758543986322e-02 -2.911357529621841422e+02
2.770000000000000000e+03 -1.161944346347353052e-02 6.122188860420572226e-03 1.313364621281978492e-02 -2.922469655746380681e+02
2.780000000000000000e+03 -1.158211138480816013e-02 6.135432679204600240e-03 1.310682411155175697e-02 -2.933591872505181186e+02
2.790000000000000000e+03 -1.154091989755897871e-02 6.159458388119185696e-03 1.308173381921695112e-02 -2.944722841648497820e+02
2.800000000000000000e+03 -1.149855728929270564e-02 6.193704982731376707e-03 1.306058196055052793e-02 -2.955861246689213999e+02
2.810000000000000000e+03 -1.145766497780985500e-02 6.237630482774926891e-03 1.304554026414289462e-02 -2.967005755836179333e+02
2.820000000000000000e+03 -1.142086060959607990e-02 6.290658021314278654e-03 1.303872828940571930e-02 -2.978154971633360901e+02
2.830000000000000000e+03 -1.139074691073770074e-02 6.352072731704874048e-03 1.304216021881916127e-02 -2.989307358062409321e+02
2.840000000000000000e+03 -1.136990875890057581e-02 6.420898965521048066e-03 1.305767087619967917e-02 -3.000461166096475267e+02
2.850000000000000000e+03 -1.136089668650030679e-02 6.495799757323378505e-03 1.308684026068080743e-02 -3.011614388569967105e+02
2.860000000000000000e+03 -1.136618099957776781e-02 6.575014041474850149e-03 1.313091315030124294e-02 -3.022764761720830506e+02
2.870000000000000000e+03 -1.138807739633634908e-02 6.656338568397222009e-03 1.319072211526265380e-02 -3.033909816845732621e+02
2.880000000000000000e+03 -1.142865316159547701e-02 6.737153584685723513e-03 1.326662547566976290e-02 -3.045046974366492805e+02
2.890000000000000000e+03 -1.148961430942806693e-02 6.814454679347610455e-03 1.335844412932496970e-02 -3.056173649652000677e+02
2.900000000000000000e+03 -1.157217966228122480e-02 6.884862180178495661e-03 1.346538782865786509e-02 -3.067287343329136888e+02
2.910000000000000000e+03 -1.167697964280231190e-02 6.944642159374272462e-03 1.358601885396079449e-02 -3.078385717189510160e+02
2.920000000000000000e+03 -1.180400823063097911e-02 6.989790875834313993e-03 1.371830116292467594e-02 -3.089466671520196996e+02
2.930000000000000000e+03 -1.195260950700644843e-02 7.016180510904398114e-03 1.385971366906891232e-02 -3.100528424870686308e+02
2.940000000000000000e+03 -1.212147777106873867e-02 7.019722777987035846e-03 1.400738131251889548e-02 -3.111569576229476297e+02
2.950000000000000000e+03 -1.230867706320769132e-02 6.996508512761047405e-03 1.415820124222963959e-02 -3.122589125393030827e+02
2.960000000000000000e+03 -1.251168979576098780e-02 6.942909817729063862e-03 1.430896146764216482e-02 -3.133586447345935539e+02
2.970000000000000000e+03 -1.272747579190490995e-02 6.855660457073072499e-03 1.445644217420734810e-02 -3.144561245327613506e+02
2.980000000000000000e+03 -1.295252998712772934e-02 6.731937739454711342e-03 1.459750042970842619e-02 -3.155513507225452940e+02
2.990000000000000000e+03 -1.318295355677803239e-02 6.569443302001834462e-03 1.472914966243412706e-02 -3.166443463584306528e+02
3.000000000000000000e+03 -1.341455644349103839e-02 6.366465918363106019e-03 1.484864346885889606e-02 -3.177351536300942030e+02
3.010000000000000000e+03 -1.364298536863051484e-02 6.121917899095111887e-03 1.495355905903097797e-02 -3.188238279876567844e+02
3.020000000000000000e+03 -1.386384513587971684e-02 5.835340664183369386e-03 1.504185502585128967e-02 -3.199104324798727816e+02
3.030000000000000000e+03 -1.407278729707147139e-02 5.506879387024960805e-03 1.511188482261086388e-02 -3.209950328673689341e+02
3.040000000000000000e+03 -1.426556664205979805e-02 5.137228335073379393e-03 1.516237140376564159e-02 -3.220776931098444607e+02
3.050000000000000000e+03 -1.443807392866554296e-02 4.727558082075389648e-03 1.519235940165345085e-02 -3.231584711371054368e+02
3.060000000000000000e+03 -1.458635090886338526e-02 4.279452066665502541e-03 1.520116254854829603e-02 -3.242374159660503778e+02
3.070000000000000000e+03 -1.470659835233596203e-02 3.794868486450584093e-03 1.518831991783115530e-02 -3.253145666100718927e+02
3.080000000000000000e+03 -1.479518152071541449e-02 3.276133726853199240e-03 1.515356223556507329e-02 -3.263899529737018952e+02
3.090000000000000000e+03 -1.484864195508854220e-02 2.725970259197649324e-03 1.509679044580157850e-02 -3.274635988270368898e+02
3.100000000000000000e+03 -1.486372163106686531e-02 2.147539497947344774e-03 1.501806068109624338e-02 -3.285355257350043985e+02
3.110000000000000000e+03 -1.483739395249516167e-02 1.544483076348488653e-03 1.491756304745070830e-02 -3.296057571446687575e+02
3.120000000000000000e+03 -1.476691461479982294e-02 9.209458004322109087e-04 1.479560436102974295e-02 -3.306743215499055282e+02
3.130000000000000000e+03 -1.464990505316593299e-02 2.815645762767102602e-04 1.465261057550464735e-02 -3.317412539156292723e+02
3.140000000000000000e+03 -1.448447316790962489e-02 -3.685655974130023203e-04 1.448916158897712962e-02 -3.328065966571415970e+02
3.150000000000000000e+03 -1.426935455471680866e-02 -1.023932765929183543e-03 1.430604479642646511e-02 -3.338704020469673992e+02
3.160000000000000000e+03 -1.400404149713985538e-02 -1.678665355792505242e-03 1.410429351759077098e-02 -3.349327358991124584e+02
3.170000000000000000e+03 -1.368888186045521052e-02 -2.326612236550239937e-03 1.388519395214791487e-02 -3.359936819104177630e+02
3.180000000000000000e+03 -1.332515204005202229e-02 -2.961466085109134422e-03 1.365027319374063561e-02 -3.370533448167536221e+02
3.190000000000000000e+03 -1.291510916648609675e-02 -3.576956702296649714e-03 1.340129337162492343e-02 -3.381118500975069310e+02
3.200000000000000000e+03 -1.246200875843458955e-02 -4.167091537502416211e-03 1.314025548371205304e-02 -3.391693412222707025e+02
3.210000000000000000e+03 -1.197006947893618396e-02 -4.726396437913220339e-03 1.286939729042810808e-02 -3.402259768307582135e+02
3.220000000000000000e+03 -1.144438993864590332e-02 -5.250126094895482889e-03 1.259118283085755574e-02 -3.412819292930026904e+02
3.230000000000000000e+03 -1.089082893879872622e-02 -5.734429470410088575e-03 1.230828324037448913e-02 -3.423373852284818781e+02
3.240000000000000000e+03 -1.031584158859659602e-02 -6.176474366525908088e-03 1.202353622198439401e-02 -3.433925465455245103e+02
3.250000000000000000e+03 -9.726277274082800045e-03 -6.574538828789492327e-03 1.173989056267562767e-02 -3.444476303576519740e+02
3.260000000000000000e+03 -9.129161055541583705e-03 -6.928062085060683779e-03 1.146035016186121996e-02 -3.455028679620128287e+02
3.270000000000000000e+03 -8.531467925916259507e-03 -7.237641042838162224e-03 1.118791280069313804e-02 -3.465585033873632597e+02
3.280000000000000000e+03 -7.939893133476689721e-03 -7.504977191832680299e-03 1.092550161873399005e-02 -3.476147903778037289e+02
3.290000000000000000e+03 -7.360630565339030748e-03 -7.732787646108672287e-03 1.067590216793007536e-02 -3.486719866519190987e+02
3.300000000000000000e+03 -6.799183141604612027e-03 -7.924669047733100963e-03 1.044170823712190291e-02 -3.497303472919801379e+02
3.310000000000000000e+03 -6.260230605244829390e-03 -8.084905496172415523e-03 1.022527183564735272e-02 -3.507901198225105190e+02
3.320000000000000000e+03 -5.747560082944126042e-03 -8.218240636208311647e-03 1.002865524692509759e-02 -3.518515409031439276e+02
3.330000000000000000e+03 -5.264042240603585693e-03 -8.329645227579285383e-03 9.853584643579877192e-03 -3.529148324168810404e+02
3.340000000000000000e+03 -4.811632609548917999e-03 -8.424106148870862468e-03 9.701410865266886507e-03 -3.539801947880442299e+02
3.350000000000000000e+03 -4.391390676693690889e-03 -8.506441712731410351e-03 9.573080104514386166e-03 -3.550477977857996166e+02
3.360000000000000000e+03 -4.003533664255318376e-03 -8.581122581701607077e-03 9.469104844863365789e-03 -3.561177728033059111e+02
3.370000000000000000e+03 -3.647539447431211862e-03 -8.652097990147624568e-03 9.389533729194616402e-03 -3.571902095394332832e+02
3.380000000000000000e+03 -3.322286981239909454e-03 -8.722668770393975438e-03 9.333945642852357893e-03 -3.582651558419497064e+02
3.390000000000000000e+03 -3.026206439672891879e-03 -8.795434479567310754e-03 9.301483381691287231e-03 -3.593426187027721994e+02
3.400000000000000000e+03 -2.757421662972827162e-03 -8.872294636108781288e-03 9.290908800400340256e-03 -3.604225667760125589e+02
3.410000000000000000e+03 -2.513889345419233635e-03 -8.954468595864371883e-03 9.300653067141768579e-03 -3.615049364029945878e+02
3.420000000000000000e+03 -2.293533588514404253e-03 -9.042525122210223754e-03 9.328856141427350687e-03 -3.625896407086256090e+02
3.430000000000000000e+03 -2.094355832380130535e-03 -9.136444107734701878e-03 9.373416521545644212e-03 -3.636765782666822133e+02
3.440000000000000000e+03 -1.914512606408316515e-03 -9.235723832379232751e-03 9.432070463481181249e-03 -3.647656397446398273e+02
3.450000000000000000e+03 -1.752369558835379162e-03 -9.339510687690961988e-03 9.502486987953554995e-03 -3.658567136443360823e+02
3.460000000000000000e+03 -1.606535682205734476e-03 -9.446717939213502419e-03 9.582350271267402533e-03 -3.669496916367845643e+02
3.470000000000000000e+03 -1.475875004342518506e-03 -9.556125893690517806e-03 9.669423412205373908e-03 -3.680444725489724647e+02
3.480000000000000000e+03 -1.359494882906167384e-03 -9.666468995653983848e-03 9.761600748882725415e-03 -3.691409642608464310e+02
3.490000000000000000e+03 -1.256717174317561981e-03 -9.776515453415625737e-03 9.856956551953510726e-03 -3.702390838213504480e+02
3.500000000000000000e+03 -1.167034512473417388e-03 -9.885147777669635663e-03 9.953799080736510513e-03 -3.713387558320029598e+02
3.510000000000000000e+03 -1.090050727525044292e-03 -9.991439031725567882e-03 1.005072457653014353e-02 -3.724399090946659499e+02
3.520000000000000000e+03 -1.025409929576014817e-03 -1.009470785476110528e-02 1.014665423657713089e-02 -3.735424721392565743e+02
3.530000000000000000e+03 -9.727235057439235100e-04 -1.019453563116576832e-02 1.024083725843425233e-02 -3.746463685789191800e+02
3.540000000000000000e+03 -9.315013073125757211e-04 -1.029075286594849196e-02 1.033282581066535463e-02 -3.757515126768652749e+02
3.550000000000000000e+03 -9.010888939192530488e-04 -1.038342170405102613e-02 1.042244728837246441e-02 -3.768578050314593497e+02
3.560000000000000000e+03 -8.806188460772509073e-04 -1.047282055520701825e-02 1.050977925237409766e-02 -3.779651291854805777e+02
3.570000000000000000e+03 -8.689757733608483633e-04 -1.055941263869646964e-02 1.059510803007457889e-02 -3.790733493333204365e+02
3.580000000000000000e+03 -8.647659733336841370e-04 -1.064379677853822398e-02 1.067886838815126742e-02 -3.801823083496578874e+02
3.590000000000000000e+03 -8.663009617239265936e-04 -1.072665061008848224e-02 1.076157565913074890e-02 -3.812918270550703141e+02
3.600000000000000000e+03 -8.716013442656273501e-04 -1.080866948932461720e-02 1.084375511678415359e-02 -3.824017053911262565e+02
3.610000000000000000e+03 -8.784228560770764287e-04 -1.089050312313892023e-02 1.092587227589528372e-02 -3.835117256917038162e+02
3.620000000000000000e+03 -8.843067882055427858e-04 -1.097268185036701267e-02 1.100825805861399900e-02 -3.846216582736776672e+02
3.630000000000000000e+03 -8.866412830758694640e-04 -1.105552806518997344e-02 1.109102491048765023e-02 -3.857312680313640385e+02
3.640000000000000000e+03 -8.827189044059712301e-04 -1.113907493196824097e-02 1.117399583874090045e-02 -3.868403204070935431e+02
3.650000000000000000e+03 -8.698045845089173505e-04 -1.122301582198100868e-02 1.125667109565118250e-02 -3.879485876480061393e+02
3.660000000000000000e+03 -8.452241491267300589e-04 -1.130668501518530128e-02 1.133823310286407975e-02 -3.890558559954302495e+02
3.670000000000000000e+03 -8.064601725685003426e-04 -1.138904972204339214e-02 1.141756679775143141e-02 -3.901619325480351108e+02
3.680000000000000000e+03 -7.512461617136926856e-04 -1.146870578898858198e-02 1.149328426820940378e-02 -3.912666509631050644e+02
3.690000000000000000e+03 -6.776539216593386499e-04 -1.154389681016901315e-02 1.156376964494582917e-02 -3.923698754699436222e+02
3.700000000000000000e+03 -5.841543387820083378e-04 -1.161256224483370007e-02 1.162724551136918964e-02 -3.934715016953355189e+02
3.710000000000000000e+03 -4.696592931658232525e-04 -1.167240736535828799e-02 1.168185231692848644e-02 -3.945714554239775680e+02
3.720000000000000000e+03 -3.335676257647560931e-04 -1.172098599136848877e-02 1.172573153243816613e-02 -3.956696917331502164e+02
3.730000000000000000e+03 -1.758109099259969488e-04 -1.175579269392206840e-02 1.175710726915938677e-02 -3.967661945482040551e+02
3.740000000000000000e+03 3.129957480016576032e-06 -1.177436492824207419e-02 1.177436534425744738e-02 -3.978609745771265125e+02
3.750000000000000000e+03 2.022402843260537645e-04 -1.177439639608184214e-02 1.177613313548506700e-02 -3.989540658179199681e+02
3.760000000000000000e+03 4.200155861437748837e-04 -1.175384877186607530e-02 1.176135085968024914e-02 -4.000455213014242304e+02
3.770000000000000000e+03 6.545277172274399993e-04 -1.171105258858683509e-02 1.172932902024942728e-02 -4.011354087472016090e+02
3.780000000000000000e+03 9.034983131647071402e-04 -1.164479021605553666e-02 1.167978802794957492e-02 -4.022238073370446614e+02
3.790000000000000000e+03 1.164383813791279761e-03 -1.155434341637583823e-02 1.161286534191139329e-02 -4.033108049257816106e+02
3.800000000000000000e+03 1.434484343304472933e-03 -1.143951240364456806e-02 1.152910184551787093e-02 -4.043964942099278801e+02
3.810000000000000000e+03 1.711056789827993668e-03 -1.130063145179464358e-02 1.142943509309654430e-02 -4.054809693326640172e+02
3.820000000000000000e+03 1.991409361041634064e-03 -1.113857975217077967e-02 1.131519642510518328e-02 -4.065643247261996862e+02
3.830000000000000000e+03 2.272982787372747077e-03 -1.095474809179434149e-02 1.118807206387072498e-02 -4.076466549709672336e+02
3.840000000000000000e+03 2.553434161645727011e-03 -1.075095875104900393e-02 1.105002896306686577e-02 -4.087280534323448933e+02
3.850000000000000000e+03 2.830713384632200548e-03 -1.052937238984489633e-02 1.090323902287590463e-02 -4.098086103414906916e+02
3.860000000000000000e+03 3.103110798552993765e-03 -1.029239954447697634e-02 1.075001325632885321e-02 -4.108884122778722485e+02
3.870000000000000000e+03 3.369275162063445263e-03 -1.004260006474711787e-02 1.059272538953769278e-02 -4.119675426558189315e+02
3.880000000000000000e+03 3.628216489616539666e-03 -9.782564580736535786e-03 1.043372055749081095e-02 -4.130460813769783499e+02
3.890000000000000000e+03 3.879300402723041569e-03 -9.514805116531204268e-03 1.027523664059059628e-02 -4.141241034662535299e+02
3.900000000000000000e+03 4.122233162617010456e-03 -9.241664684962253712e-03 1.011934644116199537e-02 -4.152016771794051806e+02
3.910000000000000000e+03 4.357019794642421479e-03 -8.965242197481054082e-03 9.967907962576742081e-03 -4.162788633256805042e+02
3.920000000000000000e+03 4.583893899489093794e-03 -8.687336197625808443e-03 9.822519711985971957e-03 -4.173557163700837123e+02
3.930000000000000000e+03 4.803237787353964276e-03 -8.409416803971539803e-03 9.684491944587692719e-03 -4.184322864390832137e+02
3.940000000000000000e+03 5.015504619910227807e-03 -8.132613245368295468e-03 9.554825209865468183e-03 -4.195086210348480336e+02
3.950000000000000000e+03 5.221150794149768438e-03 -7.857718611833203540e-03 9.434201471136849718e-03 -4.205847660716387963e+02
3.960000000000000000e+03 5.420587621302731633e-03 -7.585217948795654891e-03 9.322998524667489018e-03 -4.216607661845432631e+02
3.970000000000000000e+03 5.614143203136458433e-03 -7.315324442675745671e-03 9.221310948391910067e-03 -4.227366647339698602e+02
3.980000000000000000e+03 5.802034391377180848e-03 -7.048017563503485364e-03 9.128973362551627904e-03 -4.238125033446365819e+02
3.990000000000000000e+03 5.984349530540169874e-03 -6.783085219799370007e-03 9.045589223634744117e-03 -4.248883212060219989e+02
4.000000000000000000e+03 6.161041568261102150e-03 -6.520175589961187124e-03 8.970569821910252817e-03 -4.259641548281961718e+02
4.010000000000000000e+03 6.331934426844031474e-03 -6.258852179698909911e-03 8.903180566133343452e-03 -4.270400378843789326e+02
4.020000000000000000e+03 6.496743184461971007e-03 -5.998637621911573695e-03 8.842585895758436204e-03 -4.281160001610498398e+02
4.030000000000000000e+03 6.655103503054368014e-03 -5.739051199244036422e-03 8.787895726731794963e-03 -4.291920663584274962e+02
4.040000000000000000e+03 6.806600510788897614e-03 -5.479651838991869348e-03 8.738214622566709347e-03 -4.302682565428739281e+02
4.050000000000000000e+03 6.950807620459833504e-03 -5.220075812883449157e-03 8.692693372533814161e-03 -4.313445866545391141e+02
4.060000000000000000e+03 7.087334659937317288e-03 -4.960067546856465788e-03 8.650582792582678718e-03 -4.324210690222507765e+02
4.070000000000000000e+03 7.215864636580816491e-03 -4.699497454949745807e-03 8.611270451131861764e-03 -4.334977136474048507e+02
4.080000000000000000e+03 7.336176836128595856e-03 -4.438344831453853133e-03 8.574286874944346548e-03 -4.345745277344045689e+02
4.090000000000000000e+03 7.448167664810352064e-03 -4.176649753658517698e-03 8.539297671814834179e-03 -4.356515123337231898e+02
4.100000000000000000e+03 7.551871371729307857e-03 -3.914473569941481941e-03 8.506107484914302019e-03 -4.367286596239356982e+02
4.110000000000000000e+03 7.647463744572601668e-03 -3.651891344254603548e-03 8.474668849860393302e-03 -4.378059544279851707e+02
4.120000000000000000e+03 7.735239768545771818e-03 -3.388986678097815827e-03 8.445067494177681960e-03 -4.388833773362869124e+02
4.130000000000000000e+03 7.815562578697265311e-03 -3.125819517726366285e-03 8.417467913745329058e-03 -4.399609057259623910e+02
4.140000000000000000e+03 7.888805240818709194e-03 -2.862378240687859024e-03 8.392047266330906682e-03 -4.410385120090933810e+02
4.150000000000000000e+03 7.955307432681111429e-03 -2.598549460035547327e-03 8.368953079371539011e-03 -4.421161617478239236e+02
4.160000000000000000e+03 8.015336298880786081e-03 -2.334122917371051192e-03 8.348278012713322357e-03 -4.431938146077275746e+02
4.170000000000000000e+03 8.069042246436557153e-03 -2.068823195190776752e-03 8.330034344931435894e-03 -4.442714279272625504e+02
4.180000000000000000e+03 8.116405602468634156e-03 -1.802343442531783874e-03 8.314113409655989398e-03 -4.453489601232956261e+02
4.190000000000000000e+03 8.157191973941647217e-03 -1.534380266212642110e-03 8.300247207227072488e-03 -4.464263730628516669e+02
4.200000000000000000e+03 8.190928331649820551e-03 -1.264680052225477429e-03 8.287986641441981786e-03 -4.663531904093693470e+02
