0.000000000000000000e+00 2.209238089445713094e-01 6.708627314511879103e-01
1.000000000000000000e+01 2.203919955495871885e-01 6.713875567509923759e-01
2.000000000000000000e+01 2.196874972993353992e-01 6.720849314760078963e-01
3.000000000000000000e+01 2.188272148098067416e-01 6.729379178229477620e-01
4.000000000000000000e+01 2.178412147164366652e-01 6.739166815278297973e-01
5.000000000000000000e+01 2.167742252361398725e-01 6.749764186028981428e-01
6.000000000000000000e+01 2.156819000160931921e-01 6.760612851767033860e-01
7.000000000000000000e+01 2.146257615772498573e-01 6.771097178566347630e-01
8.000000000000000000e+01 2.136666636411408138e-01 6.780609623597022573e-01
9.000000000000000000e+01 2.128586742390538855e-01 6.788611607687874416e-01
1.000000000000000000e+02 2.122444847567196702e-01 6.794678349888729763e-01
1.100000000000000000e+02 2.118525612551559745e-01 6.798526338190470364e-01
1.200000000000000000e+02 2.116958875028376319e-01 6.800026216262174961e-01
1.300000000000000000e+02 2.117720414499074943e-01 6.799202707899634213e-01
1.400000000000000000e+02 2.120643717955539298e-01 6.796222890757268598e-01
1.500000000000000000e+02 2.125440818926719599e-01 6.791375135688584308e-01
1.600000000000000000e+02 2.131730189328064629e-01 6.785041004617473615e-01
1.700000000000000000e+02 2.139068841057777393e-01 6.777663092249068821e-01
1.800000000000000000e+02 2.146985196601868817e-01 6.769712262284951487e-01
1.900000000000000000e+02 2.155009835989427358e-01 6.761656978191800116e-01
2.000000000000000000e+02 2.162702126503447952e-01 6.753936581039234888e-01
2.100000000000000000e+02 2.169671530705511719e-01 6.746940449395780748e-01
2.200000000000000000e+02 2.175592922182247313e-01 6.740992792743618622e-01
2.300000000000000000e+02 2.180215857335401908e-01 6.736343236873136853e-01
2.400000000000000000e+02 2.183368155701299052e-01 6.733163262469509247e-01
2.500000000000000000e+02 2.184954430831823335e-01 6.731547814264585705e-01
2.600000000000000000e+02 2.184950556402561750e-01 6.731521186776687760e-01
2.700000000000000000e+02 2.183395232143895137e-01 6.733045511903067437e-01
2.800000000000000000e+02 2.180379706216547253e-01 6.736030734826786714e-01
2.900000000000000000e+02 2.176036580802441500e-01 6.740345379278731563e-01
3.000000000000000000e+02 2.170528564756630807e-01 6.745827451936641239e-01
3.100000000000000000e+02 2.164037921747034299e-01 6.752294975389402376e-01
3.200000000000000000e+02 2.156757135436954131e-01 6.759555465287166998e-01
3.300000000000000000e+02 2.148880969792075490e-01 6.767414043411911218e-01
3.400000000000000000e+02 2.140599906800767505e-01 6.775680168624363953e-01
3.500000000000000000e+02 2.132094881285160337e-01 6.784172777099000129e-01
3.600000000000000000e+02 2.123533341801011887e-01 6.792724116155581804e-01
3.700000000000000000e+02 2.115066596683107536e-01 6.801182592716064068e-01
3.800000000000000000e+02 2.106828209213649217e-01 6.809414402114187803e-01
3.900000000000000000e+02 2.098933215875514180e-01 6.817304102820389566e-01
4.000000000000000000e+02 2.091478112613300855e-01 6.824754575448663818e-01
4.100000000000000000e+02 2.084541506618797502e-01 6.831686441827750089e-01
4.200000000000000000e+02 2.078185177232069747e-01 6.838037166546745427e-01
4.300000000000000000e+02 2.072455333869558936e-01 6.843760056385781443e-01
4.400000000000000000e+02 2.067383916579866587e-01 6.848822910776427575e-01
4.500000000000000000e+02 2.062990024630826646e-01 6.853206383296668314e-01
4.600000000000000000e+02 2.059281554971901518e-01 6.856902448439595732e-01
4.700000000000000000e+02 2.056256839707203965e-01 6.859912889860267926e-01
4.800000000000000000e+02 2.053906097938828501e-01 6.862247747847008972e-01
4.900000000000000000e+02 2.052212736033830198e-01 6.863923858446213666e-01
5.000000000000000000e+02 2.051154560000865157e-01 6.864963447284929687e-01
5.100000000000000000e+02 2.050704999054430988e-01 6.865392794872989812e-01
5.200000000000000000e+02 2.050834375678985411e-01 6.865241015730638718e-01
5.300000000000000000e+02 2.051511205011048722e-01 6.864539106368681143e-01
5.400000000000000000e+02 2.052703284084613777e-01 6.863319053035454864e-01
5.500000000000000000e+02 2.054378435239364586e-01 6.861612908096623720e-01
5.600000000000000000e+02 2.056505053829848773e-01 6.859452222397640631e-01
5.700000000000000000e+02 2.059052425891217952e-01 6.856867685980162497e-01
5.800000000000000000e+02 2.061990850002356768e-01 6.853888801984063806e-01
5.900000000000000000e+02 2.065291746091970637e-01 6.850543773479512710e-01
6.000000000000000000e+02 2.068927834160686485e-01 6.846859575023113154e-01
6.100000000000000000e+02 2.072873146668008371e-01 6.842861917178919562e-01
6.200000000000000000e+02 2.077102899716565254e-01 6.838575382860879737e-01
6.300000000000000000e+02 2.081593272052378873e-01 6.834023592980916773e-01
6.400000000000000000e+02 2.086321214690599057e-01 6.829229539918746372e-01
6.500000000000000000e+02 2.091264310872685828e-01 6.824215823895317667e-01
6.600000000000000000e+02 2.096400615822854863e-01 6.819004617230249865e-01
6.700000000000000000e+02 2.101708577083321317e-01 6.813617661092964406e-01
6.800000000000000000e+02 2.107167081470541770e-01 6.808076302334771235e-01
6.900000000000000000e+02 2.112755542194612035e-01 6.802401273083340527e-01
7.000000000000000000e+02 2.118454035625317033e-01 6.796612469244026622e-01
7.100000000000000000e+02 2.124243624663216257e-01 6.790728989735096421e-01
7.200000000000000000e+02 2.130106604430958839e-01 6.784768885711391917e-01
7.300000000000000000e+02 2.136026483914988394e-01 6.778748896374563460e-01
7.400000000000000000e+02 2.141987885423032589e-01 6.772684518191066649e-01
7.500000000000000000e+02 2.147976306826958892e-01 6.766590375185248529e-01
7.600000000000000000e+02 2.153977733571169062e-01 6.760480726313101707e-01
7.700000000000000000e+02 2.159978137070379944e-01 6.754369972405532829e-01
7.800000000000000000e+02 2.165962755353583180e-01 6.748272955991216904e-01
7.900000000000000000e+02 2.171915553308153002e-01 6.742205702675702073e-01
8.000000000000000000e+02 2.177818900263566448e-01 6.736186118458294958e-01
8.100000000000000000e+02 2.183653228026892490e-01 6.730234110002913939e-01
8.200000000000000000e+02 2.189397073213213418e-01 6.724371430568882868e-01
8.300000000000000000e+02 2.195027380255070715e-01 6.718621480384081579e-01
8.400000000000000000e+02 2.200520019889659340e-01 6.713008656289083387e-01
8.500000000000000000e+02 2.205850651012778441e-01 6.707557549901541627e-01
8.600000000000000000e+02 2.210995774370168587e-01 6.702292020735231004e-01
8.700000000000000000e+02 2.215933821915583302e-01 6.697233931173949273e-01
8.800000000000000000e+02 2.220646315490623912e-01 6.692401868679516141e-01
8.900000000000000000e+02 2.225118882602569736e-01 6.687809976186763761e-01
9.000000000000000000e+02 2.229342240018874211e-01 6.683467390052709733e-01
9.100000000000000000e+02 2.233312920205321184e-01 6.679377726929213166e-01
9.200000000000000000e+02 2.237033345067606926e-01 6.675538423235654051e-01
9.300000000000000000e+02 2.240511733700940311e-01 6.671941197484437813e-01
9.400000000000000000e+02 2.243761750421492951e-01 6.668572537759673846e-01
9.500000000000000000e+02 2.246801776752334889e-01 6.665414111842922207e-01
9.600000000000000000e+02 2.249654155310058246e-01 6.662443853560126028e-01
9.700000000000000000e+02 2.252344339136745921e-01 6.659636841721011669e-01
9.800000000000000000e+02 2.254899970642498530e-01 6.656965772861254127e-01
9.900000000000000000e+02 2.257350127596185752e-01 6.654401741053459496e-01
1.000000000000000000e+03 2.259724819330244661e-01 6.651914674943534278e-01
1.010000000000000000e+03 2.262054639660146527e-01 6.649473866740199801e-01
1.020000000000000000e+03 2.264370354358069548e-01 6.647048483993500678e-01
1.030000000000000000e+03 2.266702536744215624e-01 6.644607873513737051e-01
1.040000000000000000e+03 2.269081166217703782e-01 6.642122164915346128e-01
1.050000000000000000e+03 2.271535025392716067e-01 6.639562782916820227e-01
1.060000000000000000e+03 2.274090982203794409e-01 6.636902759008161956e-01
1.070000000000000000e+03 2.276773379220073945e-01 6.634117801494697764e-01
1.080000000000000000e+03 2.279603005728907394e-01 6.631186876744461500e-01
1.090000000000000000e+03 2.282596358978793705e-01 6.628093488327273519e-01
1.100000000000000000e+03 2.285764751129024108e-01 6.624826169144889532e-01
1.110000000000000000e+03 2.289113589310627916e-01 6.621379280596978445e-01
1.120000000000000000e+03 2.292642107972857890e-01 6.617753887374220323e-01
1.130000000000000000e+03 2.296342914006081481e-01 6.613957418141718225e-01
1.140000000000000000e+03 2.300202028583506475e-01 6.610003485903965803e-01
1.150000000000000000e+03 2.304199550376461736e-01 6.605911813100751040e-01
1.160000000000000000e+03 2.308310370255114430e-01 6.601707711236222131e-01
1.170000000000000000e+03 2.312504690752379410e-01 6.597420788704301264e-01
1.180000000000000000e+03 2.316749036676199192e-01 6.593084492432073063e-01
1.190000000000000000e+03 2.321007164640797593e-01 6.588735132490497470e-01
1.200000000000000000e+03 2.325240978308539541e-01 6.584410746255582314e-01
1.210000000000000000e+03 2.329411807357809339e-01 6.580150066822474386e-01
1.220000000000000000e+03 2.333481450377953847e-01 6.575991243005123721e-01
1.230000000000000000e+03 2.337413328400715362e-01 6.571971027161481738e-01
1.240000000000000000e+03 2.341173625913978984e-01 6.568123557129491585e-01
1.250000000000000000e+03 2.344732291938100288e-01 6.564478884261533143e-01
1.260000000000000000e+03 2.348064183947661532e-01 6.561061971649599922e-01
1.270000000000000000e+03 2.351150324662549529e-01 6.557892068614094017e-01
1.280000000000000000e+03 2.353978685824083261e-01 6.554981408911936258e-01
1.290000000000000000e+03 2.356544682335434127e-01 6.552334503852974557e-01
1.300000000000000000e+03 2.358851514813284367e-01 6.549948291480280904e-01
1.310000000000000000e+03 2.360910041836083995e-01 6.547812122464136131e-01
1.320000000000000000e+03 2.362738219147323127e-01 6.545908134661456712e-01
1.330000000000000000e+03 2.364360160462420091e-01 6.544212055449218912e-01
1.340000000000000000e+03 2.365805027748272005e-01 6.542694577319898563e-01
1.350000000000000000e+03 2.367105809971362940e-01 6.541322860698340902e-01
1.360000000000000000e+03 2.368297774595708727e-01 6.540061955930613902e-01
1.370000000000000000e+03 2.369416740889242479e-01 6.538876008213729829e-01
1.380000000000000000e+03 2.370498102417436803e-01 6.537729631010453790e-01
1.390000000000000000e+03 2.371575653228382430e-01 6.536588846182611601e-01
1.400000000000000000e+03 2.372680965796669372e-01 6.535422103260564164e-01
1.410000000000000000e+03 2.373842942894359431e-01 6.534200386850739228e-01
1.420000000000000000e+03 2.375087719696316046e-01 6.532897417439690324e-01
1.430000000000000000e+03 2.376438830856551221e-01 6.531489883246810457e-01
1.440000000000000000e+03 2.377917150135197277e-01 6.529957158981797294e-01
1.450000000000000000e+03 2.379540756531063617e-01 6.528280898954103018e-01
1.460000000000000000e+03 2.381325167892952011e-01 6.526445352002360201e-01
1.470000000000000000e+03 2.383283361925876420e-01 6.524437447974149595e-01
1.480000000000000000e+03 2.385425608069863257e-01 6.522246781906786417e-01
1.490000000000000000e+03 2.387759420767024410e-01 6.519865703090103048e-01
1.500000000000000000e+03 2.390289374534753930e-01 6.517289582412588711e-01
1.510000000000000000e+03 2.393016870580645938e-01 6.514517052786101825e-01
1.520000000000000000e+03 2.395940069239329839e-01 6.511549846728785784e-01
1.530000000000000000e+03 2.399053971251106088e-01 6.508392753804121966e-01
1.540000000000000000e+03 2.402350609352014443e-01 6.505053863004565118e-01
1.550000000000000000e+03 2.405819267647174298e-01 6.501543944215030235e-01
1.560000000000000000e+03 2.409446891590832918e-01 6.497875937807910951e-01
1.570000000000000000e+03 2.413218540153390101e-01 6.494064611746055427e-01
1.580000000000000000e+03 2.417117918355485284e-01 6.490125882943499347e-01
1.590000000000000000e+03 2.421128016759476198e-01 6.486076777510078051e-01
1.600000000000000000e+03 2.425231291579822146e-01 6.481934983287966912e-01
1.610000000000000000e+03 2.429409781652637768e-01 6.477718214066159330e-01
1.620000000000000000e+03 2.433645177966586859e-01 6.473444678753820236e-01
1.630000000000000000e+03 2.437918649637005331e-01 6.469133259284276516e-01
1.640000000000000000e+03 2.442210558980578705e-01 6.464803802968372981e-01
1.650000000000000000e+03 2.446500143487303769e-01 6.460477104558709494e-01
1.660000000000000000e+03 2.450765310664596575e-01 6.456175027635829844e-01
1.670000000000000000e+03 2.454982506831566713e-01 6.451920994217067440e-01
1.680000000000000000e+03 2.459126518210332790e-01 6.447740019557193225e-01
1.690000000000000000e+03 2.463170445106586393e-01 6.443658760011239384e-01
1.700000000000000000e+03 2.467085875473820356e-01 6.439705536629536375e-01
1.710000000000000000e+03 2.470843127427493624e-01 6.435909959353072196e-01
1.720000000000000000e+03 2.474411657391923369e-01 6.432302516466952280e-01
1.730000000000000000e+03 2.477760546028630606e-01 6.428914154557706651e-01
1.740000000000000000e+03 2.480858945000258553e-01 6.425775737332090065e-01
1.750000000000000000e+03 2.483676535575341238e-01 6.422917528754615857e-01
1.760000000000000000e+03 2.486184004300925898e-01 6.420368756662788723e-01
1.770000000000000000e+03 2.488353391137680670e-01 6.418157274174131066e-01
1.780000000000000000e+03 2.490158313593746064e-01 6.416309326286016024e-01
1.790000000000000000e+03 2.491574190545633727e-01 6.414849340079982198e-01
1.800000000000000000e+03 2.492578495860098831e-01 6.413799710301110180e-01
1.810000000000000000e+03 2.493150943289384192e-01 6.413180662098554308e-01
1.820000000000000000e+03 2.493273562996719261e-01 6.413010206687785875e-01
1.830000000000000000e+03 2.492930767116360857e-01 6.413304058657063322e-01
1.840000000000000000e+03 2.492109491374042696e-01 6.414075431225106927e-01
1.850000000000000000e+03 2.490799410413483128e-01 6.415334770695912958e-01
1.860000000000000000e+03 2.488993172115921138e-01 6.417089515343257222e-01
1.870000000000000000e+03 2.486686629615413313e-01 6.419343878967251893e-01
1.880000000000000000e+03 2.483879081377729781e-01 6.422098628048599211e-01
1.890000000000000000e+03 2.480573484084247493e-01 6.425350891517022101e-01
1.900000000000000000e+03 2.476776566725752415e-01 6.429094065997164043e-01
1.910000000000000000e+03 2.472498812634413012e-01 6.433317812879512099e-01
1.920000000000000000e+03 2.467754330666077911e-01 6.438008125692953332e-01
1.930000000000000000e+03 2.462560629895796382e-01 6.443147518982471622e-01
1.940000000000000000e+03 2.456938308314322583e-01 6.448715353658449612e-01
1.950000000000000000e+03 2.450910664847727738e-01 6.454688235302381560e-01
1.960000000000000000e+03 2.444503236478384745e-01 6.461040493610649138e-01
1.970000000000000000e+03 2.437743273468797878e-01 6.467744762453345730e-01
1.980000000000000000e+03 2.430659166293936135e-01 6.474772601846997544e-01
1.990000000000000000e+03 2.423279830749723585e-01 6.482095120215812800e-01
2.000000000000000000e+03 2.415634127604302794e-01 6.489683588733052844e-01
2.010000000000000000e+03 2.407750367197823149e-01 6.497509989904617367e-01
2.020000000000000000e+03 2.399655843153118140e-01 6.505547434529644901e-01
2.030000000000000000e+03 2.391376411987207184e-01 6.513770428859484429e-01
2.040000000000000000e+03 2.382936219739069383e-01 6.522155032321783619e-01
2.050000000000000000e+03 2.374357596054153252e-01 6.530678977883854763e-01
2.060000000000000000e+03 2.365661065454744971e-01 6.539321768285731862e-01
2.070000000000000000e+03 2.356865413936282405e-01 6.548064684283553261e-01
2.080000000000000000e+03 2.347987799145363208e-01 6.556890642336188346e-01
2.090000000000000000e+03 2.339043957830132525e-01 6.565783921699698267e-01
2.100000000000000000e+03 2.330048580350138621e-01 6.574729793212030771e-01
2.110000000000000000e+03 2.321015805222183814e-01 6.583714093439524406e-01
2.120000000000000000e+03 2.311959716134726339e-01 6.592722770548996580e-01
2.130000000000000000e+03 2.302894845477105046e-01 6.601741361674027253e-01
2.140000000000000000e+03 2.293836693226350421e-01 6.610754453575584666e-01
2.150000000000000000e+03 2.284802213866028719e-01 6.619745186927119551e-01
2.160000000000000000e+03 2.275810251934882456e-01 6.628694788311331187e-01
2.170000000000000000e+03 2.266881882263764025e-01 6.637582188243368320e-01
2.180000000000000000e+03 2.258040630267763027e-01 6.646383789492485983e-01
2.190000000000000000e+03 2.249312575717628826e-01 6.655073382723161179e-01
2.200000000000000000e+03 2.240726324169131922e-01 6.663622209612578562e-01
2.210000000000000000e+03 2.232312853963069055e-01 6.671999164882067568e-01
2.220000000000000000e+03 2.224105228558602154e-01 6.680171108377654932e-01
2.230000000000000000e+03 2.216138129793621958e-01 6.688103298486950399e-01
2.240000000000000000e+03 2.208447216118941125e-01 6.695759971457230231e-01
2.250000000000000000e+03 2.201068369858164564e-01 6.703105054391995665e-01
2.260000000000000000e+03 2.194036873401986887e-01 6.710103027795665254e-01
2.270000000000000000e+03 2.187386528955606313e-01 6.716719913149884480e-01
2.280000000000000000e+03 2.181148742060139145e-01 6.722924272068442342e-01
2.290000000000000000e+03 2.175351591974802046e-01 6.728688113087536449e-01
2.300000000000000000e+03 2.170018943127520750e-01 6.733987709878873629e-01
2.310000000000000000e+03 2.165169655052659736e-01 6.738804358874387335e-01
2.320000000000000000e+03 2.160816910504000932e-01 6.743125034909883686e-01
2.330000000000000000e+03 2.156967694539221048e-01 6.746942860896568694e-01
2.340000000000000000e+03 2.153622504272446891e-01 6.750257344154150241e-01
2.350000000000000000e+03 2.150775327708047968e-01 6.753074441607811451e-01
2.360000000000000000e+03 2.148413825476643002e-01 6.755406461044989319e-01
2.370000000000000000e+03 2.146519659819846049e-01 6.757271806034739203e-01
2.380000000000000000e+03 2.145068927491448896e-01 6.758694580997864909e-01
2.390000000000000000e+03 2.144032657131087483e-01 6.759704009192541996e-01
2.400000000000000000e+03 2.143377409159295810e-01 6.760333667619372600e-01
2.410000000000000000e+03 2.143066050750355445e-01 6.760620643797538021e-01
2.420000000000000000e+03 2.143058681936806931e-01 6.760604685505325895e-01
2.430000000000000000e+03 2.143313635653809335e-01 6.760327335774866109e-01
2.440000000000000000e+03 2.143788455781102387e-01 6.759831038099708422e-01
2.450000000000000000e+03 2.144440766216646754e-01 6.759158227110342310e-01
2.460000000000000000e+03 2.145229078538309631e-01 6.758350440129050618e-01
2.470000000000000000e+03 2.146113637510603522e-01 6.757447475465857556e-01
2.480000000000000000e+03 2.147057259511236382e-01 6.756486601451906493e-01
2.490000000000000000e+03 2.148026017018349887e-01 6.755501869267372950e-01
2.500000000000000000e+03 2.148989694786416216e-01 6.754523585789945495e-01
2.510000000000000000e+03 2.149922064722910309e-01 6.753577947520449376e-01
2.520000000000000000e+03 2.150801039790835312e-01 6.752686858915963874e-01
2.530000000000000000e+03 2.151608714658831412e-01 6.751867960348926223e-01
2.540000000000000000e+03 2.152331271076947383e-01 6.751134823243780669e-01
2.550000000000000000e+03 2.152958729497729262e-01 6.750497235030195053e-01
2.560000000000000000e+03 2.153484597862973804e-01 6.749961547725855660e-01
2.570000000000000000e+03 2.153905483744056881e-01 6.749531082907153090e-01
2.580000000000000000e+03 2.154220684328325974e-01 6.749206559523664994e-01
2.590000000000000000e+03 2.154431779996723029e-01 6.748986499406756101e-01
2.600000000000000000e+03 2.154542264916168848e-01 6.748867571847830815e-01
2.610000000000000000e+03 2.154557231622988844e-01 6.748844859998456291e-01
2.620000000000000000e+03 2.154483131952704411e-01 6.748912045847772490e-01
2.630000000000000000e+03 2.154327619168692753e-01 6.749061540591687613e-01
2.640000000000000000e+03 2.154099450673535310e-01 6.749284600095192266e-01
2.650000000000000000e+03 2.153808405603798992e-01 6.749571473625441964e-01
2.660000000000000000e+03 2.153465148563137033e-01 6.749911639447433442e-01
2.670000000000000000e+03 2.153080976366270050e-01 6.750294102550907782e-01
2.680000000000000000e+03 2.152667428903754510e-01 6.750707667624241681e-01
2.690000000000000000e+03 2.152235860364671849e-01 6.751141217454119658e-01
2.700000000000000000e+03 2.151797057040785166e-01 6.751584067121745303e-01
2.710000000000000000e+03 2.151360882749775438e-01 6.752026399042366789e-01
2.720000000000000000e+03 2.150935893867603754e-01 6.752459742614738136e-01
2.730000000000000000e+03 2.150528947978227468e-01 6.752877407314062941e-01
2.740000000000000000e+03 2.150144907248232873e-01 6.753274772627845257e-01
2.750000000000000000e+03 2.149786484941811349e-01 6.753649369794741952e-01
2.760000000000000000e+03 2.149454263855510305e-01 6.754000717396402287e-01
2.770000000000000000e+03 2.149146926371603150e-01 6.754330000143577983e-01
2.780000000000000000e+03 2.148861641599783823e-01 6.754639775052878603e-01
2.790000000000000000e+03 2.148594460174158560e-01 6.754933762991635060e-01
2.800000000000000000e+03 2.148340615600668746e-01 6.755216604541303127e-01
2.810000000000000000e+03 2.148094784234860222e-01 6.755493535007442985e-01
2.820000000000000000e+03 2.147851379315828813e-01 6.755770063310692075e-01
2.830000000000000000e+03 2.147604856185547639e-01 6.756051670061156145e-01
2.840000000000000000e+03 2.147349961923076533e-01 6.756343520826899596e-01
2.850000000000000000e+03 2.147081890134991677e-01 6.756650251613139924e-01
2.860000000000000000e+03 2.146796397068655993e-01 6.756975842652361841e-01
2.870000000000000000e+03 2.146489972904125076e-01 6.757323524968940065e-01
2.880000000000000000e+03 2.146160047640637558e-01 6.757695648205457317e-01
2.890000000000000000e+03 2.145805165260797620e-01 6.758093550485845258e-01
2.900000000000000000e+03 2.145425092103733500e-01 6.758517506837327105e-01
2.910000000000000000e+03 2.145020842305775111e-01 6.758966635375908139e-01
2.920000000000000000e+03 2.144594663960846248e-01 6.759438766528215181e-01
2.930000000000000000e+03 2.144150040932949197e-01 6.759930457964374861e-01
2.940000000000000000e+03 2.143691686635224303e-01 6.760437041818350146e-01
2.950000000000000000e+03 2.143225506137386160e-01 6.760952567549818326e-01
2.960000000000000000e+03 2.142758547527467139e-01 6.761469770637860144e-01
2.970000000000000000e+03 2.142298973990882927e-01 6.761980245135308376e-01
2.980000000000000000e+03 2.141855989140851735e-01 6.762474708572729920e-01
2.990000000000000000e+03 2.141439622077512261e-01 6.762943154044858129e-01
3.000000000000000000e+03 2.141060428804937577e-01 6.763374917218741844e-01
3.010000000000000000e+03 2.140729243020305372e-01 6.763758860137486506e-01
3.020000000000000000e+03 2.140457005503207388e-01 6.764083656831323399e-01
3.030000000000000000e+03 2.140254637264588089e-01 6.764338091167909628e-01
3.040000000000000000e+03 2.140132908751696816e-01 6.764511291435659768e-01
3.050000000000000000e+03 2.140102311191635909e-01 6.764592866657087589e-01
3.060000000000000000e+03 2.140172967879581944e-01 6.764573002721279149e-01
3.070000000000000000e+03 2.140354528914618637e-01 6.764442528127488918e-01
3.080000000000000000e+03 2.140656012919822659e-01 6.764192937940106676e-01
3.090000000000000000e+03 2.141085707486086731e-01 6.763816459705876971e-01
3.100000000000000000e+03 2.141651228592987566e-01 6.763306053755848701e-01
3.110000000000000000e+03 2.142359678449219096e-01 6.762655106808087568e-01
3.120000000000000000e+03 2.143217765182137968e-01 6.761857048687630600e-01
3.130000000000000000e+03 2.144231847699709925e-01 6.760905292775374331e-01
3.140000000000000000e+03 2.145407950903873151e-01 6.759793511332573557e-01
3.150000000000000000e+03 2.146751717993327646e-01 6.758515851601136770e-01
3.160000000000000000e+03 2.148268244829011353e-01 6.757067095798170442e-01
3.170000000000000000e+03 2.149961782612099526e-01 6.755442971497758187e-01
3.180000000000000000e+03 2.151835295823861238e-01 6.753640445721512675e-01
3.190000000000000000e+03 2.153889953753044817e-01 6.751658090999321793e-01
3.200000000000000000e+03 2.156124695287187365e-01 6.749496653179029027e-01
3.210000000000000000e+03 2.158535938186312564e-01 6.747159629268536518e-01
3.220000000000000000e+03 2.161117400270096689e-01 6.744653490486389735e-01
3.230000000000000000e+03 2.163860072119400124e-01 6.741987414931258638e-01
3.240000000000000000e+03 2.166752497894401941e-01 6.739172958247711120e-01
3.250000000000000000e+03 2.169781253113361730e-01 6.736223612929814752e-01
3.260000000000000000e+03 2.172931569754872894e-01 6.733154188467295187e-01
3.270000000000000000e+03 2.176188162370716606e-01 6.729980216126829617e-01
3.280000000000000000e+03 2.179535995579200969e-01 6.726717162666130401e-01
3.290000000000000000e+03 2.182960875193220296e-01 6.723379565970022398e-01
3.300000000000000000e+03 2.186449927742303290e-01 6.719980141234386251e-01
3.310000000000000000e+03 2.189992068293119820e-01 6.716529142580600631e-01
3.320000000000000000e+03 2.193578504735655132e-01 6.713034476222942137e-01
3.330000000000000000e+03 2.197203079769204370e-01 6.709502157893887375e-01
3.340000000000000000e+03 2.200862177889052473e-01 6.705936340498059867e-01
3.350000000000000000e+03 2.204554261888205524e-01 6.702339120146609819e-01
3.360000000000000000e+03 2.208279299880165913e-01 6.698710623077187565e-01
3.370000000000000000e+03 2.212038289628714127e-01 6.695049580616309060e-01
3.380000000000000000e+03 2.215832783462476918e-01 6.691353985611819821e-01
3.390000000000000000e+03 2.219664450081350604e-01 6.687621943410240188e-01
3.400000000000000000e+03 2.223534671316420852e-01 6.683852605995828089e-01
3.410000000000000000e+03 2.227443945663757641e-01 6.680046390087320818e-01
3.420000000000000000e+03 2.231391209320511271e-01 6.676204575301321054e-01
3.430000000000000000e+03 2.235373573515948287e-01 6.672329602704965001e-01
3.440000000000000000e+03 2.239386419892314128e-01 6.668425948166649686e-01
3.450000000000000000e+03 2.243423402249510035e-01 6.664500240422429611e-01
3.460000000000000000e+03 2.247476383968041169e-01 6.660560389427745420e-01
3.470000000000000000e+03 2.251535759430145223e-01 6.656615045228522209e-01
3.480000000000000000e+03 2.255591175644436619e-01 6.652674067779152933e-01
3.490000000000000000e+03 2.259631971741380696e-01 6.648748525310658186e-01
3.500000000000000000e+03 2.263647259428485103e-01 6.644849736489879533e-01
3.510000000000000000e+03 2.267626123519929093e-01 6.640988293174573398e-01
3.520000000000000000e+03 2.271558100398925195e-01 6.637173825643004621e-01
3.530000000000000000e+03 2.275433627341509890e-01 6.633415287900965573e-01
3.540000000000000000e+03 2.279244206191456679e-01 6.629721001092514499e-01
3.550000000000000000e+03 2.282982358894903308e-01 6.626098212426237977e-01
3.560000000000000000e+03 2.286641594046360249e-01 6.622552755605756181e-01
3.570000000000000000e+03 2.290216480271879129e-01 6.619089308905105051e-01
3.580000000000000000e+03 2.293702983136815532e-01 6.615712101632839071e-01
3.590000000000000000e+03 2.297098525194355145e-01 6.612424640820179222e-01
3.600000000000000000e+03 2.300401784730876364e-01 6.609228976749540463e-01
3.610000000000000000e+03 2.303612644664619624e-01 6.606125516130112452e-01
3.620000000000000000e+03 2.306732335540759016e-01 6.603113225948192833e-01
3.630000000000000000e+03 2.309763490838989963e-01 6.600189798842620581e-01
3.640000000000000000e+03 2.312710026986546652e-01 6.597351490655209982e-01
3.650000000000000000e+03 2.315577110381693005e-01 6.594593056097158845e-01
3.660000000000000000e+03 2.318371106168807816e-01 6.591907747920787708e-01
3.670000000000000000e+03 2.321099518373130610e-01 6.589287639421808063e-01
3.680000000000000000e+03 2.323770918628398907e-01 6.586724234779703924e-01
3.690000000000000000e+03 2.326394519511946757e-01 6.584208101685584680e-01
3.700000000000000000e+03 2.328979856066849263e-01 6.581728842417553516e-01
3.710000000000000000e+03 2.331536766820995199e-01 6.579275920365611485e-01
3.720000000000000000e+03 2.334075292800591728e-01 6.576838809864886670e-01
3.730000000000000000e+03 2.336605624837454209e-01 6.574407137760106545e-01
3.740000000000000000e+03 2.339138137726269606e-01 6.571971214702896358e-01
3.750000000000000000e+03 2.341683331689174696e-01 6.569522119599182641e-01
3.760000000000000000e+03 2.344251521271340788e-01 6.567050728851573371e-01
3.770000000000000000e+03 2.346852684968156189e-01 6.564547109068100683e-01
3.780000000000000000e+03 2.349496546769205829e-01 6.562000547616221313e-01
3.790000000000000000e+03 2.352193197259065116e-01 6.559400651525970627e-01
3.800000000000000000e+03 2.354953394129634670e-01 6.556737887250160268e-01
3.810000000000000000e+03 2.357788186316279733e-01 6.554002747074723079e-01
3.820000000000000000e+03 2.360708417509586043e-01 6.551184680203786526e-01
3.830000000000000000e+03 2.363724944391500382e-01 6.548272480165343579e-01
3.840000000000000000e+03 2.366848998474087307e-01 6.545254936403871460e-01
3.850000000000000000e+03 2.370091871797896654e-01 6.542120000973075111e-01
3.860000000000000000e+03 2.373464975059183801e-01 6.538855041934252821e-01
3.870000000000000000e+03 2.376980168423886708e-01 6.535447554314648411e-01
3.880000000000000000e+03 2.380649983000247827e-01 6.531885422255400142e-01
3.890000000000000000e+03 2.384487390660421369e-01 6.528156461679732736e-01
3.900000000000000000e+03 2.388505267401582199e-01 6.524247784648450343e-01
3.910000000000000000e+03 2.392716437927124851e-01 6.520146722449459142e-01
3.920000000000000000e+03 2.397133391913672806e-01 6.515841144330165591e-01
3.930000000000000000e+03 2.401767795341800404e-01 6.511319332388748604e-01
3.940000000000000000e+03 2.406630332163536279e-01 6.506571141113732804e-01
3.950000000000000000e+03 2.411729626282622663e-01 6.501587541593240038e-01
3.960000000000000000e+03 2.417071467746244873e-01 6.496360477836311542e-01
3.970000000000000000e+03 2.422659045423245505e-01 6.490884735428565921e-01
3.980000000000000000e+03 2.428493057896649598e-01 6.485159374772412333e-01
3.990000000000000000e+03 2.434571672595631786e-01 6.479187925631837430e-01
4.000000000000000000e+03 2.440890068645696631e-01 6.472977194351827723e-01
4.010000000000000000e+03 2.447439914092535695e-01 6.466535379958234797e-01
4.020000000000000000e+03 2.454210354019067952e-01 6.459872752423120312e-01
4.030000000000000000e+03 2.461188690107708743e-01 6.453001857539261144e-01
4.040000000000000000e+03 2.468360931731279628e-01 6.445937520979905244e-01
4.050000000000000000e+03 2.475712088460752802e-01 6.438696180416566550e-01
4.060000000000000000e+03 2.483225800978806075e-01 6.431293967133727696e-01
4.070000000000000000e+03 2.490884540513437495e-01 6.423746351946493238e-01
4.080000000000000000e+03 2.498670035947309631e-01 6.416069420655916566e-01
4.090000000000000000e+03 2.506563665481003622e-01 6.408281296615035982e-01
4.100000000000000000e+03 2.514546863558664302e-01 6.400402944627294755e-01
4.110000000000000000e+03 2.522600294475501603e-01 6.392456683216667379e-01
4.120000000000000000e+03 2.530703032618909498e-01 6.384464563558420735e-01
4.130000000000000000e+03 2.538832701387449542e-01 6.376448417949143188e-01
4.140000000000000000e+03 2.546965756622543431e-01 6.368430530678688140e-01
4.150000000000000000e+03 2.555077758857508541e-01 6.360434396754912623e-01
4.160000000000000000e+03 2.563143759570438718e-01 6.352484936617457389e-01
4.170000000000000000e+03 2.571138483263524233e-01 6.344607879122226013e-01
4.180000000000000000e+03 2.579036300691270323e-01 6.336828436323138636e-01
4.190000000000000000e+03 2.586811570761188284e-01 6.329170694060044511e-01
4.200000000000000000e+03 2.594438873944788782e-01 6.321657394340997049e-01
