0.000000000000000000e+00 3.681929615371356546e-01 5.235969547968898352e-01
1.000000000000000000e+01 3.675185069920248737e-01 5.242738181716719570e-01
2.000000000000000000e+01 3.667072852226895829e-01 5.250858015665347267e-01
3.000000000000000000e+01 3.657626797731727830e-01 5.260312405159451865e-01
4.000000000000000000e+01 3.646839766305559061e-01 5.271109334668777624e-01
5.000000000000000000e+01 3.634703461892402898e-01 5.283257756275180350e-01
6.000000000000000000e+01 3.621208755327584572e-01 5.296762189467698612e-01
7.000000000000000000e+01 3.606349297147840027e-01 5.311627694741480887e-01
8.000000000000000000e+01 3.590128575628459551e-01 5.327857733002564489e-01
9.000000000000000000e+01 3.572542098886989370e-01 5.345454548119725757e-01
1.000000000000000000e+02 3.553583451411914118e-01 5.364419805456062118e-01
1.100000000000000000e+02 3.533253515361207131e-01 5.384752491617099679e-01
1.200000000000000000e+02 3.511561468250742335e-01 5.406445980770977489e-01
1.300000000000000000e+02 3.488524374294282859e-01 5.429485225914493229e-01
1.400000000000000000e+02 3.464168516885141047e-01 5.453844522882612678e-01
1.500000000000000000e+02 3.438531006465201378e-01 5.479485698054732401e-01
1.600000000000000000e+02 3.411662070389693269e-01 5.506357341116623338e-01
1.700000000000000000e+02 3.383626145793166562e-01 5.534394761073153646e-01
1.800000000000000000e+02 3.354501339746636668e-01 5.563520255853091623e-01
1.900000000000000000e+02 3.324377186408022378e-01 5.593644772733982196e-01
2.000000000000000000e+02 3.293352656590813887e-01 5.624669813460104750e-01
2.100000000000000000e+02 3.261534185524736507e-01 5.656489553684781457e-01
2.200000000000000000e+02 3.229032023915026639e-01 5.688993450818065067e-01
2.300000000000000000e+02 3.195957330293768828e-01 5.722069021201765526e-01
2.400000000000000000e+02 3.162421280292492809e-01 5.755604411652548436e-01
2.500000000000000000e+02 3.128534081135423417e-01 5.789489841775828927e-01
2.600000000000000000e+02 3.094403306242319851e-01 5.823618640095864496e-01
2.700000000000000000e+02 3.060131987715894453e-01 5.857888451087553960e-01
2.800000000000000000e+02 3.025817852184858325e-01 5.892201978661573136e-01
2.900000000000000000e+02 2.991553003536496780e-01 5.926467444571051901e-01
3.000000000000000000e+02 2.957423511837646291e-01 5.960598704796071790e-01
3.100000000000000000e+02 2.923509476430822263e-01 5.994515425583176738e-01
3.200000000000000000e+02 2.889885106434737505e-01 6.028143098373909270e-01
3.300000000000000000e+02 2.856618970749968400e-01 6.061412496736361399e-01
3.400000000000000000e+02 2.823774558278061009e-01 6.094259558412115085e-01
3.500000000000000000e+02 2.791410976120203280e-01 6.126625449189986305e-01
3.600000000000000000e+02 2.759582764933081189e-01 6.158456431528464003e-01
3.700000000000000000e+02 2.728339292183566966e-01 6.189703728655908677e-01
3.800000000000000000e+02 2.697725007475951231e-01 6.220323120816942941e-01
3.900000000000000000e+02 2.667779964211163257e-01 6.250274864479902215e-01
4.000000000000000000e+02 2.638539960553515362e-01 6.279523563495721383e-01
4.100000000000000000e+02 2.610036499167870949e-01 6.308037463914999421e-01
4.200000000000000000e+02 2.582297416943490909e-01 6.335787966480890265e-01
4.300000000000000000e+02 2.555347650878189159e-01 6.362749315270760375e-01
4.400000000000000000e+02 2.529209803531864975e-01 6.388898431480428686e-01
4.500000000000000000e+02 2.503904517780453087e-01 6.414214461139231549e-01
4.600000000000000000e+02 2.479451004934662695e-01 6.438677950008678819e-01
4.700000000000000000e+02 2.455867681443033301e-01 6.462270553763028724e-01
4.800000000000000000e+02 2.433172334602791143e-01 6.484975079567087963e-01
4.900000000000000000e+02 2.411381558187335461e-01 6.506775042489159055e-01
5.000000000000000000e+02 2.390510364349759387e-01 6.527654518162555597e-01
5.100000000000000000e+02 2.370572757636145445e-01 6.547598869355767404e-01
5.200000000000000000e+02 2.351582157928132355e-01 6.566595320164119176e-01
5.300000000000000000e+02 2.333550757600631187e-01 6.584633053064178343e-01
5.400000000000000000e+02 2.316488222938257457e-01 6.601703435822366961e-01
5.500000000000000000e+02 2.300400432574977172e-01 6.617800465895290474e-01
5.600000000000000000e+02 2.285289305078206934e-01 6.632920889308603352e-01
5.700000000000000000e+02 2.271153956549153419e-01 6.647064253903808284e-01
5.800000000000000000e+02 2.257991687050086016e-01 6.660233780046330709e-01
5.900000000000000000e+02 2.245796972656829704e-01 6.672436542344039045e-01
6.000000000000000000e+02 2.234560331286997159e-01 6.683682475418950553e-01
6.100000000000000000e+02 2.224268887115181947e-01 6.693983890211594456e-01
6.200000000000000000e+02 2.214907528770967138e-01 6.703355901531409256e-01
6.300000000000000000e+02 2.206459170891750809e-01 6.711816899672827796e-01
6.400000000000000000e+02 2.198903972986841759e-01 6.719388127074967798e-01
6.500000000000000000e+02 2.192218484747401330e-01 6.726093322168066324e-01
6.600000000000000000e+02 2.186375423510567573e-01 6.731959000969270912e-01
6.700000000000000000e+02 2.181344235317400071e-01 6.737014387354789413e-01
6.800000000000000000e+02 2.177091302294789643e-01 6.741291510699033429e-01
6.900000000000000000e+02 2.173579729601509414e-01 6.744824892019130047e-01
7.000000000000000000e+02 2.170770993673607485e-01 6.747651938473434585e-01
7.100000000000000000e+02 2.168625715161555945e-01 6.749813342376811409e-01
7.200000000000000000e+02 2.167102486991217825e-01 6.751351874787464569e-01
7.300000000000000000e+02 2.166156894277486422e-01 6.752311668735014871e-01
7.400000000000000000e+02 2.165742622165670872e-01 6.752738934634485712e-01
7.500000000000000000e+02 2.165812727926791914e-01 6.752681339360511181e-01
7.600000000000000000e+02 2.166320014715098219e-01 6.752186442382697162e-01
7.700000000000000000e+02 2.167217901076394226e-01 6.751301218979597341e-01
7.800000000000000000e+02 2.168460432851327391e-01 6.750072818893826376e-01
7.900000000000000000e+02 2.170001261750297838e-01 6.748547885820374015e-01
8.000000000000000000e+02 2.171794128151058045e-01 6.746771523996127895e-01
8.100000000000000000e+02 2.173794562919464102e-01 6.744787042054910531e-01
8.200000000000000000e+02 2.175960955081649717e-01 6.742635982759701552e-01
8.300000000000000000e+02 2.178254434320341659e-01 6.740357184239755828e-01
8.400000000000000000e+02 2.180639781091243401e-01 6.737986697636432210e-01
8.500000000000000000e+02 2.183085647938416141e-01 6.735556984065188546e-01
8.600000000000000000e+02 2.185563735700954691e-01 6.733096779191487524e-01
8.700000000000000000e+02 2.188048120551575604e-01 6.730631648568839998e-01
8.800000000000000000e+02 2.190514803832503410e-01 6.728183941819826375e-01
8.900000000000000000e+02 2.192943610357801221e-01 6.725771777186022593e-01
9.000000000000000000e+02 2.195320782683098382e-01 6.723408441244399514e-01
9.100000000000000000e+02 2.197639171494294441e-01 6.721102681433666071e-01
9.200000000000000000e+02 2.199896308593335681e-01 6.718858342220562774e-01
9.300000000000000000e+02 2.202093568966756731e-01 6.716673882554574648e-01
9.400000000000000000e+02 2.204236329076199874e-01 6.714543905191102668e-01
9.500000000000000000e+02 2.206333459641039996e-01 6.712460266949602516e-01
9.600000000000000000e+02 2.208396651246367914e-01 6.710411391510400225e-01
9.700000000000000000e+02 2.210440650003354934e-01 6.708382307497177122e-01
9.800000000000000000e+02 2.212483603696533963e-01 6.706354824676615811e-01
9.900000000000000000e+02 2.214546393623253451e-01 6.704307753250501323e-01
1.000000000000000000e+03 2.216650995366392651e-01 6.702217826624512487e-01
1.010000000000000000e+03 2.218819899217699954e-01 6.700062484005937513e-01
1.020000000000000000e+03 2.221076176321758189e-01 6.697820218212916510e-01
1.030000000000000000e+03 2.223443146022275330e-01 6.695468084222965244e-01
1.040000000000000000e+03 2.225943481751167519e-01 6.692982856369359412e-01
1.050000000000000000e+03 2.228598420733701457e-01 6.690343058899566042e-01
1.060000000000000000e+03 2.231427736030300590e-01 6.687528405293556855e-01
1.070000000000000000e+03 2.234450073211060595e-01 6.684519626542334558e-01
1.080000000000000000e+03 2.237683316968706593e-01 6.681299186179668892e-01
1.090000000000000000e+03 2.241143924653767883e-01 6.677851422882904453e-01
1.100000000000000000e+03 2.244845432982598143e-01 6.674162055152547124e-01
1.110000000000000000e+03 2.248799539612613141e-01 6.670219393203231650e-01
1.120000000000000000e+03 2.253016726796086555e-01 6.666014138723685978e-01
1.130000000000000000e+03 2.257505166752865056e-01 6.661537044128797991e-01
1.140000000000000000e+03 2.262270685802776626e-01 6.656781158487219408e-01
1.150000000000000000e+03 2.267317287513799517e-01 6.651742778095026676e-01
1.160000000000000000e+03 2.272648480581193342e-01 6.646420126464902545e-01
1.170000000000000000e+03 2.278267146176118085e-01 6.640811757923449354e-01
1.180000000000000000e+03 2.284174195237214655e-01 6.634916151984300292e-01
1.190000000000000000e+03 2.290368576861079308e-01 6.628732715331513425e-01
1.200000000000000000e+03 2.296848278175637748e-01 6.622262886986107766e-01
1.210000000000000000e+03 2.303610553254918925e-01 6.615509949558008307e-01
1.220000000000000000e+03 2.310651706503669134e-01 6.608477176124558650e-01
1.230000000000000000e+03 2.317967927910267179e-01 6.601168749688488546e-01
1.240000000000000000e+03 2.325555052418569191e-01 6.593590105630330322e-01
1.250000000000000000e+03 2.333407871936619693e-01 6.585746945751000947e-01
1.260000000000000000e+03 2.341520148319116146e-01 6.577645820520970910e-01
1.270000000000000000e+03 2.349884723717934887e-01 6.569293979523608273e-01
1.280000000000000000e+03 2.358493313287611248e-01 6.560698201305734667e-01
1.290000000000000000e+03 2.367337205608551765e-01 6.551865815313927532e-01
1.300000000000000000e+03 2.376407844312954931e-01 6.542805736419688989e-01
1.310000000000000000e+03 2.385696371958955786e-01 6.533527863804584612e-01
1.320000000000000000e+03 2.395193046790272673e-01 6.524042244224423914e-01
1.330000000000000000e+03 2.404887376445007663e-01 6.514359003611770449e-01
1.340000000000000000e+03 2.414768890358481024e-01 6.504489031210227701e-01
1.350000000000000000e+03 2.424826507526841035e-01 6.494443617706091576e-01
1.360000000000000000e+03 2.435047791362754122e-01 6.484234892170765985e-01
1.370000000000000000e+03 2.445418987131446342e-01 6.473876575393128219e-01
1.380000000000000000e+03 2.455925088088921071e-01 6.463383430171183441e-01
1.390000000000000000e+03 2.466549520293738751e-01 6.452771311141619615e-01
1.400000000000000000e+03 2.477273595247310445e-01 6.442058224895367280e-01
1.410000000000000000e+03 2.488077608389906159e-01 6.431264517050516716e-01
1.420000000000000000e+03 2.498940899092568502e-01 6.420411789669618896e-01
1.430000000000000000e+03 2.509840728841722379e-01 6.409523653694515488e-01
1.440000000000000000e+03 2.520750951056126010e-01 6.398625780234448168e-01
1.450000000000000000e+03 2.531642345919419279e-01 6.387746341175384313e-01
1.460000000000000000e+03 2.542483410450132597e-01 6.376916945961247363e-01
1.470000000000000000e+03 2.553240576409486207e-01 6.366171702805983879e-01
1.480000000000000000e+03 2.563877835744504674e-01 6.355546960636939691e-01
1.490000000000000000e+03 2.574355806368138211e-01 6.345081630051514487e-01
1.500000000000000000e+03 2.584632438077174577e-01 6.334816937157898842e-01
1.510000000000000000e+03 2.594664906785749126e-01 6.324795005266814485e-01
1.520000000000000000e+03 2.604410719798324059e-01 6.315059455784364228e-01
1.530000000000000000e+03 2.613826744374088684e-01 6.305655653050223908e-01
1.540000000000000000e+03 2.622868402041604319e-01 6.296629288111855738e-01
1.550000000000000000e+03 2.631490281557801736e-01 6.288025625647344352e-01
1.560000000000000000e+03 2.639646483375735486e-01 6.279889061304446685e-01
1.570000000000000000e+03 2.647291994986707975e-01 6.272262272363651192e-01
1.580000000000000000e+03 2.654385206894716021e-01 6.265185106865001075e-01
1.590000000000000000e+03 2.660888655644967349e-01 6.258695384262834560e-01
1.600000000000000000e+03 2.666767855145403820e-01 6.252828609832431495e-01
1.610000000000000000e+03 2.671991854119187826e-01 6.247616975755949653e-01
1.620000000000000000e+03 2.676534068243630049e-01 6.243088305748067945e-01
1.630000000000000000e+03 2.680371765039085141e-01 6.239265105305564774e-01
1.640000000000000000e+03 2.683486477055151420e-01 6.236165274999601049e-01
1.650000000000000000e+03 2.685864493196064018e-01 6.233801957906317526e-01
1.660000000000000000e+03 2.687497380397886326e-01 6.232183362405686600e-01
1.670000000000000000e+03 2.688382373549459414e-01 6.231313111976142238e-01
1.680000000000000000e+03 2.688521574192053731e-01 6.231189325910253540e-01
1.690000000000000000e+03 2.687921299936308350e-01 6.231805573265184472e-01
1.700000000000000000e+03 2.686591901919584413e-01 6.233151619851345915e-01
1.710000000000000000e+03 2.684546869006847469e-01 6.235212435265584663e-01
1.720000000000000000e+03 2.681803208066456112e-01 6.237969723476816108e-01
1.730000000000000000e+03 2.678382006966182338e-01 6.241402814489090956e-01
1.740000000000000000e+03 2.674307764018736822e-01 6.245487302033407850e-01
1.750000000000000000e+03 2.669607781714618544e-01 6.250196223122227446e-01
1.760000000000000000e+03 2.664311393909991610e-01 6.255501363713233953e-01
1.770000000000000000e+03 2.658448545484948244e-01 6.261373174622799631e-01
1.780000000000000000e+03 2.652048969179286453e-01 6.267781643769004818e-01
1.790000000000000000e+03 2.645142721300708377e-01 6.274696690963039725e-01
1.800000000000000000e+03 2.637760775502295818e-01 6.282088946162864840e-01
1.810000000000000000e+03 2.629933275823579386e-01 6.289929047540759877e-01
1.820000000000000000e+03 2.621688908683200703e-01 6.298188433801824582e-01
1.830000000000000000e+03 2.613055140939969934e-01 6.306838530515761487e-01
1.840000000000000000e+03 2.604059328176286381e-01 6.315850611563729178e-01
1.850000000000000000e+03 2.594729203693130204e-01 6.325197131096295111e-01
1.860000000000000000e+03 2.585091786210942377e-01 6.334851451079497320e-01
1.870000000000000000e+03 2.575172476701659274e-01 6.344787031110554754e-01
1.880000000000000000e+03 2.564995587054674786e-01 6.354978589617669149e-01
1.890000000000000000e+03 2.554585220193689721e-01 6.365402384335387964e-01
1.900000000000000000e+03 2.543965405957840931e-01 6.376035201728356139e-01
1.910000000000000000e+03 2.533159728993879534e-01 6.386853936216670968e-01
1.920000000000000000e+03 2.522191609349495045e-01 6.397836073154873349e-01
1.930000000000000000e+03 2.511084270276646158e-01 6.408957947235097707e-01
1.940000000000000000e+03 2.499860981595159459e-01 6.420195317556544046e-01
1.950000000000000000e+03 2.488545250360736927e-01 6.431524172929131700e-01
1.960000000000000000e+03 2.477161330641256543e-01 6.442920441669008902e-01
1.970000000000000000e+03 2.465733711222608537e-01 6.454360099343342538e-01
1.980000000000000000e+03 2.454286648715180430e-01 6.465818970132142240e-01
1.990000000000000000e+03 2.442844274284584893e-01 6.477272514894220068e-01
2.000000000000000000e+03 2.431431080532855948e-01 6.488696372352430464e-01
2.010000000000000000e+03 2.420071774087550198e-01 6.500066442753101859e-01
2.020000000000000000e+03 2.408790697130574476e-01 6.511358795761317264e-01
2.030000000000000000e+03 2.397611632693006645e-01 6.522550026732384376e-01
2.040000000000000000e+03 2.386557321994077774e-01 6.533617168694987321e-01
2.050000000000000000e+03 2.375650207997498098e-01 6.544537200862159398e-01
2.060000000000000000e+03 2.364913164170194537e-01 6.555287270489569273e-01
2.070000000000000000e+03 2.354368334256879414e-01 6.565845312796494415e-01
2.080000000000000000e+03 2.344035975838289765e-01 6.576189544739292625e-01
2.090000000000000000e+03 2.333935405465963342e-01 6.586300276388940000e-01
2.100000000000000000e+03 2.324085688089953250e-01 6.596160176760318405e-01
2.110000000000000000e+03 2.314505114853820100e-01 6.605751549002173428e-01
2.120000000000000000e+03 2.305210971945490794e-01 6.615056371250287448e-01
2.130000000000000000e+03 2.296219536932146976e-01 6.624057900515675223e-01
2.140000000000000000e+03 2.287546250919056945e-01 6.632740897604594288e-01
2.150000000000000000e+03 2.279205238035142966e-01 6.641091471135702751e-01
2.160000000000000000e+03 2.271208699834383893e-01 6.649098363547092383e-01
2.170000000000000000e+03 2.263566048086528004e-01 6.656752741000477869e-01
2.180000000000000000e+03 2.256283272459589928e-01 6.664047661668071054e-01
2.190000000000000000e+03 2.249363351040730152e-01 6.670979778559168460e-01
2.200000000000000000e+03 2.242806387393475875e-01 6.677549513760838718e-01
2.210000000000000000e+03 2.236608914105210344e-01 6.683760025623776135e-01
2.220000000000000000e+03 2.230763713964561135e-01 6.689618099048026956e-01
2.230000000000000000e+03 2.225259871718154869e-01 6.695134490285824524e-01
2.240000000000000000e+03 2.220082672036146343e-01 6.700323676707872211e-01
2.250000000000000000e+03 2.215213713777027249e-01 6.705204057521100269e-01
2.260000000000000000e+03 2.210631236548595557e-01 6.709797366955917441e-01
2.270000000000000000e+03 2.206310632153050122e-01 6.714127608462758801e-01
2.280000000000000000e+03 2.202225379581894960e-01 6.718222945303792271e-01
2.290000000000000000e+03 2.198346737195892020e-01 6.722112972223224237e-01
2.300000000000000000e+03 2.194643970605321959e-01 6.725827548113318954e-01
2.310000000000000000e+03 2.191085184282321463e-01 6.729398280881413452e-01
2.320000000000000000e+03 2.187637767168414404e-01 6.732858680387430184e-01
2.330000000000000000e+03 2.184268290570727522e-01 6.736241550502786168e-01
2.340000000000000000e+03 2.180943924609913820e-01 6.739579296770294992e-01
2.350000000000000000e+03 2.177633114447590779e-01 6.742903327683015258e-01
2.360000000000000000e+03 2.174305821203417199e-01 6.746243456138011352e-01
2.370000000000000000e+03 2.170934094835498818e-01 6.749628504499182169e-01
2.380000000000000000e+03 2.167491705842581884e-01 6.753084779725798681e-01
2.390000000000000000e+03 2.163954403232461743e-01 6.756635386117701980e-01
2.400000000000000000e+03 2.160301168255869542e-01 6.760302151206838417e-01
2.410000000000000000e+03 2.156514440927587151e-01 6.764104315451848759e-01
2.420000000000000000e+03 2.152579499533109342e-01 6.768055742088696647e-01
2.430000000000000000e+03 2.148484928607393429e-01 6.772166778993772285e-01
2.440000000000000000e+03 2.144223187120059271e-01 6.776445409374393103e-01
2.450000000000000000e+03 2.139790141455611139e-01 6.780895262441177795e-01
2.460000000000000000e+03 2.135184756431160458e-01 6.785515710890226426e-01
2.470000000000000000e+03 2.130409695921503810e-01 6.790304165882881104e-01
2.480000000000000000e+03 2.125471786202209612e-01 6.795255180203670919e-01
2.490000000000000000e+03 2.120381626272326292e-01 6.800359444898465000e-01
2.500000000000000000e+03 2.115152697576700713e-01 6.805602871567273393e-01
2.510000000000000000e+03 2.109801207887470609e-01 6.810968278904647732e-01
2.520000000000000000e+03 2.104345904701274972e-01 6.816436298371367775e-01
2.530000000000000000e+03 2.098807838775528789e-01 6.821985490462471047e-01
2.540000000000000000e+03 2.093210341415311093e-01 6.827592979781373916e-01
2.550000000000000000e+03 2.087578336997068795e-01 6.833234523490787637e-01
2.560000000000000000e+03 2.081937514207613804e-01 6.838885385333809408e-01
2.570000000000000000e+03 2.076313502434085634e-01 6.844520587673257328e-01
2.580000000000000000e+03 2.070731120956684213e-01 6.850114723155613650e-01
2.590000000000000000e+03 2.065214268692716348e-01 6.855643266761580756e-01
2.600000000000000000e+03 2.059785738813591227e-01 6.861083191897554556e-01
2.610000000000000000e+03 2.054466702072833828e-01 6.866413227060039759e-01
2.620000000000000000e+03 2.049276352982347671e-01 6.871614072288850794e-01
2.630000000000000000e+03 2.044231901452789602e-01 6.876668162803470929e-01
2.640000000000000000e+03 2.039348459260964530e-01 6.881560068860570478e-01
2.650000000000000000e+03 2.034638792724621226e-01 6.886276750670859981e-01
2.660000000000000000e+03 2.030113747642572630e-01 6.890807902896591841e-01
2.670000000000000000e+03 2.025782385370337446e-01 6.895145475156412296e-01
2.680000000000000000e+03 2.021651876689787852e-01 6.899282865426322742e-01
2.690000000000000000e+03 2.017727754446320132e-01 6.903215071549708703e-01
2.700000000000000000e+03 2.014013862762684404e-01 6.906938309101728901e-01
2.710000000000000000e+03 2.010512503360289971e-01 6.910449461914364155e-01
2.720000000000000000e+03 2.007225068236199172e-01 6.913746667645597199e-01
2.730000000000000000e+03 2.004152408869449287e-01 6.916829780839176545e-01
2.740000000000000000e+03 2.001294748503494869e-01 6.919699124139332413e-01
2.750000000000000000e+03 1.998651809257283585e-01 6.922354278936072580e-01
2.760000000000000000e+03 1.996223276399163027e-01 6.924794633875192007e-01
2.770000000000000000e+03 1.994009131559306702e-01 6.927019983837527928e-01
2.780000000000000000e+03 1.992009665941654739e-01 6.929030436296662598e-01
2.790000000000000000e+03 1.990225404447141799e-01 6.930826198870514432e-01
2.800000000000000000e+03 1.988657290919878806e-01 6.932406127314673094e-01
2.810000000000000000e+03 1.987307243139419255e-01 6.933767231257450536e-01
2.820000000000000000e+03 1.986178565978177490e-01 6.934906324460567983e-01
2.830000000000000000e+03 1.985275620262634821e-01 6.935819720219978946e-01
2.840000000000000000e+03 1.984603319308551328e-01 6.936502338349807006e-01
2.850000000000000000e+03 1.984167359022407928e-01 6.936948531117850258e-01
2.860000000000000000e+03 1.983974303393759575e-01 6.937152208699171041e-01
2.870000000000000000e+03 1.984031341807785398e-01 6.937106211657979582e-01
2.880000000000000000e+03 1.984346075610869675e-01 6.936802531616518275e-01
2.890000000000000000e+03 1.984926317276964336e-01 6.936232918038820472e-01
2.900000000000000000e+03 1.985779962208119032e-01 6.935389726014385969e-01
2.910000000000000000e+03 1.986914510651889565e-01 6.934265433221640240e-01
2.920000000000000000e+03 1.988336944945771900e-01 6.932853837133449160e-01
2.930000000000000000e+03 1.990053354344379632e-01 6.931148784447686007e-01
2.940000000000000000e+03 1.992068675980561143e-01 6.929143951534334489e-01
2.950000000000000000e+03 1.994387011636403473e-01 6.926835134557132179e-01
2.960000000000000000e+03 1.997011384105306098e-01 6.924220311324502664e-01
2.970000000000000000e+03 1.999943283679140038e-01 6.921298031946117035e-01
2.980000000000000000e+03 2.003182792047145111e-01 6.918068119876354949e-01
2.990000000000000000e+03 2.006728363999529252e-01 6.914532057637047258e-01
3.000000000000000000e+03 2.010576615108346232e-01 6.910693307861867085e-01
3.010000000000000000e+03 2.014722131120781357e-01 6.906557387888756505e-01
3.020000000000000000e+03 2.019157072144412701e-01 6.902131794091470596e-01
3.030000000000000000e+03 2.023871317813617510e-01 6.897427023627697995e-01
3.040000000000000000e+03 2.028852554031141675e-01 6.892455928149776589e-01
3.050000000000000000e+03 2.034086250446728861e-01 6.887233124126150852e-01
3.060000000000000000e+03 2.039555577806060893e-01 6.881774679433275699e-01
3.070000000000000000e+03 2.045241735413826367e-01 6.876099398264026163e-01
3.080000000000000000e+03 2.051123848215669343e-01 6.870227618085744670e-01
3.090000000000000000e+03 2.057179249913685115e-01 6.864181645160782885e-01
3.100000000000000000e+03 2.063383673984427458e-01 6.857986270517151262e-01
3.110000000000000000e+03 2.069711345002707148e-01 6.851668379157720423e-01
3.120000000000000000e+03 2.076135095264340646e-01 6.845255879829325041e-01
3.130000000000000000e+03 2.082626730508928825e-01 6.838776195936164815e-01
3.140000000000000000e+03 2.089157950011156784e-01 6.832256892617625255e-01
3.150000000000000000e+03 2.095701050226410622e-01 6.825725427783951860e-01
3.160000000000000000e+03 2.102229208983222020e-01 6.819208087206989344e-01
3.170000000000000000e+03 2.108717003397047041e-01 6.812730325018014899e-01
3.180000000000000000e+03 2.115140255264371105e-01 6.806316437016570742e-01
3.190000000000000000e+03 2.121476122036185241e-01 6.799988185395329232e-01
3.200000000000000000e+03 2.127704266559641566e-01 6.793766518973703983e-01
3.210000000000000000e+03 2.133806986465817956e-01 6.787670631417640488e-01
3.220000000000000000e+03 2.139769313597913170e-01 6.781716388210622393e-01
3.230000000000000000e+03 2.145579145561538337e-01 6.775915793146192190e-01
3.240000000000000000e+03 2.151227000123859256e-01 6.770277624765415059e-01
3.250000000000000000e+03 2.156706130167349300e-01 6.764808279099856492e-01
3.260000000000000000e+03 2.162012741091449419e-01 6.759511863786261676e-01
3.270000000000000000e+03 2.167145809635033782e-01 6.754389266018773208e-01
3.280000000000000000e+03 2.172106817077833207e-01 6.749438175049522481e-01
3.290000000000000000e+03 2.176899981486261626e-01 6.744654707459736276e-01
3.300000000000000000e+03 2.181531453134637755e-01 6.740033282974280393e-01
3.310000000000000000e+03 2.186008757201874930e-01 6.735566471490141982e-01
3.320000000000000000e+03 2.190340791722766023e-01 6.731244275018194445e-01
3.330000000000000000e+03 2.194538052954425056e-01 6.727055873246045037e-01
3.340000000000000000e+03 2.198612585902300631e-01 6.722990681805884883e-01
3.350000000000000000e+03 2.202576776223697241e-01 6.719036566787478515e-01
3.360000000000000000e+03 2.206443025773375533e-01 6.715180265731703901e-01
3.370000000000000000e+03 2.210223971400496201e-01 6.711409506505204847e-01
3.380000000000000000e+03 2.213931459976980487e-01 6.707712005160653135e-01
3.390000000000000000e+03 2.217576226451887511e-01 6.704077566446955405e-01
3.400000000000000000e+03 2.221167699259975759e-01 6.700497309570671023e-01
3.410000000000000000e+03 2.224713765296434664e-01 6.696961926466837856e-01
3.420000000000000000e+03 2.228221246931030020e-01 6.693463920444319148e-01
3.430000000000000000e+03 2.231695543499031542e-01 6.689998279492263000e-01
3.440000000000000000e+03 2.235140109430930333e-01 6.686561587270185569e-01
3.450000000000000000e+03 2.238556337114964712e-01 6.683152652565206298e-01
3.460000000000000000e+03 2.241943649299559804e-01 6.679772697407297954e-01
3.470000000000000000e+03 2.245299797687258792e-01 6.676423927721429896e-01
3.480000000000000000e+03 2.248621505119551556e-01 6.673109713612946914e-01
3.490000000000000000e+03 2.251904520435878687e-01 6.669833602215607948e-01
3.500000000000000000e+03 2.255144132608667695e-01 6.666599812354434551e-01
3.510000000000000000e+03 2.258335386487412000e-01 6.663414097211924902e-01
3.520000000000000000e+03 2.261472873539004391e-01 6.660281882548544363e-01
3.530000000000000000e+03 2.264551651837607427e-01 6.657208086944148562e-01
3.540000000000000000e+03 2.267568066509796643e-01 6.654197038814924081e-01
3.550000000000000000e+03 2.270519632437368041e-01 6.651251142026529672e-01
3.560000000000000000e+03 2.273405280892172031e-01 6.648370548120159373e-01
3.570000000000000000e+03 2.276225917768152918e-01 6.645554271974412064e-01
3.580000000000000000e+03 2.278984541085316007e-01 6.642800710141637532e-01
3.590000000000000000e+03 2.281685617224321061e-01 6.640105091763862655e-01
3.600000000000000000e+03 2.284335534017082059e-01 6.637460692954885166e-01
3.610000000000000000e+03 2.286942600712505158e-01 6.634858872210909198e-01
3.620000000000000000e+03 2.289517395362492824e-01 6.632288601881368706e-01
3.630000000000000000e+03 2.292073033180163644e-01 6.629737781971644095e-01
3.640000000000000000e+03 2.294624268862501537e-01 6.627192233367891205e-01
3.650000000000000000e+03 2.297186635950040634e-01 6.624635357204843311e-01
3.660000000000000000e+03 2.299776834573448447e-01 6.622050417678043699e-01
3.670000000000000000e+03 2.302412609294182955e-01 6.619420197654070082e-01
3.680000000000000000e+03 2.305112501604683339e-01 6.616726296925153905e-01
3.690000000000000000e+03 2.307895543342732003e-01 6.613949597046830942e-01
3.700000000000000000e+03 2.310780823316259114e-01 6.611071226071104645e-01
3.710000000000000000e+03 2.313786958640012548e-01 6.608072139925742494e-01
3.720000000000000000e+03 2.316931886564221887e-01 6.604934308552222744e-01
3.730000000000000000e+03 2.320232421780491217e-01 6.601640691753861701e-01
3.740000000000000000e+03 2.323704491263030858e-01 6.598176116316564199e-01
3.750000000000000000e+03 2.327362218261628535e-01 6.594526859785312389e-01
3.760000000000000000e+03 2.331217087464845794e-01 6.590680616009884085e-01
3.770000000000000000e+03 2.335278166905224440e-01 6.586628062605632827e-01
3.780000000000000000e+03 2.339552063188353459e-01 6.582363387455942849e-01
3.790000000000000000e+03 2.344042103772307484e-01 6.577882933105165808e-01
3.800000000000000000e+03 2.348748389791946167e-01 6.573185791272988521e-01
3.810000000000000000e+03 2.353668061286364188e-01 6.568275152241237480e-01
3.820000000000000000e+03 2.358794810772195938e-01 6.563157631878029363e-01
3.830000000000000000e+03 2.364118327183698798e-01 6.557842567776120957e-01
3.840000000000000000e+03 2.369624625861000700e-01 6.552343223294246899e-01
3.850000000000000000e+03 2.375296110912458736e-01 6.546677167699688216e-01
3.860000000000000000e+03 2.381112060728381719e-01 6.540866128041205041e-01
3.870000000000000000e+03 2.387048642546961419e-01 6.534934391695191858e-01
3.880000000000000000e+03 2.393078789342899249e-01 6.528908467167102714e-01
3.890000000000000000e+03 2.399173098888340849e-01 6.522817943985502742e-01
3.900000000000000000e+03 2.405299947534013660e-01 6.516694661898821961e-01
3.910000000000000000e+03 2.411425346726429608e-01 6.510571796697616209e-01
3.920000000000000000e+03 2.417513808948515419e-01 6.504484473454661408e-01
3.930000000000000000e+03 2.423529118250077330e-01 6.498469623536868855e-01
3.940000000000000000e+03 2.429434155197791045e-01 6.492563992405299134e-01
3.950000000000000000e+03 2.435191626053551661e-01 6.486804613512469064e-01
3.960000000000000000e+03 2.440764798878000408e-01 6.481228751693026702e-01
3.970000000000000000e+03 2.446117687959455111e-01 6.475872936135037561e-01
3.980000000000000000e+03 2.451215161618833238e-01 6.470772291016450017e-01
3.990000000000000000e+03 2.456023446187559633e-01 6.465960372113551680e-01
4.000000000000000000e+03 2.460510699661991318e-01 6.461468899069272576e-01
4.010000000000000000e+03 2.464647426914799710e-01 6.457327375685759652e-01
4.020000000000000000e+03 2.468406789984568250e-01 6.453562882759327213e-01
4.030000000000000000e+03 2.471764830746179531e-01 6.450199825324283154e-01
4.040000000000000000e+03 2.474700597214802011e-01 6.447259373785954040e-01
4.050000000000000000e+03 2.477196298266501062e-01 6.444759299914750716e-01
4.060000000000000000e+03 2.479237507090472359e-01 6.442714029030335299e-01
4.070000000000000000e+03 2.480813313839625722e-01 6.441134588379492376e-01
4.080000000000000000e+03 2.481916239402106317e-01 6.440028638743690026e-01
4.090000000000000000e+03 2.482541951133800939e-01 6.439400646825527152e-01
4.100000000000000000e+03 2.482689009681323111e-01 6.439252096100688272e-01
4.110000000000000000e+03 2.482358642475883670e-01 6.439581735660626638e-01
4.120000000000000000e+03 2.481554435012126303e-01 6.440385912869465157e-01
4.130000000000000000e+03 2.480282035273152774e-01 6.441658945610667653e-01
4.140000000000000000e+03 2.478548952262772942e-01 6.443393378669841631e-01
4.150000000000000000e+03 2.476364389631490193e-01 6.445580131540636915e-01
4.160000000000000000e+03 2.473739019830838992e-01 6.448208660096224065e-01
4.170000000000000000e+03 2.470684692992847487e-01 6.451267188774776340e-01
4.180000000000000000e+03 2.467214107194201922e-01 6.454742983758477992e-01
4.190000000000000000e+03 2.463340553584425219e-01 6.458622638596830390e-01
4.200000000000000000e+03 2.459077714101218226e-01 6.462892355612406270e-01
