0.000000000000000000e+00 8.839886296776846564e-01 7.800623113295583437e-03
1.000000000000000000e+01 8.831543481664262396e-01 8.637198519822046963e-03
2.000000000000000000e+01 8.806678903300555472e-01 1.112364708554626838e-02
3.000000000000000000e+01 8.766579026923485563e-01 1.513363271552275666e-02
4.000000000000000000e+01 8.713323211733338125e-01 2.045921148301233297e-02
5.000000000000000000e+01 8.649603256563301867e-01 2.683121478831814941e-02
6.000000000000000000e+01 8.578528566988209425e-01 3.393868299689629248e-02
7.000000000000000000e+01 8.503413508102246610e-01 4.145017437289979373e-02
8.000000000000000000e+01 8.427565603448828879e-01 4.903495427607965779e-02
9.000000000000000000e+01 8.354092637920904618e-01 5.638224388391109565e-02
1.000000000000000000e+02 8.285742078528479659e-01 6.321730676398006066e-02
1.100000000000000000e+02 8.224782103958236945e-01 6.931330327684949444e-02
1.200000000000000000e+02 8.172926547720977819e-01 7.449880847303483322e-02
1.300000000000000000e+02 8.131303696787698376e-01 7.866104450459704411e-02
1.400000000000000000e+02 8.100463208991122155e-01 8.174503958815311500e-02
1.500000000000000000e+02 8.080415794432087573e-01 8.374972193333653225e-02
1.600000000000000000e+02 8.070696235012705388e-01 8.472162305362224144e-02
1.700000000000000000e+02 8.070442987222902209e-01 8.474690092680137177e-02
1.800000000000000000e+02 8.078487163098895252e-01 8.394241980451265517e-02
1.900000000000000000e+02 8.093444608416573427e-01 8.244660857909549834e-02
2.000000000000000000e+02 8.113805459414085153e-01 8.041045707595582959e-02
2.100000000000000000e+02 8.138017832224270220e-01 7.798915586370865072e-02
2.200000000000000000e+02 8.164562293214364663e-01 7.533464541301029826e-02
2.300000000000000000e+02 8.192014650354136895e-01 7.258934294119641362e-02
2.400000000000000000e+02 8.219096172465309991e-01 6.988111443583518156e-02
2.500000000000000000e+02 8.244709849351622433e-01 6.731966092034860627e-02
2.600000000000000000e+02 8.267963223362234659e-01 6.499423750097767238e-02
2.700000000000000000e+02 8.288178333124719410e-01 6.297264440114405670e-02
2.800000000000000000e+02 8.304890138892964124e-01 6.130137255995302126e-02
2.900000000000000000e+02 8.317835562774633651e-01 6.000674238367886132e-02
3.000000000000000000e+02 8.326934471815622407e-01 5.909677037108353875e-02
3.100000000000000000e+02 8.332265824053934899e-01 5.856356105699862119e-02
3.200000000000000000e+02 8.334040660385284571e-01 5.838601336229590905e-02
3.300000000000000000e+02 8.332573647500237657e-01 5.853266562669807299e-02
3.400000000000000000e+02 8.328255441954386384e-01 5.896444331628880597e-02
3.500000000000000000e+02 8.321527375174251340e-01 5.963720414612493775e-02
3.600000000000000000e+02 8.312858026438808556e-01 6.050408299901723075e-02
3.700000000000000000e+02 8.302723683231441054e-01 6.151745719665265705e-02
3.800000000000000000e+02 8.291591812829980368e-01 6.263057961961442099e-02
3.900000000000000000e+02 8.279907151102071650e-01 6.379898789814551774e-02
4.000000000000000000e+02 8.268081202030100885e-01 6.498154610396233988e-02
4.100000000000000000e+02 8.256484151540206540e-01 6.614122182315505805e-02
4.200000000000000000e+02 8.245438853742106389e-01 6.724572696041532238e-02
4.300000000000000000e+02 8.235217326508237345e-01 6.826784957972409362e-02
4.400000000000000000e+02 8.226038773691783934e-01 6.918566300111601841e-02
4.500000000000000000e+02 8.218069403156547104e-01 6.998255794367107263e-02
4.600000000000000000e+02 8.211423920681183430e-01 7.064706531314335347e-02
4.700000000000000000e+02 8.206168192054845711e-01 7.117259283465342257e-02
4.800000000000000000e+02 8.202323622527750713e-01 7.155699610922205967e-02
4.900000000000000000e+02 8.199872510498248390e-01 7.180205445048112867e-02
5.000000000000000000e+02 8.198763945304612388e-01 7.191286861289269972e-02
5.100000000000000000e+02 8.198920555538772303e-01 7.189717611535104136e-02
5.200000000000000000e+02 8.200245229871050423e-01 7.176468356653874225e-02
5.300000000000000000e+02 8.202627772092657699e-01 7.152641012713574498e-02
5.400000000000000000e+02 8.205951331349200517e-01 7.119403400408561011e-02
5.500000000000000000e+02 8.210098016765262630e-01 7.077934033700217231e-02
5.600000000000000000e+02 8.214953674852499832e-01 7.029374588702354265e-02
5.700000000000000000e+02 8.220411960420054287e-01 6.974787936629862906e-02
5.800000000000000000e+02 8.226377293077318242e-01 6.915129518869017611e-02
5.900000000000000000e+02 8.232767016625194278e-01 6.851226683562915143e-02
6.000000000000000000e+02 8.239512637483015212e-01 6.783764110989931595e-02
6.100000000000000000e+02 8.246560071750090870e-01 6.713282857651702018e-02
6.200000000000000000e+02 8.253869230348919173e-01 6.640185347829244411e-02
6.300000000000000000e+02 8.261412884684815605e-01 6.564744646881175150e-02
6.400000000000000000e+02 8.269174675698285348e-01 6.487124027817289806e-02
6.500000000000000000e+02 8.277146780132834669e-01 6.407401245095006859e-02
6.600000000000000000e+02 8.285327357939649140e-01 6.325594210175684851e-02
6.700000000000000000e+02 8.293717583589034215e-01 6.241691244480431638e-02
6.800000000000000000e+02 8.302318277414003633e-01 6.155683610533136535e-02
6.900000000000000000e+02 8.311126949472595893e-01 6.067595532635582101e-02
7.000000000000000000e+02 8.320135034319710021e-01 5.977512676816000570e-02
7.100000000000000000e+02 8.329325356819097248e-01 5.885606309725010393e-02
7.200000000000000000e+02 8.338670405624361015e-01 5.792151313344544999e-02
7.300000000000000000e+02 8.348131539028175174e-01 5.697534562342942976e-02
7.400000000000000000e+02 8.357658825508296196e-01 5.602255731049723964e-02
7.500000000000000000e+02 8.367191432462515177e-01 5.506923570405135304e-02
7.600000000000000000e+02 8.376659066765856920e-01 5.412241521028861302e-02
7.700000000000000000e+02 8.385983885109071778e-01 5.318988119751722615e-02
7.800000000000000000e+02 8.395082867171580476e-01 5.227992851539697838e-02
7.900000000000000000e+02 8.403870718491038838e-01 5.140108542857281526e-02
8.000000000000000000e+02 8.412262806301229467e-01 5.056182105999262183e-02
8.100000000000000000e+02 8.420177805317690112e-01 4.977026698811407024e-02
8.200000000000000000e+02 8.427540335104855007e-01 4.903396026387037143e-02
8.300000000000000000e+02 8.434283349083807613e-01 4.835960760201668540e-02
8.400000000000000000e+02 8.440349901206130045e-01 4.775289855085066565e-02
8.500000000000000000e+02 8.445694597940266446e-01 4.721837319303090474e-02
8.600000000000000000e+02 8.450284670105653317e-01 4.675931160578714746e-02
8.700000000000000000e+02 8.454100266011846943e-01 4.637769578568374379e-02
8.800000000000000000e+02 8.457134277416173962e-01 4.607423742699198049e-02
8.900000000000000000e+02 8.459391877743879240e-01 4.584842035751188205e-02
9.000000000000000000e+02 8.460889626860065293e-01 4.569858232814225096e-02
9.100000000000000000e+02 8.461654183440139310e-01 4.562205440168713017e-02
9.200000000000000000e+02 8.461720881756503720e-01 4.561530811722041417e-02
9.300000000000000000e+02 8.461132054588020868e-01 4.567411666191252551e-02
9.400000000000000000e+02 8.459934963478703551e-01 4.579375896582099648e-02
9.500000000000000000e+02 8.458179991413494747e-01 4.596919511027203198e-02
9.600000000000000000e+02 8.455918895671707958e-01 4.619524146782889168e-02
9.700000000000000000e+02 8.453203119415947375e-01 4.646675039217547376e-02
9.800000000000000000e+02 8.450082404360786947e-01 4.677874883327676203e-02
9.900000000000000000e+02 8.446603447543575838e-01 4.712656534949170861e-02
1.000000000000000000e+03 8.442808776836202567e-01 4.750594900155507422e-02
1.010000000000000000e+03 8.438736048406807466e-01 4.791313590032862668e-02
1.020000000000000000e+03 8.434417754659407906e-01 4.834487705885658071e-02
1.030000000000000000e+03 8.429880905908856414e-01 4.879847964885691142e-02
1.040000000000000000e+03 8.425147036107070164e-01 4.927178655037898342e-02
1.050000000000000000e+03 8.420232720672388149e-01 4.976313213241553846e-02
1.060000000000000000e+03 8.415150189830378213e-01 5.027129215825868608e-02
1.070000000000000000e+03 8.409908084773555226e-01 5.079540493248309307e-02
1.080000000000000000e+03 8.404512319110191143e-01 5.133488460662703756e-02
1.090000000000000000e+03 8.398966873112174714e-01 5.188934103383882612e-02
1.100000000000000000e+03 8.393274525337144354e-01 5.245849244324479049e-02
1.110000000000000000e+03 8.387437762721083878e-01 5.304208389175502081e-02
1.120000000000000000e+03 8.381459614991372264e-01 5.363981331525791846e-02
1.130000000000000000e+03 8.375344335093048986e-01 5.425125908898354582e-02
1.140000000000000000e+03 8.369097917755786709e-01 5.487582165380475163e-02
1.150000000000000000e+03 8.362728542658717235e-01 5.551268198687274447e-02
1.160000000000000000e+03 8.356246946327705594e-01 5.616076978735302927e-02
1.170000000000000000e+03 8.349666471143082358e-01 5.681875388346692424e-02
1.180000000000000000e+03 8.343003034813422092e-01 5.748503915314243096e-02
1.190000000000000000e+03 8.336275095456836537e-01 5.815776818313331958e-02
1.200000000000000000e+03 8.329503644296076814e-01 5.883483233985364186e-02
1.210000000000000000e+03 8.322712079420258036e-01 5.951389221233691768e-02
1.220000000000000000e+03 8.315925803541147632e-01 6.019241158773810246e-02
1.230000000000000000e+03 8.309171786668130277e-01 6.086769730111909332e-02
1.240000000000000000e+03 8.302478119484268948e-01 6.153694433415179965e-02
1.250000000000000000e+03 8.295873606765562513e-01 6.219727087753524480e-02
1.260000000000000000e+03 8.289387421383218602e-01 6.284575552867502357e-02
1.270000000000000000e+03 8.283048731974472778e-01 6.347948446171214343e-02
1.280000000000000000e+03 8.276886284222270129e-01 6.409558854025457220e-02
1.290000000000000000e+03 8.270928025010365614e-01 6.469127789340736734e-02
1.300000000000000000e+03 8.265200737821150057e-01 6.526388066061164506e-02
1.310000000000000000e+03 8.259729706315127595e-01 6.581086896704031741e-02
1.320000000000000000e+03 8.254538421872046339e-01 6.632989471139774662e-02
1.330000000000000000e+03 8.249648356441371400e-01 6.681881206349596369e-02
1.340000000000000000e+03 8.245078785439071689e-01 6.727568845228222572e-02
1.350000000000000000e+03 8.240846641670410699e-01 6.769882265946006172e-02
1.360000000000000000e+03 8.236966432756710477e-01 6.808676083690472225e-02
1.370000000000000000e+03 8.233450225239054010e-01 6.843829595458876536e-02
1.380000000000000000e+03 8.230307565247909629e-01 6.875247621525917840e-02
1.390000000000000000e+03 8.227545469639461206e-01 6.902860390209097918e-02
1.400000000000000000e+03 8.225168476392485939e-01 6.926622917533058199e-02
1.410000000000000000e+03 8.223178608113462795e-01 6.946515056921488684e-02
1.420000000000000000e+03 8.221575419495020798e-01 6.962540808700214134e-02
1.430000000000000000e+03 8.220356189675877001e-01 6.974726936531143451e-02
1.440000000000000000e+03 8.219516073891791619e-01 6.983121815786401398e-02
1.450000000000000000e+03 8.219048248384147604e-01 6.987793578427203833e-02
1.460000000000000000e+03 8.218944068048433804e-01 6.988828386492561273e-02
1.470000000000000000e+03 8.219193148099610546e-01 6.986329777350616665e-02
1.480000000000000000e+03 8.219783515045994138e-01 6.980417312406687891e-02
1.490000000000000000e+03 8.220701738127276226e-01 6.971225377795789435e-02
1.500000000000000000e+03 8.221932974465382404e-01 6.958902938564329177e-02
1.510000000000000000e+03 8.223460950995229446e-01 6.943613385680942607e-02
1.520000000000000000e+03 8.225267906672845131e-01 6.925534453804756130e-02
1.530000000000000000e+03 8.227334598058601012e-01 6.904858230172127020e-02
1.540000000000000000e+03 8.229640420229631381e-01 6.881790783204877471e-02
1.550000000000000000e+03 8.232163490735011635e-01 6.856551208977136602e-02
1.560000000000000000e+03 8.234880704026327214e-01 6.829370712378475539e-02
1.570000000000000000e+03 8.237767876327731775e-01 6.800491389142758469e-02
1.580000000000000000e+03 8.240799885430777350e-01 6.770164546969224817e-02
1.590000000000000000e+03 8.243950822544260371e-01 6.738649066992014047e-02
1.600000000000000000e+03 8.247194210613307819e-01 6.706209312420081947e-02
1.610000000000000000e+03 8.250503331461238599e-01 6.673112151930196689e-02
1.620000000000000000e+03 8.253851555996406519e-01 6.639624137588577557e-02
1.630000000000000000e+03 8.257212599280113752e-01 6.606008486150884151e-02
1.640000000000000000e+03 8.260560762592162876e-01 6.572522150280551978e-02
1.650000000000000000e+03 8.263871212774694941e-01 6.539413353616134461e-02
1.660000000000000000e+03 8.267120290606956301e-01 6.506918423277129049e-02
1.670000000000000000e+03 8.270285774032152259e-01 6.475259218120456295e-02
1.680000000000000000e+03 8.273346966117620660e-01 6.444642331963773563e-02
1.690000000000000000e+03 8.276284792437327287e-01 6.415258149922291320e-02
1.700000000000000000e+03 8.279081950351688812e-01 6.387280047829983765e-02
1.710000000000000000e+03 8.281723001075586010e-01 6.360863451126602675e-02
1.720000000000000000e+03 8.284194366516226538e-01 6.336145007433705012e-02
1.730000000000000000e+03 8.286484220181089544e-01 6.313243276652963365e-02
1.740000000000000000e+03 8.288582345295048004e-01 6.292260040843505875e-02
1.750000000000000000e+03 8.290480068966633587e-01 6.273281147983988948e-02
1.760000000000000000e+03 8.292170278354159541e-01 6.256377312242622502e-02
1.770000000000000000e+03 8.293647384124659405e-01 6.241604640306911561e-02
1.780000000000000000e+03 8.294907222566568761e-01 6.229005077826074016e-02
1.790000000000000000e+03 8.295946889833110127e-01 6.218607181766736686e-02
1.800000000000000000e+03 8.296764786057474472e-01 6.210425849140608495e-02
1.810000000000000000e+03 8.297360738314425443e-01 6.204462662677959900e-02
1.820000000000000000e+03 8.297735893553709330e-01 6.200706674094446508e-02
1.830000000000000000e+03 8.297892732081183498e-01 6.199133639799040557e-02
1.840000000000000000e+03 8.297835198946998947e-01 6.199704780629723688e-02
1.850000000000000000e+03 8.297568761840430351e-01 6.202365628447265716e-02
1.860000000000000000e+03 8.297100442321245772e-01 6.207045564617882927e-02
1.870000000000000000e+03 8.296438901071825356e-01 6.213657711447392873e-02
1.880000000000000000e+03 8.295594516610174107e-01 6.222098550774536607e-02
1.890000000000000000e+03 8.294579334685692196e-01 6.232247998454253785e-02
1.900000000000000000e+03 8.293406957659203993e-01 6.243970360265842928e-02
1.910000000000000000e+03 8.292092391686907149e-01 6.257115449558520170e-02
1.920000000000000000e+03 8.290651892680637181e-01 6.271520332368557549e-02
1.930000000000000000e+03 8.289102790765996431e-01 6.287011621988522481e-02
1.940000000000000000e+03 8.287463337347767967e-01 6.303406740615268011e-02
1.950000000000000000e+03 8.285752643051988997e-01 6.320514734413638924e-02
1.960000000000000000e+03 8.283990520542351410e-01 6.338137932386693485e-02
1.970000000000000000e+03 8.282197186254516286e-01 6.356073975651946317e-02
1.980000000000000000e+03 8.280393120854676603e-01 6.374117451954489089e-02
1.990000000000000000e+03 8.278599119901071113e-01 6.392060542220950881e-02
2.000000000000000000e+03 8.276836178897628571e-01 6.409693841129106284e-02
2.010000000000000000e+03 8.275125288037727955e-01 6.426807454209108872e-02
2.020000000000000000e+03 8.273487262458834035e-01 6.443192667579403232e-02
2.030000000000000000e+03 8.271942563873236898e-01 6.458644076514226395e-02
2.040000000000000000e+03 8.270511194380819608e-01 6.472961052477069210e-02
2.050000000000000000e+03 8.269212618702004303e-01 6.485948856525344808e-02
2.060000000000000000e+03 8.268065498285155357e-01 6.497421059606753313e-02
2.070000000000000000e+03 8.267087365605926275e-01 6.507202921907140336e-02
2.080000000000000000e+03 8.266294375659569704e-01 6.515133274199928770e-02
2.090000000000000000e+03 8.265701078993885620e-01 6.521066377493198174e-02
2.100000000000000000e+03 8.265320288494085732e-01 6.524873561075317241e-02
2.110000000000000000e+03 8.265163013305685258e-01 6.526444510872705940e-02
2.120000000000000000e+03 8.265238355235002832e-01 6.525688431102394382e-02
2.130000000000000000e+03 8.265553358756895230e-01 6.522535196483618403e-02
2.140000000000000000e+03 8.266112935395576455e-01 6.516935731778103480e-02
2.150000000000000000e+03 8.266919847096279028e-01 6.508862332379118654e-02
2.160000000000000000e+03 8.267974759652665373e-01 6.498308559867978229e-02
2.170000000000000000e+03 8.269276315703707469e-01 6.485288395838151310e-02
2.180000000000000000e+03 8.270821254372074938e-01 6.469834905034994865e-02
2.190000000000000000e+03 8.272604551425484232e-01 6.451998556672730589e-02
2.200000000000000000e+03 8.274619534828840939e-01 6.431845894121004936e-02
2.210000000000000000e+03 8.276857926430021273e-01 6.409459193147758194e-02
2.220000000000000000e+03 8.279309916785457801e-01 6.384936121647290241e-02
2.230000000000000000e+03 8.281964355764370733e-01 6.358388314339462333e-02
2.240000000000000000e+03 8.284808892841061256e-01 6.329939496881625827e-02
2.250000000000000000e+03 8.287830090424921359e-01 6.299723870259373026e-02
2.260000000000000000e+03 8.291013624423432260e-01 6.267884528930262045e-02
2.270000000000000000e+03 8.294344440363747850e-01 6.234571887634245135e-02
2.280000000000000000e+03 8.297806886645355817e-01 6.199942341968785881e-02
2.290000000000000000e+03 8.301384853224800242e-01 6.164156914820485139e-02
2.300000000000000000e+03 8.305061880923471085e-01 6.127380049966382053e-02
2.310000000000000000e+03 8.308821254050194893e-01 6.089779015601227974e-02
2.320000000000000000e+03 8.312646139260847500e-01 6.051522472306877787e-02
2.330000000000000000e+03 8.316519734438354572e-01 6.012778811545663182e-02
2.340000000000000000e+03 8.320425363895451731e-01 5.973715234599218799e-02
2.350000000000000000e+03 8.324346462355749487e-01 5.934497732216269944e-02
2.360000000000000000e+03 8.328266611021885035e-01 5.895290389134025255e-02
2.370000000000000000e+03 8.332169560855509083e-01 5.856255461053724160e-02
2.380000000000000000e+03 8.336039403197823550e-01 5.817551909704744839e-02
2.390000000000000000e+03 8.339860601214841296e-01 5.779334802371421248e-02
2.400000000000000000e+03 8.343617889230536822e-01 5.741756515091761548e-02
2.410000000000000000e+03 8.347296182845969081e-01 5.704967951045962493e-02
2.420000000000000000e+03 8.350880753152901681e-01 5.669116955292954896e-02
2.430000000000000000e+03 8.354357341137457205e-01 5.634346722526331619e-02
2.440000000000000000e+03 8.357712172354199165e-01 5.600795118929143002e-02
2.450000000000000000e+03 8.360932072484666966e-01 5.568593809336899042e-02
2.460000000000000000e+03 8.364004654236639746e-01 5.537866470153043202e-02
2.470000000000000000e+03 8.366918421831732733e-01 5.508727534975747797e-02
2.480000000000000000e+03 8.369662855733039919e-01 5.481281641104056995e-02
2.490000000000000000e+03 8.372228594391913914e-01 5.455622375305904659e-02
2.500000000000000000e+03 8.374607480428867268e-01 5.431831556892613433e-02
2.510000000000000000e+03 8.376792638664186663e-01 5.409977954282906010e-02
2.520000000000000000e+03 8.378778534410147305e-01 5.390116712970019486e-02
2.530000000000000000e+03 8.380560911010551672e-01 5.372290337576583752e-02
2.540000000000000000e+03 8.382136738825066713e-01 5.356529501455321168e-02
2.550000000000000000e+03 8.383504128795505883e-01 5.342853666765862847e-02
2.560000000000000000e+03 8.384662102843702947e-01 5.331272644485057777e-02
2.570000000000000000e+03 8.385610505220062461e-01 5.321787507302261355e-02
2.580000000000000000e+03 8.386350075655889524e-01 5.314390592171031741e-02
2.590000000000000000e+03 8.386882431299835794e-01 5.309065985006848620e-02
2.600000000000000000e+03 8.387209938728736880e-01 5.305790500749844874e-02
2.610000000000000000e+03 8.387335549742945817e-01 5.304534864253066667e-02
2.620000000000000000e+03 8.387262733743010568e-01 5.305264204240705411e-02
2.630000000000000000e+03 8.386995551518080516e-01 5.307937507993401582e-02
2.640000000000000000e+03 8.386538694561130880e-01 5.312507469449568448e-02
2.650000000000000000e+03 8.385897516041596056e-01 5.318920250175514230e-02
2.660000000000000000e+03 8.385078151937191970e-01 5.327114480431936056e-02
2.670000000000000000e+03 8.384087494689744791e-01 5.337021340997885610e-02
2.680000000000000000e+03 8.382933077983876213e-01 5.348565497955475034e-02
2.690000000000000000e+03 8.381623063884759972e-01 5.361665467584769695e-02
2.700000000000000000e+03 8.380166269748006158e-01 5.376233172698104829e-02
2.710000000000000000e+03 8.378572135570756529e-01 5.392174151018300915e-02
2.720000000000000000e+03 8.376850676504433713e-01 5.409388161398984152e-02
2.730000000000000000e+03 8.375012444733046513e-01 5.427769725069677559e-02
2.740000000000000000e+03 8.373068472696051368e-01 5.447208723749680931e-02
2.750000000000000000e+03 8.371030191689696753e-01 5.467591103003954095e-02
2.760000000000000000e+03 8.368909303012508349e-01 5.488800063923163219e-02
2.770000000000000000e+03 8.366717622219466133e-01 5.510717472337912232e-02
2.780000000000000000e+03 8.364466981657552314e-01 5.533224955750166985e-02
2.790000000000000000e+03 8.362169169603684837e-01 5.556204689376408046e-02
2.800000000000000000e+03 8.359835817604219788e-01 5.579540434332319609e-02
2.810000000000000000e+03 8.357478271988305618e-01 5.603118689517937179e-02
2.820000000000000000e+03 8.355107524368075023e-01 5.626829570603983366e-02
2.830000000000000000e+03 8.352734174253109156e-01 5.650567309704627311e-02
2.840000000000000000e+03 8.350368310748407241e-01 5.674230946804474651e-02
2.850000000000000000e+03 8.348019404743692862e-01 5.697725481238509471e-02
2.860000000000000000e+03 8.345696234546816639e-01 5.720962711757349856e-02
2.870000000000000000e+03 8.343406814230531765e-01 5.743861932639249268e-02
2.880000000000000000e+03 8.341158415574064788e-01 5.766350356646936237e-02
2.890000000000000000e+03 8.338957579033274836e-01 5.788363035759629821e-02
2.900000000000000000e+03 8.336810036557600334e-01 5.809843059725856157e-02
2.910000000000000000e+03 8.334720653496281439e-01 5.830741637689312862e-02
2.920000000000000000e+03 8.332693558100572329e-01 5.851017195201042159e-02
2.930000000000000000e+03 8.330732377367764396e-01 5.870633532574611596e-02
2.940000000000000000e+03 8.328840369813848010e-01 5.889558341653548801e-02
2.950000000000000000e+03 8.327020413977644919e-01 5.907762937964341349e-02
2.960000000000000000e+03 8.325275084901465616e-01 5.925221532046833633e-02
2.970000000000000000e+03 8.323606810338148865e-01 5.941909728697863935e-02
2.980000000000000000e+03 8.322017974198890888e-01 5.957803503906031889e-02
2.990000000000000000e+03 8.320510957059944479e-01 5.972878977074608242e-02
3.000000000000000000e+03 8.319088141197411579e-01 5.987112258991771768e-02
3.010000000000000000e+03 8.317751948707053922e-01 6.000479080535132265e-02
3.020000000000000000e+03 8.316504861981330876e-01 6.012954723504727872e-02
3.030000000000000000e+03 8.315349351700557223e-01 6.024514510724499755e-02
3.040000000000000000e+03 8.314287733849615725e-01 6.035135166715268479e-02
3.050000000000000000e+03 8.313322037224809558e-01 6.044796296318894618e-02
3.060000000000000000e+03 8.312454029546427758e-01 6.053480412724300541e-02
3.070000000000000000e+03 8.311685147640974769e-01 6.061173570678478340e-02
3.080000000000000000e+03 8.311016217241001813e-01 6.067867540027163664e-02
3.090000000000000000e+03 8.310447288005852196e-01 6.073561770864829151e-02
3.100000000000000000e+03 8.309977612818020276e-01 6.078263726896873664e-02
3.110000000000000000e+03 8.309605704941200877e-01 6.081988245909002860e-02
3.120000000000000000e+03 8.309329318035961753e-01 6.084757826411962139e-02
3.130000000000000000e+03 8.309145282189076553e-01 6.086603908344923042e-02
3.140000000000000000e+03 8.309049523785959623e-01 6.087567147478300383e-02
3.150000000000000000e+03 8.309037174967222050e-01 6.087696156314968687e-02
3.160000000000000000e+03 8.309102731862380020e-01 6.087045894206149360e-02
3.170000000000000000e+03 8.309240231287832179e-01 6.085676131012518475e-02
3.180000000000000000e+03 8.309443323714418295e-01 6.083650702837309354e-02
3.190000000000000000e+03 8.309705253041289597e-01 6.081037240095923946e-02
3.200000000000000000e+03 8.310018883396551592e-01 6.077906940131829611e-02
3.210000000000000000e+03 8.310376820204276038e-01 6.074333628894452997e-02
3.220000000000000000e+03 8.310771500376056276e-01 6.070393074147004131e-02
3.230000000000000000e+03 8.311195072963176722e-01 6.066163984851040414e-02
3.240000000000000000e+03 8.311639231859031529e-01 6.061729351911173541e-02
3.250000000000000000e+03 8.312095235423090367e-01 6.057176346325573307e-02
3.260000000000000000e+03 8.312554047223060794e-01 6.052595193057214162e-02
3.270000000000000000e+03 8.313006429896828697e-01 6.048078325627589957e-02
3.280000000000000000e+03 8.313442926396883426e-01 6.043720538607153664e-02
3.290000000000000000e+03 8.313853819222073449e-01 6.039619212094322898e-02
3.300000000000000000e+03 8.314229158870443115e-01 6.035873583079916921e-02
3.310000000000000000e+03 8.314558856744247439e-01 6.032583911246192088e-02
3.320000000000000000e+03 8.314832917109049593e-01 6.029850177944937051e-02
3.330000000000000000e+03 8.315041722046632167e-01 6.027769023670288134e-02
3.340000000000000000e+03 8.315176201549963064e-01 6.026431494123073163e-02
3.350000000000000000e+03 8.315227905734113856e-01 6.025922167659186063e-02
3.360000000000000000e+03 8.315189089716025217e-01 6.026318361990390393e-02
3.370000000000000000e+03 8.315052878287541027e-01 6.027688577702574463e-02
3.380000000000000000e+03 8.314813513394899713e-01 6.030090457536566029e-02
3.390000000000000000e+03 8.314466480225986000e-01 6.033569313551260388e-02
3.400000000000000000e+03 8.314008535763883767e-01 6.038157487306128335e-02
3.410000000000000000e+03 8.313437810490111879e-01 6.043873473691563358e-02
3.420000000000000000e+03 8.312753914197122951e-01 6.050721100858209162e-02
3.430000000000000000e+03 8.311957940649472576e-01 6.058689462498213774e-02
3.440000000000000000e+03 8.311052450895464183e-01 6.067752989947119979e-02
3.450000000000000000e+03 8.310041497870934712e-01 6.077871390745086949e-02
3.460000000000000000e+03 8.308930537067594768e-01 6.088990058574971637e-02
3.470000000000000000e+03 8.307726318010776323e-01 6.101041246754993624e-02
3.480000000000000000e+03 8.306436788430742180e-01 6.113945441481394988e-02
3.490000000000000000e+03 8.305070945631385371e-01 6.127612685204826548e-02
3.500000000000000000e+03 8.303638696908631767e-01 6.141943742678564189e-02
3.510000000000000000e+03 8.302150779966239735e-01 6.156831216937430629e-02
3.520000000000000000e+03 8.300618633143362901e-01 6.172160992400218399e-02
3.530000000000000000e+03 8.299054254594558921e-01 6.187813302360701401e-02
3.540000000000000000e+03 8.297470147959363773e-01 6.203663293041688370e-02
3.550000000000000000e+03 8.295879255284894782e-01 6.219581764075072378e-02
3.560000000000000000e+03 8.294294810017953656e-01 6.235436156040242289e-02
3.570000000000000000e+03 8.292730250385242918e-01 6.251091530497085436e-02
3.580000000000000000e+03 8.291199206683618206e-01 6.266411351600433000e-02
3.590000000000000000e+03 8.289715434365091395e-01 6.281258225932652428e-02
3.600000000000000000e+03 8.288292660779655874e-01 6.295495181394333839e-02
3.610000000000000000e+03 8.286944422088843298e-01 6.308987047415796912e-02
3.620000000000000000e+03 8.285683943014815478e-01 6.321601584577336841e-02
3.630000000000000000e+03 8.284523966381938109e-01 6.333211263831667326e-02
3.640000000000000000e+03 8.283476545609166353e-01 6.343695405453743386e-02
3.650000000000000000e+03 8.282552870364733311e-01 6.352942027871115449e-02
3.660000000000000000e+03 8.281763120868770311e-01 6.360849277648039646e-02
3.670000000000000000e+03 8.281116368250999171e-01 6.367326505932351111e-02
3.680000000000000000e+03 8.280620428693403756e-01 6.372295714022177537e-02
3.690000000000000000e+03 8.280281684005961207e-01 6.375693185404793240e-02
3.700000000000000000e+03 8.280105025750442715e-01 6.377470048809742720e-02
3.710000000000000000e+03 8.280093948115238023e-01 6.377591359895258549e-02
3.720000000000000000e+03 8.280250653911119807e-01 6.376035103146253380e-02
3.730000000000000000e+03 8.280576035566553639e-01 6.372792309887027884e-02
3.740000000000000000e+03 8.281069620565596479e-01 6.367867454288504703e-02
3.750000000000000000e+03 8.281729594221828306e-01 6.361278487396149206e-02
3.760000000000000000e+03 8.282552910954922298e-01 6.353056045455617029e-02
3.770000000000000000e+03 8.283535493366743774e-01 6.343241204759612895e-02
3.780000000000000000e+03 8.284672467686378106e-01 6.331882860609235053e-02
3.790000000000000000e+03 8.285958298830357061e-01 6.319036291978025188e-02
3.800000000000000000e+03 8.287386830930824066e-01 6.304762766934679519e-02
3.810000000000000000e+03 8.288951331375367104e-01 6.289129314072605670e-02
3.820000000000000000e+03 8.290644559704554162e-01 6.272208238067523978e-02
3.830000000000000000e+03 8.292458857808738815e-01 6.254076186861846909e-02
3.840000000000000000e+03 8.294386263274962090e-01 6.234812955818055252e-02
3.850000000000000000e+03 8.296418630147094353e-01 6.214500176096107026e-02
3.860000000000000000e+03 8.298547767656427876e-01 6.193219876536829732e-02
3.870000000000000000e+03 8.300765519912709500e-01 6.171053693080204294e-02
3.880000000000000000e+03 8.303063765659008943e-01 6.148082872600662413e-02
3.890000000000000000e+03 8.305434407023478682e-01 6.124388285613597410e-02
3.900000000000000000e+03 8.307869387106279202e-01 6.100050286558620499e-02
3.910000000000000000e+03 8.310360750553221765e-01 6.075148408188969784e-02
3.920000000000000000e+03 8.312900661338674668e-01 6.049761093535573758e-02
3.930000000000000000e+03 8.315481342598113335e-01 6.023966154258223599e-02
3.940000000000000000e+03 8.318094908420828881e-01 5.997842300143765154e-02
3.950000000000000000e+03 8.320733235945700912e-01 5.971470557596889744e-02
3.960000000000000000e+03 8.323387987807789878e-01 5.944934327560062737e-02
3.970000000000000000e+03 8.326050632514839789e-01 5.918319021612029190e-02
3.980000000000000000e+03 8.328712398491840974e-01 5.891712467566498357e-02
3.990000000000000000e+03 8.331364269068116668e-01 5.865205159256998285e-02
4.000000000000000000e+03 8.333996941959006532e-01 5.838890373092910091e-02
4.010000000000000000e+03 8.336600749388429765e-01 5.812864517682086313e-02
4.020000000000000000e+03 8.339165735765583509e-01 5.787226703796435195e-02
4.030000000000000000e+03 8.341681864265099167e-01 5.762077163546126118e-02
4.040000000000000000e+03 8.344139180303284942e-01 5.737515438055864475e-02
4.050000000000000000e+03 8.346527872050040209e-01 5.713639661032982736e-02
4.060000000000000000e+03 8.348838284731064929e-01 5.690546495488334189e-02
4.070000000000000000e+03 8.351061009336812058e-01 5.668330180418981734e-02
4.080000000000000000e+03 8.353187075079288038e-01 5.647080460579408795e-02
4.090000000000000000e+03 8.355208140295443675e-01 5.626880730575358619e-02
4.100000000000000000e+03 8.357116632617155316e-01 5.607806682522743086e-02
4.110000000000000000e+03 8.358905771991541611e-01 5.589926087940109284e-02
4.120000000000000000e+03 8.360569576778491552e-01 5.573298785952724571e-02
4.130000000000000000e+03 8.362102969535161190e-01 5.557975589187818394e-02
4.140000000000000000e+03 8.363501938634161359e-01 5.543996585849005759e-02
4.150000000000000000e+03 8.364763589422005152e-01 5.531390527521779649e-02
4.160000000000000000e+03 8.365886066673612342e-01 5.520175808728916556e-02
4.170000000000000000e+03 8.366868503010413960e-01 5.510361117802194814e-02
4.180000000000000000e+03 8.367711064238930740e-01 5.501944972503261533e-02
4.190000000000000000e+03 8.368414987584362752e-01 5.494915242150986284e-02
4.200000000000000000e+03 8.368982559596274129e-01 5.489249103183327372e-02
