0.000000000000000000e+00 8.368982559596274129e-01 5.489249103183327372e-02
1.000000000000000000e+01 8.369179233886213654e-01 5.487203380021609539e-02
2.000000000000000000e+01 8.368791821941222731e-01 5.491083463667757736e-02
3.000000000000000000e+01 8.367981260455084058e-01 5.499444565398935864e-02
4.000000000000000000e+01 8.366950163723134715e-01 5.510288654912584572e-02
5.000000000000000000e+01 8.365906062197119297e-01 5.521417176688420136e-02
6.000000000000000000e+01 8.365036975803242791e-01 5.530873186217193788e-02
7.000000000000000000e+01 8.364508527941086902e-01 5.537128265436800506e-02
8.000000000000000000e+01 8.364437843702521302e-01 5.539121392538608191e-02
9.000000000000000000e+01 8.364877517522734118e-01 5.536273900772101936e-02
1.000000000000000000e+02 8.365821998568394591e-01 5.528485743462373259e-02
1.100000000000000000e+02 8.367225586249230629e-01 5.516086159800353411e-02
1.200000000000000000e+02 8.369016402613708161e-01 5.499748641732873922e-02
1.300000000000000000e+02 8.371102690430070048e-01 5.480390939519219629e-02
1.400000000000000000e+02 8.373378865014096117e-01 5.459070503214583092e-02
1.500000000000000000e+02 8.375735565691873052e-01 5.436880880069374505e-02
1.600000000000000000e+02 8.378069667655261288e-01 5.414857595369190757e-02
1.700000000000000000e+02 8.380291833233429744e-01 5.393906254179259979e-02
1.800000000000000000e+02 8.382330305094878309e-01 5.374760660483001579e-02
1.900000000000000000e+02 8.384130712501663973e-01 5.357965669510245110e-02
2.000000000000000000e+02 8.385655742591925366e-01 5.343877530530504599e-02
2.100000000000000000e+02 8.386884653843006410e-01 5.332681902449667305e-02
2.200000000000000000e+02 8.387810633608391297e-01 5.324425590372649369e-02
2.300000000000000000e+02 8.388438778213535008e-01 5.319049823799107402e-02
2.400000000000000000e+02 8.388783740815255463e-01 5.316420426802086902e-02
2.500000000000000000e+02 8.388864969326985666e-01 5.316355628520173793e-02
2.600000000000000000e+02 8.388703339701648609e-01 5.318649979107234471e-02
2.700000000000000000e+02 8.388320801176397667e-01 5.323094116116547370e-02
2.800000000000000000e+02 8.387739300056255010e-01 5.329489543960436171e-02
2.900000000000000000e+02 8.386978816055894459e-01 5.337654994659005864e-02
3.000000000000000000e+02 8.386057843356548025e-01 5.347429231689017348e-02
3.100000000000000000e+02 8.384993256639383663e-01 5.358673222552812199e-02
3.200000000000000000e+02 8.383796332289403797e-01 5.371269609121358257e-02
3.300000000000000000e+02 8.382470899600401593e-01 5.385116847501780768e-02
3.400000000000000000e+02 8.381019588941343024e-01 5.400120238531312677e-02
3.500000000000000000e+02 8.379450270979235116e-01 5.416183896111551044e-02
3.600000000000000000e+02 8.377775619333510670e-01 5.433199349612688467e-02
3.700000000000000000e+02 8.376012267204626660e-01 5.451028248401523779e-02
3.800000000000000000e+02 8.374182061465343940e-01 5.469488655828182166e-02
3.900000000000000000e+02 8.372310919900394222e-01 5.488350181747464474e-02
4.000000000000000000e+02 8.370427165471679976e-01 5.507332870068663844e-02
4.100000000000000000e+02 8.368562842143876246e-01 5.526104576256953005e-02
4.200000000000000000e+02 8.366756581587895258e-01 5.544279590157127208e-02
4.300000000000000000e+02 8.365053000229200064e-01 5.561427964330676460e-02
4.400000000000000000e+02 8.363498515891127916e-01 5.577095203055985884e-02
4.500000000000000000e+02 8.362138786126274148e-01 5.590825221697450637e-02
4.600000000000000000e+02 8.361017789002394007e-01 5.602185756332841299e-02
4.700000000000000000e+02 8.360174565458166063e-01 5.610794808447814447e-02
4.800000000000000000e+02 8.359639884003515764e-01 5.616343901943847416e-02
4.900000000000000000e+02 8.359434618839292064e-01 5.618620136843364282e-02
5.000000000000000000e+02 8.359568442235830732e-01 5.617525888286817315e-02
5.100000000000000000e+02 8.360038199911642431e-01 5.613087688286858695e-02
5.200000000000000000e+02 8.360828190574268737e-01 5.605453783035083820e-02
5.300000000000000000e+02 8.361911115734060873e-01 5.594884291691191308e-02
5.400000000000000000e+02 8.363249695610524004e-01 5.581735569848079309e-02
5.500000000000000000e+02 8.364799705902623561e-01 5.566439468009198865e-02
5.600000000000000000e+02 8.366513524702194893e-01 5.549482620058693999e-02
5.700000000000000000e+02 8.368341482521964858e-01 5.531386336749542082e-02
5.800000000000000000e+02 8.370232007303205490e-01 5.512682737605365674e-02
5.900000000000000000e+02 8.372133368486006644e-01 5.493890336151284470e-02
6.000000000000000000e+02 8.373996117357249691e-01 5.475495113085537824e-02
6.100000000000000000e+02 8.375775251655800391e-01 5.457938050022152765e-02
6.200000000000000000e+02 8.377431177110363780e-01 5.441607622186403481e-02
6.300000000000000000e+02 8.378930413157220647e-01 5.426835972022760884e-02
6.400000000000000000e+02 8.380246221114558969e-01 5.413895835558066999e-02
6.500000000000000000e+02 8.381358008675150462e-01 5.402997567793713096e-02
6.600000000000000000e+02 8.382250439164926625e-01 5.394287220311739378e-02
6.700000000000000000e+02 8.382913403449449019e-01 5.387845003527190479e-02
6.800000000000000000e+02 8.383342879631225930e-01 5.383684842566539841e-02
6.900000000000000000e+02 8.383541878553750770e-01 5.381754891684913805e-02
7.000000000000000000e+02 8.383521058418788030e-01 5.381938946178680544e-02
7.100000000000000000e+02 8.383299143389574271e-01 5.384061135314302526e-02
7.200000000000000000e+02 8.382901387456997977e-01 5.387895462948822517e-02
7.300000000000000000e+02 8.382355250718221962e-01 5.393180117776391613e-02
7.400000000000000000e+02 8.381687689920219730e-01 5.399634006187883917e-02
7.500000000000000000e+02 8.380925238049101722e-01 5.406971108299431922e-02
7.600000000000000000e+02 8.380093574821509961e-01 5.414914962697136430e-02
7.700000000000000000e+02 8.379217735744045603e-01 5.423217692508607024e-02
7.800000000000000000e+02 8.378321544128700671e-01 5.431678333339580445e-02
7.900000000000000000e+02 8.377423076856428397e-01 5.440153094321556471e-02
8.000000000000000000e+02 8.376530921139261343e-01 5.448559586892214035e-02
8.100000000000000000e+02 8.375645494670862501e-01 5.456876933999689483e-02
8.200000000000000000e+02 8.374761534508068372e-01 5.465137866299338287e-02
8.300000000000000000e+02 8.373869753818501405e-01 5.473413346899427129e-02
8.400000000000000000e+02 8.372958716617637798e-01 5.481795487375872716e-02
8.500000000000000000e+02 8.372017901973548559e-01 5.490382892353854599e-02
8.600000000000000000e+02 8.371040022912525913e-01 5.499267678266817061e-02
8.700000000000000000e+02 8.370019250308932124e-01 5.508521813373107312e-02
8.800000000000000000e+02 8.368950017133957031e-01 5.518185042887521069e-02
8.900000000000000000e+02 8.367829657070857685e-01 5.528262169954940158e-02
9.000000000000000000e+02 8.366661831059153398e-01 5.538730335962646634e-02
9.100000000000000000e+02 8.365454776488197020e-01 5.549549214129419206e-02
9.200000000000000000e+02 8.364217333490444606e-01 5.560673740295296597e-02
9.300000000000000000e+02 8.362956222956329233e-01 5.572069030326429889e-02
9.400000000000000000e+02 8.361672636380993451e-01 5.583723363689423180e-02
9.500000000000000000e+02 8.360362764712451211e-01 5.595655327616670671e-02
9.600000000000000000e+02 8.359021657017599027e-01 5.607915940981541419e-02
9.700000000000000000e+02 8.357643061996510303e-01 5.620588347055658490e-02
9.800000000000000000e+02 8.356217747742895607e-01 5.633782760759079022e-02
9.900000000000000000e+02 8.354733302489204538e-01 5.647624228097412880e-02
1.000000000000000000e+03 8.353175582528166165e-01 5.662233862322892108e-02
1.010000000000000000e+03 8.351531708730309811e-01 5.677709121866802294e-02
1.020000000000000000e+03 8.349793032238290724e-01 5.694108677491781928e-02
1.030000000000000000e+03 8.347958170455470617e-01 5.711441211611784780e-02
1.040000000000000000e+03 8.346035099077733221e-01 5.729656461860387767e-02
1.050000000000000000e+03 8.344039148675540529e-01 5.748641812380311106e-02
1.060000000000000000e+03 8.341988771367647715e-01 5.768228095088075158e-02
1.070000000000000000e+03 8.339902898288422683e-01 5.788199235137272275e-02
1.080000000000000000e+03 8.337801916492392218e-01 5.808301347369191486e-02
1.090000000000000000e+03 8.335710632306796430e-01 5.828256040442809233e-02
1.100000000000000000e+03 8.333658648744389774e-01 5.847776884972274991e-02
1.110000000000000000e+03 8.331676576671058765e-01 5.866585650384074230e-02
1.120000000000000000e+03 8.329792255053705130e-01 5.884425256092829654e-02
1.130000000000000000e+03 8.328029825263422170e-01 5.901065954434467353e-02
1.140000000000000000e+03 8.326409497673515903e-01 5.916308373337221538e-02
1.150000000000000000e+03 8.324947530705955057e-01 5.929987077550168129e-02
1.160000000000000000e+03 8.323656870107510874e-01 5.941970545822298361e-02
1.170000000000000000e+03 8.322547725019289189e-01 5.952156464332256786e-02
1.180000000000000000e+03 8.321627654638500404e-01 5.960468211122736670e-02
1.190000000000000000e+03 8.320901995720278999e-01 5.966853446589963361e-02
1.200000000000000000e+03 8.320373977695997292e-01 5.971283617156188800e-02
1.210000000000000000e+03 8.320045725222930955e-01 5.973753349527725215e-02
1.220000000000000000e+03 8.319919409846195935e-01 5.974276951521531598e-02
1.230000000000000000e+03 8.319995515666636088e-01 5.972883746134640542e-02
1.240000000000000000e+03 8.320269860984446098e-01 5.969615849683043707e-02
1.250000000000000000e+03 8.320733043757538860e-01 5.964527283421549447e-02
1.260000000000000000e+03 8.321373188167503487e-01 5.957681120201784725e-02
1.270000000000000000e+03 8.322180843608169010e-01 5.949147022900184989e-02
1.280000000000000000e+03 8.323151021545117656e-01 5.939001819025590406e-02
1.290000000000000000e+03 8.324279251001219793e-01 5.927328134274048588e-02
1.300000000000000000e+03 8.325556853201570018e-01 5.914208516533169674e-02
1.310000000000000000e+03 8.326971836064255283e-01 5.899718075813407958e-02
1.320000000000000000e+03 8.328512526306243169e-01 5.883919372466313302e-02
1.330000000000000000e+03 8.330167695371507586e-01 5.866860169357257515e-02
1.340000000000000000e+03 8.331928259020366934e-01 5.848575787657794844e-02
1.350000000000000000e+03 8.333791499484356491e-01 5.829097592667337874e-02
1.360000000000000000e+03 8.335760838944469286e-01 5.808459846802579984e-02
1.370000000000000000e+03 8.337839589790937422e-01 5.786700594652036123e-02
1.380000000000000000e+03 8.340026595655141151e-01 5.763860331582736779e-02
1.390000000000000000e+03 8.342317930887843680e-01 5.739986248311885336e-02
1.400000000000000000e+03 8.344708413615499198e-01 5.715142322143256653e-02
1.410000000000000000e+03 8.347189145559591461e-01 5.689417405561914692e-02
1.420000000000000000e+03 8.349744456560602712e-01 5.662925197592809379e-02
1.430000000000000000e+03 8.352354296173468695e-01 5.635800051883627093e-02
1.440000000000000000e+03 8.355001312159020532e-01 5.608196984941785090e-02
1.450000000000000000e+03 8.357672728186722466e-01 5.580292444644714689e-02
1.460000000000000000e+03 8.360355959264628156e-01 5.552281268920455232e-02
1.470000000000000000e+03 8.363034916665742502e-01 5.524372800964130747e-02
1.480000000000000000e+03 8.365688233784217553e-01 5.496783189832420147e-02
1.490000000000000000e+03 8.368291197142092575e-01 5.469723916585984835e-02
1.500000000000000000e+03 8.370821907023852093e-01 5.443395194637087875e-02
1.510000000000000000e+03 8.373264010045032846e-01 5.417983651682362761e-02
1.520000000000000000e+03 8.375603358153554945e-01 5.393659636638450938e-02
1.530000000000000000e+03 8.377824547546632861e-01 5.370573504208974586e-02
1.540000000000000000e+03 8.379911381087217226e-01 5.348851002927534209e-02
1.550000000000000000e+03 8.381851379281795023e-01 5.328592654678120100e-02
1.560000000000000000e+03 8.383636964371323774e-01 5.309877612682574466e-02
1.570000000000000000e+03 8.385261792638538658e-01 5.292765100121462479e-02
1.580000000000000000e+03 8.386719561864848238e-01 5.277293419748232961e-02
1.590000000000000000e+03 8.388007032335688118e-01 5.263479305342814996e-02
1.600000000000000000e+03 8.389126741485435357e-01 5.251320167013065476e-02
1.610000000000000000e+03 8.390084306560883221e-01 5.240795548296625639e-02
1.620000000000000000e+03 8.390883940732212221e-01 5.231866960002039962e-02
1.630000000000000000e+03 8.391529109534574538e-01 5.224480882888197369e-02
1.640000000000000000e+03 8.392025548869146423e-01 5.218572580174577619e-02
1.650000000000000000e+03 8.392381210711414852e-01 5.214066798525419238e-02
1.660000000000000000e+03 8.392604725377167396e-01 5.210878499159979360e-02
1.670000000000000000e+03 8.392705353420940595e-01 5.208917679269765150e-02
1.680000000000000000e+03 8.392691718895132214e-01 5.208095157723818119e-02
1.690000000000000000e+03 8.392568863369267440e-01 5.208325451190953109e-02
1.700000000000000000e+03 8.392340216850637802e-01 5.209530170008142003e-02
1.710000000000000000e+03 8.392014001802887702e-01 5.211642398393408898e-02
1.720000000000000000e+03 8.391602732744055659e-01 5.214608071130887035e-02
1.730000000000000000e+03 8.391116270048969428e-01 5.218383683415383362e-02
1.740000000000000000e+03 8.390559553644475477e-01 5.222932680413731182e-02
1.750000000000000000e+03 8.389934892930008825e-01 5.228220612763219421e-02
1.760000000000000000e+03 8.389244030702803778e-01 5.234209572096339830e-02
1.770000000000000000e+03 8.388488751550889910e-01 5.240855731198015149e-02
1.780000000000000000e+03 8.387671972122544561e-01 5.248108656168942732e-02
1.790000000000000000e+03 8.386799540113101248e-01 5.255907856957354324e-02
1.800000000000000000e+03 8.385879335443606752e-01 5.264179325933471265e-02
1.810000000000000000e+03 8.384918689750949783e-01 5.272835706288755281e-02
1.820000000000000000e+03 8.383925133318363976e-01 5.281779514834539224e-02
1.830000000000000000e+03 8.382909480428564208e-01 5.290907148046265079e-02
1.840000000000000000e+03 8.381885246826501490e-01 5.300112948789426071e-02
1.850000000000000000e+03 8.380865233703981287e-01 5.309293517048737504e-02
1.860000000000000000e+03 8.379859347312810236e-01 5.318351973068230487e-02
1.870000000000000000e+03 8.378874403060967424e-01 5.327200875903138205e-02
1.880000000000000000e+03 8.377916988272164911e-01 5.335762519133182419e-02
1.890000000000000000e+03 8.376995514196927672e-01 5.343970648283040414e-02
1.900000000000000000e+03 8.376117902577688845e-01 5.351773705775273587e-02
1.910000000000000000e+03 8.375288329974586166e-01 5.359137196665073738e-02
1.920000000000000000e+03 8.374507476850636678e-01 5.366044267429997960e-02
1.930000000000000000e+03 8.373775794488682589e-01 5.372493329572285148e-02
1.940000000000000000e+03 8.373094659525646133e-01 5.378495209660601184e-02
1.950000000000000000e+03 8.372463431962565705e-01 5.384072375453043124e-02
1.960000000000000000e+03 8.371876530607256228e-01 5.389259118416745570e-02
1.970000000000000000e+03 8.371324472499451774e-01 5.394098861792372135e-02
1.980000000000000000e+03 8.370798441071788387e-01 5.398637407830550461e-02
1.990000000000000000e+03 8.370294001402012185e-01 5.402916283005192860e-02
2.000000000000000000e+03 8.369811285487833707e-01 5.406968007358413375e-02
2.010000000000000000e+03 8.369352069878051026e-01 5.410811366252209903e-02
2.020000000000000000e+03 8.368916365524605716e-01 5.414448219900924036e-02
2.030000000000000000e+03 8.368502651486069421e-01 5.417862672518643924e-02
2.040000000000000000e+03 8.368111501855163281e-01 5.421018720793964463e-02
2.050000000000000000e+03 8.367747972620437347e-01 5.423856518548787753e-02
2.060000000000000000e+03 8.367420904390899805e-01 5.426290825761156955e-02
2.070000000000000000e+03 8.367141347703922483e-01 5.428212347537592769e-02
2.080000000000000000e+03 8.366921710298959036e-01 5.429491549806701040e-02
2.090000000000000000e+03 8.366776562215288982e-01 5.429984442506014669e-02
2.100000000000000000e+03 8.366722992517461321e-01 5.429541161114709302e-02
2.110000000000000000e+03 8.366776591853052336e-01 5.428017415764556375e-02
2.120000000000000000e+03 8.366947397246924378e-01 5.425285343368006774e-02
2.130000000000000000e+03 8.367241906974096644e-01 5.421241963723171658e-02
2.140000000000000000e+03 8.367666775938423784e-01 5.415814189465000678e-02
2.150000000000000000e+03 8.368228476753020173e-01 5.408961453484704279e-02
2.160000000000000000e+03 8.368930672609498078e-01 5.400677006256923013e-02
2.170000000000000000e+03 8.369771987279588377e-01 5.390989298795170748e-02
2.180000000000000000e+03 8.370745779939319231e-01 5.379964183383927068e-02
2.190000000000000000e+03 8.371842177748299862e-01 5.367700649148843262e-02
2.200000000000000000e+03 8.373050742796686041e-01 5.354320628339095250e-02
2.210000000000000000e+03 8.374361553049444185e-01 5.339961054988224404e-02
2.220000000000000000e+03 8.375764001787272539e-01 5.324768950439150161e-02
2.230000000000000000e+03 8.377243955820220522e-01 5.308897759042191522e-02
2.240000000000000000e+03 8.378783331452588357e-01 5.292499930590340018e-02
2.250000000000000000e+03 8.380364119270682366e-01 5.275719199191084008e-02
2.260000000000000000e+03 8.381971546997381006e-01 5.258690185557875901e-02
2.270000000000000000e+03 8.383594091706062512e-01 5.241539002981152745e-02
2.280000000000000000e+03 8.385222616093824799e-01 5.224381748149413418e-02
2.290000000000000000e+03 8.386848832795065212e-01 5.207325633079606941e-02
2.300000000000000000e+03 8.388463487991805190e-01 5.190470648900279149e-02
2.310000000000000000e+03 8.390056823990977852e-01 5.173909051718177804e-02
2.320000000000000000e+03 8.391620500789721548e-01 5.157725859290654413e-02
2.330000000000000000e+03 8.393147511057373888e-01 5.142001180402227395e-02
2.340000000000000000e+03 8.394629894311205209e-01 5.126812140856056715e-02
2.350000000000000000e+03 8.396057762531767832e-01 5.112236168861954838e-02
2.360000000000000000e+03 8.397421131193898436e-01 5.098355228464530875e-02
2.370000000000000000e+03 8.398711176990828475e-01 5.085254880803731503e-02
2.380000000000000000e+03 8.399919934651635112e-01 5.073017156489430940e-02
2.390000000000000000e+03 8.401040250293988487e-01 5.061713540063440819e-02
2.400000000000000000e+03 8.402065560141495082e-01 5.051404433758487772e-02
2.410000000000000000e+03 8.402988990514560497e-01 5.042144707503050383e-02
2.420000000000000000e+03 8.403803662658924090e-01 5.033986657394814296e-02
2.430000000000000000e+03 8.404504050623030631e-01 5.026978557564248939e-02
2.440000000000000000e+03 8.405086761807216700e-01 5.021162074079770637e-02
2.450000000000000000e+03 8.405549999675419048e-01 5.016569930181867532e-02
2.460000000000000000e+03 8.405892429282155742e-01 5.013225035693698317e-02
2.470000000000000000e+03 8.406112142789454733e-01 5.011139085922694525e-02
2.480000000000000000e+03 8.406206103561796317e-01 5.010308851256634749e-02
2.490000000000000000e+03 8.406172083838557851e-01 5.010716072305854835e-02
2.500000000000000000e+03 8.406011712665455438e-01 5.012331804455476270e-02
2.510000000000000000e+03 8.405730553656242110e-01 5.015118992071315729e-02
2.520000000000000000e+03 8.405335655083732149e-01 5.019031446411928443e-02
2.530000000000000000e+03 8.404834178477982309e-01 5.024012153319966367e-02
2.540000000000000000e+03 8.404233546448444114e-01 5.029993870199857275e-02
2.550000000000000000e+03 8.403541571080878070e-01 5.036901247989628710e-02
2.560000000000000000e+03 8.402766082272880022e-01 5.044653298464065599e-02
2.570000000000000000e+03 8.401914479887272469e-01 5.053167027301789377e-02
2.580000000000000000e+03 8.400994025842981605e-01 5.062358685624216564e-02
2.590000000000000000e+03 8.400012869397074367e-01 5.072141705638407577e-02
2.600000000000000000e+03 8.398980128128685774e-01 5.082424910226910481e-02
2.610000000000000000e+03 8.397905243061027925e-01 5.093110419378986398e-02
2.620000000000000000e+03 8.396798285260556050e-01 5.104091441335913831e-02
2.630000000000000000e+03 8.395670810706826748e-01 5.115253199135055828e-02
2.640000000000000000e+03 8.394535268245920667e-01 5.126476700846419737e-02
2.650000000000000000e+03 8.393403778391606007e-01 5.137639820761865511e-02
2.660000000000000000e+03 8.392288041351380068e-01 5.148617142685900372e-02
2.670000000000000000e+03 8.391199776328792659e-01 5.159283656498232090e-02
2.680000000000000000e+03 8.390150648031439173e-01 5.169520341425546534e-02
2.690000000000000000e+03 8.389151867795167083e-01 5.179217762331106423e-02
2.700000000000000000e+03 8.388213643840556344e-01 5.188280164788261484e-02
2.710000000000000000e+03 8.387344298480247096e-01 5.196632681619964278e-02
2.720000000000000000e+03 8.386549715347136891e-01 5.204226421840390387e-02
2.730000000000000000e+03 8.385833149518316931e-01 5.211040587480452596e-02
2.740000000000000000e+03 8.385194306710337386e-01 5.217083726565339280e-02
2.750000000000000000e+03 8.384628963115651201e-01 5.222392711720486025e-02
2.760000000000000000e+03 8.384130341800738462e-01 5.227027926858808515e-02
2.770000000000000000e+03 8.383690401358547817e-01 5.231066414733567121e-02
2.780000000000000000e+03 8.383300341909806219e-01 5.234595290481069974e-02
2.790000000000000000e+03 8.382951085025220905e-01 5.237704628277761038e-02
2.800000000000000000e+03 8.382634391925738448e-01 5.240479075782196461e-02
2.810000000000000000e+03 8.382344022292004260e-01 5.242988771089415051e-02
2.820000000000000000e+03 8.382076379591846260e-01 5.245280327466469994e-02
2.830000000000000000e+03 8.381830773895118103e-01 5.247369519950698113e-02
2.840000000000000000e+03 8.381609485685828087e-01 5.249236775248628667e-02
2.850000000000000000e+03 8.381417930644250447e-01 5.250825660937997325e-02
2.860000000000000000e+03 8.381264830515678943e-01 5.252044182193991301e-02
2.870000000000000000e+03 8.381161779779803256e-01 5.252768274097900647e-02
2.880000000000000000e+03 8.381123040731665030e-01 5.252848764869728904e-02
2.890000000000000000e+03 8.381165167761801538e-01 5.252121193074228006e-02
2.900000000000000000e+03 8.381305716075557743e-01 5.250415179929667636e-02
2.910000000000000000e+03 8.381561808117357071e-01 5.247563203355575662e-02
2.920000000000000000e+03 8.381949007573946675e-01 5.243409962373872524e-02
2.930000000000000000e+03 8.382480461673319505e-01 5.237821513660537859e-02
2.940000000000000000e+03 8.383166698019147711e-01 5.230692568576314483e-02
2.950000000000000000e+03 8.384015504252444462e-01 5.221951325078913464e-02
2.960000000000000000e+03 8.385031031205868457e-01 5.211561602491270734e-02
2.970000000000000000e+03 8.386213034392082655e-01 5.199522062905916064e-02
2.980000000000000000e+03 8.387557790676647418e-01 5.185863991514874649e-02
2.990000000000000000e+03 8.389059628375825639e-01 5.170648265354124001e-02
3.000000000000000000e+03 8.390711471396705701e-01 5.153961096039224449e-02
3.010000000000000000e+03 8.392503657102865500e-01 5.135909031074258752e-02
3.020000000000000000e+03 8.394422918664496969e-01 5.116614770388508426e-02
3.030000000000000000e+03 8.396453677778457081e-01 5.096214148721595755e-02
3.040000000000000000e+03 8.398580695367191540e-01 5.074852905103654360e-02
3.050000000000000000e+03 8.400790271115744501e-01 5.052682533212300015e-02
3.060000000000000000e+03 8.403068737024756985e-01 5.029855747894502321e-02
3.070000000000000000e+03 8.405400541693426320e-01 5.006522864295778752e-02
3.080000000000000000e+03 8.407768242112656498e-01 4.982829774634606884e-02
3.090000000000000000e+03 8.410154978455065544e-01 4.958917440570286689e-02
3.100000000000000000e+03 8.412546853675831882e-01 4.934922246726620998e-02
3.110000000000000000e+03 8.414931814398368681e-01 4.910975765232959006e-02
3.120000000000000000e+03 8.417297634631460967e-01 4.887203970720477991e-02
3.130000000000000000e+03 8.419632112930972578e-01 4.863726625383619356e-02
3.140000000000000000e+03 8.421924839635701598e-01 4.840656688954377701e-02
3.150000000000000000e+03 8.424168009802868173e-01 4.818099263283378425e-02
3.160000000000000000e+03 8.426355635937485822e-01 4.796150192959638264e-02
3.170000000000000000e+03 8.428481654680715085e-01 4.774893213942284914e-02
3.180000000000000000e+03 8.430538687508332130e-01 4.754396073215938490e-02
3.190000000000000000e+03 8.432518882977672048e-01 4.734708468270372450e-02
3.200000000000000000e+03 8.434415352802105970e-01 4.715862520844450040e-02
3.210000000000000000e+03 8.436223122462727098e-01 4.697875404352538919e-02
3.220000000000000000e+03 8.437940257956847434e-01 4.680752913790822006e-02
3.230000000000000000e+03 8.439567822702338518e-01 4.664491460863098155e-02
3.240000000000000000e+03 8.441108774250503100e-01 4.649078936422073455e-02
3.250000000000000000e+03 8.442567563408840403e-01 4.634496542627903476e-02
3.260000000000000000e+03 8.443949437005249248e-01 4.620721630329081148e-02
3.270000000000000000e+03 8.445258486163275125e-01 4.607730781721498803e-02
3.280000000000000000e+03 8.446496249675327084e-01 4.595502712168691994e-02
3.290000000000000000e+03 8.447662490444077799e-01 4.584020996133805759e-02
3.300000000000000000e+03 8.448756295080749323e-01 4.573276215061532202e-02
3.310000000000000000e+03 8.449776036450807881e-01 4.563266662143812546e-02
3.320000000000000000e+03 8.450718791567012333e-01 4.553997666876517803e-02
3.330000000000000000e+03 8.451581775124887841e-01 4.545481824942869398e-02
3.340000000000000000e+03 8.452364862906047716e-01 4.537739724659230200e-02
3.350000000000000000e+03 8.453069677611206867e-01 4.530797802490056647e-02
3.360000000000000000e+03 8.453697398796667928e-01 4.524683975396138341e-02
3.370000000000000000e+03 8.454247687469329531e-01 4.519423439026463291e-02
3.380000000000000000e+03 8.454718234248872477e-01 4.515035323650143373e-02
3.390000000000000000e+03 8.455105932036773853e-01 4.511530563076381062e-02
3.400000000000000000e+03 8.455407391357521174e-01 4.508909974838472973e-02
3.410000000000000000e+03 8.455618831847873107e-01 4.507162979194438701e-02
3.420000000000000000e+03 8.455739631445821081e-01 4.506268665946865093e-02
3.430000000000000000e+03 8.455773683598499790e-01 4.506196061981503076e-02
3.440000000000000000e+03 8.455726612457795666e-01 4.506902799256375797e-02
3.450000000000000000e+03 8.455605152718613793e-01 4.508335420081581446e-02
3.460000000000000000e+03 8.455417832617132534e-01 4.510431330028730895e-02
3.470000000000000000e+03 8.455174422016626945e-01 4.513121826889869570e-02
3.480000000000000000e+03 8.454883889874121872e-01 4.516335185710738942e-02
3.490000000000000000e+03 8.454551515560057018e-01 4.519998237786091583e-02
3.500000000000000000e+03 8.454180761709187975e-01 4.524039576748606351e-02
3.510000000000000000e+03 8.453778380590988295e-01 4.528395202039878220e-02
3.520000000000000000e+03 8.453352625031834711e-01 4.533011840940295162e-02
3.530000000000000000e+03 8.452907149777694196e-01 4.537847519671744240e-02
3.540000000000000000e+03 8.452442308402663418e-01 4.542873745462662483e-02
3.550000000000000000e+03 8.451958096576486223e-01 4.548076137736163649e-02
3.560000000000000000e+03 8.451452402165304800e-01 4.553451906138875765e-02
3.570000000000000000e+03 8.450922221281876867e-01 4.559008944573630928e-02
3.580000000000000000e+03 8.450366861106275440e-01 4.564764241382912591e-02
3.590000000000000000e+03 8.449787510865433005e-01 4.570739202519785715e-02
3.600000000000000000e+03 8.449185102983801654e-01 4.576954803554605239e-02
3.610000000000000000e+03 8.448559061181961649e-01 4.583427700454653642e-02
3.620000000000000000e+03 8.447908443159791725e-01 4.590168709271183478e-02
3.630000000000000000e+03 8.447233442957637894e-01 4.597182548454627204e-02
3.640000000000000000e+03 8.446535348407111510e-01 4.604467446512065798e-02
3.650000000000000000e+03 8.445815436341738147e-01 4.612015557782561670e-02
3.660000000000000000e+03 8.445074210296052986e-01 4.619814753239027960e-02
3.670000000000000000e+03 8.444309787406982792e-01 4.627849661849374463e-02
3.680000000000000000e+03 8.443519198304841877e-01 4.636102749834070808e-02
3.690000000000000000e+03 8.442702761753085872e-01 4.644556444356157110e-02
3.700000000000000000e+03 8.441865299641067022e-01 4.653193288125147264e-02
3.710000000000000000e+03 8.441012546871913269e-01 4.661992886953646165e-02
3.720000000000000000e+03 8.440148956143612713e-01 4.670929456877962599e-02
3.730000000000000000e+03 8.439277817737644849e-01 4.679971020882477128e-02
3.740000000000000000e+03 8.438401649816190675e-01 4.689078323964079864e-02
3.750000000000000000e+03 8.437523291344888321e-01 4.698203085570035187e-02
3.760000000000000000e+03 8.436647209797766278e-01 4.707286761307810652e-02
3.770000000000000000e+03 8.435779284923684562e-01 4.716259906109047939e-02
3.780000000000000000e+03 8.434926606455811493e-01 4.725042091121442467e-02
3.790000000000000000e+03 8.434098369946367857e-01 4.733542413285361100e-02
3.800000000000000000e+03 8.433306015069870210e-01 4.741661141285832826e-02
3.810000000000000000e+03 8.432561587334670428e-01 4.749292947298164314e-02
3.820000000000000000e+03 8.431877071445949001e-01 4.756332722773266852e-02
3.830000000000000000e+03 8.431264563266308576e-01 4.762682735296331488e-02
3.840000000000000000e+03 8.430734247668868475e-01 4.768258915985632007e-02
3.850000000000000000e+03 8.430292651537819593e-01 4.772996844676221512e-02
3.860000000000000000e+03 8.429941456134936173e-01 4.776855614122691579e-02
3.870000000000000000e+03 8.429678848547750292e-01 4.779820541504706949e-02
3.880000000000000000e+03 8.429502510198882970e-01 4.781905916647876537e-02
3.890000000000000000e+03 8.429409346414080684e-01 4.783154909058745519e-02
3.900000000000000000e+03 8.429394536220644607e-01 4.783636665015717632e-02
3.910000000000000000e+03 8.429450092405335049e-01 4.783440835207068004e-02
3.920000000000000000e+03 8.429565295965552041e-01 4.782672428927591673e-02
3.930000000000000000e+03 8.429727700203876184e-01 4.781447525595685505e-02
3.940000000000000000e+03 8.429923381148924921e-01 4.779889358434157715e-02
3.950000000000000000e+03 8.430137517390716706e-01 4.778124633785692243e-02
3.960000000000000000e+03 8.430356400657541549e-01 4.776281432523412501e-02
3.970000000000000000e+03 8.430570018704054425e-01 4.774488734514108906e-02
3.980000000000000000e+03 8.430768678906555014e-01 4.772872243803926579e-02
3.990000000000000000e+03 8.430939573013622734e-01 4.771549792953230090e-02
4.000000000000000000e+03 8.431069502012690231e-01 4.770630725214126261e-02
4.010000000000000000e+03 8.431147862202414967e-01 4.770215368993954708e-02
4.020000000000000000e+03 8.431165217973487502e-01 4.770391628143159229e-02
4.030000000000000000e+03 8.431113832994349133e-01 4.771233115259385787e-02
4.040000000000000000e+03 8.430989126237569131e-01 4.772798635709401410e-02
4.050000000000000000e+03 8.430787783146953540e-01 4.775129697431976239e-02
4.060000000000000000e+03 8.430506675481332923e-01 4.778247998687151776e-02
4.070000000000000000e+03 8.430144974773702282e-01 4.782155484557991387e-02
4.080000000000000000e+03 8.429704789186327485e-01 4.786834981330643363e-02
4.090000000000000000e+03 8.429191077273838761e-01 4.792251275332858051e-02
4.100000000000000000e+03 8.428611012621531895e-01 4.798352409377475841e-02
4.110000000000000000e+03 8.427972711053034471e-01 4.805071091017684010e-02
4.120000000000000000e+03 8.427283520464348143e-01 4.812326572004820696e-02
4.130000000000000000e+03 8.426550082307959766e-01 4.820028687160557435e-02
4.140000000000000000e+03 8.425780343399668082e-01 4.828083498321357470e-02
4.150000000000000000e+03 8.424983670675100234e-01 4.836397408092553418e-02
4.160000000000000000e+03 8.424170976737861416e-01 4.844881223512886165e-02
4.170000000000000000e+03 8.423351175951602210e-01 4.853452080495037485e-02
4.180000000000000000e+03 8.422529446872535352e-01 4.862036188227620431e-02
4.190000000000000000e+03 8.421710335375899303e-01 4.870573438432901359e-02
4.200000000000000000e+03 8.420898734440691591e-01 4.879019021725943678e-02
