0.000000000000000000e+00 8.846401218627520935e-01 9.028584691340442447e-03
1.000000000000000000e+01 8.843700164204567615e-01 9.299880457176756474e-03
2.000000000000000000e+01 8.835373771019642275e-01 1.013261166973723586e-02
3.000000000000000000e+01 8.821459121960913974e-01 1.152408951351605385e-02
4.000000000000000000e+01 8.802042472304162368e-01 1.346575519599678764e-02
5.000000000000000000e+01 8.777242641886274788e-01 1.594573409963185098e-02
6.000000000000000000e+01 8.747210080220428896e-01 1.894900070721125193e-02
7.000000000000000000e+01 8.712125204790209798e-01 2.245751338364372976e-02
8.000000000000000000e+01 8.672195952055047341e-01 2.645046460105464695e-02
9.000000000000000000e+01 8.627655815127773797e-01 3.090448040108263045e-02
1.000000000000000000e+02 8.578761489667693363e-01 3.579390710346429250e-02
1.100000000000000000e+02 8.525789882760673732e-01 4.109104974774994978e-02
1.200000000000000000e+02 8.469035535011303351e-01 4.676646420777424984e-02
1.300000000000000000e+02 8.408807663251856024e-01 5.278925186682938142e-02
1.400000000000000000e+02 8.345427291865504804e-01 5.912728222825976154e-02
1.500000000000000000e+02 8.279224431030525189e-01 6.574757247606873023e-02
1.600000000000000000e+02 8.210535178395901301e-01 7.261647626040755588e-02
1.700000000000000000e+02 8.139699062974142807e-01 7.970006644889811309e-02
1.800000000000000000e+02 8.067056228899034398e-01 8.696432809496400240e-02
1.900000000000000000e+02 7.992944728024807821e-01 9.437546343124367243e-02
2.000000000000000000e+02 7.917697932817812090e-01 1.019001331507972674e-01
2.100000000000000000e+02 7.841641927072671159e-01 1.095057300198721134e-01
2.200000000000000000e+02 7.765093200802010154e-01 1.171606123942855043e-01
2.300000000000000000e+02 7.688356455356372132e-01 1.248342964164980279e-01
2.400000000000000000e+02 7.611722396910489685e-01 1.324977063415539447e-01
2.500000000000000000e+02 7.535465725157454164e-01 1.401233689502513202e-01
2.600000000000000000e+02 7.459843309921756482e-01 1.476856034980784382e-01
2.700000000000000000e+02 7.385092512083416549e-01 1.551606720188441202e-01
2.800000000000000000e+02 7.311429749321550764e-01 1.625269291830251372e-01
2.900000000000000000e+02 7.239049273044945165e-01 1.697649502303388291e-01
3.000000000000000000e+02 7.168122209684921753e-01 1.768576262893088447e-01
3.100000000000000000e+02 7.098795869742489106e-01 1.837902338444151462e-01
3.200000000000000000e+02 7.031193350381378382e-01 1.905504679578650662e-01
3.300000000000000000e+02 6.965413395371500282e-01 1.971284566846876196e-01
3.400000000000000000e+02 6.901530603469034908e-01 2.035167334615668455e-01
3.500000000000000000e+02 6.839596077832381660e-01 2.097101797607929252e-01
3.600000000000000000e+02 6.779638362416885444e-01 2.157059453375313463e-01
3.700000000000000000e+02 6.721664510971537831e-01 2.215033251366520795e-01
3.800000000000000000e+02 6.665661583217770136e-01 2.271036048698939491e-01
3.900000000000000000e+02 6.611598424193979584e-01 2.325098964535284307e-01
4.000000000000000000e+02 6.559427621297233557e-01 2.377269397530906714e-01
4.100000000000000000e+02 6.509087578722613232e-01 2.427609002642128477e-01
4.200000000000000000e+02 6.460504707694397775e-01 2.476191451292345247e-01
4.300000000000000000e+02 6.413595699150339557e-01 2.523100040631267027e-01
4.400000000000000000e+02 6.368269756118518643e-01 2.568425529234527604e-01
4.500000000000000000e+02 6.324430947711779938e-01 2.612263863736325464e-01
4.600000000000000000e+02 6.281980410654754987e-01 2.654713916108460414e-01
4.700000000000000000e+02 6.240818355735950895e-01 2.695875573139880910e-01
4.800000000000000000e+02 6.200845844094601267e-01 2.735847814371713538e-01
4.900000000000000000e+02 6.161966407505234944e-01 2.774727024135966169e-01
5.000000000000000000e+02 6.124087618787218412e-01 2.812605593290936068e-01
5.100000000000000000e+02 6.087122381006560001e-01 2.849570642755663852e-01
5.200000000000000000e+02 6.050989883707218464e-01 2.885702995730901055e-01
5.300000000000000000e+02 6.015616271089470057e-01 2.921076523747884734e-01
5.400000000000000000e+02 5.980935293969060762e-01 2.955757405904769763e-01
5.500000000000000000e+02 5.946888704883700472e-01 2.989803869713563711e-01
5.600000000000000000e+02 5.913426370200893789e-01 3.023266107501491606e-01
5.700000000000000000e+02 5.880506242951857310e-01 3.056186147781367879e-01
5.800000000000000000e+02 5.848094279550684060e-01 3.088598001826235451e-01
5.900000000000000000e+02 5.816164254204524431e-01 3.120527964063068982e-01
6.000000000000000000e+02 5.784697354081589360e-01 3.151994877137322959e-01
6.100000000000000000e+02 5.753681711792472120e-01 3.183010633952821911e-01
6.200000000000000000e+02 5.723111905283235767e-01 3.213580639300567809e-01
6.300000000000000000e+02 5.692988407626201619e-01 3.243704298942060027e-01
6.400000000000000000e+02 5.663317250609407605e-01 3.273375616000577248e-01
6.500000000000000000e+02 5.634109424327179427e-01 3.302583698729107953e-01
6.600000000000000000e+02 5.605379961276966139e-01 3.331313349343822949e-01
6.700000000000000000e+02 5.577147784389161478e-01 3.359545650967973862e-01
6.800000000000000000e+02 5.549434984904723089e-01 3.387258582824966835e-01
6.900000000000000000e+02 5.522266130764166281e-01 3.414427580191853329e-01
7.000000000000000000e+02 5.495667791500795651e-01 3.441026083919823675e-01
7.100000000000000000e+02 5.469667971236318316e-01 3.467026131094295138e-01
7.200000000000000000e+02 5.444295474522276024e-01 3.492398852254751662e-01
7.300000000000000000e+02 5.419579456555708719e-01 3.517115080349285106e-01
7.400000000000000000e+02 5.395548799775727877e-01 3.541145884372257635e-01
7.500000000000000000e+02 5.372231668670677251e-01 3.564463067994582679e-01
7.600000000000000000e+02 5.349655101963091131e-01 3.587039713824121678e-01
7.700000000000000000e+02 5.327844416853151355e-01 3.608850583178390692e-01
7.800000000000000000e+02 5.306822579173265941e-01 3.629872700744298242e-01
7.900000000000000000e+02 5.286609772132602192e-01 3.650085787993950226e-01
8.000000000000000000e+02 5.267223079000025177e-01 3.669472716202259455e-01
8.100000000000000000e+02 5.248676084545481624e-01 3.688019973183097600e-01
8.200000000000000000e+02 5.230978330571212087e-01 3.705717969998461592e-01
8.300000000000000000e+02 5.214135003890607578e-01 3.722561474517901980e-01
8.400000000000000000e+02 5.198146665788256904e-01 3.738549963398056786e-01
8.500000000000000000e+02 5.183008921232190591e-01 3.753687855680141183e-01
8.600000000000000000e+02 5.168712150339089817e-01 3.767984822424811919e-01
8.700000000000000000e+02 5.155241182300976943e-01 3.781456067018391098e-01
8.800000000000000000e+02 5.142575116062994001e-01 3.794122470036747075e-01
8.900000000000000000e+02 5.130687295442031282e-01 3.806010640135061851e-01
9.000000000000000000e+02 5.119545172022959001e-01 3.817153115228975047e-01
9.100000000000000000e+02 5.109110230194960911e-01 3.827588388025239818e-01
9.200000000000000000e+02 5.099338038862440969e-01 3.837360865058357384e-01
9.300000000000000000e+02 5.090178289884075280e-01 3.846520870899176603e-01
9.400000000000000000e+02 5.081574947426200639e-01 3.855124482760574622e-01
9.500000000000000000e+02 5.073466393439080013e-01 3.863233338665936212e-01
9.600000000000000000e+02 5.065785676257847925e-01 3.870914408109576432e-01
9.700000000000000000e+02 5.058460839222097549e-01 3.878239631227404227e-01
9.800000000000000000e+02 5.051415276623513195e-01 3.885285586935023905e-01
9.900000000000000000e+02 5.044568228888476336e-01 3.892133034726295571e-01
1.000000000000000000e+03 5.037835246871371631e-01 3.898866451060190030e-01
1.010000000000000000e+03 5.031128780146694179e-01 3.905573442065100598e-01
1.020000000000000000e+03 5.024358859711444136e-01 3.912344042569684821e-01
1.030000000000000000e+03 5.017433627816132446e-01 3.919270043151036886e-01
1.040000000000000000e+03 5.010260204404073381e-01 3.926444176866892843e-01
1.050000000000000000e+03 5.002745628859270877e-01 3.933959320766139411e-01
1.060000000000000000e+03 4.994797742901674331e-01 3.941907635004359145e-01
1.070000000000000000e+03 4.986326113410404770e-01 3.950379557434067213e-01
1.080000000000000000e+03 4.977242941564307133e-01 3.959462935384823190e-01
1.090000000000000000e+03 4.967464002313169424e-01 3.969242070418136925e-01
1.100000000000000000e+03 4.956909628112590172e-01 3.979796678087295647e-01
1.110000000000000000e+03 4.945505624375616804e-01 3.991200946694465346e-01
1.120000000000000000e+03 4.933184267414986723e-01 4.003522541839514282e-01
1.130000000000000000e+03 4.919885287682124742e-01 4.016821707299354505e-01
1.140000000000000000e+03 4.905556690191977820e-01 4.031150499542815457e-01
1.150000000000000000e+03 4.890155416569804125e-01 4.046552021961808410e-01
1.160000000000000000e+03 4.873647962782799992e-01 4.063059738581746849e-01
1.170000000000000000e+03 4.856011048809607544e-01 4.080696888376644793e-01
1.180000000000000000e+03 4.837232106679719146e-01 4.099476027760217689e-01
1.190000000000000000e+03 4.817309580813071701e-01 4.119398755460668138e-01
1.200000000000000000e+03 4.796253000019234936e-01 4.140455610161923872e-01
1.210000000000000000e+03 4.774082917978630936e-01 4.162626035869692043e-01
1.220000000000000000e+03 4.750830884957957800e-01 4.185878426327742652e-01
1.230000000000000000e+03 4.726539201019320235e-01 4.210170440616038401e-01
1.240000000000000000e+03 4.701260490518148760e-01 4.235449458092064856e-01
1.250000000000000000e+03 4.675057133543724652e-01 4.261653082289660333e-01
1.260000000000000000e+03 4.648000523774524773e-01 4.288709925714068727e-01
1.270000000000000000e+03 4.620170298784015417e-01 4.316540372214977550e-01
1.280000000000000000e+03 4.591653485447465544e-01 4.345057441491810279e-01
1.290000000000000000e+03 4.562543454259418430e-01 4.374167785829041755e-01
1.300000000000000000e+03 4.532938834138117157e-01 4.403772698385234885e-01
1.310000000000000000e+03 4.502942496238230841e-01 4.433769233446014923e-01
1.320000000000000000e+03 4.472660473620737043e-01 4.464051412547059838e-01
1.330000000000000000e+03 4.442200849533843310e-01 4.494511228858565910e-01
1.340000000000000000e+03 4.411672523452678796e-01 4.525039818139769410e-01
1.350000000000000000e+03 4.381184065069321232e-01 4.555528615979353990e-01
1.360000000000000000e+03 4.350842688370250566e-01 4.585870344978419388e-01
1.370000000000000000e+03 4.320753292231631626e-01 4.615960091677948629e-01
1.380000000000000000e+03 4.291017605235661336e-01 4.645696199872791921e-01
1.390000000000000000e+03 4.261733215218551085e-01 4.674981055393864771e-01
1.400000000000000000e+03 4.232992808173676180e-01 4.703721947826486338e-01
1.410000000000000000e+03 4.204883520800474783e-01 4.731831751864414293e-01
1.420000000000000000e+03 4.177486224534076031e-01 4.759229546786784559e-01
1.430000000000000000e+03 4.150875049488292334e-01 4.785841149192697763e-01
1.440000000000000000e+03 4.125117097945772415e-01 4.811599437544671898e-01
1.450000000000000000e+03 4.100272183462256859e-01 4.836444590817301492e-01
1.460000000000000000e+03 4.076392643398360494e-01 4.860324325042388871e-01
1.470000000000000000e+03 4.053523067975725591e-01 4.883194083070174774e-01
1.480000000000000000e+03 4.031700170773747094e-01 4.905017163161267124e-01
1.490000000000000000e+03 4.010953031793126899e-01 4.925764501249941807e-01
1.500000000000000000e+03 3.991303269733894599e-01 4.945414462537930378e-01
1.510000000000000000e+03 3.972765098670906214e-01 4.963952815649199102e-01
1.520000000000000000e+03 3.955345553779341383e-01 4.981372499480460903e-01
1.530000000000000000e+03 3.939044819108604711e-01 4.997673299395857249e-01
1.540000000000000000e+03 3.923856572881745941e-01 5.012861591136935635e-01
1.550000000000000000e+03 3.909768404234668093e-01 5.026949815953811740e-01
1.560000000000000000e+03 3.896762207598143402e-01 5.039956051853770047e-01
1.570000000000000000e+03 3.884814632898270226e-01 5.051903702864951606e-01
1.580000000000000000e+03 3.873897518545025287e-01 5.062820978405604411e-01
1.590000000000000000e+03 3.863978255641211668e-01 5.072740507257568199e-01
1.600000000000000000e+03 3.855020245787755817e-01 5.081698941472096998e-01
1.610000000000000000e+03 3.846983401067060049e-01 5.089736318606131737e-01
1.620000000000000000e+03 3.839824536176721370e-01 5.096895765513669296e-01
1.630000000000000000e+03 3.833497803825078876e-01 5.103223063721348263e-01
1.640000000000000000e+03 3.827955236172447817e-01 5.108766086779195081e-01
1.650000000000000000e+03 3.823147157195745938e-01 5.113574532758379254e-01
1.660000000000000000e+03 3.819022525100438936e-01 5.117699496137800841e-01
1.670000000000000000e+03 3.815529222719339919e-01 5.121193074918546362e-01
1.680000000000000000e+03 3.812614378967439932e-01 5.124108161768557990e-01
1.690000000000000000e+03 3.810224761181371100e-01 5.126497982956779165e-01
1.700000000000000000e+03 3.808307091929211685e-01 5.128415788506492934e-01
1.710000000000000000e+03 3.806808326151649435e-01 5.129914640232698941e-01
1.720000000000000000e+03 3.805675943120588323e-01 5.131047063379322593e-01
1.730000000000000000e+03 3.804858208990041235e-01 5.131864817016631442e-01
1.740000000000000000e+03 3.804304444430886556e-01 5.132418710431463360e-01
1.750000000000000000e+03 3.803965150506962156e-01 5.132758279438608406e-01
1.760000000000000000e+03 3.803792136146529335e-01 5.132931623548723232e-01
1.770000000000000000e+03 3.803738943972526654e-01 5.132985166241021968e-01
1.780000000000000000e+03 3.803761104564948869e-01 5.132963329906972128e-01
1.790000000000000000e+03 3.803816196688815099e-01 5.132908492688448288e-01
1.800000000000000000e+03 3.803863994692557871e-01 5.132860925928803830e-01
1.810000000000000000e+03 3.803866587791662202e-01 5.132858451166095737e-01
1.820000000000000000e+03 3.803788467446190813e-01 5.132936631894177149e-01
1.830000000000000000e+03 3.803596725772661613e-01 5.133128396376440694e-01
1.840000000000000000e+03 3.803261211835939348e-01 5.133463918612464205e-01
1.850000000000000000e+03 3.802754572550285372e-01 5.133970689884154170e-01
1.860000000000000000e+03 3.802052204221372800e-01 5.134673209295198548e-01
1.870000000000000000e+03 3.801132259242635536e-01 5.135593307482667624e-01
1.880000000000000000e+03 3.799975729806568947e-01 5.136750021951829170e-01
1.890000000000000000e+03 3.798566524132694355e-01 5.138159431952452616e-01
1.900000000000000000e+03 3.796891411603921518e-01 5.139834853078922849e-01
1.910000000000000000e+03 3.794939820070114544e-01 5.141786862741850594e-01
1.920000000000000000e+03 3.792703669303577052e-01 5.144023439618253812e-01
1.930000000000000000e+03 3.790177365759902495e-01 5.146550123648530040e-01
1.940000000000000000e+03 3.787357814633096065e-01 5.149369977512174845e-01
1.950000000000000000e+03 3.784244247682403417e-01 5.152483684579756140e-01
1.960000000000000000e+03 3.780837964569558340e-01 5.155890025625861073e-01
1.970000000000000000e+03 3.777142105045615539e-01 5.159585808778589522e-01
1.980000000000000000e+03 3.773161501209894020e-01 5.163566218123846197e-01
1.990000000000000000e+03 3.768902521382103132e-01 5.167825009341212583e-01
2.000000000000000000e+03 3.764372828321934650e-01 5.172354475969646037e-01
2.010000000000000000e+03 3.759581210626288805e-01 5.177145900979078785e-01
2.020000000000000000e+03 3.754537348688158915e-01 5.182189629267150988e-01
2.030000000000000000e+03 3.749251520499179979e-01 5.187475362424917025e-01
2.040000000000000000e+03 3.743734555364283123e-01 5.192992296881823178e-01
2.050000000000000000e+03 3.737997779156413403e-01 5.198729106330242100e-01
2.060000000000000000e+03 3.732052714376001834e-01 5.204674258184643909e-01
2.070000000000000000e+03 3.725910859056015823e-01 5.210816226449378474e-01
2.080000000000000000e+03 3.719583611349472907e-01 5.217143579509159190e-01
2.090000000000000000e+03 3.713082218067412232e-01 5.223645059598610585e-01
2.100000000000000000e+03 3.706417772016011858e-01 5.230309583948757890e-01
2.110000000000000000e+03 3.699601142036764156e-01 5.237126303456016707e-01
2.120000000000000000e+03 3.692642827901665981e-01 5.244084707653799970e-01
2.130000000000000000e+03 3.685552968873972435e-01 5.251174615999232298e-01
2.140000000000000000e+03 3.678341399763659925e-01 5.258386170707352036e-01
2.150000000000000000e+03 3.671017753801245065e-01 5.265709733614708510e-01
2.160000000000000000e+03 3.663591509537855173e-01 5.273135832038917670e-01
2.170000000000000000e+03 3.656071999269082107e-01 5.280655164575165372e-01
2.180000000000000000e+03 3.648468421487108260e-01 5.288258573085927727e-01
2.190000000000000000e+03 3.640789771199477998e-01 5.295937067857817704e-01
2.200000000000000000e+03 3.633044909176111337e-01 5.303681774478947730e-01
2.210000000000000000e+03 3.625242758699777079e-01 5.311483774674518044e-01
2.220000000000000000e+03 3.617392352029683011e-01 5.319334052355849662e-01
2.230000000000000000e+03 3.609502883643842530e-01 5.327223426914873272e-01
2.240000000000000000e+03 3.601583735199251901e-01 5.335142498877774031e-01
2.250000000000000000e+03 3.593644503217144348e-01 5.343081657111709015e-01
2.260000000000000000e+03 3.585695039905948955e-01 5.351031069670717510e-01
2.270000000000000000e+03 3.577745506646624052e-01 5.358980585287449472e-01
2.280000000000000000e+03 3.569806260520096974e-01 5.366919827244213126e-01
2.290000000000000000e+03 3.561887763286800679e-01 5.374838320688810622e-01
2.300000000000000000e+03 3.554000595125830220e-01 5.382725460585586763e-01
2.310000000000000000e+03 3.546155373258781385e-01 5.390570571713584336e-01
2.320000000000000000e+03 3.538362573921403631e-01 5.398363144899582799e-01
2.330000000000000000e+03 3.530632572460039587e-01 5.406092846948965525e-01
2.340000000000000000e+03 3.522975620000782238e-01 5.413749487762969936e-01
2.350000000000000000e+03 3.515401546228989482e-01 5.421323247152886049e-01
2.360000000000000000e+03 3.507919589373706404e-01 5.428804884661810881e-01
2.370000000000000000e+03 3.500538263199650113e-01 5.436185887062126021e-01
2.380000000000000000e+03 3.493265249711216547e-01 5.443458562703543668e-01
2.390000000000000000e+03 3.486107166505506560e-01 5.450616300922430657e-01
2.400000000000000000e+03 3.479069399123627671e-01 5.457653739805273796e-01
2.410000000000000000e+03 3.472156133074972284e-01 5.464566709876653716e-01
2.420000000000000000e+03 3.465370209894967357e-01 5.471352368290320900e-01
2.430000000000000000e+03 3.458712847255741019e-01 5.478009483619618036e-01
2.440000000000000000e+03 3.452183685584463424e-01 5.484538395245884823e-01
2.450000000000000000e+03 3.445780691610325630e-01 5.490941128085274903e-01
2.460000000000000000e+03 3.439499969823088810e-01 5.497221574461313987e-01
2.470000000000000000e+03 3.433335892296481839e-01 5.503385363333486158e-01
2.480000000000000000e+03 3.427281099512002882e-01 5.509439875007291487e-01
2.490000000000000000e+03 3.421326503466201596e-01 5.515394215964065650e-01
2.500000000000000000e+03 3.415461321795134064e-01 5.521259152266889680e-01
2.510000000000000000e+03 3.409673252544784261e-01 5.527046955614473012e-01
2.520000000000000000e+03 3.403948634562674047e-01 5.532771279666736097e-01
2.530000000000000000e+03 3.398272577945949946e-01 5.538447027755996066e-01
2.540000000000000000e+03 3.392629131954016941e-01 5.544090171888959029e-01
2.550000000000000000e+03 3.387001505212673402e-01 5.549717524854527184e-01
2.560000000000000000e+03 3.381372256475528859e-01 5.555346537732835932e-01
2.570000000000000000e+03 3.375723448205128485e-01 5.560995136462352217e-01
2.580000000000000000e+03 3.370036863425186491e-01 5.566681516790060735e-01
2.590000000000000000e+03 3.364294300021972162e-01 5.572423862695795593e-01
2.600000000000000000e+03 3.358477718524959243e-01 5.578240196689020491e-01
2.610000000000000000e+03 3.352569456754954658e-01 5.584148187957286291e-01
2.620000000000000000e+03 3.346552519397350545e-01 5.590164862811344282e-01
2.630000000000000000e+03 3.340410784903766195e-01 5.596306369616452780e-01
2.640000000000000000e+03 3.334129140509376477e-01 5.602587813817431206e-01
2.650000000000000000e+03 3.327693632949505487e-01 5.609023106278321347e-01
2.660000000000000000e+03 3.321091643073755262e-01 5.615624837045004591e-01
2.670000000000000000e+03 3.314311980288374149e-01 5.622404212859026806e-01
2.680000000000000000e+03 3.307344971321742322e-01 5.629370941059623767e-01
2.690000000000000000e+03 3.300182589705786262e-01 5.636533073334539790e-01
2.700000000000000000e+03 3.292818414404304894e-01 5.643897043661036950e-01
2.710000000000000000e+03 3.285247512889676313e-01 5.651467785300737789e-01
2.720000000000000000e+03 3.277466482287825222e-01 5.659248689331825011e-01
2.730000000000000000e+03 3.269473568515300355e-01 5.667241498570910752e-01
2.740000000000000000e+03 3.261268620334871748e-01 5.675446364485650097e-01
2.750000000000000000e+03 3.252852849797689405e-01 5.683862077069485874e-01
2.760000000000000000e+03 3.244228633602296297e-01 5.692486254026629666e-01
2.770000000000000000e+03 3.235399382047935424e-01 5.701315472665640094e-01
2.780000000000000000e+03 3.226369556096599922e-01 5.710345262030602775e-01
2.790000000000000000e+03 3.217144660804421852e-01 5.719570110421532405e-01
2.800000000000000000e+03 3.207731038500633569e-01 5.728983668826020947e-01
2.810000000000000000e+03 3.198135667176024155e-01 5.738578958307511968e-01
2.820000000000000000e+03 3.188366078032887629e-01 5.748348459365305585e-01
2.830000000000000000e+03 3.178430384098631101e-01 5.758284076714603739e-01
2.840000000000000000e+03 3.168337208003749739e-01 5.768377186721864724e-01
2.850000000000000000e+03 3.158095454448340278e-01 5.778618866649571917e-01
2.860000000000000000e+03 3.147714103387438400e-01 5.789000131398490678e-01
2.870000000000000000e+03 3.137202251596776792e-01 5.799511893196497292e-01
2.880000000000000000e+03 3.126569273669064786e-01 5.810144787894953033e-01
2.890000000000000000e+03 3.115824755033048676e-01 5.820889237699490293e-01
2.900000000000000000e+03 3.104978385516878880e-01 5.831735560747201008e-01
2.910000000000000000e+03 3.094040052217159609e-01 5.842673876964450397e-01
2.920000000000000000e+03 3.083020001089339934e-01 5.853693933237673619e-01
2.930000000000000000e+03 3.071928988903900315e-01 5.864784956114702519e-01
2.940000000000000000e+03 3.060778349651538388e-01 5.875935598303890783e-01
2.950000000000000000e+03 3.049579951628701990e-01 5.887133982697437817e-01
2.960000000000000000e+03 3.038346088741580298e-01 5.898367812583075187e-01
2.970000000000000000e+03 3.027089478272451117e-01 5.909624375477027236e-01
2.980000000000000000e+03 3.015823323926816735e-01 5.920890477971267885e-01
2.990000000000000000e+03 3.004561404834857896e-01 5.932152352452340072e-01
3.000000000000000000e+03 2.993318204378049852e-01 5.943395523065669872e-01
3.010000000000000000e+03 2.982108966500390812e-01 5.954604743217531970e-01
3.020000000000000000e+03 2.970949652066570690e-01 5.965764047985574470e-01
3.030000000000000000e+03 2.959856801834482298e-01 5.976856897357836207e-01
3.040000000000000000e+03 2.948847383976368475e-01 5.987866315650260951e-01
3.050000000000000000e+03 2.937938679138596410e-01 5.998775008344401360e-01
3.060000000000000000e+03 2.927148165220232467e-01 6.009565495902995380e-01
3.070000000000000000e+03 2.916493386123709675e-01 6.020220245978334939e-01
3.080000000000000000e+03 2.905991789193406172e-01 6.030721825122249413e-01
3.090000000000000000e+03 2.895660530666884780e-01 6.041053087508913011e-01
3.100000000000000000e+03 2.885516277998453893e-01 6.051197368081477901e-01
3.110000000000000000e+03 2.875575027404358441e-01 6.061138665487889599e-01
3.120000000000000000e+03 2.865851849354640879e-01 6.070861907432567595e-01
3.130000000000000000e+03 2.856360597196984652e-01 6.080353244416035752e-01
3.140000000000000000e+03 2.847113638215145737e-01 6.089600306447869871e-01
3.150000000000000000e+03 2.838121639971816768e-01 6.098592410215089021e-01
3.160000000000000000e+03 2.829393457335142026e-01 6.107320679099899063e-01
3.170000000000000000e+03 2.820936007606808515e-01 6.115778186825325813e-01
3.180000000000000000e+03 2.812754027730918760e-01 6.123960207123698707e-01
3.190000000000000000e+03 2.804849918854830926e-01 6.131864355414992085e-01
3.200000000000000000e+03 2.797223583400209046e-01 6.139490739885108406e-01
3.210000000000000000e+03 2.789872304833148076e-01 6.146842077938787785e-01
3.220000000000000000e+03 2.782790859845201137e-01 6.153923586133038803e-01
3.230000000000000000e+03 2.775971609744062873e-01 6.160742890526360593e-01
3.240000000000000000e+03 2.769404417750750969e-01 6.167310110713538629e-01
3.250000000000000000e+03 2.763076573117647095e-01 6.173637943102718850e-01
3.260000000000000000e+03 2.756972896083897395e-01 6.179741567987419026e-01
3.270000000000000000e+03 2.751076016789714695e-01 6.185638370459659585e-01
3.280000000000000000e+03 2.745366674226725756e-01 6.191347629510368655e-01
3.290000000000000000e+03 2.739823942750598262e-01 6.196890271807713457e-01
3.300000000000000000e+03 2.734425429995382406e-01 6.202288668539371885e-01
3.310000000000000000e+03 2.729147553673433868e-01 6.207566379888337371e-01
3.320000000000000000e+03 2.723965941362953003e-01 6.212747781706433603e-01
3.330000000000000000e+03 2.718855773703220402e-01 6.217857714930172808e-01
3.340000000000000000e+03 2.713791991089476996e-01 6.222921249419591794e-01
3.350000000000000000e+03 2.708749534035003181e-01 6.227963437298624783e-01
3.360000000000000000e+03 2.703703749551856772e-01 6.233008928492752565e-01
3.370000000000000000e+03 2.698630862511238182e-01 6.238081510707927935e-01
3.380000000000000000e+03 2.693508361416074304e-01 6.243203708159623666e-01
3.390000000000000000e+03 2.688315245442632340e-01 6.248396526924764327e-01
3.400000000000000000e+03 2.683032197494159554e-01 6.253679285464943671e-01
3.410000000000000000e+03 2.677641892645315491e-01 6.259069304777183929e-01
3.420000000000000000e+03 2.672129392411439763e-01 6.264581515698128822e-01
3.430000000000000000e+03 2.666482309505356363e-01 6.270228306007950003e-01
3.440000000000000000e+03 2.660690745788784062e-01 6.276019583392632439e-01
3.450000000000000000e+03 2.654747331738027682e-01 6.281962724825996824e-01
3.460000000000000000e+03 2.648647357486424991e-01 6.288062448117561765e-01
3.470000000000000000e+03 2.642388815813472847e-01 6.294320773317995110e-01
3.480000000000000000e+03 2.635972360298259320e-01 6.300737051003073574e-01
3.490000000000000000e+03 2.629401134950364316e-01 6.307308121890584651e-01
3.500000000000000000e+03 2.622680562745071664e-01 6.314028534406052051e-01
3.510000000000000000e+03 2.615818251581493170e-01 6.320890661563228763e-01
3.520000000000000000e+03 2.608823922201935486e-01 6.327884791414786214e-01
3.530000000000000000e+03 2.601709208512882343e-01 6.334999314880068733e-01
3.540000000000000000e+03 2.594487386488893987e-01 6.342220975161415586e-01
3.550000000000000000e+03 2.587173084556472769e-01 6.349535151526575216e-01
3.560000000000000000e+03 2.579781955665804150e-01 6.356926188328325678e-01
3.570000000000000000e+03 2.572330360167602303e-01 6.364377718205167511e-01
3.580000000000000000e+03 2.564835160940480141e-01 6.371872881280854495e-01
3.590000000000000000e+03 2.557313621417913185e-01 6.379394432361901179e-01
3.600000000000000000e+03 2.549783246614806265e-01 6.386924879347083417e-01
3.610000000000000000e+03 2.542261511429309562e-01 6.394446733671041994e-01
3.620000000000000000e+03 2.534765654785060551e-01 6.401942726323694988e-01
3.630000000000000000e+03 2.527312644460719682e-01 6.409395866773636152e-01
3.640000000000000000e+03 2.519919204325858364e-01 6.416789431196366911e-01
3.650000000000000000e+03 2.512601757502140321e-01 6.424107011669868417e-01
3.660000000000000000e+03 2.505376252603842002e-01 6.431332667727118757e-01
3.670000000000000000e+03 2.498258049612351317e-01 6.438451034580986443e-01
3.680000000000000000e+03 2.491262017000628048e-01 6.445447233752783500e-01
3.690000000000000000e+03 2.484402671218816916e-01 6.452306742876106060e-01
3.700000000000000000e+03 2.477694206717666048e-01 6.459015369178749966e-01
3.710000000000000000e+03 2.471150533798180948e-01 6.465559208232429800e-01
3.720000000000000000e+03 2.464785384420066505e-01 6.471924529841766027e-01
3.730000000000000000e+03 2.458612382587017087e-01 6.478097703900321802e-01
3.740000000000000000e+03 2.452645047980470117e-01 6.484065201493788289e-01
3.750000000000000000e+03 2.446896821926333454e-01 6.489813570970534018e-01
3.760000000000000000e+03 2.441381175043925988e-01 6.495329334148104428e-01
3.770000000000000000e+03 2.436111666307094747e-01 6.500598938940926885e-01
3.780000000000000000e+03 2.431101883723137957e-01 6.505608822618731413e-01
3.790000000000000000e+03 2.426365382420282713e-01 6.510345462006089656e-01
3.800000000000000000e+03 2.421915695965985160e-01 6.514795331614612328e-01
3.810000000000000000e+03 2.417766363431775867e-01 6.518944879590611308e-01
3.820000000000000000e+03 2.413930869654866695e-01 6.522780614104973784e-01
3.830000000000000000e+03 2.410422496626625499e-01 6.526289256845174691e-01
3.840000000000000000e+03 2.407254121433653749e-01 6.529457932783481189e-01
3.850000000000000000e+03 2.404438029401650134e-01 6.532274358723808572e-01
3.860000000000000000e+03 2.401985827342091595e-01 6.534726939267410106e-01
3.870000000000000000e+03 2.399908380488796622e-01 6.536804822718484953e-01
3.880000000000000000e+03 2.398215665038628819e-01 6.538498035145221543e-01
3.890000000000000000e+03 2.396916559158321636e-01 6.539797691350032194e-01
3.900000000000000000e+03 2.396018634035955719e-01 6.540696215277090886e-01
3.910000000000000000e+03 2.395527980732670426e-01 6.541187512795214598e-01
3.920000000000000000e+03 2.395449084461829248e-01 6.541267083901245449e-01
3.930000000000000000e+03 2.395784739322174006e-01 6.540932113473236775e-01
3.940000000000000000e+03 2.396535905994688076e-01 6.540181635574304764e-01
3.950000000000000000e+03 2.397701505012101719e-01 6.539016751230093405e-01
3.960000000000000000e+03 2.399278265912710151e-01 6.537440756733933211e-01
3.970000000000000000e+03 2.401260625468113197e-01 6.535459222481582175e-01
3.980000000000000000e+03 2.403640677848760954e-01 6.533080051278283840e-01
3.990000000000000000e+03 2.406408247632446928e-01 6.530313417743703885e-01
4.000000000000000000e+03 2.409550988348538036e-01 6.527171673485583359e-01
4.010000000000000000e+03 2.413054378985310111e-01 6.523669340662782146e-01
4.020000000000000000e+03 2.416901696743534167e-01 6.519823131322963761e-01
4.030000000000000000e+03 2.421074066089030641e-01 6.515651908493945710e-01
4.040000000000000000e+03 2.425550527290512848e-01 6.511176620639594903e-01
4.050000000000000000e+03 2.430308138417433539e-01 6.506420198178123337e-01
4.060000000000000000e+03 2.435322184719939109e-01 6.501407353735976224e-01
4.070000000000000000e+03 2.440566435929957256e-01 6.496164317519921294e-01
4.080000000000000000e+03 2.446013367338008282e-01 6.490718609756761515e-01
4.090000000000000000e+03 2.451634367203402720e-01 6.485098862514827589e-01
4.100000000000000000e+03 2.457399921844642399e-01 6.479334610300564457e-01
4.110000000000000000e+03 2.463279790962888127e-01 6.473456088830380484e-01
4.120000000000000000e+03 2.469243249237216831e-01 6.467494009518163223e-01
4.130000000000000000e+03 2.475259355065431710e-01 6.461479315324489825e-01
4.140000000000000000e+03 2.481297174215622847e-01 6.455442946113169045e-01
4.150000000000000000e+03 2.487325983500187909e-01 6.449415618206764123e-01
4.160000000000000000e+03 2.493315489359952397e-01 6.443427622748867378e-01
4.170000000000000000e+03 2.499236063969706434e-01 6.437508597836250068e-01
4.180000000000000000e+03 2.505058963963289753e-01 6.431687295872337007e-01
4.190000000000000000e+03 2.510756482627025110e-01 6.425991419921421866e-01
4.200000000000000000e+03 2.516302020345904111e-01 6.420447556129472710e-01
